0 32 1.48922e-15
1 32 2.44486e-16
2 32 3.77655e-16
3 32 1.34394e-16
4 32 7.60918e-17
5 32 7.5871e-17
6 32 1.20311e-17
7 32 9.04612e-17
8 32 2.16296e-17
9 32 4.77922e-17
10 32 2.09597e-17
11 32 1.68214e-18
12 32 1.618e-05
13 32 2.52668e-06
14 32 6.9741e-05
15 32 7.37925e-07
16 32 0.00430155
17 32 0.00491916
18 32 1.70386e-06
19 32 1.31307e-06
20 32 1.25744e-05
21 32 8.72615e-06
22 32 5.9973e-09
23 32 1.69096e-11
24 32 1.23801e-16
25 32 1.59993e-17
26 32 1.56222e-16
27 32 9.76343e-18
28 32 9.53051e-17
29 32 1.66191e-16
30 32 0.48302
31 32 0.200858
0 33 7.24086e-16
1 33 1.41922e-16
2 33 1.28018e-16
3 33 2.85636e-17
4 33 2.65542e-17
5 33 3.81527e-17
6 33 7.93133e-18
7 33 3.77187e-17
8 33 1.39362e-17
9 33 2.25287e-17
10 33 7.57268e-18
11 33 3.65984e-20
12 33 5.89773e-07
13 33 0.000138077
14 33 1.50707e-05
15 33 8.03427e-06
16 33 0.00221449
17 33 0.000736011
18 33 3.83956e-06
19 33 1.05678e-05
20 33 1.15017e-05
21 33 2.13854e-05
22 33 2.43022e-08
23 33 2.6903e-09
24 33 1.73189e-16
25 33 9.40254e-18
26 33 2.94294e-16
27 33 1.29784e-17
28 33 5.75066e-17
29 33 4.43631e-17
30 33 0.194444
31 33 0.0246587
0 34 2.49031e-05
1 34 1.37866e-05
2 34 2.34264e-08
3 34 2.52514e-08
4 34 9.04992e-07
5 34 2.04014e-07
6 34 1.78845e-05
7 34 0.000127172
8 34 4.5578e-06
9 34 3.55801e-05
10 34 1.49543e-09
11 34 2.08022e-09
12 34 7.96801e-17
13 34 1.55106e-17
14 34 2.00772e-16
15 34 5.13074e-17
16 34 1.5594e-16
17 34 2.11844e-17
18 34 1.79417e-16
19 34 4.85788e-16
20 34 3.10755e-17
21 34 8.51356e-17
22 34 3.82705e-17
23 34 1.87632e-17
24 34 3.59352e-05
25 34 5.37786e-06
26 34 0.00501509
27 34 0.00121752
28 34 0.0012142
29 34 0.0076434
30 34 4.37367e-17
31 34 1.35991e-16
0 35 1.70858e-05
1 35 3.43805e-06
2 35 1.27715e-09
3 35 4.44861e-09
4 35 4.87215e-06
5 35 1.23979e-05
6 35 1.88045e-05
7 35 9.5144e-06
8 35 2.16775e-06
9 35 3.97178e-05
10 35 8.74917e-11
11 35 1.06351e-09
12 35 5.96742e-19
13 35 6.8154e-17
14 35 1.98468e-17
15 35 2.43981e-17
16 35 2.11535e-16
17 35 7.13857e-17
18 35 4.3477e-18
19 35 8.43044e-17
20 35 4.43013e-17
21 35 2.20768e-17
22 35 2.04228e-17
23 35 3.4837e-17
24 35 0.000618288
25 35 2.82117e-05
26 35 8.69209e-05
27 35 0.00261348
28 35 0.00280717
29 35 0.000246428
30 35 3.70663e-17
31 35 3.94754e-17
0 36 0.000127332
1 36 1.09253e-05
2 36 5.58207e-06
3 36 7.0282e-08
4 36 0.000163308
5 36 9.25681e-05
6 36 1.90352e-07
7 36 3.42676e-06
8 36 2.29873e-06
9 36 3.71991e-05
10 36 2.77326e-08
11 36 1.08136e-06
12 36 3.09705e-17
13 36 2.53243e-17
14 36 6.49759e-17
15 36 1.28288e-16
16 36 2.81773e-16
17 36 1.70858e-16
18 36 2.09093e-18
19 36 1.7183e-16
20 36 5.37123e-18
21 36 3.74016e-18
22 36 4.70803e-18
23 36 8.06316e-17
24 36 0.00336121
25 36 0.00587131
26 36 0.000846198
27 36 0.00399755
28 36 0.000394828
29 36 0.00227815
30 36 3.67403e-16
31 36 5.85331e-17
0 37 5.78602e-06
1 37 5.82249e-05
2 37 3.99982e-06
3 37 2.00488e-05
4 37 2.57681e-05
5 37 1.05391e-05
6 37 7.00991e-07
7 37 1.18085e-05
8 37 7.36067e-06
9 37 5.85224e-07
10 37 4.92015e-06
11 37 4.74948e-07
12 37 1.1438e-19
13 37 2.75483e-17
14 37 3.38038e-18
15 37 9.30365e-19
16 37 7.83572e-17
17 37 2.17561e-17
18 37 5.63844e-18
19 37 2.84757e-17
20 37 6.97482e-17
21 37 2.11543e-18
22 37 5.69801e-18
23 37 5.88038e-18
24 37 0.000336304
25 37 0.000984147
26 37 0.000105093
27 37 0.000959445
28 37 0.000983188
29 37 0.00159661
30 37 1.08472e-16
31 37 1.88192e-17
0 38 4.80101e-05
1 38 3.48293e-06
2 38 6.72013e-06
3 38 7.17095e-06
4 38 1.75095e-05
5 38 1.79807e-05
6 38 7.43109e-07
7 38 2.10802e-05
8 38 4.55297e-06
9 38 1.74419e-06
10 38 1.29601e-06
11 38 1.85899e-06
12 38 3.14151e-17
13 38 7.32599e-17
14 38 7.07748e-17
15 38 1.46129e-17
16 38 1.1976e-16
17 38 5.57301e-17
18 38 8.23137e-17
19 38 2.39205e-16
20 38 1.00043e-16
21 38 7.06896e-18
22 38 2.54576e-17
23 38 2.30136e-17
24 38 0.00111662
25 38 0.000161664
26 38 0.000606445
27 38 0.000474451
28 38 0.000106248
29 38 0.0032103
30 38 5.18648e-17
31 38 9.78405e-17
0 39 2.07402e-05
1 39 4.55366e-05
2 39 2.02493e-06
3 39 3.27886e-06
4 39 0.000125223
5 39 0.000107622
6 39 1.23466e-05
7 39 2.65163e-06
8 39 1.711e-05
9 39 6.07255e-06
10 39 5.46202e-07
11 39 4.79261e-07
12 39 6.13159e-17
13 39 6.51116e-17
14 39 9.08344e-18
15 39 1.5532e-17
16 39 1.28526e-16
17 39 6.98734e-17
18 39 1.33768e-17
19 39 1.91072e-16
20 39 1.81874e-16
21 39 7.29179e-17
22 39 1.31463e-17
23 39 9.71226e-18
24 39 0.000813187
25 39 0.00759865
26 39 0.00143611
27 39 0.000422872
28 39 0.00410337
29 39 8.50497e-05
30 39 5.04575e-17
31 39 7.92622e-17
0 40 2.15803e-17
1 40 7.69744e-18
2 40 3.72315e-17
3 40 7.05291e-18
4 40 2.62149e-17
5 40 2.13623e-20
6 40 3.68429e-18
7 40 2.13442e-17
8 40 7.21932e-18
9 40 2.81284e-17
10 40 9.98005e-18
11 40 9.17114e-18
12 40 8.24408e-07
13 40 1.40592e-07
14 40 9.84495e-07
15 40 8.30481e-07
16 40 5.02812e-07
17 40 9.39929e-07
18 40 5.89218e-05
19 40 0.000195508
20 40 7.64532e-05
21 40 0.000300307
22 40 4.75091e-05
23 40 0.000287911
24 40 3.72972e-17
25 40 1.99434e-17
26 40 3.33969e-17
27 40 2.87943e-17
28 40 6.38841e-18
29 40 5.36297e-18
30 40 8.35489e-06
31 40 2.14792e-05
0 41 3.25819e-18
1 41 1.27506e-18
2 41 4.33552e-17
3 41 1.48478e-18
4 41 1.74006e-17
5 41 1.55995e-18
6 41 4.26409e-18
7 41 9.62183e-18
8 41 1.30277e-19
9 41 9.20383e-19
10 41 2.39655e-18
11 41 3.87978e-18
12 41 6.51584e-08
13 41 1.72793e-07
14 41 4.52496e-08
15 41 2.73404e-07
16 41 1.83585e-06
17 41 3.42872e-06
18 41 8.47825e-06
19 41 0.000124292
20 41 2.82867e-05
21 41 5.92698e-05
22 41 6.1751e-05
23 41 4.92124e-05
24 41 8.26013e-18
25 41 4.9819e-17
26 41 7.40118e-18
27 41 5.38799e-18
28 41 1.19687e-17
29 41 1.00093e-17
30 41 1.82639e-05
31 41 7.39038e-05
0 42 1.54016e-18
1 42 2.23346e-18
2 42 7.8289e-18
3 42 9.1765e-19
4 42 1.34335e-18
5 42 2.1568e-18
6 42 1.80687e-17
7 42 2.63428e-18
8 42 7.30651e-18
9 42 1.14361e-19
10 42 3.73373e-17
11 42 1.69213e-17
12 42 5.14479e-07
13 42 6.69465e-07
14 42 1.27421e-06
15 42 8.38501e-07
16 42 9.67085e-07
17 42 1.86332e-08
18 42 0.000527685
19 42 7.28127e-05
20 42 0.000105307
21 42 4.42449e-05
22 42 0.00072452
23 42 6.09358e-05
24 42 2.57335e-17
25 42 9.83934e-17
26 42 1.5367e-17
27 42 4.8827e-18
28 42 3.83124e-17
29 42 2.47977e-17
30 42 1.47666e-05
31 42 2.14007e-06
0 43 1.67232e-19
1 43 6.61451e-19
2 43 1.05869e-17
3 43 6.23967e-18
4 43 6.74077e-18
5 43 4.26359e-18
6 43 3.60561e-18
7 43 1.2269e-17
8 43 4.9858e-18
9 43 6.2622e-18
10 43 1.06216e-17
11 43 5.41402e-18
12 43 1.58884e-06
13 43 2.12722e-07
14 43 5.58075e-08
15 43 1.19903e-07
16 43 8.70043e-07
17 43 1.02509e-07
18 43 0.000134309
19 43 0.000159808
20 43 0.000268517
21 43 3.77851e-05
22 43 0.000441361
23 43 6.01089e-05
24 43 5.44822e-17
25 43 8.98785e-17
26 43 1.68345e-17
27 43 2.36784e-17
28 43 1.72162e-18
29 43 2.44873e-18
30 43 1.78593e-05
31 43 3.41066e-06
0 44 7.38365e-18
1 44 1.76515e-17
2 44 5.41945e-18
3 44 6.8288e-18
4 44 5.06936e-18
5 44 4.92294e-18
6 44 3.84753e-17
7 44 1.11303e-17
8 44 2.39299e-18
9 44 1.06352e-17
10 44 1.29237e-18
11 44 6.93238e-18
12 44 6.22272e-06
13 44 1.15534e-05
14 44 4.40656e-06
15 44 4.54686e-05
16 44 1.20281e-08
17 44 1.03983e-08
18 44 3.49268e-05
19 44 0.000538608
20 44 0.000266361
21 44 0.000360137
22 44 3.5621e-06
23 44 2.95446e-06
24 44 7.2641e-17
25 44 6.30398e-17
26 44 8.42208e-18
27 44 9.61842e-18
28 44 1.41132e-17
29 44 6.67165e-19
30 44 2.64913e-08
31 44 1.85478e-08
0 45 1.20104e-17
1 45 1.06144e-18
2 45 2.41732e-17
3 45 1.16997e-18
4 45 1.6588e-17
5 45 5.79967e-19
6 45 2.00591e-19
7 45 8.28307e-18
8 45 3.99416e-18
9 45 1.30306e-17
10 45 6.58528e-18
11 45 1.97866e-17
12 45 3.73973e-06
13 45 5.94122e-06
14 45 1.42197e-05
15 45 2.97647e-06
16 45 1.81049e-09
17 45 2.56738e-09
18 45 0.000105578
19 45 9.35361e-05
20 45 0.000164043
21 45 8.07003e-05
22 45 9.08773e-07
23 45 0.00019524
24 45 1.2069e-18
25 45 5.78169e-18
26 45 1.42075e-17
27 45 3.03691e-18
28 45 2.23474e-18
29 45 3.10472e-18
30 45 2.06837e-08
31 45 2.67793e-10
0 46 1.2331e-16
1 46 2.97241e-17
2 46 4.55352e-17
3 46 7.72191e-18
4 46 9.92141e-18
5 46 2.55543e-17
6 46 6.74356e-18
7 46 1.6494e-17
8 46 1.73921e-19
9 46 9.89646e-18
10 46 4.544e-18
11 46 1.78908e-19
12 46 9.38734e-07
13 46 7.9401e-06
14 46 5.90368e-06
15 46 4.8463e-07
16 46 0.00066663
17 46 0.000599235
18 46 1.61136e-07
19 46 1.64333e-06
20 46 3.58667e-06
21 46 1.26365e-06
22 46 1.27814e-09
23 46 6.18111e-10
24 46 2.81942e-17
25 46 1.68097e-18
26 46 1.80754e-17
27 46 1.69248e-17
28 46 5.15931e-17
29 46 3.42397e-17
30 46 0.00111465
31 46 0.000227876
0 47 2.06978e-16
1 47 1.81707e-17
2 47 4.75953e-17
3 47 9.24874e-18
4 47 3.12903e-17
5 47 3.81999e-17
6 47 8.38456e-18
7 47 1.59749e-17
8 47 3.89591e-18
9 47 1.23685e-17
10 47 9.23891e-18
11 47 1.53165e-19
12 47 1.24976e-06
13 47 7.10155e-06
14 47 2.86234e-06
15 47 5.11201e-07
16 47 0.00120197
17 47 0.00103439
18 47 7.84391e-07
19 47 2.85277e-07
20 47 1.80399e-07
21 47 3.55511e-06
22 47 7.29247e-10
23 47 5.21862e-10
24 47 6.37776e-17
25 47 2.21767e-18
26 47 2.3434e-17
27 47 1.95353e-17
28 47 3.3001e-17
29 47 7.41791e-17
30 47 0.00166741
31 47 0.000700449
0 48 2.09896e-17
1 48 5.13355e-18
2 48 1.68013e-17
3 48 3.27854e-18
4 48 5.44655e-19
5 48 1.98333e-17
6 48 2.10351e-17
7 48 5.2144e-18
8 48 1.509e-17
9 48 7.11887e-18
10 48 2.6049e-18
11 48 4.35417e-18
12 48 0.00015747
13 48 0.000306645
14 48 1.02582e-05
15 48 0.000774079
16 48 3.93835e-07
17 48 1.6455e-06
18 48 1.37753e-05
19 48 1.54507e-05
20 48 1.05751e-05
21 48 5.95782e-08
22 48 1.43157e-09
23 48 5.16294e-10
24 48 7.62843e-19
25 48 3.71832e-18
26 48 3.93915e-18
27 48 5.43042e-18
28 48 1.88507e-17
29 48 1.37796e-17
30 48 3.09493e-07
31 48 4.5542e-05
0 49 1.1229e-18
1 49 3.23034e-17
2 49 3.60889e-18
3 49 6.17484e-18
4 49 8.7534e-17
5 49 6.18514e-17
6 49 2.93098e-17
7 49 2.47162e-17
8 49 2.54021e-17
9 49 3.13428e-18
10 49 4.19096e-18
11 49 4.84026e-19
12 49 0.00039657
13 49 3.0919e-06
14 49 0.000225405
15 49 0.000524562
16 49 1.87837e-07
17 49 6.1074e-07
18 49 9.25183e-06
19 49 1.32242e-05
20 49 2.9278e-06
21 49 4.80781e-06
22 49 7.16477e-09
23 49 3.07334e-09
24 49 9.34553e-18
25 49 4.15257e-17
26 49 9.70853e-18
27 49 7.57603e-18
28 49 4.03499e-18
29 49 4.56285e-18
30 49 7.75858e-06
31 49 1.52076e-05
0 50 6.36432e-18
1 50 1.32569e-19
2 50 1.589e-17
3 50 1.77412e-18
4 50 2.02315e-17
5 50 1.43077e-17
6 50 1.39368e-18
7 50 6.07848e-18
8 50 1.41468e-17
9 50 3.35629e-18
10 50 2.91046e-18
11 50 3.19246e-18
12 50 0.000408731
13 50 3.48935e-05
14 50 0.000223177
15 50 4.37367e-05
16 50 1.04862e-06
17 50 3.57809e-07
18 50 1.21382e-05
19 50 2.96833e-07
20 50 5.12302e-06
21 50 4.57412e-06
22 50 5.79463e-09
23 50 9.18723e-10
24 50 2.70582e-18
25 50 1.56419e-18
26 50 9.4436e-18
27 50 3.56567e-18
28 50 5.06321e-18
29 50 1.54448e-18
30 50 2.37858e-05
31 50 7.77241e-06
0 51 2.82403e-18
1 51 3.92315e-18
2 51 3.10073e-17
3 51 5.62487e-19
4 51 1.01287e-17
5 51 2.7444e-17
6 51 7.22293e-17
7 51 6.56734e-18
8 51 1.97084e-17
9 51 4.69235e-18
10 51 4.86224e-18
11 51 8.68097e-19
12 51 0.000397939
13 51 3.92249e-05
14 51 8.26544e-05
15 51 0.000147463
16 51 1.25224e-06
17 51 5.92461e-07
18 51 6.53752e-06
19 51 8.75423e-06
20 51 6.55624e-07
21 51 6.59711e-06
22 51 2.62397e-10
23 51 4.50355e-10
24 51 5.00415e-19
25 51 3.17265e-17
26 51 6.09189e-19
27 51 1.22226e-19
28 51 1.29567e-19
29 51 5.9566e-18
30 51 2.44325e-05
31 51 3.19998e-05
0 52 3.76485e-07
1 52 2.71585e-07
2 52 3.09862e-06
3 52 4.41701e-07
4 52 1.66024e-10
5 52 5.63385e-11
6 52 1.35246e-06
7 52 7.87689e-08
8 52 1.52975e-06
9 52 7.38921e-07
10 52 1.9268e-05
11 52 0.000125927
12 52 3.65638e-19
13 52 4.20192e-18
14 52 1.17971e-18
15 52 4.75389e-19
16 52 1.44857e-18
17 52 2.5162e-19
18 52 6.63536e-18
19 52 1.83563e-18
20 52 9.47378e-19
21 52 9.87292e-18
22 52 9.34629e-19
23 52 5.0109e-19
24 52 3.14994e-10
25 52 6.38642e-12
26 52 3.35017e-06
27 52 8.45636e-07
28 52 8.4766e-06
29 52 3.42367e-06
30 52 1.32175e-17
31 52 7.06898e-18
0 53 1.56122e-07
1 53 1.54443e-07
2 53 3.08142e-06
3 53 1.4491e-06
4 53 1.53007e-12
5 53 1.05104e-11
6 53 1.6562e-06
7 53 9.34086e-07
8 53 5.09642e-07
9 53 1.38649e-07
10 53 6.25494e-05
11 53 0.000128472
12 53 3.94663e-19
13 53 1.78545e-18
14 53 2.00538e-18
15 53 1.1899e-19
16 53 3.41962e-18
17 53 8.72167e-20
18 53 9.91495e-18
19 53 7.59864e-18
20 53 8.37772e-18
21 53 2.34117e-17
22 53 1.54852e-18
23 53 7.68112e-19
24 53 1.60713e-10
25 53 1.41073e-09
26 53 1.68632e-06
27 53 9.09829e-06
28 53 2.39543e-06
29 53 1.10271e-06
30 53 1.60004e-17
31 53 2.08607e-18
0 54 5.35101e-06
1 54 1.63494e-06
2 54 6.98504e-06
3 54 3.29133e-06
4 54 5.97271e-05
5 54 1.62211e-05
6 54 1.94241e-05
7 54 2.6577e-05
8 54 5.47591e-06
9 54 5.6904e-05
10 54 1.73807e-06
11 54 1.94481e-06
12 54 7.74599e-18
13 54 1.08867e-18
14 54 7.0298e-18
15 54 1.54286e-18
16 54 3.48722e-17
17 54 1.09014e-18
18 54 1.65301e-18
19 54 3.0554e-18
20 54 5.15068e-19
21 54 3.66336e-18
22 54 1.95917e-18
23 54 1.71674e-18
24 54 7.87599e-06
25 54 8.05195e-06
26 54 3.64478e-06
27 54 3.27482e-05
28 54 2.91824e-05
29 54 7.17275e-07
30 54 6.16651e-17
31 54 1.65472e-17
0 55 7.17199e-06
1 55 1.91491e-05
2 55 3.04746e-06
3 55 1.3411e-06
4 55 7.63018e-05
5 55 5.54784e-05
6 55 7.70575e-06
7 55 4.6787e-06
8 55 3.50087e-06
9 55 4.34301e-06
10 55 5.50619e-07
11 55 1.08171e-06
12 55 4.083e-18
13 55 3.01561e-18
14 55 2.68592e-18
15 55 2.34978e-18
16 55 2.69212e-18
17 55 6.93341e-18
18 55 2.00871e-18
19 55 8.81122e-19
20 55 2.66061e-18
21 55 3.54206e-18
22 55 5.18929e-18
23 55 2.02647e-18
24 55 3.21037e-07
25 55 2.87116e-05
26 55 4.61e-07
27 55 2.18082e-07
28 55 3.04743e-06
29 55 3.68353e-06
30 55 2.73213e-17
31 55 2.3822e-18
0 56 2.00328e-07
1 56 2.29654e-06
2 56 1.62873e-06
3 56 8.6665e-06
4 56 5.97768e-05
5 56 1.56007e-05
6 56 1.52046e-05
7 56 3.74805e-05
8 56 6.10594e-05
9 56 6.82254e-06
10 56 3.56471e-06
11 56 1.74017e-07
12 56 1.2481e-18
13 56 4.89504e-18
14 56 2.56608e-18
15 56 2.60633e-18
16 56 1.13693e-17
17 56 7.85948e-18
18 56 3.96195e-18
19 56 4.65768e-19
20 56 9.62498e-19
21 56 6.95016e-19
22 56 6.42238e-18
23 56 2.43471e-19
24 56 3.62215e-06
25 56 1.27596e-05
26 56 1.07796e-05
27 56 1.10894e-05
28 56 9.09129e-06
29 56 3.88524e-05
30 56 2.80541e-18
31 56 2.08883e-17
0 57 3.25217e-06
1 57 3.32478e-07
2 57 4.22065e-06
3 57 1.35318e-05
4 57 8.12867e-06
5 57 5.33809e-05
6 57 1.73124e-05
7 57 1.65315e-05
8 57 1.52027e-05
9 57 6.26613e-05
10 57 3.85353e-06
11 57 2.61604e-06
12 57 7.30024e-19
13 57 1.23078e-18
14 57 1.00853e-18
15 57 6.29045e-18
16 57 2.95629e-17
17 57 2.71892e-17
18 57 7.81444e-18
19 57 9.64794e-19
20 57 4.48631e-18
21 57 1.36363e-18
22 57 8.04086e-18
23 57 1.14701e-18
24 57 7.9029e-06
25 57 5.06868e-06
26 57 6.78448e-06
27 57 3.04527e-05
28 57 2.76453e-05
29 57 7.25301e-06
30 57 8.70912e-17
31 57 1.43088e-17
0 58 2.00466e-05
1 58 1.20022e-05
2 58 1.09639e-05
3 58 2.86406e-06
4 58 7.33103e-11
5 58 1.68513e-10
6 58 4.62739e-05
7 58 1.23946e-05
8 58 5.06725e-05
9 58 1.23753e-05
10 58 1.30498e-08
11 58 5.48654e-08
12 58 1.12619e-17
13 58 6.35616e-18
14 58 2.5953e-18
15 58 6.14426e-18
16 58 7.46956e-19
17 58 1.8602e-18
18 58 1.5204e-17
19 58 5.54763e-19
20 58 2.50624e-18
21 58 1.57138e-18
22 58 5.20461e-18
23 58 3.57769e-18
24 58 1.74194e-09
25 58 2.74763e-08
26 58 4.10124e-06
27 58 7.01517e-06
28 58 5.97985e-06
29 58 4.39415e-06
30 58 6.30673e-17
31 58 5.94333e-18
0 59 1.34552e-07
1 59 2.56537e-06
2 59 3.32775e-05
3 59 1.27886e-05
4 59 1.17185e-13
5 59 5.54219e-11
6 59 3.52995e-05
7 59 1.65402e-05
8 59 6.56784e-06
9 59 1.26995e-05
10 59 2.46098e-08
11 59 1.18245e-07
12 59 1.57925e-18
13 59 2.94743e-18
14 59 2.77985e-18
15 59 3.94279e-19
16 59 1.9844e-18
17 59 1.34209e-18
18 59 7.97392e-20
19 59 6.89e-19
20 59 6.63325e-18
21 59 2.26324e-18
22 59 6.87627e-18
23 59 2.83899e-18
24 59 3.93685e-09
25 59 5.40295e-09
26 59 1.54993e-06
27 59 4.04694e-06
28 59 6.10177e-06
29 59 2.84151e-07
30 59 4.91081e-17
31 59 8.51631e-18
0 60 2.55972e-05
1 60 7.85673e-06
2 60 1.03642e-10
3 60 3.50009e-10
4 60 1.76662e-06
5 60 3.71296e-06
6 60 2.89156e-06
7 60 4.21949e-05
8 60 6.7312e-07
9 60 7.65361e-06
10 60 2.03602e-10
11 60 1.92132e-10
12 60 1.2209e-17
13 60 2.36702e-18
14 60 1.11349e-17
15 60 4.42877e-18
16 60 7.22262e-17
17 60 2.90522e-18
18 60 2.62425e-18
19 60 3.42322e-19
20 60 4.70818e-18
21 60 8.28137e-18
22 60 6.67546e-19
23 60 1.4133e-18
24 60 3.66556e-06
25 60 4.19509e-07
26 60 2.72721e-05
27 60 2.53148e-05
28 60 9.58377e-06
29 60 3.19818e-05
30 60 1.27853e-17
31 60 3.60162e-17
0 61 1.0331e-05
1 61 6.33321e-06
2 61 6.97218e-11
3 61 1.03644e-10
4 61 3.29941e-06
5 61 7.5689e-06
6 61 1.01511e-05
7 61 7.43185e-06
8 61 1.76601e-06
9 61 1.91893e-05
10 61 2.28687e-11
11 61 9.99669e-10
12 61 1.13956e-18
13 61 7.18543e-18
14 61 1.46162e-18
15 61 7.48546e-18
16 61 6.07125e-18
17 61 1.08612e-17
18 61 1.78855e-18
19 61 1.79208e-18
20 61 1.77032e-18
21 61 2.69685e-18
22 61 6.52986e-19
23 61 1.29456e-19
24 61 8.3021e-06
25 61 2.85853e-07
26 61 1.38657e-05
27 61 4.27534e-06
28 61 2.11838e-05
29 61 2.78772e-05
30 61 8.15093e-17
31 61 5.91646e-18
0 62 5.32193e-06
1 62 2.24678e-06
2 62 1.96322e-05
3 62 5.88409e-05
4 62 4.29884e-06
5 62 6.27636e-06
6 62 9.72456e-06
7 62 7.38864e-07
8 62 1.40748e-05
9 62 2.52932e-06
10 62 4.6109e-07
11 62 9.76408e-08
12 62 4.35901e-19
13 62 1.99366e-18
14 62 4.03586e-18
15 62 8.32561e-18
16 62 1.00496e-17
17 62 3.32101e-18
18 62 2.34584e-18
19 62 1.29704e-18
20 62 1.0379e-18
21 62 4.87015e-19
22 62 4.01623e-18
23 62 5.4048e-18
24 62 6.59368e-07
25 62 8.53911e-06
26 62 4.52726e-07
27 62 3.38902e-06
28 62 3.49434e-07
29 62 1.4696e-06
30 62 1.01085e-17
31 62 2.44025e-18
0 63 2.28078e-06
1 63 1.53282e-05
2 63 7.54249e-06
3 63 2.47739e-05
4 63 1.04316e-05
5 63 5.236e-06
6 63 1.11453e-05
7 63 3.91004e-06
8 63 8.95177e-06
9 63 4.17888e-07
10 63 1.62229e-07
11 63 6.62057e-08
12 63 2.75514e-18
13 63 2.67077e-18
14 63 3.52114e-18
15 63 6.53282e-18
16 63 8.2177e-18
17 63 2.47673e-19
18 63 2.85865e-18
19 63 1.04794e-18
20 63 2.38454e-18
21 63 2.78872e-18
22 63 5.7756e-18
23 63 3.34901e-18
24 63 1.1706e-06
25 63 1.30729e-05
26 63 3.71079e-06
27 63 1.48861e-06
28 63 6.47525e-08
29 63 5.04334e-06
30 63 1.07389e-17
31 63 1.20153e-18
