0 32 1.40514e-17
1 32 2.71029e-18
2 32 5.86529e-19
3 32 7.02061e-18
4 32 1.91097e-18
5 32 4.30139e-19
6 32 3.18747e-18
7 32 1.52286e-21
8 32 5.33845e-19
9 32 4.42734e-19
10 32 9.98583e-19
11 32 2.19271e-19
12 32 2.87575e-07
13 32 4.58389e-08
14 32 1.31002e-07
15 32 6.35717e-07
16 32 0.0010753
17 32 0.00691475
18 32 4.88744e-08
19 32 8.26806e-08
20 32 5.65767e-08
21 32 1.91472e-07
22 32 2.67591e-09
23 32 4.80245e-09
24 32 4.32367e-18
25 32 5.02431e-17
26 32 4.30814e-17
27 32 4.43569e-18
28 32 8.7309e-18
29 32 5.1648e-19
30 32 0.000839959
31 32 0.442234
0 33 1.3938e-15
1 33 2.32058e-16
2 33 3.70712e-16
3 33 8.92159e-17
4 33 8.27907e-17
5 33 9.18192e-17
6 33 3.79343e-18
7 33 7.41879e-17
8 33 3.0102e-17
9 33 3.36256e-17
10 33 5.31952e-18
11 33 2.5222e-18
12 33 1.62297e-08
13 33 4.74091e-07
14 33 3.6404e-07
15 33 1.63383e-07
16 33 0.00703757
17 33 0.000856206
18 33 2.58406e-08
19 33 3.55951e-09
20 33 2.10417e-08
21 33 1.13581e-08
22 33 2.86521e-08
23 33 3.53946e-09
24 33 3.68012e-16
25 33 1.67439e-17
26 33 2.03839e-16
27 33 6.35784e-19
28 33 2.01692e-17
29 33 1.12071e-16
30 33 0.438392
31 33 0.00197069
0 34 5.97429e-08
1 34 3.14593e-08
2 34 9.59968e-09
3 34 1.68846e-08
4 34 0.000104097
5 34 0.000357514
6 34 1.03431e-10
7 34 5.78442e-08
8 34 3.3821e-08
9 34 5.8366e-09
10 34 9.34449e-10
11 34 2.65976e-10
12 34 2.71578e-17
13 34 6.1168e-18
14 34 8.62703e-17
15 34 1.2793e-17
16 34 2.45822e-16
17 34 3.8803e-17
18 34 1.26029e-17
19 34 1.29911e-17
20 34 2.01451e-17
21 34 2.90599e-18
22 34 1.79914e-17
23 34 3.03475e-18
24 34 0.011099
25 34 0.000957473
26 34 1.41487e-07
27 34 8.29562e-07
28 34 5.27243e-07
29 34 1.82636e-06
30 34 4.34874e-16
31 34 4.44577e-17
0 35 1.30883e-07
1 35 7.44764e-08
2 35 2.63146e-09
3 35 3.17601e-09
4 35 0.000351324
5 35 0.000100638
6 35 2.46058e-08
7 35 5.38742e-09
8 35 7.26e-08
9 35 3.6078e-08
10 35 6.26671e-10
11 35 4.6795e-10
12 35 2.45933e-17
13 35 2.05039e-17
14 35 6.70339e-18
15 35 1.88561e-17
16 35 1.97351e-16
17 35 3.84735e-17
18 35 2.00654e-18
19 35 2.27666e-17
20 35 8.40401e-17
21 35 1.59306e-17
22 35 6.82492e-18
23 35 5.43805e-20
24 35 0.000938303
25 35 0.0109101
26 35 2.87732e-07
27 35 2.17298e-06
28 35 1.14357e-06
29 35 6.21243e-07
30 35 4.80147e-17
31 35 6.34207e-17
0 36 0.000118883
1 36 0.000159451
2 36 1.24141e-08
3 36 1.93691e-08
4 36 1.5538e-08
5 36 1.00127e-08
6 36 8.92982e-05
7 36 9.60976e-07
8 36 3.19235e-05
9 36 2.48091e-05
10 36 1.35574e-09
11 36 3.81003e-09
12 36 1.4031e-17
13 36 2.03168e-17
14 36 1.45068e-17
15 36 2.33943e-17
16 36 3.92359e-17
17 36 2.45167e-17
18 36 2.84447e-18
19 36 4.30281e-17
20 36 2.674e-17
21 36 8.94792e-18
22 36 8.54717e-19
23 36 3.73524e-17
24 36 3.19866e-07
25 36 1.71132e-07
26 36 0.00773842
27 36 0.000609471
28 36 0.000188261
29 36 0.00413454
30 36 2.47357e-16
31 36 4.86115e-17
0 37 4.24915e-05
1 37 5.09419e-05
2 37 6.42646e-09
3 37 1.8328e-08
4 37 3.52261e-08
5 37 2.96504e-08
6 37 6.00433e-06
7 37 2.88001e-05
8 37 2.802e-05
9 37 8.05976e-05
10 37 3.39069e-09
11 37 4.05877e-10
12 37 3.79092e-17
13 37 8.83045e-18
14 37 6.55861e-17
15 37 7.00953e-17
16 37 9.15621e-17
17 37 3.33797e-17
18 37 5.66829e-17
19 37 2.41743e-16
20 37 9.22076e-18
21 37 1.53629e-17
22 37 1.964e-17
23 37 1.93838e-17
24 37 5.37836e-07
25 37 1.28859e-06
26 37 0.00258012
27 37 0.00397866
28 37 0.00114907
29 37 0.00436608
30 37 7.74312e-17
31 37 5.31963e-18
0 38 0.000239345
1 38 2.54025e-05
2 38 2.36105e-10
3 38 2.48172e-08
4 38 3.27087e-08
5 38 9.03661e-08
6 38 1.42196e-05
7 38 8.39579e-05
8 38 2.49361e-05
9 38 2.45263e-05
10 38 4.64689e-10
11 38 1.34544e-09
12 38 3.47263e-17
13 38 2.67199e-17
14 38 9.89024e-17
15 38 7.84343e-17
16 38 2.52118e-17
17 38 6.79674e-17
18 38 1.05913e-16
19 38 5.31355e-16
20 38 3.5516e-17
21 38 6.81001e-17
22 38 1.08029e-17
23 38 4.049e-17
24 38 1.77804e-06
25 38 1.84715e-06
26 38 0.00194981
27 38 0.00516629
28 38 0.00205586
29 38 0.00344069
30 38 5.78736e-18
31 38 1.60576e-17
0 39 5.85211e-06
1 39 0.000160649
2 39 3.08184e-08
3 39 8.32212e-09
4 39 4.51124e-08
5 39 4.87747e-09
6 39 3.72896e-05
7 39 3.2398e-05
8 39 6.00562e-05
9 39 1.52723e-05
10 39 3.48731e-10
11 39 4.83092e-09
12 39 3.10119e-18
13 39 3.51221e-17
14 39 1.05433e-17
15 39 7.78338e-18
16 39 6.37783e-17
17 39 4.45641e-17
18 39 3.52459e-20
19 39 5.41696e-17
20 39 5.7358e-17
21 39 2.41874e-17
22 39 8.11888e-18
23 39 3.18305e-17
24 39 9.20298e-07
25 39 1.11134e-06
26 39 0.000295596
27 39 0.00278458
28 39 0.00885745
29 39 0.000420414
30 39 7.8378e-18
31 39 1.29334e-17
0 40 1.65579e-17
1 40 2.78493e-18
2 40 1.82496e-17
3 40 4.53625e-18
4 40 2.66572e-17
5 40 1.19983e-18
6 40 1.31535e-17
7 40 9.6907e-18
8 40 4.58997e-18
9 40 1.84584e-17
10 40 2.1359e-18
11 40 4.44122e-18
12 40 1.41849e-05
13 40 1.57003e-05
14 40 1.57151e-05
15 40 1.11123e-05
16 40 9.6814e-09
17 40 1.09387e-08
18 40 0.000632406
19 40 0.000310384
20 40 9.54308e-05
21 40 5.47151e-05
22 40 1.4326e-07
23 40 8.19966e-09
24 40 2.31103e-17
25 40 1.06172e-16
26 40 2.8866e-17
27 40 2.42372e-17
28 40 6.24744e-18
29 40 3.3589e-18
30 40 1.29394e-08
31 40 1.0883e-08
0 41 2.88477e-17
1 41 8.01495e-18
2 41 3.87658e-17
3 41 1.19746e-17
4 41 3.77816e-17
5 41 2.29315e-18
6 41 8.15565e-18
7 41 2.13502e-18
8 41 3.61172e-19
9 41 1.6302e-17
10 41 3.195e-18
11 41 7.36094e-18
12 41 2.46358e-06
13 41 1.41098e-06
14 41 2.22779e-05
15 41 3.17008e-05
16 41 2.11171e-08
17 41 5.46686e-09
18 41 0.000258351
19 41 0.000571438
20 41 9.47856e-06
21 41 0.0002441
22 41 8.85449e-09
23 41 1.57055e-07
24 41 1.5437e-17
25 41 7.07474e-17
26 41 2.61551e-18
27 41 2.11998e-18
28 41 1.80369e-17
29 41 2.84788e-18
30 41 7.91092e-08
31 41 2.57287e-08
0 42 6.71163e-18
1 42 1.74554e-18
2 42 5.52579e-18
3 42 3.0207e-18
4 42 4.52226e-18
5 42 2.03785e-18
6 42 6.06109e-18
7 42 1.2465e-18
8 42 2.1556e-18
9 42 5.26465e-19
10 42 6.43482e-18
11 42 6.38564e-19
12 42 2.64351e-05
13 42 2.60263e-05
14 42 2.47282e-06
15 42 1.92629e-06
16 42 1.45575e-08
17 42 9.95883e-09
18 42 0.000182787
19 42 0.000179876
20 42 0.000106921
21 42 0.000624797
22 42 5.23629e-08
23 42 3.75147e-08
24 42 4.26914e-18
25 42 1.34357e-17
26 42 1.25861e-17
27 42 3.37101e-18
28 42 2.94406e-18
29 42 1.01557e-17
30 42 6.10478e-08
31 42 2.91857e-08
0 43 2.8099e-18
1 43 2.25638e-18
2 43 1.38093e-17
3 43 1.12158e-18
4 43 2.02201e-18
5 43 5.38619e-18
6 43 1.48726e-18
7 43 4.00981e-18
8 43 4.03078e-18
9 43 9.81169e-19
10 43 4.64527e-18
11 43 7.32288e-18
12 43 1.47579e-05
13 43 1.37628e-05
14 43 1.81688e-05
15 43 1.35051e-05
16 43 1.3582e-08
17 43 3.54306e-09
18 43 2.83296e-05
19 43 2.89996e-05
20 43 0.000849608
21 43 0.000161079
22 43 2.66682e-08
23 43 7.29146e-09
24 43 5.74058e-18
25 43 2.80754e-17
26 43 2.06137e-18
27 43 1.4039e-18
28 43 8.97841e-18
29 43 3.27838e-18
30 43 5.69173e-08
31 43 1.66881e-08
0 44 1.15371e-18
1 44 3.06094e-18
2 44 7.21565e-18
3 44 2.92386e-18
4 44 5.69231e-18
5 44 1.65978e-18
6 44 5.66094e-18
7 44 1.28356e-17
8 44 6.67474e-18
9 44 1.36526e-18
10 44 6.14652e-18
11 44 8.29043e-18
12 44 1.45371e-08
13 44 8.41387e-09
14 44 2.98386e-09
15 44 2.61167e-09
16 44 2.80385e-09
17 44 3.03213e-09
18 44 2.50727e-08
19 44 5.87075e-08
20 44 5.0822e-08
21 44 4.18746e-08
22 44 6.39726e-05
23 44 0.00113994
24 44 2.30051e-17
25 44 5.93525e-18
26 44 1.59614e-17
27 44 1.47652e-17
28 44 8.84172e-18
29 44 6.65977e-18
30 44 6.6744e-09
31 44 2.02e-08
0 45 2.36532e-18
1 45 2.58494e-20
2 45 7.69882e-18
3 45 3.24654e-18
4 45 3.18524e-18
5 45 5.91724e-19
6 45 4.32592e-18
7 45 6.60176e-18
8 45 6.10745e-18
9 45 1.47015e-18
10 45 3.24368e-17
11 45 1.64919e-17
12 45 9.45263e-09
13 45 2.94359e-09
14 45 6.03936e-09
15 45 4.16389e-08
16 45 1.36871e-08
17 45 4.9494e-09
18 45 1.13639e-07
19 45 1.11192e-07
20 45 2.77458e-09
21 45 1.30824e-08
22 45 0.00111493
23 45 6.17123e-05
24 45 1.95307e-17
25 45 9.81992e-17
26 45 2.47879e-19
27 45 6.97005e-18
28 45 1.64439e-17
29 45 3.34881e-18
30 45 5.81605e-08
31 45 1.61785e-08
0 46 9.92909e-17
1 46 1.36406e-17
2 46 2.69002e-17
3 46 6.86275e-18
4 46 9.30503e-18
5 46 2.27307e-17
6 46 1.1452e-18
7 46 1.26886e-17
8 46 1.49471e-18
9 46 1.20519e-17
10 46 1.78202e-18
11 46 1.58921e-19
12 46 6.36242e-10
13 46 1.53717e-09
14 46 7.08815e-09
15 46 4.84751e-09
16 46 0.00191129
17 46 0.000463585
18 46 1.39762e-09
19 46 4.36227e-10
20 46 1.21212e-08
21 46 5.93552e-09
22 46 1.07099e-09
23 46 6.85004e-10
24 46 3.43744e-17
25 46 3.59709e-18
26 46 6.44831e-18
27 46 1.02151e-17
28 46 2.53692e-17
29 46 5.25058e-17
30 46 0.00138928
31 46 0.00114842
0 47 1.0701e-16
1 47 1.90617e-17
2 47 1.75242e-17
3 47 7.16082e-18
4 47 1.4178e-17
5 47 1.63862e-17
6 47 9.57256e-19
7 47 9.12633e-18
8 47 1.9463e-18
9 47 8.19465e-18
10 47 2.26368e-18
11 47 2.0573e-19
12 47 3.78767e-09
13 47 6.06928e-10
14 47 3.84604e-09
15 47 4.05026e-09
16 47 0.000470299
17 47 0.00182024
18 47 6.93049e-09
19 47 7.83377e-10
20 47 1.77884e-09
21 47 9.22152e-10
22 47 1.43143e-09
23 47 9.07139e-10
24 47 2.15803e-17
25 47 7.00476e-18
26 47 2.32308e-17
27 47 9.0986e-18
28 47 2.09218e-17
29 47 3.35768e-17
30 47 0.00108157
31 47 0.00134174
0 48 4.09373e-18
1 48 1.56939e-18
2 48 5.3653e-18
3 48 8.54711e-19
4 48 8.61196e-18
5 48 9.26797e-18
6 48 8.0409e-18
7 48 1.80608e-18
8 48 2.08986e-17
9 48 2.13752e-18
10 48 3.45046e-19
11 48 8.39312e-19
12 48 0.000383384
13 48 0.000109628
14 48 0.000260342
15 48 0.000402705
16 48 2.52275e-08
17 48 2.9949e-08
18 48 8.62349e-06
19 48 2.30137e-05
20 48 8.10329e-06
21 48 3.65501e-05
22 48 1.08398e-09
23 48 9.9078e-11
24 48 4.2753e-18
25 48 6.4988e-18
26 48 7.43667e-18
27 48 1.25778e-17
28 48 5.71009e-18
29 48 1.31151e-17
30 48 5.31434e-08
31 48 2.66401e-07
0 49 6.34277e-18
1 49 6.7377e-18
2 49 7.10465e-18
3 49 2.37659e-18
4 49 3.40935e-17
5 49 2.34485e-17
6 49 8.22481e-18
7 49 2.30441e-18
8 49 2.09485e-17
9 49 4.32158e-18
10 49 9.46105e-19
11 49 1.23996e-18
12 49 0.000219941
13 49 0.000919563
14 49 3.07333e-05
15 49 2.5386e-05
16 49 1.7819e-08
17 49 4.2553e-09
18 49 3.43691e-05
19 49 2.00349e-05
20 49 1.35849e-05
21 49 8.12842e-06
22 49 2.62935e-11
23 49 2.98539e-09
24 49 2.14699e-18
25 49 2.70926e-17
26 49 1.06951e-17
27 49 3.4322e-20
28 49 1.424e-18
29 49 1.09386e-17
30 49 5.19261e-08
31 49 6.789e-08
0 50 6.19689e-18
1 50 1.19677e-18
2 50 2.9489e-18
3 50 5.4839e-19
4 50 1.55685e-17
5 50 5.12749e-18
6 50 6.85608e-18
7 50 4.99017e-18
8 50 1.18908e-17
9 50 9.37951e-19
10 50 2.52878e-18
11 50 8.60264e-19
12 50 0.000311383
13 50 0.00015994
14 50 0.000582294
15 50 6.9676e-05
16 50 4.76122e-08
17 50 4.7095e-09
18 50 3.23911e-05
19 50 1.20497e-05
20 50 1.29809e-06
21 50 3.07214e-05
22 50 5.7285e-10
23 50 5.45385e-10
24 50 6.42005e-18
25 50 7.03667e-18
26 50 1.63573e-18
27 50 2.16828e-18
28 50 1.7838e-18
29 50 5.94171e-18
30 50 3.57022e-07
31 50 1.20922e-08
0 51 7.34427e-18
1 51 5.22003e-18
2 51 2.46677e-17
3 51 2.27735e-18
4 51 2.7291e-17
5 51 4.0473e-17
6 51 3.48343e-17
7 51 1.34037e-17
8 51 7.46525e-18
9 51 2.73571e-18
10 51 2.33185e-18
11 51 1.30509e-18
12 51 0.000250003
13 51 7.40979e-06
14 51 0.00027558
15 51 0.000624871
16 51 8.76094e-09
17 51 1.7562e-08
18 51 2.35807e-06
19 51 2.22214e-05
20 51 5.05411e-05
21 51 3.93605e-07
22 51 1.16173e-09
23 51 3.44014e-10
24 51 6.53882e-19
25 51 3.22324e-17
26 51 2.86885e-18
27 51 9.27982e-19
28 51 4.46129e-18
29 51 5.45825e-18
30 51 7.39797e-08
31 51 8.69443e-08
0 52 1.22348e-11
1 52 3.07788e-10
2 52 1.34972e-05
3 52 8.75347e-07
4 52 2.6434e-11
5 52 1.58481e-11
6 52 6.01461e-11
7 52 1.1244e-09
8 52 1.77907e-09
9 52 1.45958e-09
10 52 3.19109e-05
11 52 0.000146726
12 52 2.29691e-19
13 52 7.22742e-20
14 52 1.17766e-19
15 52 4.71061e-19
16 52 5.65162e-20
17 52 1.27077e-19
18 52 2.74935e-18
19 52 2.35477e-18
20 52 9.17458e-19
21 52 1.43708e-18
22 52 1.31008e-19
23 52 2.67123e-19
24 52 9.70229e-10
25 52 1.01484e-10
26 52 4.58731e-09
27 52 1.39625e-09
28 52 6.35524e-09
29 52 6.84181e-10
30 52 7.34883e-18
31 52 5.9947e-19
0 53 9.09881e-11
1 53 2.79101e-10
2 53 8.69989e-07
3 53 1.36107e-05
4 53 1.00477e-11
5 53 4.25529e-11
6 53 4.5731e-10
7 53 8.3171e-11
8 53 7.62485e-10
9 53 2.28575e-10
10 53 0.000154399
11 53 2.94917e-05
12 53 6.43187e-19
13 53 1.79214e-18
14 53 9.57574e-19
15 53 5.82353e-19
16 53 2.37757e-18
17 53 3.15678e-19
18 53 7.93839e-18
19 53 9.01058e-18
20 53 8.45042e-18
21 53 1.74274e-17
22 53 2.72331e-19
23 53 5.60878e-19
24 53 2.10197e-09
25 53 2.47908e-10
26 53 3.32479e-09
27 53 2.01099e-09
28 53 2.8084e-10
29 53 6.85931e-10
30 53 1.62569e-17
31 53 9.2027e-19
0 54 5.03899e-07
1 54 3.1727e-05
2 54 2.58255e-10
3 54 6.31986e-09
4 54 2.0455e-08
5 54 2.55403e-08
6 54 6.23394e-07
7 54 5.2034e-07
8 54 2.97548e-07
9 54 5.4482e-08
10 54 6.71558e-10
11 54 4.99486e-10
12 54 3.15603e-18
13 54 1.8562e-18
14 54 5.20777e-19
15 54 6.81252e-18
16 54 4.73017e-18
17 54 5.18201e-19
18 54 1.99175e-18
19 54 3.20036e-19
20 54 4.55448e-19
21 54 3.02874e-18
22 54 2.12334e-18
23 54 1.8571e-18
24 54 2.59541e-08
25 54 7.55067e-09
26 54 1.88949e-05
27 54 1.69679e-05
28 54 1.84881e-05
29 54 3.39297e-05
30 54 9.05894e-19
31 54 3.92101e-18
0 55 3.04451e-05
1 55 5.71837e-05
2 55 2.84426e-09
3 55 2.77021e-09
4 55 4.39492e-09
5 55 2.19683e-08
6 55 7.09021e-07
7 55 4.96992e-08
8 55 6.31459e-07
9 55 3.57156e-07
10 55 3.11085e-10
11 55 1.45416e-09
12 55 9.58605e-18
13 55 1.18187e-18
14 55 4.69097e-18
15 55 9.26727e-18
16 55 2.70889e-18
17 55 3.28069e-18
18 55 1.64269e-18
19 55 1.12997e-19
20 55 1.72928e-18
21 55 2.67477e-18
22 55 1.29518e-18
23 55 4.02465e-19
24 55 8.60126e-09
25 55 1.88452e-08
26 55 3.29081e-06
27 55 1.38394e-05
28 55 5.26605e-05
29 55 2.35773e-05
30 55 1.19604e-16
31 55 8.22675e-19
0 56 0.000148288
1 56 4.33887e-05
2 56 3.29033e-09
3 56 5.72109e-10
4 56 3.9617e-08
5 56 1.9044e-08
6 56 1.09304e-07
7 56 3.45094e-08
8 56 4.83991e-07
9 56 1.14551e-06
10 56 2.77123e-10
11 56 1.69505e-10
12 56 1.36909e-18
13 56 3.07841e-18
14 56 1.95705e-18
15 56 2.15385e-18
16 56 9.52569e-18
17 56 2.46564e-18
18 56 1.06282e-18
19 56 1.16232e-18
20 56 8.62095e-19
21 56 1.34923e-19
22 56 3.23093e-19
23 56 2.42721e-18
24 56 2.20717e-09
25 56 3.3751e-08
26 56 1.40348e-05
27 56 5.82224e-05
28 56 1.13035e-05
29 56 1.25351e-05
30 56 1.65349e-16
31 56 1.59715e-19
0 57 8.68175e-05
1 57 0.00013429
2 57 2.44274e-09
3 57 1.5872e-09
4 57 1.39184e-08
5 57 1.00019e-08
6 57 4.07087e-07
7 57 9.83184e-07
8 57 2.89747e-07
9 57 1.51498e-07
10 57 1.59747e-10
11 57 1.05407e-09
12 57 5.99771e-18
13 57 1.6509e-18
14 57 4.42976e-18
15 57 2.01656e-18
16 57 1.3847e-17
17 57 6.37167e-18
18 57 3.21655e-19
19 57 4.74351e-19
20 57 1.88447e-19
21 57 3.33729e-18
22 57 6.364e-18
23 57 1.83416e-18
24 57 1.91654e-08
25 57 3.42313e-09
26 57 6.01648e-05
27 57 8.11923e-06
28 57 9.28724e-06
29 57 1.90601e-05
30 57 5.40217e-17
31 57 8.21273e-18
0 58 2.92205e-09
1 58 2.16368e-09
2 58 0.000149157
3 58 2.61024e-05
4 58 7.86377e-11
5 58 4.90955e-10
6 58 1.49428e-09
7 58 8.3686e-09
8 58 8.54423e-09
9 58 1.7156e-08
10 58 7.28021e-07
11 58 1.80716e-05
12 58 5.54713e-18
13 58 2.247e-18
14 58 8.5439e-19
15 58 5.44864e-18
16 58 1.61555e-19
17 58 3.9294e-19
18 58 1.3453e-17
19 58 1.25584e-18
20 58 6.45879e-18
21 58 2.23515e-18
22 58 6.17563e-19
23 58 3.04478e-18
24 58 5.64418e-09
25 58 2.63226e-09
26 58 2.02231e-09
27 58 3.1959e-09
28 58 2.87609e-10
29 58 2.67194e-09
30 58 1.49028e-17
31 58 1.378e-18
0 59 3.10021e-10
1 59 1.5666e-10
2 59 2.58508e-05
3 59 0.000145324
4 59 8.69086e-11
5 59 1.23209e-09
6 59 2.63254e-08
7 59 4.06823e-10
8 59 3.86388e-09
9 59 4.73642e-09
10 59 1.78951e-05
11 59 7.17108e-07
12 59 3.80804e-18
13 59 2.02497e-18
14 59 3.00243e-18
15 59 2.39696e-18
16 59 2.62766e-18
17 59 3.24804e-18
18 59 8.69113e-19
19 59 6.36301e-21
20 59 4.54676e-18
21 59 1.23495e-18
22 59 7.63357e-20
23 59 4.17566e-18
24 59 2.14853e-09
25 59 2.58807e-09
26 59 3.34453e-09
27 59 7.20927e-10
28 59 9.74233e-09
29 59 5.72196e-09
30 59 1.6385e-17
31 59 5.41837e-18
0 60 3.7374e-08
1 60 3.0039e-08
2 60 3.26764e-10
3 60 7.09157e-10
4 60 7.34164e-06
5 60 0.000304607
6 60 1.46575e-09
7 60 6.39787e-09
8 60 1.5586e-08
9 60 1.1839e-09
10 60 3.88121e-11
11 60 7.65887e-11
12 60 1.21211e-18
13 60 2.9817e-18
14 60 2.07413e-18
15 60 2.08323e-18
16 60 6.57419e-17
17 60 9.03854e-18
18 60 1.91231e-18
19 60 1.12582e-19
20 60 4.3531e-18
21 60 1.09757e-18
22 60 1.92961e-18
23 60 1.91729e-18
24 60 7.85429e-05
25 60 8.438e-05
26 60 5.62552e-09
27 60 2.61796e-08
28 60 4.57189e-09
29 60 1.56619e-08
30 60 1.32327e-16
31 60 2.11592e-17
0 61 3.15308e-08
1 61 1.27228e-08
2 61 7.38624e-10
3 61 4.72353e-10
4 61 0.000302738
5 61 7.04273e-06
6 61 3.17543e-09
7 61 6.57169e-09
8 61 5.26379e-09
9 61 8.32646e-09
10 61 2.30437e-10
11 61 4.47719e-11
12 61 2.28639e-18
13 61 7.40212e-19
14 61 2.12306e-18
15 61 4.32273e-19
16 61 1.17361e-18
17 61 3.13718e-18
18 61 5.51383e-19
19 61 5.55227e-20
20 61 1.63053e-18
21 61 3.36674e-18
22 61 1.1493e-18
23 61 2.03086e-19
24 61 8.61333e-05
25 61 7.57928e-05
26 61 6.30794e-10
27 61 2.7594e-08
28 61 3.03445e-09
29 61 1.50076e-08
30 61 1.45792e-17
31 61 4.92245e-18
0 62 8.19543e-07
1 62 5.03592e-07
2 62 2.16267e-09
3 62 1.76902e-09
4 62 3.59384e-09
5 62 1.75614e-08
6 62 3.60541e-05
7 62 0.00011325
8 62 4.88612e-05
9 62 3.74915e-05
10 62 3.59259e-10
11 62 5.34462e-10
12 62 7.1058e-19
13 62 3.58659e-19
14 62 2.49637e-18
15 62 1.50766e-18
16 62 1.19369e-17
17 62 2.48299e-20
18 62 6.37544e-18
19 62 2.44441e-18
20 62 8.91254e-19
21 62 1.73454e-18
22 62 6.86943e-19
23 62 3.81624e-18
24 62 2.97893e-08
25 62 1.73255e-08
26 62 1.82926e-06
27 62 9.75867e-06
28 62 1.10164e-06
29 62 4.33032e-05
30 62 1.18051e-17
31 62 8.29134e-18
0 63 1.02633e-06
1 63 6.89913e-07
2 63 1.79027e-08
3 63 1.90046e-08
4 63 1.28135e-08
5 63 6.05423e-09
6 63 7.46012e-05
7 63 2.6892e-05
8 63 1.78148e-05
9 63 0.000116712
10 63 1.22807e-10
11 63 2.65248e-10
12 63 1.26597e-18
13 63 4.0072e-20
14 63 1.02113e-18
15 63 8.49153e-18
16 63 4.44091e-18
17 63 7.13673e-18
18 63 1.14875e-19
19 63 2.84887e-18
20 63 2.84012e-19
21 63 2.81502e-18
22 63 1.26727e-18
23 63 2.71052e-18
24 63 2.19181e-08
25 63 4.08586e-08
26 63 9.25396e-06
27 63 2.94704e-05
28 63 1.0686e-05
29 63 7.06381e-06
30 63 7.18367e-17
31 63 3.26664e-18
