0 -0.235467024309111 1.37501e-06
1 -0.235467024308297 6.22781e-07
2 -0.235451024640802 2.04325e-06
3 -0.235451024639499 8.26486e-07
4 -0.235258373515959 1.27485e-06
5 -0.235258373514233 9.10908e-07
6 -0.235216478272787 1.72974e-06
7 -0.235216478269942 9.20286e-07
8 -0.235216478269464 6.49665e-07
9 -0.235216478268974 5.25589e-07
10 -0.234752068350006 7.98968e-07
11 -0.234752068349572 4.93105e-07
12 -0.233765935177349 3.74081e-07
13 -0.233765935177224 2.66677e-07
14 -0.233765935177176 3.2667e-07
15 -0.233765935177149 1.36139e-07
16 -0.233757536584426 3.00562e-07
17 -0.233757536584368 2.44213e-07
18 -0.233185970640604 3.56462e-07
19 -0.233185970640563 3.5576e-07
20 -0.233185970640555 2.96833e-07
21 -0.233185970640514 2.96038e-07
22 -0.233119781387532 9.20512e-07
23 -0.233119781387471 1.79085e-07
24 -0.231610227271086 4.09782e-08
25 -0.231610227271072 9.14784e-08
26 -0.23152526612788 6.81331e-08
27 -0.231525266127873 6.47386e-08
28 -0.231525266127839 1.17125e-07
29 -0.231525266127811 1.80686e-07
30 -0.229911186878711 1.48865e-06
31 -0.229911186877914 1.46783e-07
32 -0.157629712838278 1.12335e-06
33 -0.157629712838303 1.12214e-06
34 -0.155753778140683 1.11481e-06
35 -0.155753778140642 1.12188e-06
36 -0.155717776148783 1.1192e-06
37 -0.155717776148811 1.11798e-06
38 -0.15571777614876 1.12135e-06
39 -0.155717776148793 1.11883e-06
40 -0.153825093272987 1.11995e-06
41 -0.153825093272989 1.11856e-06
42 -0.153825093273016 1.11594e-06
43 -0.153825093272985 1.11943e-06
44 -0.153786363746127 1.124e-06
45 -0.15378636374613 1.12131e-06
46 -0.153113856115765 1.11752e-06
47 -0.153113856115795 1.1131e-06
48 -0.153111361304307 1.10686e-06
49 -0.153111361304287 1.11046e-06
50 -0.153111361304358 1.09828e-06
51 -0.153111361304323 1.10579e-06
52 -0.151869015394034 1.11867e-06
53 -0.151869015394017 1.11996e-06
54 -0.151222817480492 1.11106e-06
55 -0.15122281748048 1.10495e-06
56 -0.151222817480447 1.10797e-06
57 -0.151222817480327 1.10618e-06
58 -0.151195644060072 1.10822e-06
59 -0.151195644060022 1.10766e-06
60 -0.15112968021742 1.10016e-06
61 -0.151129680217291 1.1103e-06
62 -0.151107445167168 1.11087e-06
63 -0.151107445167209 1.10347e-06
