0 80 6.32851e-13
1 80 8.74139e-13
2 80 9.90762e-13
3 80 2.35606e-12
4 80 4.51541e-12
5 80 3.88783e-12
6 80 2.43208e-13
7 80 9.80341e-14
8 80 7.5176e-12
9 80 1.22295e-12
10 80 8.14255e-12
11 80 3.71087e-12
12 80 1.21856e-14
13 80 1.59334e-11
14 80 2.06322e-12
15 80 1.01001e-12
16 80 5.26174e-07
17 80 7.75986e-08
18 80 1.10404e-06
19 80 2.77091e-07
20 80 8.29806e-07
21 80 2.34749e-05
22 80 7.66222e-08
23 80 3.2546e-07
24 80 4.87705e-07
25 80 2.76447e-07
26 80 1.67362e-07
27 80 4.31405e-08
28 80 1.5907e-07
29 80 5.03392e-07
30 80 9.3184e-09
31 80 2.68741e-07
32 80 7.62341e-07
33 80 4.05449e-07
34 80 4.11659e-10
35 80 7.79122e-11
36 80 5.19043e-09
37 80 1.02814e-09
38 80 2.21359e-09
39 80 1.75148e-09
40 80 3.1719e-11
41 80 7.7627e-11
42 80 5.717e-13
43 80 5.86906e-13
44 80 2.64178e-12
45 80 1.08601e-11
46 80 6.06495e-12
47 80 1.96351e-11
48 80 5.09976e-11
49 80 1.45017e-10
50 80 1.44407e-11
51 80 2.93294e-13
52 80 9.98581e-11
53 80 4.63981e-11
54 80 3.16772e-11
55 80 9.29377e-11
56 80 5.73502e-11
57 80 8.37284e-11
58 80 4.28735e-12
59 80 4.13736e-11
60 80 3.27945e-05
61 80 9.91103e-05
62 80 1.14014e-05
63 80 4.21139e-05
64 80 0.00168487
65 80 8.95381e-05
66 80 1.98881e-07
67 80 8.61274e-09
68 80 8.55548e-09
69 80 5.00766e-08
70 80 3.57243e-08
71 80 1.62705e-08
72 80 1.08011e-09
73 80 2.02262e-09
74 80 1.61692e-09
75 80 4.63965e-09
76 80 1.18174e-10
77 80 2.10115e-10
78 80 0.0238949
79 80 0.460945
0 81 9.87691e-13
1 81 4.76606e-13
2 81 1.62666e-12
3 81 7.34404e-13
4 81 4.46624e-12
5 81 4.50413e-12
6 81 1.57631e-13
7 81 5.80859e-14
8 81 1.27154e-12
9 81 6.99852e-12
10 81 3.92044e-12
11 81 7.73246e-12
12 81 1.64897e-11
13 81 2.02284e-17
14 81 1.28328e-12
15 81 1.81837e-12
16 81 7.76043e-08
17 81 5.26447e-07
18 81 2.77437e-07
19 81 1.1033e-06
20 81 2.34712e-05
21 81 8.33751e-07
22 81 3.25254e-07
23 81 7.67356e-08
24 81 2.76369e-07
25 81 4.87679e-07
26 81 4.31266e-08
27 81 1.67494e-07
28 81 5.03776e-07
29 81 1.58799e-07
30 81 2.68645e-07
31 81 9.35561e-09
32 81 4.05822e-07
33 81 7.61852e-07
34 81 7.84065e-11
35 81 4.12184e-10
36 81 1.02926e-09
37 81 5.18799e-09
38 81 1.74938e-09
39 81 2.2159e-09
40 81 7.75288e-11
41 81 3.1726e-11
42 81 5.9155e-13
43 81 5.76405e-13
44 81 1.08709e-11
45 81 2.67192e-12
46 81 1.9635e-11
47 81 6.03792e-12
48 81 1.4467e-10
49 81 5.10496e-11
50 81 2.90939e-13
51 81 1.4457e-11
52 81 4.63272e-11
53 81 9.96707e-11
54 81 9.31226e-11
55 81 3.15448e-11
56 81 8.33725e-11
57 81 5.74189e-11
58 81 4.14666e-11
59 81 4.2971e-12
60 81 9.90808e-05
61 81 3.27969e-05
62 81 4.21004e-05
63 81 1.14392e-05
64 81 8.98397e-05
65 81 0.00168459
66 81 8.6385e-09
67 81 1.98852e-07
68 81 5.00778e-08
69 81 8.54964e-09
70 81 1.62456e-08
71 81 3.57376e-08
72 81 2.02231e-09
73 81 1.08107e-09
74 81 4.63717e-09
75 81 1.61934e-09
76 81 2.10556e-10
77 81 1.18022e-10
78 81 0.460946
79 81 0.023897
0 82 9.46172e-08
1 82 3.84337e-08
2 82 3.77524e-09
3 82 4.73377e-10
4 82 4.89027e-08
5 82 2.02664e-06
6 82 7.30327e-07
7 82 1.62138e-06
8 82 3.27624e-08
9 82 3.91149e-08
10 82 2.70553e-10
11 82 3.37713e-10
12 82 5.37585e-09
13 82 2.41194e-08
14 82 4.81405e-09
15 82 3.12741e-08
16 82 1.66089e-11
17 82 7.42401e-12
18 82 8.71346e-13
19 82 6.4997e-13
20 82 9.45157e-13
21 82 5.56628e-12
22 82 2.80934e-12
23 82 2.89213e-12
24 82 2.13738e-12
25 82 1.24237e-11
26 82 2.71118e-13
27 82 1.97698e-13
28 82 1.36559e-11
29 82 3.2062e-11
30 82 5.66925e-13
31 82 6.74802e-13
32 82 4.50477e-13
33 82 1.69009e-13
34 82 5.61723e-12
35 82 7.79012e-12
36 82 1.45248e-11
37 82 1.59168e-12
38 82 6.95538e-14
39 82 4.92421e-14
40 82 1.57056e-06
41 82 1.5519e-07
42 82 2.93154e-06
43 82 1.18487e-07
44 82 1.26143e-05
45 82 8.71662e-06
46 82 2.41892e-06
47 82 3.63266e-06
48 82 1.59497e-06
49 82 1.44405e-05
50 82 2.14466e-05
51 82 1.92749e-05
52 82 1.84476e-08
53 82 9.48018e-10
54 82 5.05793e-07
55 82 1.35781e-06
56 82 4.16477e-05
57 82 1.20596e-05
58 82 1.79827e-06
59 82 1.09577e-05
60 82 2.35417e-10
61 82 5.30606e-10
62 82 1.15688e-10
63 82 1.19058e-13
64 82 1.95788e-10
65 82 8.78182e-11
66 82 6.98901e-10
67 82 1.89859e-10
68 82 2.37035e-12
69 82 1.21234e-11
70 82 5.05759e-10
71 82 2.73649e-12
72 82 7.79356e-05
73 82 7.31693e-05
74 82 0.000865578
75 82 0.000928904
76 82 0.000261825
77 82 0.00100354
78 82 1.24657e-09
79 82 2.9323e-09
0 83 3.84358e-08
1 83 9.46366e-08
2 83 4.7541e-10
3 83 3.78849e-09
4 83 2.02736e-06
5 83 4.88101e-08
6 83 1.62098e-06
7 83 7.31532e-07
8 83 3.90715e-08
9 83 3.27725e-08
10 83 3.36367e-10
11 83 2.7027e-10
12 83 2.41245e-08
13 83 5.35801e-09
14 83 3.12798e-08
15 83 4.82117e-09
16 83 7.45754e-12
17 83 1.64515e-11
18 83 6.3232e-13
19 83 8.18463e-13
20 83 5.56165e-12
21 83 9.73018e-13
22 83 2.81557e-12
23 83 2.85652e-12
24 83 1.24781e-11
25 83 2.1748e-12
26 83 1.9478e-13
27 83 2.67928e-13
28 83 3.20641e-11
29 83 1.37116e-11
30 83 6.34848e-13
31 83 5.72439e-13
32 83 1.77489e-13
33 83 4.37186e-13
34 83 7.76851e-12
35 83 5.58939e-12
36 83 1.58438e-12
37 83 1.45816e-11
38 83 4.7716e-14
39 83 6.53336e-14
40 83 1.55106e-07
41 83 1.57153e-06
42 83 1.17978e-07
43 83 2.93363e-06
44 83 8.72072e-06
45 83 1.26114e-05
46 83 3.62941e-06
47 83 2.42043e-06
48 83 1.44471e-05
49 83 1.59353e-06
50 83 1.92802e-05
51 83 2.14443e-05
52 83 9.44414e-10
53 83 1.84571e-08
54 83 1.35783e-06
55 83 5.058e-07
56 83 1.20481e-05
57 83 4.16682e-05
58 83 1.09514e-05
59 83 1.80431e-06
60 83 5.30715e-10
61 83 2.35449e-10
62 83 1.19763e-13
63 83 1.15608e-10
64 83 8.78464e-11
65 83 1.95955e-10
66 83 1.89971e-10
67 83 6.99068e-10
68 83 1.21333e-11
69 83 2.36663e-12
70 83 2.73101e-12
71 83 5.05842e-10
72 83 7.31933e-05
73 83 7.78709e-05
74 83 0.000928417
75 83 0.000866176
76 83 0.00100359
77 83 0.000262099
78 83 2.93338e-09
79 83 1.24753e-09
0 84 2.59008e-08
1 84 1.3776e-08
2 84 2.06198e-07
3 84 1.23012e-07
4 84 6.75871e-07
5 84 2.04135e-08
6 84 3.5962e-07
7 84 3.65201e-07
8 84 2.67461e-08
9 84 4.21256e-09
10 84 1.42561e-08
11 84 1.05078e-07
12 84 5.35183e-09
13 84 2.03409e-08
14 84 1.3584e-08
15 84 1.11845e-08
16 84 1.72204e-11
17 84 1.24028e-10
18 84 1.75491e-12
19 84 9.58089e-13
20 84 2.21079e-11
21 84 2.04799e-11
22 84 2.33232e-11
23 84 2.34755e-11
24 84 8.22756e-11
25 84 1.64302e-10
26 84 6.81396e-13
27 84 3.37146e-12
28 84 2.86308e-10
29 84 4.22507e-11
30 84 7.94193e-13
31 84 9.61454e-14
32 84 1.874e-12
33 84 4.13464e-12
34 84 1.74905e-10
35 84 3.32717e-11
36 84 1.50413e-10
37 84 1.33444e-10
38 84 8.3222e-12
39 84 2.28956e-12
40 84 1.41426e-05
41 84 3.28169e-05
42 84 2.7072e-06
43 84 1.60876e-06
44 84 6.11262e-06
45 84 1.08484e-06
46 84 2.87024e-05
47 84 6.57901e-06
48 84 1.39297e-06
49 84 6.42634e-07
50 84 4.84239e-07
51 84 1.28748e-06
52 84 4.79866e-08
53 84 2.80883e-07
54 84 1.15824e-05
55 84 5.90141e-06
56 84 2.28446e-06
57 84 9.6384e-07
58 84 1.1198e-05
59 84 1.41843e-05
60 84 4.88633e-10
61 84 2.5423e-10
62 84 1.74944e-11
63 84 3.17838e-11
64 84 2.93092e-10
65 84 1.1264e-10
66 84 1.12083e-09
67 84 2.36421e-10
68 84 2.76124e-11
69 84 2.92959e-11
70 84 2.31829e-10
71 84 4.32469e-10
72 84 0.000117727
73 84 0.00165272
74 84 2.09853e-05
75 84 0.000530754
76 84 0.000206082
77 84 0.000158531
78 84 1.85065e-09
79 84 5.05761e-09
0 85 1.38013e-08
1 85 2.58724e-08
2 85 1.22986e-07
3 85 2.06249e-07
4 85 2.0335e-08
5 85 6.75438e-07
6 85 3.65018e-07
7 85 3.59596e-07
8 85 4.23461e-09
9 85 2.67376e-08
10 85 1.05016e-07
11 85 1.42659e-08
12 85 2.03632e-08
13 85 5.35135e-09
14 85 1.11933e-08
15 85 1.35817e-08
16 85 1.24575e-10
17 85 1.70704e-11
18 85 1.01259e-12
19 85 1.76301e-12
20 85 2.05191e-11
21 85 2.20382e-11
22 85 2.33592e-11
23 85 2.3291e-11
24 85 1.64933e-10
25 85 8.25649e-11
26 85 3.32368e-12
27 85 6.92605e-13
28 85 4.25668e-11
29 85 2.85744e-10
30 85 9.85213e-14
31 85 8.40363e-13
32 85 4.06645e-12
33 85 1.88796e-12
34 85 3.32081e-11
35 85 1.74775e-10
36 85 1.33477e-10
37 85 1.50727e-10
38 85 2.29348e-12
39 85 8.23925e-12
40 85 3.28109e-05
41 85 1.41385e-05
42 85 1.61049e-06
43 85 2.70884e-06
44 85 1.08453e-06
45 85 6.11126e-06
46 85 6.56989e-06
47 85 2.86986e-05
48 85 6.43185e-07
49 85 1.3931e-06
50 85 1.28598e-06
51 85 4.83494e-07
52 85 2.80802e-07
53 85 4.79501e-08
54 85 5.89713e-06
55 85 1.15818e-05
56 85 9.64447e-07
57 85 2.28808e-06
58 85 1.41837e-05
59 85 1.11863e-05
60 85 2.54083e-10
61 85 4.8841e-10
62 85 3.17093e-11
63 85 1.74643e-11
64 85 1.12565e-10
65 85 2.92675e-10
66 85 2.36427e-10
67 85 1.12004e-09
68 85 2.9312e-11
69 85 2.7644e-11
70 85 4.32068e-10
71 85 2.31688e-10
72 85 0.00165188
73 85 0.000117907
74 85 0.00053015
75 85 2.09204e-05
76 85 0.000158675
77 85 0.000206283
78 85 5.0537e-09
79 85 1.84771e-09
0 86 1.73912e-08
1 86 1.22748e-08
2 86 3.38528e-07
3 86 4.35814e-09
4 86 6.59075e-08
5 86 5.33434e-07
6 86 1.12731e-07
7 86 8.66334e-07
8 86 2.93841e-09
9 86 3.22506e-09
10 86 7.95104e-08
11 86 4.47513e-08
12 86 1.4111e-08
13 86 2.28377e-08
14 86 3.50118e-09
15 86 4.20422e-09
16 86 1.58473e-11
17 86 1.02937e-12
18 86 1.04636e-12
19 86 5.46364e-14
20 86 2.52089e-13
21 86 1.55151e-12
22 86 2.80668e-12
23 86 3.48462e-12
24 86 2.96122e-12
25 86 3.24205e-12
26 86 6.92787e-13
27 86 8.454e-13
28 86 4.26896e-12
29 86 1.58738e-11
30 86 3.00902e-13
31 86 6.94696e-14
32 86 1.63385e-13
33 86 7.80393e-14
34 86 1.72e-12
35 86 4.43837e-12
36 86 1.94023e-12
37 86 5.91759e-13
38 86 3.95142e-13
39 86 5.87514e-13
40 86 3.23251e-07
41 86 6.8607e-07
42 86 4.57559e-06
43 86 2.65197e-05
44 86 1.5144e-05
45 86 8.40276e-06
46 86 6.54278e-06
47 86 1.80237e-05
48 86 6.74781e-07
49 86 2.76805e-06
50 86 5.57388e-07
51 86 5.26181e-07
52 86 1.95575e-07
53 86 2.18566e-07
54 86 4.27428e-06
55 86 9.04526e-06
56 86 8.94501e-06
57 86 2.46782e-06
58 86 1.59145e-05
59 86 9.29204e-06
60 86 1.47841e-13
61 86 1.36969e-10
62 86 1.12058e-11
63 86 5.22214e-12
64 86 7.81675e-12
65 86 4.79047e-11
66 86 9.63731e-11
67 86 2.46602e-10
68 86 6.93185e-12
69 86 1.78175e-11
70 86 1.63614e-10
71 86 6.9194e-11
72 86 0.00121683
73 86 3.98088e-05
74 86 0.000348629
75 86 4.93484e-06
76 86 8.24711e-05
77 86 0.00071688
78 86 4.42326e-10
79 86 4.51222e-11
0 87 1.22629e-08
1 87 1.74031e-08
2 87 4.34768e-09
3 87 3.38171e-07
4 87 5.33434e-07
5 87 6.59272e-08
6 87 8.65935e-07
7 87 1.12777e-07
8 87 3.24685e-09
9 87 2.93233e-09
10 87 4.47782e-08
11 87 7.93896e-08
12 87 2.28378e-08
13 87 1.41376e-08
14 87 4.21112e-09
15 87 3.49502e-09
16 87 9.8952e-13
17 87 1.59006e-11
18 87 4.34694e-14
19 87 1.16091e-12
20 87 1.53461e-12
21 87 2.14251e-13
22 87 3.63578e-12
23 87 2.89841e-12
24 87 3.29895e-12
25 87 2.9603e-12
26 87 8.33794e-13
27 87 7.03064e-13
28 87 1.58488e-11
29 87 4.21459e-12
30 87 7.24441e-14
31 87 2.87317e-13
32 87 8.09338e-14
33 87 1.67217e-13
34 87 4.44514e-12
35 87 1.72902e-12
36 87 5.95125e-13
37 87 1.95821e-12
38 87 5.93838e-13
39 87 4.11799e-13
40 87 6.86923e-07
41 87 3.2324e-07
42 87 2.65045e-05
43 87 4.57724e-06
44 87 8.39491e-06
45 87 1.51442e-05
46 87 1.80415e-05
47 87 6.53188e-06
48 87 2.76811e-06
49 87 6.74833e-07
50 87 5.26224e-07
51 87 5.56625e-07
52 87 2.18489e-07
53 87 1.95433e-07
54 87 9.05641e-06
55 87 4.26971e-06
56 87 2.46599e-06
57 87 8.94762e-06
58 87 9.28309e-06
59 87 1.59215e-05
60 87 1.37047e-10
61 87 1.51658e-13
62 87 5.23741e-12
63 87 1.12113e-11
64 87 4.79694e-11
65 87 7.81506e-12
66 87 2.46554e-10
67 87 9.64827e-11
68 87 1.78056e-11
69 87 6.92724e-12
70 87 6.91484e-11
71 87 1.63786e-10
72 87 4.00531e-05
73 87 0.00121694
74 87 4.97604e-06
75 87 0.000348534
76 87 0.000716878
77 87 8.24497e-05
78 87 4.50605e-11
79 87 4.42414e-10
0 88 4.39386e-13
1 88 8.46275e-13
2 88 1.13e-11
3 88 4.04253e-12
4 88 4.1986e-12
5 88 5.10744e-11
6 88 4.8693e-13
7 88 3.79949e-13
8 88 9.0492e-12
9 88 4.10994e-11
10 88 2.69771e-11
11 88 1.75739e-11
12 88 8.7905e-11
13 88 2.07134e-11
14 88 1.32883e-12
15 88 6.23494e-13
16 88 2.65536e-08
17 88 7.42735e-09
18 88 1.32795e-08
19 88 3.55063e-09
20 88 8.73728e-06
21 88 6.44716e-06
22 88 1.38836e-07
23 88 5.96788e-08
24 88 2.68265e-07
25 88 1.35274e-07
26 88 6.47835e-08
27 88 4.71275e-08
28 88 6.04386e-07
29 88 8.7235e-08
30 88 2.66819e-08
31 88 2.08644e-07
32 88 1.71529e-07
33 88 1.43587e-07
34 88 2.17364e-09
35 88 1.91991e-10
36 88 2.22169e-08
37 88 3.42594e-09
38 88 5.37572e-09
39 88 1.5035e-08
40 88 8.19304e-11
41 88 3.64098e-11
42 88 3.34149e-13
43 88 3.24012e-12
44 88 9.06464e-13
45 88 5.13238e-12
46 88 1.57574e-11
47 88 8.89453e-12
48 88 6.35695e-11
49 88 2.13466e-10
50 88 4.52563e-12
51 88 4.53001e-13
52 88 1.74315e-10
53 88 8.21338e-12
54 88 5.09741e-11
55 88 1.78474e-10
56 88 1.75962e-10
57 88 1.25157e-11
58 88 1.30418e-11
59 88 2.41735e-12
60 88 1.24462e-05
61 88 6.72788e-05
62 88 6.34998e-07
63 88 2.80303e-05
64 88 0.000177197
65 88 0.000211499
66 88 6.36238e-08
67 88 1.28273e-06
68 88 6.39799e-06
69 88 3.71369e-06
70 88 1.75976e-08
71 88 9.37086e-10
72 88 6.92711e-10
73 88 2.293e-11
74 88 8.40089e-10
75 88 4.52385e-11
76 88 1.11276e-11
77 88 1.52794e-11
78 88 0.000255245
79 88 0.000474584
0 89 9.15845e-13
1 89 3.58924e-13
2 89 3.62863e-12
3 89 1.10769e-11
4 89 5.08947e-11
5 89 4.4394e-12
6 89 4.45974e-13
7 89 3.62079e-13
8 89 4.09102e-11
9 89 9.13939e-12
10 89 1.74426e-11
11 89 2.73166e-11
12 89 2.075e-11
13 89 8.64271e-11
14 89 6.39719e-13
15 89 1.34266e-12
16 89 7.42609e-09
17 89 2.65669e-08
18 89 3.54544e-09
19 89 1.32828e-08
20 89 6.45096e-06
21 89 8.74691e-06
22 89 5.9687e-08
23 89 1.39022e-07
24 89 1.35217e-07
25 89 2.68236e-07
26 89 4.70369e-08
27 89 6.47659e-08
28 89 8.72046e-08
29 89 6.04085e-07
30 89 2.08582e-07
31 89 2.66867e-08
32 89 1.43662e-07
33 89 1.7142e-07
34 89 1.92189e-10
35 89 2.1717e-09
36 89 3.42029e-09
37 89 2.22011e-08
38 89 1.50331e-08
39 89 5.3812e-09
40 89 3.6391e-11
41 89 8.19293e-11
42 89 3.23615e-12
43 89 3.30619e-13
44 89 5.14632e-12
45 89 9.18366e-13
46 89 8.89497e-12
47 89 1.57505e-11
48 89 2.13525e-10
49 89 6.35761e-11
50 89 4.57369e-13
51 89 4.53943e-12
52 89 8.23803e-12
53 89 1.74294e-10
54 89 1.78414e-10
55 89 5.09713e-11
56 89 1.25746e-11
57 89 1.76004e-10
58 89 2.43e-12
59 89 1.2989e-11
60 89 6.7269e-05
61 89 1.24476e-05
62 89 2.79979e-05
63 89 6.30543e-07
64 89 0.000211741
65 89 0.000177306
66 89 1.28252e-06
67 89 6.37747e-08
68 89 3.71268e-06
69 89 6.39471e-06
70 89 9.41469e-10
71 89 1.75898e-08
72 89 2.29251e-11
73 89 6.92949e-10
74 89 4.52174e-11
75 89 8.407e-10
76 89 1.53429e-11
77 89 1.11071e-11
78 89 0.000474915
79 89 0.000255566
0 90 2.3951e-14
1 90 1.64709e-12
2 90 1.67157e-11
3 90 7.7161e-13
4 90 7.5883e-12
5 90 8.66309e-11
6 90 1.34986e-12
7 90 1.45183e-12
8 90 3.74606e-11
9 90 3.20369e-11
10 90 4.04149e-11
11 90 3.12186e-11
12 90 1.10811e-10
13 90 9.21943e-11
14 90 8.09946e-12
15 90 8.95919e-13
16 90 1.96673e-06
17 90 3.34992e-06
18 90 7.88374e-06
19 90 2.18782e-06
20 90 9.97255e-06
21 90 4.04975e-06
22 90 9.17851e-07
23 90 8.55785e-08
24 90 1.43146e-07
25 90 8.37408e-07
26 90 3.04214e-10
27 90 7.94301e-07
28 90 1.67079e-07
29 90 3.53567e-07
30 90 1.59467e-07
31 90 5.80951e-07
32 90 2.58225e-08
33 90 5.76143e-07
34 90 9.37159e-08
35 90 4.57869e-07
36 90 8.96703e-08
37 90 1.6034e-08
38 90 4.16528e-08
39 90 1.10125e-07
40 90 7.7669e-11
41 90 1.99807e-10
42 90 7.97729e-12
43 90 2.66306e-12
44 90 6.6142e-12
45 90 5.08728e-13
46 90 3.08736e-11
47 90 2.21531e-12
48 90 3.79923e-10
49 90 5.25808e-11
50 90 1.70805e-12
51 90 2.72037e-12
52 90 2.06502e-10
53 90 7.97151e-11
54 90 4.02595e-11
55 90 2.20418e-10
56 90 2.23269e-10
57 90 6.30458e-11
58 90 1.09821e-11
59 90 6.20964e-12
60 90 5.31478e-05
61 90 5.06952e-05
62 90 3.08537e-05
63 90 8.24251e-06
64 90 1.10639e-05
65 90 2.00412e-05
66 90 3.16493e-05
67 90 3.56873e-05
68 90 6.91465e-06
69 90 5.20436e-05
70 90 4.77823e-06
71 90 2.23926e-07
72 90 5.82362e-10
73 90 1.17077e-10
74 90 6.23502e-10
75 90 2.96062e-10
76 90 3.0601e-11
77 90 4.45902e-11
78 90 8.72154e-05
79 90 5.76175e-06
0 91 1.74301e-12
1 91 4.08231e-14
2 91 7.96882e-13
3 91 1.67649e-11
4 91 8.53098e-11
5 91 7.49847e-12
6 91 1.4923e-12
7 91 1.35445e-12
8 91 3.13236e-11
9 91 3.67375e-11
10 91 3.08463e-11
11 91 3.96582e-11
12 91 9.27685e-11
13 91 1.09812e-10
14 91 8.49743e-13
15 91 7.80977e-12
16 91 3.35046e-06
17 91 1.96634e-06
18 91 2.18565e-06
19 91 7.87697e-06
20 91 4.04824e-06
21 91 9.97743e-06
22 91 8.56558e-08
23 91 9.16374e-07
24 91 8.37563e-07
25 91 1.43228e-07
26 91 7.94711e-07
27 91 3.16006e-10
28 91 3.53781e-07
29 91 1.67196e-07
30 91 5.80804e-07
31 91 1.59258e-07
32 91 5.76376e-07
33 91 2.58395e-08
34 91 4.57428e-07
35 91 9.36288e-08
36 91 1.60364e-08
37 91 8.95814e-08
38 91 1.10129e-07
39 91 4.16346e-08
40 91 2.00058e-10
41 91 7.76166e-11
42 91 2.66207e-12
43 91 7.97086e-12
44 91 5.10595e-13
45 91 6.64866e-12
46 91 2.2139e-12
47 91 3.08638e-11
48 91 5.25525e-11
49 91 3.80016e-10
50 91 2.72744e-12
51 91 1.69789e-12
52 91 7.96545e-11
53 91 2.06557e-10
54 91 2.2045e-10
55 91 4.0223e-11
56 91 6.30467e-11
57 91 2.23288e-10
58 91 6.218e-12
59 91 1.09913e-11
60 91 5.0703e-05
61 91 5.31412e-05
62 91 8.25133e-06
63 91 3.08526e-05
64 91 2.00501e-05
65 91 1.10602e-05
66 91 3.57002e-05
67 91 3.1667e-05
68 91 5.20749e-05
69 91 6.91522e-06
70 91 2.23508e-07
71 91 4.77292e-06
72 91 1.16982e-10
73 91 5.82759e-10
74 91 2.95963e-10
75 91 6.2405e-10
76 91 4.45674e-11
77 91 3.06428e-11
78 91 5.75523e-06
79 91 8.72655e-05
0 92 2.1145e-13
1 92 4.28681e-14
2 92 7.51552e-12
3 92 3.50112e-13
4 92 1.46938e-11
5 92 3.21342e-11
6 92 6.2335e-13
7 92 4.12676e-14
8 92 2.21718e-11
9 92 7.46434e-12
10 92 2.59629e-12
11 92 2.44269e-11
12 92 3.90331e-11
13 92 4.91457e-11
14 92 3.15818e-13
15 92 4.23343e-13
16 92 3.73176e-06
17 92 8.67924e-06
18 92 1.89218e-06
19 92 4.76187e-06
20 92 2.03949e-06
21 92 1.14652e-05
22 92 3.25524e-07
23 92 8.0318e-07
24 92 1.61817e-07
25 92 5.25316e-07
26 92 5.46848e-08
27 92 1.37219e-06
28 92 2.20589e-07
29 92 1.81337e-07
30 92 1.05458e-06
31 92 1.0152e-07
32 92 4.61065e-07
33 92 1.78939e-07
34 92 6.40562e-08
35 92 2.93721e-07
36 92 6.68313e-08
37 92 1.86145e-07
38 92 4.34147e-08
39 92 6.10895e-08
40 92 1.09286e-11
41 92 2.50201e-10
42 92 4.13157e-12
43 92 2.4657e-12
44 92 1.4066e-11
45 92 2.83183e-12
46 92 7.27837e-12
47 92 2.6004e-11
48 92 8.53616e-11
49 92 1.25858e-10
50 92 1.24618e-12
51 92 3.23083e-12
52 92 9.90751e-11
53 92 3.68973e-11
54 92 3.36469e-11
55 92 1.29544e-10
56 92 6.56111e-11
57 92 2.99733e-11
58 92 4.09464e-13
59 92 1.96601e-12
60 92 1.90296e-05
61 92 7.84371e-06
62 92 9.21147e-05
63 92 5.40943e-05
64 92 2.78289e-05
65 92 4.20605e-06
66 92 3.57043e-06
67 92 6.87377e-05
68 92 5.82497e-05
69 92 7.00744e-06
70 92 8.50846e-07
71 92 3.68505e-06
72 92 1.17172e-10
73 92 6.07199e-11
74 92 1.00056e-10
75 92 5.65898e-11
76 92 6.41047e-12
77 92 2.79113e-12
78 92 2.03885e-06
79 92 6.82765e-05
0 93 4.52845e-14
1 93 2.35963e-13
2 93 3.1509e-13
3 93 7.23804e-12
4 93 3.27229e-11
5 93 1.50871e-11
6 93 5.07272e-14
7 93 6.33393e-13
8 93 7.12807e-12
9 93 2.23612e-11
10 93 2.47856e-11
11 93 2.40667e-12
12 93 4.83212e-11
13 93 3.84986e-11
14 93 4.16395e-13
15 93 3.13454e-13
16 93 8.6813e-06
17 93 3.73119e-06
18 93 4.75772e-06
19 93 1.89026e-06
20 93 1.14734e-05
21 93 2.03494e-06
22 93 8.02176e-07
23 93 3.2541e-07
24 93 5.25648e-07
25 93 1.61657e-07
26 93 1.37215e-06
27 93 5.48249e-08
28 93 1.8122e-07
29 93 2.20892e-07
30 93 1.01411e-07
31 93 1.05411e-06
32 93 1.7894e-07
33 93 4.61474e-07
34 93 2.93511e-07
35 93 6.40309e-08
36 93 1.86144e-07
37 93 6.67913e-08
38 93 6.1114e-08
39 93 4.33631e-08
40 93 2.50223e-10
41 93 1.093e-11
42 93 2.45718e-12
43 93 4.14879e-12
44 93 2.8394e-12
45 93 1.40031e-11
46 93 2.59941e-11
47 93 7.26771e-12
48 93 1.2595e-10
49 93 8.52996e-11
50 93 3.2348e-12
51 93 1.23925e-12
52 93 3.69272e-11
53 93 9.90523e-11
54 93 1.29627e-10
55 93 3.36638e-11
56 93 2.99853e-11
57 93 6.55229e-11
58 93 1.96025e-12
59 93 4.02606e-13
60 93 7.8553e-06
61 93 1.90038e-05
62 93 5.41299e-05
63 93 9.20909e-05
64 93 4.19482e-06
65 93 2.78476e-05
66 93 6.87459e-05
67 93 3.55914e-06
68 93 6.98992e-06
69 93 5.82985e-05
70 93 3.68241e-06
71 93 8.5006e-07
72 93 6.07476e-11
73 93 1.17097e-10
74 93 5.65265e-11
75 93 1.00167e-10
76 93 2.77529e-12
77 93 6.43436e-12
78 93 6.8308e-05
79 93 2.02588e-06
0 94 8.68552e-13
1 94 4.88316e-12
2 94 2.43223e-11
3 94 4.66419e-12
4 94 2.8437e-11
5 94 8.47813e-11
6 94 1.54691e-11
7 94 2.54432e-12
8 94 1.53669e-11
9 94 4.54833e-11
10 94 1.5436e-11
11 94 4.17003e-11
12 94 1.43774e-10
13 94 2.09577e-12
14 94 1.84805e-12
15 94 2.2444e-12
16 94 1.81878e-06
17 94 2.09452e-07
18 94 5.82861e-07
19 94 7.33598e-07
20 94 1.85335e-08
21 94 3.01494e-09
22 94 1.59336e-08
23 94 3.157e-09
24 94 6.30426e-08
25 94 1.29254e-06
26 94 8.28808e-06
27 94 3.36835e-07
28 94 4.95781e-07
29 94 7.65082e-07
30 94 1.32054e-06
31 94 1.61334e-06
32 94 9.61088e-08
33 94 2.76645e-09
34 94 3.45176e-07
35 94 8.27374e-07
36 94 1.98915e-07
37 94 1.23797e-06
38 94 6.65449e-07
39 94 1.28962e-07
40 94 9.76348e-11
41 94 1.06003e-11
42 94 5.78427e-12
43 94 1.6887e-12
44 94 3.60412e-12
45 94 6.91964e-12
46 94 4.19184e-11
47 94 3.53426e-11
48 94 5.49234e-11
49 94 1.19761e-10
50 94 4.84277e-12
51 94 1.03064e-12
52 94 1.1398e-10
53 94 6.85987e-12
54 94 5.15989e-11
55 94 2.64804e-10
56 94 2.76547e-10
57 94 1.35719e-11
58 94 1.3147e-10
59 94 2.27263e-12
60 94 5.60647e-06
61 94 1.06585e-05
62 94 1.96826e-05
63 94 6.97501e-05
64 94 1.50491e-07
65 94 1.27089e-06
66 94 3.19556e-05
67 94 5.66058e-05
68 94 8.11577e-06
69 94 6.74955e-06
70 94 1.03065e-05
71 94 4.20193e-06
72 94 7.55629e-10
73 94 5.74526e-12
74 94 4.99417e-10
75 94 1.79016e-10
76 94 3.32291e-11
77 94 1.06739e-10
78 94 1.28841e-05
79 94 3.31448e-07
0 95 4.73123e-12
1 95 9.11547e-13
2 95 4.60184e-12
3 95 2.46567e-11
4 95 8.6807e-11
5 95 2.88713e-11
6 95 2.53623e-12
7 95 1.58444e-11
8 95 4.51672e-11
9 95 1.49623e-11
10 95 4.17538e-11
11 95 1.53298e-11
12 95 2.03007e-12
13 95 1.43478e-10
14 95 2.18297e-12
15 95 1.80398e-12
16 95 2.09269e-07
17 95 1.81828e-06
18 95 7.34128e-07
19 95 5.83685e-07
20 95 3.01342e-09
21 95 1.85087e-08
22 95 3.16023e-09
23 95 1.59525e-08
24 95 1.29401e-06
25 95 6.32896e-08
26 95 3.37598e-07
27 95 8.28831e-06
28 95 7.64209e-07
29 95 4.95445e-07
30 95 1.61398e-06
31 95 1.32121e-06
32 95 2.81003e-09
33 95 9.62041e-08
34 95 8.28527e-07
35 95 3.45069e-07
36 95 1.23904e-06
37 95 1.99111e-07
38 95 1.28918e-07
39 95 6.64972e-07
40 95 1.05811e-11
41 95 9.76955e-11
42 95 1.68994e-12
43 95 5.77848e-12
44 95 6.91045e-12
45 95 3.60336e-12
46 95 3.53778e-11
47 95 4.19284e-11
48 95 1.19802e-10
49 95 5.48993e-11
50 95 1.0334e-12
51 95 4.83541e-12
52 95 6.87462e-12
53 95 1.14056e-10
54 95 2.64864e-10
55 95 5.15777e-11
56 95 1.35726e-11
57 95 2.76566e-10
58 95 2.26943e-12
59 95 1.31486e-10
60 95 1.06734e-05
61 95 5.60347e-06
62 95 6.97841e-05
63 95 1.96645e-05
64 95 1.26939e-06
65 95 1.50563e-07
66 95 5.66256e-05
67 95 3.19565e-05
68 95 6.74675e-06
69 95 8.12713e-06
70 95 4.20132e-06
71 95 1.03213e-05
72 95 5.74263e-12
73 95 7.56174e-10
74 95 1.78896e-10
75 95 5.00094e-10
76 95 1.06815e-10
77 95 3.32402e-11
78 95 3.32388e-07
79 95 1.287e-05
0 96 2.27525e-13
1 96 2.10031e-13
2 96 1.28981e-12
3 96 1.74235e-12
4 96 6.20687e-12
5 96 9.70342e-12
6 96 2.16583e-13
7 96 5.54162e-13
8 96 5.40711e-13
9 96 8.95697e-12
10 96 3.12299e-12
11 96 2.81261e-12
12 96 1.3019e-11
13 96 1.03534e-12
14 96 2.31374e-14
15 96 7.74745e-14
16 96 1.11167e-07
17 96 4.36054e-08
18 96 9.0527e-07
19 96 4.22342e-07
20 96 1.66044e-08
21 96 1.3226e-08
22 96 5.36676e-08
23 96 8.29895e-08
24 96 5.9465e-06
25 96 9.28652e-07
26 96 4.80294e-07
27 96 4.53365e-07
28 96 2.92415e-06
29 96 5.1027e-07
30 96 2.22741e-07
31 96 7.16132e-07
32 96 1.35726e-07
33 96 1.1407e-06
34 96 8.44707e-06
35 96 6.0565e-07
36 96 7.75247e-08
37 96 9.56224e-10
38 96 9.73036e-08
39 96 2.60083e-10
40 96 2.99468e-12
41 96 2.96384e-11
42 96 1.82786e-12
43 96 2.74881e-12
44 96 3.50584e-12
45 96 1.92093e-12
46 96 5.37692e-12
47 96 1.1058e-12
48 96 1.81414e-11
49 96 5.52439e-11
50 96 1.37375e-12
51 96 3.91644e-13
52 96 3.43466e-11
53 96 9.66069e-12
54 96 2.01557e-11
55 96 2.40548e-11
56 96 1.02571e-11
57 96 1.34839e-11
58 96 2.41876e-12
59 96 8.38253e-13
60 96 3.91249e-05
61 96 4.39645e-05
62 96 1.1082e-05
63 96 1.11549e-06
64 96 2.20967e-06
65 96 1.30185e-06
66 96 8.1294e-06
67 96 2.15952e-06
68 96 4.39641e-05
69 96 1.60579e-05
70 96 1.07364e-05
71 96 7.23951e-05
72 96 3.03773e-11
73 96 1.99395e-12
74 96 6.17193e-11
75 96 2.49826e-11
76 96 1.36845e-12
77 96 1.21987e-12
78 96 1.01642e-05
79 96 2.58862e-05
0 97 2.00231e-13
1 97 2.82105e-13
2 97 1.70869e-12
3 97 1.40294e-12
4 97 9.62462e-12
5 97 6.28381e-12
6 97 6.55133e-13
7 97 2.04328e-13
8 97 8.72936e-12
9 97 6.66137e-13
10 97 2.83849e-12
11 97 3.22997e-12
12 97 1.07246e-12
13 97 1.31536e-11
14 97 7.41849e-14
15 97 2.61659e-14
16 97 4.34866e-08
17 97 1.11136e-07
18 97 4.2249e-07
19 97 9.06293e-07
20 97 1.32079e-08
21 97 1.65937e-08
22 97 8.30628e-08
23 97 5.37052e-08
24 97 9.29827e-07
25 97 5.94567e-06
26 97 4.52879e-07
27 97 4.79509e-07
28 97 5.09876e-07
29 97 2.92316e-06
30 97 7.17021e-07
31 97 2.22441e-07
32 97 1.13988e-06
33 97 1.35746e-07
34 97 6.05838e-07
35 97 8.45402e-06
36 97 9.6215e-10
37 97 7.75177e-08
38 97 2.64098e-10
39 97 9.74221e-08
40 97 2.96336e-11
41 97 3.00596e-12
42 97 2.74719e-12
43 97 1.82286e-12
44 97 1.92073e-12
45 97 3.49942e-12
46 97 1.10524e-12
47 97 5.38373e-12
48 97 5.52569e-11
49 97 1.81174e-11
50 97 3.91569e-13
51 97 1.36647e-12
52 97 9.64461e-12
53 97 3.43478e-11
54 97 2.40691e-11
55 97 2.01481e-11
56 97 1.34686e-11
57 97 1.02642e-11
58 97 8.34708e-13
59 97 2.42623e-12
60 97 4.39855e-05
61 97 3.90889e-05
62 97 1.11859e-06
63 97 1.10702e-05
64 97 1.30121e-06
65 97 2.20802e-06
66 97 2.15302e-06
67 97 8.13306e-06
68 97 1.60585e-05
69 97 4.39736e-05
70 97 7.24493e-05
71 97 1.07477e-05
72 97 1.98618e-12
73 97 3.03907e-11
74 97 2.49861e-11
75 97 6.16694e-11
76 97 1.2162e-12
77 97 1.3721e-12
78 97 2.5868e-05
79 97 1.01609e-05
0 98 6.75184e-12
1 98 2.6789e-12
2 98 1.71859e-11
3 98 4.32206e-11
4 98 7.46617e-11
5 98 8.36354e-11
6 98 3.80506e-11
7 98 6.35549e-12
8 98 7.81035e-13
9 98 5.2827e-11
10 98 4.98175e-11
11 98 2.43006e-11
12 98 1.39692e-10
13 98 4.73324e-11
14 98 1.13745e-12
15 98 1.58214e-12
16 98 4.62634e-07
17 98 1.16748e-07
18 98 2.72302e-07
19 98 1.52053e-07
20 98 1.00125e-07
21 98 9.90974e-08
22 98 9.14407e-06
23 98 3.61708e-06
24 98 7.55601e-08
25 98 4.0899e-09
26 98 2.65016e-08
27 98 8.14757e-09
28 98 3.86343e-06
29 98 1.76639e-06
30 98 1.4164e-06
31 98 5.22183e-07
32 98 1.08105e-06
33 98 3.39081e-07
34 98 1.74481e-06
35 98 2.59093e-07
36 98 1.75698e-07
37 98 1.25374e-07
38 98 2.50524e-08
39 98 7.70466e-08
40 98 1.06314e-11
41 98 1.12191e-10
42 98 6.35772e-12
43 98 5.02492e-13
44 98 1.65529e-11
45 98 9.71826e-13
46 98 1.16563e-10
47 98 9.7646e-13
48 98 6.15214e-11
49 98 1.05639e-10
50 98 1.18546e-11
51 98 4.33176e-12
52 98 5.39754e-11
53 98 4.05192e-11
54 98 8.03375e-10
55 98 1.40522e-10
56 98 4.08289e-11
57 98 2.53747e-10
58 98 1.40736e-10
59 98 1.5704e-10
60 98 2.91825e-05
61 98 3.40482e-05
62 98 1.70679e-05
63 98 7.30991e-06
64 98 9.6463e-09
65 98 6.90056e-09
66 98 1.35786e-06
67 98 3.78825e-06
68 98 1.1133e-05
69 98 3.16074e-05
70 98 2.25827e-05
71 98 9.65659e-06
72 98 2.00032e-10
73 98 4.81665e-10
74 98 2.91715e-11
75 98 5.84149e-10
76 98 1.70703e-10
77 98 1.73518e-11
78 98 7.59074e-10
79 98 8.06271e-10
0 99 2.74513e-12
1 99 6.64156e-12
2 99 4.32602e-11
3 99 1.72495e-11
4 99 8.38313e-11
5 99 7.59943e-11
6 99 6.4645e-12
7 99 3.81628e-11
8 99 5.30006e-11
9 99 8.05718e-13
10 99 2.45055e-11
11 99 4.97489e-11
12 99 4.76423e-11
13 99 1.40251e-10
14 99 1.58874e-12
15 99 1.17635e-12
16 99 1.16955e-07
17 99 4.6264e-07
18 99 1.52054e-07
19 99 2.72304e-07
20 99 9.89935e-08
21 99 1.00139e-07
22 99 3.61153e-06
23 99 9.14371e-06
24 99 4.08726e-09
25 99 7.55737e-08
26 99 8.16654e-09
27 99 2.64912e-08
28 99 1.76521e-06
29 99 3.86631e-06
30 99 5.21415e-07
31 99 1.41693e-06
32 99 3.38772e-07
33 99 1.08205e-06
34 99 2.5946e-07
35 99 1.74354e-06
36 99 1.25424e-07
37 99 1.75543e-07
38 99 7.7096e-08
39 99 2.50408e-08
40 99 1.12201e-10
41 99 1.06224e-11
42 99 5.03643e-13
43 99 6.34569e-12
44 99 9.69704e-13
45 99 1.65222e-11
46 99 9.73697e-13
47 99 1.16592e-10
48 99 1.05592e-10
49 99 6.15693e-11
50 99 4.33206e-12
51 99 1.18471e-11
52 99 4.05231e-11
53 99 5.39625e-11
54 99 1.406e-10
55 99 8.03318e-10
56 99 2.53723e-10
57 99 4.0888e-11
58 99 1.56974e-10
59 99 1.40836e-10
60 99 3.40438e-05
61 99 2.92001e-05
62 99 7.31087e-06
63 99 1.70739e-05
64 99 6.8968e-09
65 99 9.65632e-09
66 99 3.78727e-06
67 99 1.36017e-06
68 99 3.16101e-05
69 99 1.11402e-05
70 99 9.64111e-06
71 99 2.25832e-05
72 99 4.8135e-10
73 99 2.00194e-10
74 99 5.83761e-10
75 99 2.91285e-11
76 99 1.73465e-11
77 99 1.70604e-10
78 99 8.06798e-10
79 99 7.58587e-10
0 100 8.65973e-07
1 100 1.92288e-06
2 100 4.2613e-09
3 100 2.97008e-09
4 100 7.13544e-07
5 100 1.47303e-07
6 100 8.49958e-07
7 100 2.59966e-09
8 100 6.1364e-07
9 100 1.30924e-06
10 100 7.52306e-10
11 100 3.36811e-10
12 100 1.62618e-08
13 100 3.34868e-08
14 100 4.50906e-08
15 100 2.15188e-08
16 100 4.60063e-12
17 100 1.03187e-10
18 100 5.36787e-13
19 100 6.55297e-13
20 100 2.30547e-12
21 100 1.74056e-11
22 100 1.08789e-11
23 100 6.4374e-11
24 100 2.48509e-11
25 100 6.38057e-11
26 100 1.24566e-11
27 100 3.06836e-12
28 100 9.26017e-11
29 100 5.64245e-11
30 100 2.69535e-12
31 100 7.05164e-12
32 100 5.17609e-12
33 100 2.35925e-12
34 100 4.3941e-11
35 100 6.83088e-12
36 100 5.10012e-11
37 100 5.97596e-11
38 100 5.62736e-12
39 100 2.42505e-12
40 100 8.34202e-09
41 100 1.10431e-07
42 100 5.22463e-08
43 100 1.1593e-07
44 100 2.88642e-08
45 100 1.21398e-06
46 100 1.17425e-06
47 100 4.69288e-06
48 100 6.95574e-07
49 100 8.81186e-07
50 100 3.06218e-06
51 100 8.89615e-07
52 100 1.10313e-08
53 100 5.22765e-09
54 100 1.01306e-05
55 100 3.54491e-05
56 100 2.46746e-05
57 100 9.38879e-06
58 100 6.5239e-06
59 100 3.51393e-06
60 100 5.81328e-10
61 100 5.07451e-10
62 100 2.55012e-11
63 100 2.73846e-11
64 100 2.22393e-11
65 100 6.00972e-11
66 100 4.99318e-11
67 100 2.83549e-10
68 100 3.93699e-11
69 100 2.68979e-11
70 100 2.44798e-10
71 100 1.92623e-10
72 100 6.10777e-06
73 100 1.02404e-06
74 100 1.9517e-05
75 100 1.41536e-05
76 100 1.32038e-05
77 100 1.09051e-05
78 100 5.8762e-11
79 100 5.36733e-11
0 101 1.92196e-06
1 101 8.65228e-07
2 101 2.97663e-09
3 101 4.26034e-09
4 101 1.47339e-07
5 101 7.13326e-07
6 101 2.56659e-09
7 101 8.50604e-07
8 101 1.30779e-06
9 101 6.13652e-07
10 101 3.3673e-10
11 101 7.52774e-10
12 101 3.35372e-08
13 101 1.62607e-08
14 101 2.15015e-08
15 101 4.50808e-08
16 101 1.02696e-10
17 101 4.64628e-12
18 101 6.13974e-13
19 101 5.492e-13
20 101 1.74041e-11
21 101 2.28362e-12
22 101 6.41798e-11
23 101 1.09221e-11
24 101 6.35925e-11
25 101 2.48801e-11
26 101 3.11409e-12
27 101 1.24555e-11
28 101 5.63957e-11
29 101 9.2594e-11
30 101 6.99955e-12
31 101 2.74148e-12
32 101 2.36599e-12
33 101 5.18892e-12
34 101 6.78846e-12
35 101 4.39109e-11
36 101 5.97929e-11
37 101 5.09968e-11
38 101 2.44156e-12
39 101 5.63369e-12
40 101 1.10408e-07
41 101 8.38094e-09
42 101 1.15909e-07
43 101 5.23993e-08
44 101 1.21439e-06
45 101 2.88176e-08
46 101 4.68886e-06
47 101 1.17464e-06
48 101 8.81811e-07
49 101 6.95398e-07
50 101 8.90567e-07
51 101 3.06245e-06
52 101 5.22863e-09
53 101 1.10372e-08
54 101 3.54264e-05
55 101 1.01302e-05
56 101 9.38365e-06
57 101 2.46981e-05
58 101 3.5083e-06
59 101 6.52749e-06
60 101 5.0753e-10
61 101 5.81428e-10
62 101 2.74106e-11
63 101 2.55022e-11
64 101 6.00361e-11
65 101 2.22735e-11
66 101 2.83689e-10
67 101 4.99803e-11
68 101 2.69115e-11
69 101 3.93908e-11
70 101 1.92621e-10
71 101 2.44943e-10
72 101 1.02378e-06
73 101 6.10285e-06
74 101 1.41443e-05
75 101 1.95268e-05
76 101 1.09127e-05
77 101 1.32153e-05
78 101 5.37804e-11
79 101 5.87433e-11
0 102 9.22371e-08
1 102 2.23289e-07
2 102 7.16773e-07
3 102 4.67942e-06
4 102 4.60151e-06
5 102 1.32891e-07
6 102 1.46534e-06
7 102 3.35394e-06
8 102 6.00847e-08
9 102 1.11674e-07
10 102 5.31358e-08
11 102 3.98678e-08
12 102 5.76298e-10
13 102 3.45384e-09
14 102 6.18946e-09
15 102 5.84445e-09
16 102 1.54072e-11
17 102 1.63381e-10
18 102 1.48288e-12
19 102 5.50354e-12
20 102 9.60553e-12
21 102 1.85523e-11
22 102 1.24135e-11
23 102 1.15416e-10
24 102 1.56979e-11
25 102 2.63847e-11
26 102 5.68875e-12
27 102 3.59767e-12
28 102 5.14393e-11
29 102 1.13096e-11
30 102 6.55662e-13
31 102 1.95849e-11
32 102 6.35795e-13
33 102 8.64693e-12
34 102 3.34473e-11
35 102 1.72457e-11
36 102 1.15829e-11
37 102 1.97606e-11
38 102 1.20894e-12
39 102 1.60257e-12
40 102 1.42058e-07
41 102 7.35119e-07
42 102 6.11863e-07
43 102 1.26126e-06
44 102 1.20695e-06
45 102 4.70784e-06
46 102 4.31007e-06
47 102 9.18148e-06
48 102 3.4325e-08
49 102 4.89329e-09
50 102 4.87291e-07
51 102 7.1363e-08
52 102 1.04297e-07
53 102 7.73145e-08
54 102 5.77629e-06
55 102 2.39136e-05
56 102 1.12589e-05
57 102 2.5501e-05
58 102 4.62379e-07
59 102 1.68742e-05
60 102 2.14988e-10
61 102 5.0049e-10
62 102 3.17811e-11
63 102 8.8913e-12
64 102 1.77245e-11
65 102 2.96577e-11
66 102 2.48006e-10
67 102 7.97094e-11
68 102 1.1899e-10
69 102 6.52878e-12
70 102 7.09652e-11
71 102 3.07012e-10
72 102 1.03175e-05
73 102 3.25643e-05
74 102 3.59739e-06
75 102 1.6469e-06
76 102 9.90709e-06
77 102 1.63794e-06
78 102 4.253e-11
79 102 2.07227e-11
0 103 2.23218e-07
1 103 9.2458e-08
2 103 4.68026e-06
3 103 7.15621e-07
4 103 1.33158e-07
5 103 4.60259e-06
6 103 3.35436e-06
7 103 1.46414e-06
8 103 1.11713e-07
9 103 6.00479e-08
10 103 3.98747e-08
11 103 5.30655e-08
12 103 3.45002e-09
13 103 5.78553e-10
14 103 5.8486e-09
15 103 6.19278e-09
16 103 1.63358e-10
17 103 1.55437e-11
18 103 5.57226e-12
19 103 1.4318e-12
20 103 1.84006e-11
21 103 9.61292e-12
22 103 1.15085e-10
23 103 1.2518e-11
24 103 2.63389e-11
25 103 1.57509e-11
26 103 3.62558e-12
27 103 5.72343e-12
28 103 1.13022e-11
29 103 5.14154e-11
30 103 1.95408e-11
31 103 6.66198e-13
32 103 8.69106e-12
33 103 6.46208e-13
34 103 1.72608e-11
35 103 3.33587e-11
36 103 1.99272e-11
37 103 1.16337e-11
38 103 1.60128e-12
39 103 1.21139e-12
40 103 7.35552e-07
41 103 1.41982e-07
42 103 1.26217e-06
43 103 6.11347e-07
44 103 4.70627e-06
45 103 1.20865e-06
46 103 9.18525e-06
47 103 4.3067e-06
48 103 4.8766e-09
49 103 3.43514e-08
50 103 7.14772e-08
51 103 4.87053e-07
52 103 7.72947e-08
53 103 1.04282e-07
54 103 2.39218e-05
55 103 5.76832e-06
56 103 2.5512e-05
57 103 1.12571e-05
58 103 1.68632e-05
59 103 4.64867e-07
60 103 5.00452e-10
61 103 2.14834e-10
62 103 8.88625e-12
63 103 3.17641e-11
64 103 2.96758e-11
65 103 1.7691e-11
66 103 7.9673e-11
67 103 2.47934e-10
68 103 6.51912e-12
69 103 1.19018e-10
70 103 3.06835e-10
71 103 7.10413e-11
72 103 3.2561e-05
73 103 1.0322e-05
74 103 1.65263e-06
75 103 3.59387e-06
76 103 1.64028e-06
77 103 9.90607e-06
78 103 2.07172e-11
79 103 4.25182e-11
0 104 7.99029e-08
1 104 2.82674e-06
2 104 3.45441e-07
3 104 4.11225e-07
4 104 2.75457e-06
5 104 1.34611e-06
6 104 7.59831e-06
7 104 6.42924e-08
8 104 2.25431e-08
9 104 7.63916e-10
10 104 1.21008e-09
11 104 1.49678e-08
12 104 2.29361e-08
13 104 4.50868e-09
14 104 2.07735e-08
15 104 7.94896e-09
16 104 2.09133e-11
17 104 2.42362e-11
18 104 1.61693e-12
19 104 9.63134e-13
20 104 4.93685e-12
21 104 1.8267e-12
22 104 7.74847e-12
23 104 1.56995e-11
24 104 5.43252e-11
25 104 1.1246e-11
26 104 1.19706e-12
27 104 8.99321e-13
28 104 5.39271e-11
29 104 2.49054e-11
30 104 8.4802e-13
31 104 1.31314e-12
32 104 1.3997e-13
33 104 3.82822e-12
34 104 5.52537e-11
35 104 1.19495e-11
36 104 2.87476e-11
37 104 3.31964e-11
38 104 1.8435e-12
39 104 2.15587e-12
40 104 2.52316e-06
41 104 8.46329e-07
42 104 2.68489e-06
43 104 6.5268e-07
44 104 4.41032e-07
45 104 2.54052e-06
46 104 5.80528e-07
47 104 6.83517e-07
48 104 5.32526e-07
49 104 6.62515e-07
50 104 6.0863e-07
51 104 1.48828e-07
52 104 4.36326e-09
53 104 2.24174e-08
54 104 1.35512e-06
55 104 1.03283e-06
56 104 1.34029e-05
57 104 4.00648e-06
58 104 3.49087e-05
59 104 2.83061e-05
60 104 1.01375e-10
61 104 5.67633e-11
62 104 1.46507e-12
63 104 2.54579e-12
64 104 1.28023e-11
65 104 1.63533e-11
66 104 4.38671e-11
67 104 1.06978e-10
68 104 8.13531e-12
69 104 8.45258e-12
70 104 7.55207e-11
71 104 4.89923e-12
72 104 3.88282e-06
73 104 4.6165e-08
74 104 1.72929e-05
75 104 6.53242e-06
76 104 1.07236e-05
77 104 1.59663e-05
78 104 7.56951e-12
79 104 3.85551e-11
0 105 2.82792e-06
1 105 8.0082e-08
2 105 4.11096e-07
3 105 3.44974e-07
4 105 1.3468e-06
5 105 2.757e-06
6 105 6.4464e-08
7 105 7.59351e-06
8 105 7.61632e-10
9 105 2.25637e-08
10 105 1.49505e-08
11 105 1.20807e-09
12 105 4.50275e-09
13 105 2.29229e-08
14 105 7.95896e-09
15 105 2.07865e-08
16 105 2.43312e-11
17 105 2.12505e-11
18 105 9.77475e-13
19 105 1.55998e-12
20 105 1.86133e-12
21 105 5.08678e-12
22 105 1.5831e-11
23 105 7.82366e-12
24 105 1.1268e-11
25 105 5.45243e-11
26 105 8.91163e-13
27 105 1.24136e-12
28 105 2.48676e-11
29 105 5.41002e-11
30 105 1.33548e-12
31 105 8.46977e-13
32 105 3.8075e-12
33 105 1.44323e-13
34 105 1.19137e-11
35 105 5.52311e-11
36 105 3.32466e-11
37 105 2.87445e-11
38 105 2.13049e-12
39 105 1.85678e-12
40 105 8.46784e-07
41 105 2.5226e-06
42 105 6.53205e-07
43 105 2.68351e-06
44 105 2.53958e-06
45 105 4.4144e-07
46 105 6.83912e-07
47 105 5.81903e-07
48 105 6.62535e-07
49 105 5.32574e-07
50 105 1.48528e-07
51 105 6.08798e-07
52 105 2.24052e-08
53 105 4.3565e-09
54 105 1.03273e-06
55 105 1.35816e-06
56 105 4.01311e-06
57 105 1.33918e-05
58 105 2.83173e-05
59 105 3.48957e-05
60 105 5.68133e-11
61 105 1.01367e-10
62 105 2.54738e-12
63 105 1.47432e-12
64 105 1.63679e-11
65 105 1.28022e-11
66 105 1.07099e-10
67 105 4.38617e-11
68 105 8.46155e-12
69 105 8.13029e-12
70 105 4.89106e-12
71 105 7.5472e-11
72 105 4.60736e-08
73 105 3.88862e-06
74 105 6.52682e-06
75 105 1.72958e-05
76 105 1.59655e-05
77 105 1.0729e-05
78 105 3.85816e-11
79 105 7.59389e-12
0 106 2.97429e-07
1 106 8.56493e-07
2 106 9.38187e-10
3 106 1.67697e-09
4 106 5.08246e-08
5 106 5.33901e-08
6 106 1.23702e-07
7 106 6.64228e-08
8 106 2.33692e-07
9 106 3.43197e-08
10 106 3.28771e-09
11 106 6.4222e-09
12 106 8.88048e-08
13 106 1.70665e-08
14 106 4.52065e-09
15 106 3.18833e-08
16 106 4.20868e-11
17 106 9.45369e-12
18 106 3.81876e-13
19 106 6.31306e-13
20 106 3.50026e-12
21 106 5.84378e-12
22 106 6.88833e-12
23 106 3.86111e-12
24 106 5.65567e-11
25 106 6.10074e-11
26 106 6.48733e-13
27 106 1.16971e-12
28 106 9.87237e-12
29 106 2.46259e-10
30 106 2.35763e-12
31 106 3.94642e-14
32 106 6.98754e-12
33 106 1.95817e-12
34 106 8.30185e-12
35 106 1.35073e-10
36 106 1.16373e-10
37 106 7.63858e-11
38 106 9.38222e-12
39 106 1.20982e-11
40 106 2.30032e-06
41 106 7.74925e-06
42 106 2.13128e-06
43 106 9.07473e-06
44 106 3.44793e-08
45 106 3.36066e-06
46 106 8.8625e-06
47 106 5.11646e-07
48 106 6.0318e-06
49 106 2.10525e-05
50 106 1.02845e-05
51 106 8.42078e-07
52 106 7.32162e-08
53 106 1.06536e-07
54 106 6.00254e-07
55 106 7.14027e-08
56 106 3.9706e-07
57 106 4.79588e-08
58 106 5.40365e-07
59 106 2.18906e-06
60 106 9.02271e-11
61 106 2.10078e-10
62 106 2.21671e-11
63 106 2.61928e-12
64 106 2.01457e-11
65 106 2.92269e-11
66 106 7.00376e-11
67 106 1.17752e-11
68 106 5.42198e-12
69 106 2.80312e-12
70 106 2.5291e-11
71 106 1.87219e-11
72 106 2.34733e-07
73 106 8.67437e-07
74 106 3.8782e-06
75 106 2.12457e-05
76 106 9.52775e-06
77 106 1.47281e-05
78 106 1.3718e-11
79 106 6.34466e-11
0 107 8.56737e-07
1 107 2.97464e-07
2 107 1.67408e-09
3 107 9.36966e-10
4 107 5.3379e-08
5 107 5.08779e-08
6 107 6.64942e-08
7 107 1.23663e-07
8 107 3.43129e-08
9 107 2.33386e-07
10 107 6.43609e-09
11 107 3.28461e-09
12 107 1.70452e-08
13 107 8.88343e-08
14 107 3.18962e-08
15 107 4.53312e-09
16 107 9.42167e-12
17 107 4.20144e-11
18 107 6.38663e-13
19 107 3.88614e-13
20 107 5.8067e-12
21 107 3.4854e-12
22 107 3.86986e-12
23 107 6.97027e-12
24 107 6.09133e-11
25 107 5.6697e-11
26 107 1.17211e-12
27 107 6.51303e-13
28 107 2.46356e-10
29 107 9.85307e-12
30 107 4.10635e-14
31 107 2.36789e-12
32 107 1.95383e-12
33 107 6.97704e-12
34 107 1.35259e-10
35 107 8.28419e-12
36 107 7.64118e-11
37 107 1.1624e-10
38 107 1.21291e-11
39 107 9.39057e-12
40 107 7.75001e-06
41 107 2.3011e-06
42 107 9.07059e-06
43 107 2.13211e-06
44 107 3.35991e-06
45 107 3.47177e-08
46 107 5.11515e-07
47 107 8.85212e-06
48 107 2.10524e-05
49 107 6.03019e-06
50 107 8.4191e-07
51 107 1.02821e-05
52 107 1.06733e-07
53 107 7.31442e-08
54 107 7.13655e-08
55 107 5.99415e-07
56 107 4.7909e-08
57 107 3.96668e-07
58 107 2.18969e-06
59 107 5.40473e-07
60 107 2.10115e-10
61 107 9.01556e-11
62 107 2.61576e-12
63 107 2.2167e-11
64 107 2.92452e-11
65 107 2.01422e-11
66 107 1.18105e-11
67 107 6.99981e-11
68 107 2.79962e-12
69 107 5.42199e-12
70 107 1.87066e-11
71 107 2.5314e-11
72 107 8.66642e-07
73 107 2.34371e-07
74 107 2.12521e-05
75 107 3.88154e-06
76 107 1.47249e-05
77 107 9.52117e-06
78 107 6.34471e-11
79 107 1.37002e-11
0 108 1.83813e-07
1 108 3.88632e-08
2 108 6.71257e-09
3 108 1.0791e-08
4 108 7.65828e-08
5 108 8.38956e-09
6 108 6.33404e-08
7 108 2.46078e-08
8 108 2.65474e-07
9 108 1.4154e-06
10 108 9.22738e-08
11 108 2.2744e-08
12 108 2.08365e-09
13 108 2.38101e-08
14 108 5.43336e-08
15 108 4.43747e-10
16 108 9.33359e-12
17 108 7.90231e-12
18 108 4.87349e-13
19 108 5.12764e-13
20 108 9.65359e-13
21 108 2.30744e-12
22 108 6.3506e-12
23 108 2.79558e-12
24 108 1.78192e-12
25 108 1.43674e-11
26 108 9.7009e-13
27 108 4.59371e-14
28 108 1.95604e-11
29 108 1.79773e-11
30 108 9.44569e-14
31 108 6.70865e-14
32 108 2.02759e-12
33 108 3.46296e-14
34 108 6.81928e-12
35 108 1.16577e-11
36 108 2.1917e-11
37 108 7.50777e-12
38 108 3.06052e-12
39 108 9.70694e-13
40 108 3.66251e-08
41 108 1.27643e-06
42 108 1.9226e-06
43 108 1.29534e-06
44 108 8.66729e-07
45 108 2.53391e-06
46 108 6.04387e-06
47 108 5.44487e-05
48 108 1.26463e-06
49 108 7.94636e-07
50 108 7.61152e-07
51 108 3.18123e-06
52 108 1.33304e-06
53 108 5.5909e-07
54 108 6.4843e-07
55 108 3.6278e-06
56 108 1.09007e-06
57 108 6.98276e-07
58 108 1.41942e-07
59 108 6.45434e-08
60 108 4.84431e-11
61 108 6.92368e-12
62 108 1.72114e-12
63 108 2.32955e-13
64 108 5.72874e-12
65 108 1.81564e-12
66 108 4.37978e-11
67 108 9.77851e-12
68 108 1.60592e-12
69 108 8.0372e-14
70 108 1.11962e-11
71 108 9.93875e-12
72 108 4.55302e-06
73 108 2.68039e-06
74 108 1.63397e-06
75 108 3.69008e-06
76 108 4.42872e-06
77 108 7.23898e-07
78 108 8.81398e-12
79 108 9.77306e-13
0 109 3.89766e-08
1 109 1.83832e-07
2 109 1.07914e-08
3 109 6.71078e-09
4 109 8.39949e-09
5 109 7.66162e-08
6 109 2.45928e-08
7 109 6.32521e-08
8 109 1.41584e-06
9 109 2.65485e-07
10 109 2.27515e-08
11 109 9.226e-08
12 109 2.37845e-08
13 109 2.08896e-09
14 109 4.42964e-10
15 109 5.43438e-08
16 109 7.86951e-12
17 109 9.30414e-12
18 109 5.20657e-13
19 109 4.74253e-13
20 109 2.30047e-12
21 109 9.67638e-13
22 109 2.76262e-12
23 109 6.34973e-12
24 109 1.43703e-11
25 109 1.767e-12
26 109 4.35486e-14
27 109 9.68298e-13
28 109 1.79703e-11
29 109 1.95152e-11
30 109 7.19684e-14
31 109 9.26647e-14
32 109 3.49045e-14
33 109 2.02068e-12
34 109 1.16553e-11
35 109 6.82668e-12
36 109 7.50046e-12
37 109 2.19133e-11
38 109 9.57702e-13
39 109 3.04469e-12
40 109 1.27576e-06
41 109 3.6878e-08
42 109 1.29605e-06
43 109 1.92097e-06
44 109 2.5377e-06
45 109 8.66498e-07
46 109 5.44645e-05
47 109 6.04247e-06
48 109 7.94657e-07
49 109 1.26341e-06
50 109 3.18269e-06
51 109 7.63909e-07
52 109 5.58918e-07
53 109 1.33302e-06
54 109 3.62893e-06
55 109 6.48513e-07
56 109 6.98474e-07
57 109 1.08934e-06
58 109 6.45001e-08
59 109 1.42007e-07
60 109 6.92788e-12
61 109 4.84056e-11
62 109 2.33492e-13
63 109 1.72145e-12
64 109 1.81452e-12
65 109 5.71643e-12
66 109 9.77199e-12
67 109 4.38114e-11
68 109 8.00341e-14
69 109 1.60385e-12
70 109 9.93727e-12
71 109 1.11857e-11
72 109 2.68024e-06
73 109 4.55496e-06
74 109 3.68678e-06
75 109 1.63496e-06
76 109 7.2256e-07
77 109 4.42894e-06
78 109 9.69708e-13
79 109 8.81873e-12
0 110 4.99582e-08
1 110 9.91904e-08
2 110 3.95661e-10
3 110 1.64398e-10
4 110 1.10598e-06
5 110 5.36019e-08
6 110 1.13238e-06
7 110 1.76706e-07
8 110 4.27498e-07
9 110 3.90579e-07
10 110 5.29977e-09
11 110 1.35681e-08
12 110 1.61645e-08
13 110 7.60741e-09
14 110 2.9781e-08
15 110 2.96574e-09
16 110 3.90563e-11
17 110 3.98555e-11
18 110 9.07851e-14
19 110 1.16617e-13
20 110 3.12194e-14
21 110 6.61049e-12
22 110 1.66527e-12
23 110 2.23536e-11
24 110 3.98754e-12
25 110 4.25712e-11
26 110 8.6244e-13
27 110 7.052e-13
28 110 3.32252e-11
29 110 5.69665e-11
30 110 1.05413e-12
31 110 7.4996e-13
32 110 2.51803e-12
33 110 1.59874e-13
34 110 2.19953e-11
35 110 2.3294e-11
36 110 5.12208e-11
37 110 1.02768e-11
38 110 1.58501e-12
39 110 1.43456e-12
40 110 1.55647e-07
41 110 3.81877e-06
42 110 7.19681e-07
43 110 8.11999e-06
44 110 1.21003e-05
45 110 4.14954e-05
46 110 3.23306e-06
47 110 3.58525e-06
48 110 3.94685e-07
49 110 1.05815e-07
50 110 7.66538e-07
51 110 2.2409e-07
52 110 7.75771e-10
53 110 2.12684e-08
54 110 5.88725e-07
55 110 8.58692e-07
56 110 1.76828e-06
57 110 2.45927e-06
58 110 8.63491e-07
59 110 2.78121e-07
60 110 1.44461e-11
61 110 3.25513e-11
62 110 5.96882e-12
63 110 1.88208e-12
64 110 9.90313e-14
65 110 7.76305e-12
66 110 1.5939e-11
67 110 1.00019e-11
68 110 9.49043e-14
69 110 1.56886e-12
70 110 9.22914e-12
71 110 3.59766e-12
72 110 5.4338e-08
73 110 2.19469e-08
74 110 3.73576e-07
75 110 4.15091e-07
76 110 3.01356e-07
77 110 4.12955e-07
78 110 2.35944e-12
79 110 1.29031e-13
0 111 9.91354e-08
1 111 4.99591e-08
2 111 1.63517e-10
3 111 3.93876e-10
4 111 5.37219e-08
5 111 1.10571e-06
6 111 1.76322e-07
7 111 1.13292e-06
8 111 3.90252e-07
9 111 4.27724e-07
10 111 1.35559e-08
11 111 5.29668e-09
12 111 7.62307e-09
13 111 1.61652e-08
14 111 2.95914e-09
15 111 2.97794e-08
16 111 3.9879e-11
17 111 3.91104e-11
18 111 1.18031e-13
19 111 9.68548e-14
20 111 6.61824e-12
21 111 2.77327e-14
22 111 2.22823e-11
23 111 1.60736e-12
24 111 4.24843e-11
25 111 4.02033e-12
26 111 6.91848e-13
27 111 8.65871e-13
28 111 5.6971e-11
29 111 3.31697e-11
30 111 7.47661e-13
31 111 1.07352e-12
32 111 1.61795e-13
33 111 2.50908e-12
34 111 2.3231e-11
35 111 2.19834e-11
36 111 1.03228e-11
37 111 5.11954e-11
38 111 1.45014e-12
39 111 1.56506e-12
40 111 3.81717e-06
41 111 1.56799e-07
42 111 8.1169e-06
43 111 7.23458e-07
44 111 4.15054e-05
45 111 1.20926e-05
46 111 3.58222e-06
47 111 3.23556e-06
48 111 1.05828e-07
49 111 3.94606e-07
50 111 2.2409e-07
51 111 7.66623e-07
52 111 2.12702e-08
53 111 7.74706e-10
54 111 8.58374e-07
55 111 5.88995e-07
56 111 2.45787e-06
57 111 1.77012e-06
58 111 2.77391e-07
59 111 8.63942e-07
60 111 3.25592e-11
61 111 1.44469e-11
62 111 1.88e-12
63 111 5.97018e-12
64 111 7.76003e-12
65 111 9.90633e-14
66 111 1.00233e-11
67 111 1.59357e-11
68 111 1.56749e-12
69 111 9.4457e-14
70 111 3.59671e-12
71 111 9.24187e-12
72 111 2.19656e-08
73 111 5.43138e-08
74 111 4.14748e-07
75 111 3.73785e-07
76 111 4.13001e-07
77 111 3.01543e-07
78 111 1.30087e-13
79 111 2.36655e-12
0 112 1.09019e-06
1 112 4.711e-07
2 112 2.87693e-09
3 112 1.42663e-08
4 112 1.05107e-07
5 112 5.78936e-07
6 112 1.20368e-07
7 112 1.58021e-07
8 112 1.00492e-08
9 112 1.59799e-09
10 112 3.44641e-07
11 112 8.0433e-07
12 112 5.17778e-08
13 112 2.2105e-08
14 112 6.95302e-09
15 112 4.75887e-08
16 112 1.47957e-11
17 112 1.61482e-11
18 112 2.13619e-13
19 112 1.45464e-12
20 112 2.62564e-12
21 112 7.02087e-12
22 112 1.07881e-11
23 112 2.19196e-12
24 112 1.56291e-11
25 112 5.85585e-11
26 112 1.00002e-12
27 112 3.53123e-13
28 112 1.20606e-10
29 112 2.11261e-11
30 112 1.28491e-12
31 112 1.02736e-12
32 112 2.615e-12
33 112 9.85978e-13
34 112 7.55707e-11
35 112 1.91434e-12
36 112 9.22837e-11
37 112 1.60922e-11
38 112 1.17282e-11
39 112 3.68538e-12
40 112 3.53753e-06
41 112 7.57726e-07
42 112 1.72779e-06
43 112 4.5376e-08
44 112 1.79622e-06
45 112 1.14926e-07
46 112 1.176e-07
47 112 1.03423e-08
48 112 4.86744e-06
49 112 1.04785e-05
50 112 3.81522e-06
51 112 1.44322e-05
52 112 9.30475e-07
53 112 6.09717e-07
54 112 8.21515e-08
55 112 2.99027e-10
56 112 1.41915e-07
57 112 1.01746e-06
58 112 1.93949e-07
59 112 3.21032e-08
60 112 3.32154e-11
61 112 1.70424e-10
62 112 7.21458e-12
63 112 6.05318e-12
64 112 1.51906e-11
65 112 1.96791e-11
66 112 5.47935e-11
67 112 3.10228e-11
68 112 1.55069e-12
69 112 9.67805e-13
70 112 4.12695e-11
71 112 6.90783e-14
72 112 3.38522e-10
73 112 3.47957e-09
74 112 5.19724e-06
75 112 4.92005e-06
76 112 3.95117e-06
77 112 6.53186e-06
78 112 3.52583e-11
79 112 1.52545e-12
0 113 4.71601e-07
1 113 1.08946e-06
2 113 1.4244e-08
3 113 2.87002e-09
4 113 5.79063e-07
5 113 1.05335e-07
6 113 1.58231e-07
7 113 1.20327e-07
8 113 1.60146e-09
9 113 1.00481e-08
10 113 8.03447e-07
11 113 3.4453e-07
12 113 2.21003e-08
13 113 5.17643e-08
14 113 4.76309e-08
15 113 6.95364e-09
16 113 1.62178e-11
17 113 1.47914e-11
18 113 1.49073e-12
19 113 1.94403e-13
20 113 7.08484e-12
21 113 2.64531e-12
22 113 2.21801e-12
23 113 1.07047e-11
24 113 5.86415e-11
25 113 1.5583e-11
26 113 3.44539e-13
27 113 9.97285e-13
28 113 2.10909e-11
29 113 1.20545e-10
30 113 1.03274e-12
31 113 1.3079e-12
32 113 9.74685e-13
33 113 2.61816e-12
34 113 1.901e-12
35 113 7.54544e-11
36 113 1.59904e-11
37 113 9.23652e-11
38 113 3.65632e-12
39 113 1.17329e-11
40 113 7.5671e-07
41 113 3.53555e-06
42 113 4.53003e-08
43 113 1.72608e-06
44 113 1.14785e-07
45 113 1.7955e-06
46 113 1.03553e-08
47 113 1.177e-07
48 113 1.04864e-05
49 113 4.87649e-06
50 113 1.44284e-05
51 113 3.8165e-06
52 113 6.08872e-07
53 113 9.29829e-07
54 113 3.00191e-10
55 113 8.22005e-08
56 113 1.01791e-06
57 113 1.41972e-07
58 113 3.20621e-08
59 113 1.93748e-07
60 113 1.70495e-10
61 113 3.32255e-11
62 113 6.06739e-12
63 113 7.20989e-12
64 113 1.96945e-11
65 113 1.51992e-11
66 113 3.10679e-11
67 113 5.48306e-11
68 113 9.76235e-13
69 113 1.5495e-12
70 113 7.07645e-14
71 113 4.12867e-11
72 113 3.48083e-09
73 113 3.38391e-10
74 113 4.91735e-06
75 113 5.19655e-06
76 113 6.53852e-06
77 113 3.95638e-06
78 113 1.52852e-12
79 113 3.52621e-11
0 114 2.27387e-08
1 114 1.32903e-06
2 114 7.63164e-08
3 114 1.46774e-07
4 114 4.45314e-07
5 114 1.39743e-07
6 114 3.13854e-07
7 114 1.52499e-07
8 114 3.47108e-07
9 114 2.46486e-08
10 114 2.22045e-07
11 114 1.33956e-07
12 114 9.67343e-09
13 114 1.35434e-08
14 114 2.40766e-07
15 114 4.11043e-08
16 114 5.64372e-11
17 114 2.80335e-11
18 114 3.93286e-12
19 114 1.79484e-13
20 114 3.58571e-12
21 114 7.62914e-12
22 114 7.48491e-12
23 114 6.9208e-12
24 114 5.07167e-11
25 114 7.78777e-11
26 114 1.08581e-12
27 114 1.72984e-12
28 114 1.87278e-10
29 114 1.11825e-10
30 114 6.24974e-12
31 114 1.94266e-12
32 114 1.38002e-12
33 114 5.07858e-13
34 114 1.28352e-10
35 114 4.06704e-11
36 114 2.05696e-10
37 114 3.59268e-11
38 114 6.81211e-12
39 114 1.21782e-11
40 114 3.75608e-05
41 114 6.8188e-06
42 114 1.57984e-06
43 114 9.10386e-07
44 114 2.01201e-06
45 114 1.2849e-06
46 114 1.0128e-06
47 114 1.46547e-07
48 114 1.92887e-06
49 114 1.40008e-06
50 114 1.46666e-07
51 114 8.58634e-07
52 114 1.09835e-06
53 114 1.21464e-07
54 114 3.66147e-07
55 114 2.28276e-08
56 114 4.2742e-09
57 114 2.80123e-08
58 114 1.60913e-07
59 114 1.05038e-08
60 114 1.8524e-11
61 114 2.0738e-10
62 114 1.56743e-11
63 114 1.66505e-12
64 114 5.50609e-12
65 114 1.85027e-11
66 114 7.84636e-11
67 114 3.26552e-11
68 114 5.57114e-12
69 114 8.62209e-13
70 114 4.51417e-11
71 114 2.93052e-11
72 114 3.71217e-06
73 114 1.93358e-06
74 114 3.00457e-09
75 114 5.56405e-08
76 114 1.70702e-08
77 114 7.08553e-09
78 114 2.86158e-12
79 114 1.17304e-11
0 115 1.32807e-06
1 115 2.26303e-08
2 115 1.46898e-07
3 115 7.63101e-08
4 115 1.39582e-07
5 115 4.45052e-07
6 115 1.52457e-07
7 115 3.14157e-07
8 115 2.46241e-08
9 115 3.46701e-07
10 115 1.34207e-07
11 115 2.22037e-07
12 115 1.3542e-08
13 115 9.65505e-09
14 115 4.10156e-08
15 115 2.40799e-07
16 115 2.79903e-11
17 115 5.64322e-11
18 115 1.81608e-13
19 115 3.90388e-12
20 115 7.58065e-12
21 115 3.52474e-12
22 115 6.92978e-12
23 115 7.44809e-12
24 115 7.78495e-11
25 115 5.0632e-11
26 115 1.72629e-12
27 115 1.06543e-12
28 115 1.11839e-10
29 115 1.8725e-10
30 115 1.91386e-12
31 115 6.24776e-12
32 115 5.06237e-13
33 115 1.38448e-12
34 115 4.07284e-11
35 115 1.28508e-10
36 115 3.5957e-11
37 115 2.0572e-10
38 115 1.22038e-11
39 115 6.79616e-12
40 115 6.82147e-06
41 115 3.75741e-05
42 115 9.10286e-07
43 115 1.57885e-06
44 115 1.28518e-06
45 115 2.01186e-06
46 115 1.4632e-07
47 115 1.01165e-06
48 115 1.40001e-06
49 115 1.92852e-06
50 115 8.5923e-07
51 115 1.46214e-07
52 115 1.21836e-07
53 115 1.09888e-06
54 115 2.27995e-08
55 115 3.65764e-07
56 115 2.79849e-08
57 115 4.27675e-09
58 115 1.05061e-08
59 115 1.60999e-07
60 115 2.07475e-10
61 115 1.85001e-11
62 115 1.66948e-12
63 115 1.567e-11
64 115 1.85225e-11
65 115 5.49744e-12
66 115 3.2707e-11
67 115 7.84455e-11
68 115 8.62553e-13
69 115 5.57369e-12
70 115 2.92962e-11
71 115 4.51907e-11
72 115 1.93226e-06
73 115 3.7073e-06
74 115 5.56325e-08
75 115 3.01289e-09
76 115 7.08987e-09
77 115 1.70713e-08
78 115 1.17251e-11
79 115 2.85731e-12
0 116 9.80107e-08
1 116 6.12777e-07
2 116 9.18195e-09
3 116 1.70327e-07
4 116 1.76864e-07
5 116 6.2685e-08
6 116 3.31804e-07
7 116 2.92359e-08
8 116 2.92181e-07
9 116 6.51017e-07
10 116 3.46143e-08
11 116 1.6936e-07
12 116 1.89959e-07
13 116 1.03499e-07
14 116 5.98537e-10
15 116 3.18005e-09
16 116 1.08558e-11
17 116 3.01482e-12
18 116 3.89488e-13
19 116 1.92275e-12
20 116 1.30667e-14
21 116 2.77721e-12
22 116 3.4899e-12
23 116 4.36122e-12
24 116 2.27345e-12
25 116 8.80605e-12
26 116 9.57592e-13
27 116 2.7201e-13
28 116 9.5967e-12
29 116 2.10295e-11
30 116 7.67538e-13
31 116 2.3297e-14
32 116 3.9423e-14
33 116 5.17005e-13
34 116 6.47292e-12
35 116 5.20911e-12
36 116 1.37729e-11
37 116 3.62243e-12
38 116 2.07394e-12
39 116 1.72879e-12
40 116 5.11382e-07
41 116 7.21942e-07
42 116 1.78271e-05
43 116 9.44098e-06
44 116 4.03646e-06
45 116 3.75199e-06
46 116 7.74319e-07
47 116 1.70243e-06
48 116 1.41268e-06
49 116 1.24464e-07
50 116 3.93675e-07
51 116 8.89715e-07
52 116 2.31516e-07
53 116 6.26331e-07
54 116 1.53484e-07
55 116 5.15441e-07
56 116 3.83511e-08
57 116 1.87567e-07
58 116 1.04314e-07
59 116 3.94265e-08
60 116 1.45639e-11
61 116 6.63137e-12
62 116 1.10912e-12
63 116 2.99519e-13
64 116 2.44058e-12
65 116 1.98037e-12
66 116 3.17941e-13
67 116 1.31688e-11
68 116 3.97972e-13
69 116 1.3147e-12
70 116 4.49787e-13
71 116 5.40946e-12
72 116 3.44109e-06
73 116 7.39566e-06
74 116 2.14828e-08
75 116 1.29945e-09
76 116 2.87298e-08
77 116 2.07171e-09
78 116 6.38857e-12
79 116 1.94198e-12
0 117 6.12896e-07
1 117 9.78425e-08
2 117 1.70324e-07
3 117 9.18142e-09
4 117 6.26826e-08
5 117 1.76779e-07
6 117 2.92088e-08
7 117 3.31861e-07
8 117 6.51034e-07
9 117 2.92111e-07
10 117 1.69308e-07
11 117 3.46012e-08
12 117 1.03411e-07
13 117 1.90115e-07
14 117 3.1806e-09
15 117 5.9549e-10
16 117 2.97981e-12
17 117 1.09838e-11
18 117 1.93367e-12
19 117 4.06974e-13
20 117 2.77212e-12
21 117 1.56915e-14
22 117 4.39398e-12
23 117 3.52646e-12
24 117 8.81146e-12
25 117 2.30269e-12
26 117 2.70288e-13
27 117 9.70902e-13
28 117 2.10126e-11
29 117 9.61056e-12
30 117 2.41621e-14
31 117 7.67404e-13
32 117 5.20988e-13
33 117 3.85282e-14
34 117 5.20128e-12
35 117 6.49391e-12
36 117 3.62614e-12
37 117 1.3761e-11
38 117 1.7147e-12
39 117 2.06589e-12
40 117 7.22814e-07
41 117 5.10301e-07
42 117 9.44073e-06
43 117 1.78299e-05
44 117 3.75362e-06
45 117 4.02981e-06
46 117 1.70258e-06
47 117 7.73917e-07
48 117 1.24736e-07
49 117 1.41278e-06
50 117 8.88902e-07
51 117 3.93798e-07
52 117 6.26471e-07
53 117 2.31336e-07
54 117 5.15382e-07
55 117 1.53431e-07
56 117 1.87706e-07
57 117 3.83151e-08
58 117 3.94644e-08
59 117 1.04219e-07
60 117 6.62616e-12
61 117 1.45739e-11
62 117 2.98483e-13
63 117 1.11117e-12
64 117 1.98693e-12
65 117 2.45147e-12
66 117 1.31683e-11
67 117 3.18695e-13
68 117 1.30909e-12
69 117 3.96526e-13
70 117 5.40746e-12
71 117 4.49573e-13
72 117 7.39098e-06
73 117 3.44466e-06
74 117 1.29435e-09
75 117 2.14737e-08
76 117 2.07557e-09
77 117 2.87365e-08
78 117 1.93778e-12
79 117 6.39189e-12
0 118 3.11527e-12
1 118 1.7386e-13
2 118 1.47477e-12
3 118 1.57401e-11
4 118 2.60516e-11
5 118 1.96411e-11
6 118 1.03427e-12
7 118 1.33722e-12
8 118 1.39593e-11
9 118 1.93558e-11
10 118 6.54455e-11
11 118 4.05354e-11
12 118 5.68585e-11
13 118 2.5149e-11
14 118 1.47933e-12
15 118 9.99311e-12
16 118 4.34093e-09
17 118 8.60579e-09
18 118 3.61906e-08
19 118 2.08306e-08
20 118 2.26494e-08
21 118 1.59721e-09
22 118 5.53554e-08
23 118 1.51835e-07
24 118 9.25317e-07
25 118 1.04941e-06
26 118 6.89638e-08
27 118 1.09968e-07
28 118 2.29085e-05
29 118 4.50744e-06
30 118 3.43666e-07
31 118 1.63989e-05
32 118 4.08385e-06
33 118 3.05323e-08
34 118 2.21731e-07
35 118 2.11062e-07
36 118 7.36133e-08
37 118 1.13421e-08
38 118 1.75185e-08
39 118 3.28181e-09
40 118 1.52333e-10
41 118 1.65746e-10
42 118 2.61906e-12
43 118 3.24342e-11
44 118 1.40173e-11
45 118 2.61395e-11
46 118 3.85294e-12
47 118 3.02566e-12
48 118 7.6266e-11
49 118 2.04446e-12
50 118 7.34668e-12
51 118 4.81879e-12
52 118 7.74846e-11
53 118 3.26005e-11
54 118 8.33014e-12
55 118 4.37556e-12
56 118 8.95231e-12
57 118 1.16107e-12
58 118 2.84141e-12
59 118 2.0509e-12
60 118 3.10632e-07
61 118 1.4715e-06
62 118 6.23019e-07
63 118 5.19056e-07
64 118 1.05041e-06
65 118 4.46883e-07
66 118 1.38041e-08
67 118 1.32865e-08
68 118 7.98769e-08
69 118 2.79646e-08
70 118 1.08272e-07
71 118 4.34835e-06
72 118 2.40539e-11
73 118 2.65393e-12
74 118 4.32768e-11
75 118 4.68846e-11
76 118 3.40159e-12
77 118 2.99594e-11
78 118 2.75926e-09
79 118 3.09195e-08
0 119 2.02672e-13
1 119 3.10465e-12
2 119 1.62248e-11
3 119 1.51001e-12
4 119 1.93933e-11
5 119 2.59909e-11
6 119 1.47277e-12
7 119 1.01262e-12
8 119 1.91547e-11
9 119 1.37615e-11
10 119 4.03316e-11
11 119 6.51722e-11
12 119 2.51665e-11
13 119 5.70526e-11
14 119 1.02008e-11
15 119 1.4214e-12
16 119 8.59977e-09
17 119 4.33376e-09
18 119 2.08266e-08
19 119 3.62261e-08
20 119 1.60269e-09
21 119 2.26615e-08
22 119 1.51849e-07
23 119 5.53683e-08
24 119 1.05043e-06
25 119 9.25587e-07
26 119 1.09959e-07
27 119 6.89399e-08
28 119 4.51131e-06
29 119 2.2906e-05
30 119 1.6421e-05
31 119 3.43242e-07
32 119 3.04073e-08
33 119 4.08482e-06
34 119 2.10869e-07
35 119 2.2199e-07
36 119 1.13436e-08
37 119 7.36484e-08
38 119 3.27874e-09
39 119 1.75158e-08
40 119 1.65762e-10
41 119 1.52373e-10
42 119 3.24425e-11
43 119 2.6259e-12
44 119 2.61323e-11
45 119 1.40343e-11
46 119 3.03247e-12
47 119 3.85936e-12
48 119 2.05026e-12
49 119 7.62626e-11
50 119 4.81704e-12
51 119 7.35411e-12
52 119 3.2647e-11
53 119 7.74933e-11
54 119 4.3717e-12
55 119 8.33305e-12
56 119 1.16083e-12
57 119 8.95496e-12
58 119 2.05223e-12
59 119 2.84384e-12
60 119 1.47323e-06
61 119 3.10389e-07
62 119 5.1911e-07
63 119 6.2313e-07
64 119 4.46326e-07
65 119 1.05027e-06
66 119 1.33061e-08
67 119 1.37975e-08
68 119 2.79705e-08
69 119 7.98703e-08
70 119 4.34963e-06
71 119 1.07914e-07
72 119 2.64943e-12
73 119 2.40529e-11
74 119 4.6857e-11
75 119 4.32775e-11
76 119 2.99574e-11
77 119 3.4056e-12
78 119 3.09104e-08
79 119 2.75238e-09
0 120 1.93515e-13
1 120 1.10121e-12
2 120 1.19403e-11
3 120 6.65397e-13
4 120 5.79401e-12
5 120 6.06919e-11
6 120 5.91865e-13
7 120 5.24552e-13
8 120 2.07258e-11
9 120 1.95754e-11
10 120 2.47893e-11
11 120 1.45373e-11
12 120 6.39945e-11
13 120 2.58086e-11
14 120 2.86807e-12
15 120 3.12944e-13
16 120 4.93024e-08
17 120 4.52921e-09
18 120 2.43617e-09
19 120 2.93111e-08
20 120 1.66079e-09
21 120 2.04891e-10
22 120 6.91895e-08
23 120 8.51403e-09
24 120 5.23879e-08
25 120 1.22677e-07
26 120 2.31108e-06
27 120 3.24162e-07
28 120 7.48663e-06
29 120 6.10432e-06
30 120 1.48703e-05
31 120 1.38115e-05
32 120 2.58616e-06
33 120 2.32807e-06
34 120 1.68842e-08
35 120 1.37546e-07
36 120 2.16961e-08
37 120 4.09195e-08
38 120 2.69866e-09
39 120 1.29094e-08
40 120 7.99084e-11
41 120 1.53519e-11
42 120 2.35636e-12
43 120 8.21336e-14
44 120 1.58669e-12
45 120 1.23141e-12
46 120 3.84789e-12
47 120 6.88617e-13
48 120 2.78755e-12
49 120 3.21383e-11
50 120 9.21404e-13
51 120 2.79561e-13
52 120 1.55997e-11
53 120 3.73183e-12
54 120 6.09953e-12
55 120 4.26949e-12
56 120 7.46154e-12
57 120 3.92298e-12
58 120 3.85771e-12
59 120 6.89044e-13
60 120 5.58477e-07
61 120 7.36307e-07
62 120 8.26055e-07
63 120 2.93642e-06
64 120 2.41006e-07
65 120 1.65022e-07
66 120 2.2312e-08
67 120 5.25897e-09
68 120 2.90619e-09
69 120 1.11418e-09
70 120 1.43862e-06
71 120 1.78129e-07
72 120 8.07288e-13
73 120 4.63164e-12
74 120 7.37538e-12
75 120 6.34657e-12
76 120 1.49878e-13
77 120 1.82267e-13
78 120 7.2495e-09
79 120 4.76753e-09
0 121 1.05624e-12
1 121 1.94191e-13
2 121 6.82486e-13
3 121 1.21035e-11
4 121 6.06025e-11
5 121 5.81888e-12
6 121 4.45875e-13
7 121 5.89932e-13
8 121 1.93161e-11
9 121 2.10601e-11
10 121 1.4552e-11
11 121 2.49004e-11
12 121 2.58536e-11
13 121 6.35592e-11
14 121 2.96262e-13
15 121 2.87385e-12
16 121 4.53599e-09
17 121 4.92987e-08
18 121 2.93345e-08
19 121 2.42862e-09
20 121 2.04844e-10
21 121 1.66123e-09
22 121 8.5408e-09
23 121 6.91708e-08
24 121 1.22755e-07
25 121 5.22867e-08
26 121 3.24594e-07
27 121 2.31145e-06
28 121 6.11371e-06
29 121 7.48295e-06
30 121 1.38131e-05
31 121 1.4875e-05
32 121 2.33117e-06
33 121 2.58366e-06
34 121 1.37612e-07
35 121 1.6828e-08
36 121 4.09541e-08
37 121 2.16919e-08
38 121 1.29009e-08
39 121 2.69938e-09
40 121 1.53415e-11
41 121 7.99612e-11
42 121 8.15352e-14
43 121 2.35841e-12
44 121 1.22853e-12
45 121 1.58221e-12
46 121 6.90415e-13
47 121 3.84628e-12
48 121 3.21683e-11
49 121 2.78088e-12
50 121 2.79128e-13
51 121 9.22084e-13
52 121 3.74499e-12
53 121 1.55955e-11
54 121 4.2634e-12
55 121 6.11343e-12
56 121 3.93001e-12
57 121 7.47384e-12
58 121 6.86645e-13
59 121 3.84712e-12
60 121 7.35275e-07
61 121 5.58859e-07
62 121 2.93781e-06
63 121 8.26124e-07
64 121 1.64751e-07
65 121 2.40951e-07
66 121 5.26256e-09
67 121 2.23155e-08
68 121 1.11445e-09
69 121 2.90333e-09
70 121 1.78264e-07
71 121 1.43886e-06
72 121 4.62676e-12
73 121 8.07143e-13
74 121 6.34077e-12
75 121 7.38041e-12
76 121 1.84376e-13
77 121 1.49508e-13
78 121 4.76827e-09
79 121 7.23972e-09
0 122 5.13882e-12
1 122 2.24473e-14
2 122 7.67582e-12
3 122 7.37529e-12
4 122 3.86075e-11
5 122 3.73405e-12
6 122 1.26493e-12
7 122 2.33516e-12
8 122 1.03866e-11
9 122 2.62768e-11
10 122 7.83033e-12
11 122 4.72889e-11
12 122 6.16029e-11
13 122 2.55421e-11
14 122 9.51392e-13
15 122 9.12561e-12
16 122 6.96442e-09
17 122 5.47073e-08
18 122 2.59045e-08
19 122 7.93476e-08
20 122 5.25206e-07
21 122 2.43904e-07
22 122 1.46351e-08
23 122 2.11674e-09
24 122 6.41455e-08
25 122 8.74132e-08
26 122 6.05428e-11
27 122 5.89306e-09
28 122 4.76353e-06
29 122 2.99647e-06
30 122 1.94602e-07
31 122 2.30216e-06
32 122 2.65648e-05
33 122 1.06691e-05
34 122 2.78621e-08
35 122 7.87876e-09
36 122 1.23325e-09
37 122 1.78674e-08
38 122 1.70832e-08
39 122 4.05162e-09
40 122 6.70118e-11
41 122 2.89498e-11
42 122 4.14316e-13
43 122 1.68508e-11
44 122 2.15247e-12
45 122 2.07572e-11
46 122 4.65617e-12
47 122 3.30732e-12
48 122 6.01385e-11
49 122 8.76528e-12
50 122 4.86271e-12
51 122 1.39269e-12
52 122 1.5397e-11
53 122 4.9574e-11
54 122 1.36365e-11
55 122 6.85554e-12
56 122 8.65676e-12
57 122 8.10944e-12
58 122 1.00334e-12
59 122 1.0762e-12
60 122 3.24555e-07
61 122 4.83439e-08
62 122 2.39907e-07
63 122 4.28538e-09
64 122 5.22157e-07
65 122 7.09057e-07
66 122 3.65267e-07
67 122 3.38515e-08
68 122 3.00967e-06
69 122 9.47467e-07
70 122 6.01536e-08
71 122 9.24828e-08
72 122 7.6104e-12
73 122 3.23612e-13
74 122 2.72456e-11
75 122 3.60984e-12
76 122 4.15811e-12
77 122 9.311e-12
78 122 3.6907e-09
79 122 2.58479e-09
0 123 2.00294e-14
1 123 5.09881e-12
2 123 7.41158e-12
3 123 7.57192e-12
4 123 3.56584e-12
5 123 3.8824e-11
6 123 2.37456e-12
7 123 1.22449e-12
8 123 2.65754e-11
9 123 1.04679e-11
10 123 4.7352e-11
11 123 7.89229e-12
12 123 2.56408e-11
13 123 6.14186e-11
14 123 9.18136e-12
15 123 9.71158e-13
16 123 5.47132e-08
17 123 6.9883e-09
18 123 7.93916e-08
19 123 2.58795e-08
20 123 2.43584e-07
21 123 5.25164e-07
22 123 2.11134e-09
23 123 1.463e-08
24 123 8.74329e-08
25 123 6.40754e-08
26 123 5.89193e-09
27 123 6.18066e-11
28 123 2.99838e-06
29 123 4.75772e-06
30 123 2.30177e-06
31 123 1.94738e-07
32 123 1.06755e-05
33 123 2.65394e-05
34 123 7.87955e-09
35 123 2.78612e-08
36 123 1.78734e-08
37 123 1.22722e-09
38 123 4.04676e-09
39 123 1.70905e-08
40 123 2.89425e-11
41 123 6.70386e-11
42 123 1.68594e-11
43 123 4.14003e-13
44 123 2.07432e-11
45 123 2.15744e-12
46 123 3.31192e-12
47 123 4.65519e-12
48 123 8.77258e-12
49 123 6.013e-11
50 123 1.391e-12
51 123 4.8595e-12
52 123 4.96195e-11
53 123 1.54237e-11
54 123 6.85022e-12
55 123 1.36239e-11
56 123 8.12293e-12
57 123 8.65741e-12
58 123 1.0781e-12
59 123 9.99598e-13
60 123 4.83344e-08
61 123 3.24513e-07
62 123 4.2731e-09
63 123 2.4006e-07
64 123 7.09129e-07
65 123 5.21428e-07
66 123 3.38779e-08
67 123 3.65363e-07
68 123 9.48373e-07
69 123 3.0097e-06
70 123 9.25368e-08
71 123 6.01478e-08
72 123 3.23136e-13
73 123 7.61543e-12
74 123 3.611e-12
75 123 2.72495e-11
76 123 9.30462e-12
77 123 4.15322e-12
78 123 2.58103e-09
79 123 3.69093e-09
0 124 1.32136e-07
1 124 4.06512e-09
2 124 2.37162e-07
3 124 3.68836e-07
4 124 1.00839e-08
5 124 1.28342e-07
6 124 2.33774e-09
7 124 7.51228e-08
8 124 4.09099e-10
9 124 3.37548e-10
10 124 1.77707e-06
11 124 4.83871e-07
12 124 2.5998e-07
13 124 1.66293e-07
14 124 5.66673e-08
15 124 5.42512e-07
16 124 2.04523e-09
17 124 1.56479e-09
18 124 7.87687e-09
19 124 7.20973e-09
20 124 2.13289e-10
21 124 7.78708e-11
22 124 1.13731e-09
23 124 4.02091e-09
24 124 7.1903e-09
25 124 4.11576e-09
26 124 6.8973e-10
27 124 2.27598e-09
28 124 2.63005e-10
29 124 1.57593e-09
30 124 1.44294e-09
31 124 7.93391e-10
32 124 1.15782e-11
33 124 1.15253e-09
34 124 3.4537e-09
35 124 1.5077e-08
36 124 1.4862e-08
37 124 4.7304e-08
38 124 1.57169e-08
39 124 1.27332e-08
40 124 3.82751e-06
41 124 2.98291e-06
42 124 2.90152e-06
43 124 3.09867e-07
44 124 3.31794e-06
45 124 3.26654e-07
46 124 1.17211e-09
47 124 2.49793e-10
48 124 5.85566e-08
49 124 5.41796e-07
50 124 1.47192e-07
51 124 3.76977e-07
52 124 2.10184e-05
53 124 4.40931e-07
54 124 5.81345e-09
55 124 2.59781e-10
56 124 2.3463e-07
57 124 2.11089e-07
58 124 6.65811e-08
59 124 2.81098e-08
60 124 4.19853e-10
61 124 2.53072e-09
62 124 2.40196e-09
63 124 2.41439e-09
64 124 7.72756e-11
65 124 1.70573e-11
66 124 5.00897e-09
67 124 3.64978e-09
68 124 1.86672e-09
69 124 3.84606e-09
70 124 8.20918e-11
71 124 7.43744e-11
72 124 2.605e-10
73 124 7.12369e-10
74 124 9.2322e-07
75 124 3.06654e-06
76 124 1.99484e-07
77 124 3.91069e-06
78 124 5.29014e-11
79 124 5.58022e-11
0 125 4.07677e-09
1 125 1.32045e-07
2 125 3.68609e-07
3 125 2.37291e-07
4 125 1.28305e-07
5 125 1.00823e-08
6 125 7.5176e-08
7 125 2.32875e-09
8 125 3.37666e-10
9 125 4.11121e-10
10 125 4.8291e-07
11 125 1.77768e-06
12 125 1.66456e-07
13 125 2.5993e-07
14 125 5.42627e-07
15 125 5.65316e-08
16 125 1.56403e-09
17 125 2.04373e-09
18 125 7.2064e-09
19 125 7.87728e-09
20 125 7.79516e-11
21 125 2.13124e-10
22 125 4.02212e-09
23 125 1.13733e-09
24 125 4.11427e-09
25 125 7.19145e-09
26 125 2.27575e-09
27 125 6.88263e-10
28 125 1.57424e-09
29 125 2.64054e-10
30 125 7.93405e-10
31 125 1.4426e-09
32 125 1.15229e-09
33 125 1.15538e-11
34 125 1.50824e-08
35 125 3.45674e-09
36 125 4.72789e-08
37 125 1.48701e-08
38 125 1.27346e-08
39 125 1.57195e-08
40 125 2.98371e-06
41 125 3.82662e-06
42 125 3.10888e-07
43 125 2.89947e-06
44 125 3.26654e-07
45 125 3.31768e-06
46 125 2.49853e-10
47 125 1.17216e-09
48 125 5.41874e-07
49 125 5.86572e-08
50 125 3.7689e-07
51 125 1.47246e-07
52 125 4.38061e-07
53 125 2.10176e-05
54 125 2.58474e-10
55 125 5.81876e-09
56 125 2.11326e-07
57 125 2.3454e-07
58 125 2.81181e-08
59 125 6.64798e-08
60 125 2.53119e-09
61 125 4.1995e-10
62 125 2.41215e-09
63 125 2.40096e-09
64 125 1.70514e-11
65 125 7.73352e-11
66 125 3.64693e-09
67 125 5.00726e-09
68 125 3.84397e-09
69 125 1.86745e-09
70 125 7.44105e-11
71 125 8.2031e-11
72 125 7.12073e-10
73 125 2.60386e-10
74 125 3.06551e-06
75 125 9.2289e-07
76 125 3.91202e-06
77 125 2.00208e-07
78 125 5.58371e-11
79 125 5.28282e-11
0 126 5.07449e-10
1 126 1.59934e-10
2 126 7.06764e-11
3 126 3.10592e-09
4 126 1.15902e-10
5 126 1.15814e-09
6 126 1.16925e-10
7 126 2.56084e-10
8 126 1.3125e-11
9 126 1.64882e-11
10 126 4.91336e-09
11 126 6.91296e-09
12 126 1.44992e-09
13 126 9.3175e-10
14 126 1.22422e-09
15 126 1.87636e-09
16 126 1.6075e-07
17 126 9.75527e-08
18 126 1.65089e-07
19 126 2.43367e-06
20 126 4.24315e-08
21 126 1.97771e-08
22 126 4.54641e-08
23 126 1.68264e-07
24 126 1.45081e-06
25 126 3.55602e-07
26 126 2.68768e-07
27 126 3.29196e-07
28 126 8.27103e-08
29 126 5.82531e-07
30 126 3.61542e-07
31 126 1.50617e-08
32 126 2.42894e-08
33 126 3.29399e-08
34 126 2.89569e-07
35 126 9.19046e-07
36 126 1.71396e-06
37 126 9.11296e-06
38 126 8.99714e-07
39 126 2.06868e-06
40 126 3.7562e-08
41 126 7.60849e-10
42 126 1.01846e-08
43 126 6.19795e-09
44 126 1.40166e-08
45 126 4.6603e-09
46 126 2.20465e-12
47 126 6.62683e-12
48 126 8.82258e-10
49 126 2.11031e-09
50 126 1.48208e-09
51 126 1.10169e-09
52 126 6.61014e-08
53 126 4.52634e-08
54 126 8.64918e-11
55 126 4.50568e-12
56 126 7.68118e-10
57 126 1.61875e-09
58 126 4.54571e-10
59 126 1.17849e-11
60 126 1.56122e-07
61 126 2.06955e-07
62 126 5.56882e-07
63 126 5.11054e-07
64 126 6.82923e-10
65 126 3.87085e-09
66 126 3.82761e-07
67 126 1.55593e-06
68 126 1.70389e-07
69 126 1.00111e-06
70 126 6.11917e-11
71 126 6.10415e-09
72 126 1.15041e-11
73 126 1.37822e-12
74 126 5.4713e-09
75 126 1.51833e-08
76 126 6.15593e-09
77 126 1.50769e-08
78 126 2.62407e-08
79 126 3.78068e-09
0 127 1.60132e-10
1 127 5.09217e-10
2 127 3.10026e-09
3 127 7.07508e-11
4 127 1.16048e-09
5 127 1.15375e-10
6 127 2.56257e-10
7 127 1.16309e-10
8 127 1.63726e-11
9 127 1.30054e-11
10 127 6.90131e-09
11 127 4.91364e-09
12 127 9.31313e-10
13 127 1.44979e-09
14 127 1.87531e-09
15 127 1.22513e-09
16 127 9.76125e-08
17 127 1.60813e-07
18 127 2.43273e-06
19 127 1.65038e-07
20 127 1.98213e-08
21 127 4.24098e-08
22 127 1.68394e-07
23 127 4.55584e-08
24 127 3.55071e-07
25 127 1.45062e-06
26 127 3.28931e-07
27 127 2.68407e-07
28 127 5.81876e-07
29 127 8.27651e-08
30 127 1.50658e-08
31 127 3.61293e-07
32 127 3.2942e-08
33 127 2.43209e-08
34 127 9.1984e-07
35 127 2.90021e-07
36 127 9.10598e-06
37 127 1.71319e-06
38 127 2.06901e-06
39 127 9.00346e-07
40 127 7.61289e-10
41 127 3.75512e-08
42 127 6.19977e-09
43 127 1.0171e-08
44 127 4.66001e-09
45 127 1.40155e-08
46 127 6.62203e-12
47 127 2.20611e-12
48 127 2.11118e-09
49 127 8.83114e-10
50 127 1.1014e-09
51 127 1.48243e-09
52 127 4.52259e-08
53 127 6.60765e-08
54 127 4.50139e-12
55 127 8.65633e-11
56 127 1.62027e-09
57 127 7.6798e-10
58 127 1.18226e-11
59 127 4.54056e-10
60 127 2.06775e-07
61 127 1.55982e-07
62 127 5.10551e-07
63 127 5.56555e-07
64 127 3.86844e-09
65 127 6.84473e-10
66 127 1.55538e-06
67 127 3.82745e-07
68 127 1.0001e-06
69 127 1.70094e-07
70 127 6.11074e-09
71 127 6.13109e-11
72 127 1.37424e-12
73 127 1.15011e-11
74 127 1.51791e-08
75 127 5.46962e-09
76 127 1.50875e-08
77 127 6.16326e-09
78 127 3.78935e-09
79 127 2.62295e-08
0 128 5.00526e-11
1 128 1.06805e-11
2 128 7.02557e-11
3 128 2.16092e-10
4 128 2.05882e-11
5 128 6.72699e-11
6 128 7.12672e-12
7 128 2.92566e-11
8 128 1.61116e-12
9 128 8.99164e-12
10 128 8.41207e-10
11 128 2.13835e-10
12 128 2.54019e-11
13 128 2.24356e-10
14 128 1.86076e-10
15 128 1.0768e-10
16 128 1.16053e-06
17 128 2.34258e-07
18 128 5.45471e-09
19 128 9.11733e-08
20 128 1.15158e-08
21 128 2.36601e-08
22 128 2.0699e-07
23 128 1.91638e-06
24 128 2.79857e-07
25 128 2.82944e-07
26 128 1.07476e-06
27 128 2.60902e-08
28 128 3.49682e-08
29 128 1.22704e-07
30 128 1.1453e-07
31 128 2.25303e-07
32 128 5.63855e-07
33 128 3.26492e-08
34 128 2.67408e-07
35 128 3.50706e-06
36 128 1.56865e-06
37 128 1.2668e-06
38 128 3.77788e-06
39 128 6.04793e-06
40 128 2.80573e-09
41 128 9.69491e-10
42 128 6.18914e-10
43 128 1.11225e-09
44 128 8.53111e-10
45 128 1.05457e-09
46 128 2.24955e-12
47 128 1.07901e-12
48 128 3.08995e-11
49 128 3.40269e-10
50 128 2.18169e-10
51 128 3.78715e-11
52 128 7.84235e-09
53 128 3.72e-09
54 128 1.32238e-13
55 128 8.57406e-12
56 128 1.9927e-10
57 128 4.50044e-11
58 128 4.03559e-11
59 128 1.95225e-11
60 128 9.61331e-08
61 128 4.86318e-08
62 128 1.68536e-07
63 128 5.41551e-08
64 128 3.6122e-09
65 128 5.0196e-11
66 128 6.5152e-07
67 128 2.91614e-07
68 128 1.32368e-07
69 128 1.87963e-07
70 128 1.76989e-09
71 128 2.20584e-08
72 128 1.12084e-12
73 128 2.4819e-12
74 128 5.84428e-11
75 128 1.95913e-09
76 128 4.08564e-10
77 128 1.72569e-09
78 128 3.60312e-09
79 128 6.25068e-08
0 129 1.0665e-11
1 129 4.94109e-11
2 129 2.16706e-10
3 129 7.10827e-11
4 129 6.70301e-11
5 129 2.01092e-11
6 129 2.85455e-11
7 129 7.64047e-12
8 129 8.85413e-12
9 129 1.83776e-12
10 129 2.13766e-10
11 129 8.41751e-10
12 129 2.22831e-10
13 129 2.51378e-11
14 129 1.07701e-10
15 129 1.8737e-10
16 129 2.33719e-07
17 129 1.1603e-06
18 129 9.14227e-08
19 129 5.43246e-09
20 129 2.36317e-08
21 129 1.15035e-08
22 129 1.91727e-06
23 129 2.06736e-07
24 129 2.8332e-07
25 129 2.79594e-07
26 129 2.59459e-08
27 129 1.07429e-06
28 129 1.22859e-07
29 129 3.49298e-08
30 129 2.25193e-07
31 129 1.14547e-07
32 129 3.26086e-08
33 129 5.63655e-07
34 129 3.50721e-06
35 129 2.6795e-07
36 129 1.26665e-06
37 129 1.56889e-06
38 129 6.04245e-06
39 129 3.77954e-06
40 129 9.70182e-10
41 129 2.80543e-09
42 129 1.11363e-09
43 129 6.18739e-10
44 129 1.05462e-09
45 129 8.53176e-10
46 129 1.07843e-12
47 129 2.24604e-12
48 129 3.40143e-10
49 129 3.09032e-11
50 129 3.78641e-11
51 129 2.18244e-10
52 129 3.72126e-09
53 129 7.84455e-09
54 129 8.57377e-12
55 129 1.3218e-13
56 129 4.50584e-11
57 129 1.99228e-10
58 129 1.95386e-11
59 129 4.03069e-11
60 129 4.8627e-08
61 129 9.61294e-08
62 129 5.42208e-08
63 129 1.68669e-07
64 129 5.03088e-11
65 129 3.61132e-09
66 129 2.91798e-07
67 129 6.51919e-07
68 129 1.88057e-07
69 129 1.32224e-07
70 129 2.20706e-08
71 129 1.76706e-09
72 129 2.48214e-12
73 129 1.1226e-12
74 129 1.9588e-09
75 129 5.84564e-11
76 129 1.72566e-09
77 129 4.08174e-10
78 129 6.24882e-08
79 129 3.60501e-09
0 130 4.17254e-12
1 130 6.70687e-12
2 130 3.96129e-13
3 130 7.25958e-12
4 130 2.86461e-11
5 130 2.14606e-11
6 130 5.9687e-12
7 130 2.21386e-12
8 130 7.13492e-12
9 130 3.07587e-11
10 130 6.84527e-13
11 130 2.03497e-10
12 130 2.34898e-11
13 130 1.95233e-11
14 130 1.05931e-11
15 130 1.88271e-11
16 130 1.82933e-06
17 130 5.98816e-07
18 130 5.32028e-08
19 130 2.98081e-07
20 130 9.29396e-09
21 130 3.92427e-09
22 130 6.93848e-07
23 130 8.22442e-07
24 130 8.8955e-07
25 130 1.87453e-07
26 130 6.26248e-07
27 130 7.06935e-08
28 130 3.87829e-07
29 130 1.03086e-08
30 130 3.11814e-07
31 130 4.14073e-07
32 130 1.08359e-07
33 130 4.33538e-08
34 130 1.19823e-05
35 130 7.72286e-08
36 130 1.20529e-06
37 130 5.4544e-07
38 130 3.17748e-08
39 130 5.47854e-06
40 130 1.76037e-10
41 130 8.0204e-11
42 130 1.42772e-10
43 130 3.38457e-11
44 130 1.49805e-10
45 130 1.96448e-11
46 130 4.37764e-12
47 130 9.13997e-13
48 130 7.78539e-11
49 130 3.55286e-11
50 130 4.32142e-12
51 130 2.48567e-11
52 130 7.22226e-10
53 130 7.04199e-10
54 130 7.46514e-13
55 130 9.04409e-12
56 130 1.90123e-11
57 130 2.43201e-11
58 130 5.38449e-12
59 130 2.18651e-12
60 130 1.44693e-06
61 130 6.97701e-07
62 130 2.01779e-07
63 130 7.60264e-08
64 130 1.96079e-11
65 130 8.96567e-10
66 130 8.1608e-08
67 130 7.03941e-07
68 130 6.82248e-07
69 130 1.37559e-06
70 130 1.39487e-09
71 130 1.47345e-08
72 130 1.70518e-12
73 130 3.50828e-12
74 130 1.69446e-10
75 130 9.38616e-11
76 130 1.3985e-10
77 130 8.94237e-11
78 130 3.01903e-09
79 130 1.94351e-09
0 131 6.49809e-12
1 131 4.14372e-12
2 131 7.36893e-12
3 131 4.38891e-13
4 131 2.1314e-11
5 131 2.81443e-11
6 131 2.1759e-12
7 131 5.89957e-12
8 131 3.03609e-11
9 131 6.77616e-12
10 131 2.03369e-10
11 131 6.87023e-13
12 131 1.94475e-11
13 131 2.30471e-11
14 131 1.90246e-11
15 131 1.04728e-11
16 131 5.99592e-07
17 131 1.8298e-06
18 131 2.97979e-07
19 131 5.30882e-08
20 131 3.91561e-09
21 131 9.29629e-09
22 131 8.21385e-07
23 131 6.93952e-07
24 131 1.87632e-07
25 131 8.89509e-07
26 131 7.0907e-08
27 131 6.26623e-07
28 131 1.03286e-08
29 131 3.8811e-07
30 131 4.1377e-07
31 131 3.11803e-07
32 131 4.33302e-08
33 131 1.08531e-07
34 131 7.70813e-08
35 131 1.1975e-05
36 131 5.45552e-07
37 131 1.20437e-06
38 131 5.48055e-06
39 131 3.18086e-08
40 131 8.01932e-11
41 131 1.75958e-10
42 131 3.38118e-11
43 131 1.42613e-10
44 131 1.96554e-11
45 131 1.49896e-10
46 131 9.12939e-13
47 131 4.38158e-12
48 131 3.55941e-11
49 131 7.78695e-11
50 131 2.48606e-11
51 131 4.32823e-12
52 131 7.0357e-10
53 131 7.21701e-10
54 131 9.03921e-12
55 131 7.43748e-13
56 131 2.43343e-11
57 131 1.90414e-11
58 131 2.19032e-12
59 131 5.36665e-12
60 131 6.97461e-07
61 131 1.44759e-06
62 131 7.60754e-08
63 131 2.0185e-07
64 131 8.95579e-10
65 131 1.96699e-11
66 131 7.04011e-07
67 131 8.13319e-08
68 131 1.37584e-06
69 131 6.82351e-07
70 131 1.47261e-08
71 131 1.39561e-09
72 131 3.50795e-12
73 131 1.70438e-12
74 131 9.37662e-11
75 131 1.69416e-10
76 131 8.95917e-11
77 131 1.39974e-10
78 131 1.94244e-09
79 131 3.01322e-09
0 132 5.38959e-13
1 132 1.64235e-15
2 132 2.63102e-12
3 132 3.65746e-12
4 132 2.53186e-11
5 132 3.23754e-12
6 132 3.88705e-13
7 132 1.44244e-13
8 132 7.89928e-12
9 132 1.80677e-11
10 132 4.82057e-12
11 132 3.54555e-11
12 132 5.56691e-11
13 132 3.22593e-11
14 132 1.12234e-12
15 132 1.52759e-12
16 132 2.35974e-07
17 132 7.63418e-06
18 132 1.91372e-06
19 132 1.53917e-05
20 132 6.22912e-06
21 132 1.08883e-06
22 132 8.86279e-08
23 132 4.54325e-08
24 132 1.0702e-08
25 132 4.24537e-08
26 132 3.08174e-09
27 132 8.85671e-09
28 132 1.43363e-07
29 132 1.44799e-07
30 132 6.57817e-08
31 132 2.67463e-09
32 132 1.01214e-07
33 132 4.86084e-08
34 132 1.56784e-09
35 132 5.6547e-09
36 132 9.04017e-09
37 132 1.17999e-07
38 132 6.89494e-08
39 132 3.70553e-08
40 132 2.49586e-11
41 132 2.46853e-11
42 132 2.01226e-13
43 132 6.01361e-13
44 132 1.0996e-12
45 132 1.93119e-13
46 132 1.64029e-12
47 132 1.01458e-12
48 132 2.54835e-11
49 132 5.78692e-12
50 132 1.05276e-13
51 132 1.45025e-13
52 132 1.18799e-12
53 132 1.67308e-11
54 132 1.10766e-11
55 132 3.05903e-12
56 132 3.00036e-12
57 132 9.94816e-12
58 132 2.41995e-14
59 132 3.65573e-13
60 132 1.62404e-06
61 132 6.32585e-07
62 132 8.19114e-07
63 132 7.46277e-08
64 132 4.10513e-07
65 132 2.0117e-06
66 132 2.58897e-07
67 132 9.25996e-09
68 132 2.18252e-06
69 132 5.49913e-07
70 132 2.65762e-10
71 132 2.72428e-10
72 132 2.03372e-12
73 132 2.35756e-12
74 132 4.20102e-12
75 132 6.7392e-12
76 132 1.34198e-13
77 132 1.56368e-13
78 132 3.40789e-06
79 132 5.03596e-07
0 133 1.76777e-14
1 133 4.6162e-13
2 133 3.61266e-12
3 133 2.52174e-12
4 133 3.09616e-12
5 133 2.56492e-11
6 133 2.04327e-13
7 133 3.14366e-13
8 133 1.80536e-11
9 133 7.93237e-12
10 133 3.51254e-11
11 133 4.8491e-12
12 133 3.2134e-11
13 133 5.58722e-11
14 133 1.55473e-12
15 133 1.10945e-12
16 133 7.63257e-06
17 133 2.37087e-07
18 133 1.53997e-05
19 133 1.91069e-06
20 133 1.08626e-06
21 133 6.22919e-06
22 133 4.53905e-08
23 133 8.86399e-08
24 133 4.24525e-08
25 133 1.07067e-08
26 133 8.85293e-09
27 133 3.08663e-09
28 133 1.44882e-07
29 133 1.43319e-07
30 133 2.65829e-09
31 133 6.57949e-08
32 133 4.86688e-08
33 133 1.01165e-07
34 133 5.65394e-09
35 133 1.57088e-09
36 133 1.18046e-07
37 133 9.03267e-09
38 133 3.70256e-08
39 133 6.8977e-08
40 133 2.46899e-11
41 133 2.49724e-11
42 133 5.99618e-13
43 133 2.00283e-13
44 133 1.94604e-13
45 133 1.09621e-12
46 133 1.01478e-12
47 133 1.64402e-12
48 133 5.80839e-12
49 133 2.54814e-11
50 133 1.44743e-13
51 133 1.0677e-13
52 133 1.67254e-11
53 133 1.19008e-12
54 133 3.06182e-12
55 133 1.1085e-11
56 133 9.95024e-12
57 133 2.99234e-12
58 133 3.65023e-13
59 133 2.43939e-14
60 133 6.32604e-07
61 133 1.62441e-06
62 133 7.42826e-08
63 133 8.19606e-07
64 133 2.01168e-06
65 133 4.09695e-07
66 133 9.24916e-09
67 133 2.58925e-07
68 133 5.50465e-07
69 133 2.18248e-06
70 133 2.72348e-10
71 133 2.65771e-10
72 133 2.3573e-12
73 133 2.03359e-12
74 133 6.73994e-12
75 133 4.20089e-12
76 133 1.57092e-13
77 133 1.33448e-13
78 133 5.02912e-07
79 133 3.40722e-06
0 134 3.13585e-12
1 134 1.53799e-13
2 134 1.26358e-11
3 134 3.24244e-12
4 134 1.88475e-11
5 134 7.22719e-11
6 134 6.55288e-13
7 134 3.91234e-13
8 134 6.87177e-12
9 134 7.42056e-11
10 134 3.9426e-11
11 134 6.29604e-11
12 134 2.31159e-10
13 134 2.47098e-11
14 134 2.80177e-12
15 134 3.94565e-12
16 134 1.00261e-05
17 134 3.40463e-06
18 134 1.17336e-06
19 134 1.81908e-07
20 134 1.65849e-06
21 134 3.84049e-06
22 134 1.01598e-06
23 134 7.64423e-07
24 134 3.76902e-08
25 134 2.0933e-07
26 134 4.98332e-07
27 134 2.37616e-07
28 134 2.84701e-08
29 134 1.44037e-08
30 134 3.56357e-10
31 134 2.73793e-08
32 134 6.22153e-08
33 134 1.74698e-08
34 134 4.64309e-08
35 134 8.1666e-08
36 134 1.89933e-07
37 134 6.40926e-08
38 134 3.35923e-07
39 134 1.4687e-07
40 134 8.89854e-11
41 134 4.49767e-11
42 134 2.43462e-12
43 134 2.74944e-12
44 134 1.39294e-12
45 134 3.88761e-13
46 134 2.20335e-12
47 134 3.33117e-13
48 134 5.96383e-12
49 134 2.27805e-11
50 134 1.90566e-13
51 134 7.69189e-13
52 134 2.45613e-11
53 134 2.05814e-12
54 134 1.55928e-12
55 134 1.04512e-11
56 134 4.21374e-12
57 134 3.31234e-13
58 134 2.99786e-12
59 134 8.80221e-14
60 134 6.63241e-07
61 134 4.28074e-07
62 134 1.09779e-06
63 134 9.31582e-07
64 134 4.31234e-07
65 134 2.38423e-07
66 134 9.55613e-07
67 134 2.26134e-06
68 134 3.13329e-07
69 134 1.06841e-07
70 134 2.95958e-07
71 134 1.90518e-07
72 134 2.62772e-11
73 134 6.52541e-12
74 134 1.59077e-11
75 134 2.40618e-11
76 134 3.84506e-12
77 134 3.66343e-13
78 134 4.79893e-10
79 134 5.37787e-11
0 135 1.3795e-13
1 135 3.05375e-12
2 135 3.29802e-12
3 135 1.27091e-11
4 135 7.20547e-11
5 135 1.89798e-11
6 135 4.46705e-13
7 135 6.76627e-13
8 135 7.44102e-11
9 135 6.88778e-12
10 135 6.31157e-11
11 135 3.97112e-11
12 135 2.45823e-11
13 135 2.30578e-10
14 135 3.95768e-12
15 135 2.72738e-12
16 135 3.40712e-06
17 135 1.00312e-05
18 135 1.81654e-07
19 135 1.17211e-06
20 135 3.83883e-06
21 135 1.66106e-06
22 135 7.64385e-07
23 135 1.01513e-06
24 135 2.09606e-07
25 135 3.76896e-08
26 135 2.37716e-07
27 135 4.98415e-07
28 135 1.4398e-08
29 135 2.84844e-08
30 135 2.73922e-08
31 135 3.54522e-10
32 135 1.74995e-08
33 135 6.22099e-08
34 135 8.16148e-08
35 135 4.63982e-08
36 135 6.40261e-08
37 135 1.89839e-07
38 135 1.46867e-07
39 135 3.3626e-07
40 135 4.49917e-11
41 135 8.89795e-11
42 135 2.74999e-12
43 135 2.4437e-12
44 135 3.90915e-13
45 135 1.39806e-12
46 135 3.36045e-13
47 135 2.20434e-12
48 135 2.28016e-11
49 135 5.96967e-12
50 135 7.70339e-13
51 135 1.91361e-13
52 135 2.06161e-12
53 135 2.45945e-11
54 135 1.04531e-11
55 135 1.55875e-12
56 135 3.31867e-13
57 135 4.22141e-12
58 135 8.82142e-14
59 135 2.99748e-12
60 135 4.27369e-07
61 135 6.62656e-07
62 135 9.30695e-07
63 135 1.09805e-06
64 135 2.38688e-07
65 135 4.31037e-07
66 135 2.26038e-06
67 135 9.55025e-07
68 135 1.06694e-07
69 135 3.12829e-07
70 135 1.90491e-07
71 135 2.95606e-07
72 135 6.5222e-12
73 135 2.62788e-11
74 135 2.40686e-11
75 135 1.59191e-11
76 135 3.67216e-13
77 135 3.84491e-12
78 135 5.36974e-11
79 135 4.80499e-10
0 136 2.4043e-12
1 136 4.63672e-13
2 136 2.80788e-12
3 136 5.06741e-12
4 136 3.02819e-11
5 136 9.15298e-12
6 136 3.80484e-13
7 136 7.33226e-13
8 136 4.76852e-12
9 136 2.84615e-11
10 136 1.51489e-12
11 136 2.53718e-11
12 136 5.05154e-11
13 136 2.30812e-11
14 136 1.61295e-13
15 136 6.54552e-12
16 136 2.74811e-07
17 136 1.53211e-06
18 136 3.39259e-07
19 136 6.82989e-06
20 136 7.03001e-06
21 136 1.25898e-06
22 136 1.13737e-06
23 136 1.91871e-07
24 136 2.82136e-07
25 136 5.4233e-08
26 136 3.45017e-08
27 136 2.12577e-07
28 136 1.22586e-08
29 136 5.55422e-10
30 136 5.61191e-10
31 136 2.7522e-08
32 136 6.04226e-08
33 136 1.01492e-07
34 136 4.96065e-08
35 136 1.24042e-07
36 136 1.92843e-09
37 136 1.77378e-07
38 136 1.68513e-07
39 136 2.07876e-08
40 136 1.53444e-12
41 136 8.46342e-13
42 136 5.28736e-13
43 136 2.14779e-13
44 136 2.14878e-14
45 136 2.66968e-14
46 136 1.85223e-13
47 136 2.16338e-13
48 136 9.83927e-13
49 136 2.32153e-12
50 136 6.37814e-14
51 136 2.03604e-13
52 136 8.11408e-13
53 136 8.78955e-13
54 136 1.38629e-12
55 136 7.79507e-13
56 136 1.76982e-12
57 136 2.27456e-12
58 136 1.08864e-13
59 136 4.47483e-14
60 136 7.6587e-07
61 136 3.56148e-07
62 136 1.02831e-06
63 136 2.42275e-06
64 136 2.17533e-07
65 136 7.88499e-07
66 136 2.03149e-07
67 136 4.17484e-06
68 136 4.80953e-08
69 136 4.65444e-07
70 136 2.35625e-07
71 136 6.38233e-08
72 136 4.35976e-12
73 136 2.90173e-12
74 136 7.17649e-12
75 136 1.73898e-12
76 136 2.43098e-13
77 136 8.2304e-14
78 136 1.11964e-09
79 136 2.97228e-10
0 137 5.17794e-13
1 137 2.45648e-12
2 137 4.97109e-12
3 137 2.83283e-12
4 137 9.20332e-12
5 137 3.05459e-11
6 137 6.96499e-13
7 137 3.27551e-13
8 137 2.86767e-11
9 137 4.82491e-12
10 137 2.56767e-11
11 137 1.48057e-12
12 137 2.31384e-11
13 137 5.09421e-11
14 137 6.47191e-12
15 137 1.78716e-13
16 137 1.53102e-06
17 137 2.73918e-07
18 137 6.829e-06
19 137 3.39429e-07
20 137 1.26142e-06
21 137 7.02632e-06
22 137 1.91905e-07
23 137 1.13762e-06
24 137 5.42491e-08
25 137 2.82216e-07
26 137 2.12356e-07
27 137 3.44304e-08
28 137 5.54395e-10
29 137 1.22773e-08
30 137 2.75289e-08
31 137 5.59192e-10
32 137 1.01419e-07
33 137 6.04493e-08
34 137 1.24067e-07
35 137 4.96503e-08
36 137 1.77288e-07
37 137 1.93252e-09
38 137 2.08464e-08
39 137 1.68429e-07
40 137 8.46659e-13
41 137 1.53864e-12
42 137 2.12522e-13
43 137 5.28351e-13
44 137 2.66091e-14
45 137 2.15305e-14
46 137 2.16366e-13
47 137 1.84819e-13
48 137 2.32698e-12
49 137 9.84123e-13
50 137 2.04459e-13
51 137 6.40367e-14
52 137 8.80547e-13
53 137 8.1119e-13
54 137 7.7708e-13
55 137 1.38733e-12
56 137 2.28002e-12
57 137 1.76951e-12
58 137 4.45939e-14
59 137 1.08546e-13
60 137 3.5597e-07
61 137 7.66902e-07
62 137 2.42277e-06
63 137 1.02807e-06
64 137 7.88022e-07
65 137 2.17848e-07
66 137 4.17518e-06
67 137 2.03527e-07
68 137 4.6539e-07
69 137 4.81299e-08
70 137 6.38213e-08
71 137 2.35788e-07
72 137 2.9035e-12
73 137 4.35928e-12
74 137 1.73855e-12
75 137 7.17968e-12
76 137 8.20058e-14
77 137 2.42027e-13
78 137 2.97291e-10
79 137 1.11906e-09
0 138 9.69494e-07
1 138 4.30387e-06
2 138 6.74083e-09
3 138 6.24405e-09
4 138 2.75944e-06
5 138 1.81097e-08
6 138 2.09786e-06
7 138 1.1889e-06
8 138 2.22746e-07
9 138 2.00813e-07
10 138 4.32848e-09
11 138 5.60023e-10
12 138 2.92007e-08
13 138 1.69312e-08
14 138 4.035e-08
15 138 1.37122e-08
16 138 2.85687e-12
17 138 4.69589e-11
18 138 1.35676e-12
19 138 1.24831e-12
20 138 3.44243e-13
21 138 1.56795e-12
22 138 3.58535e-13
23 138 2.45365e-12
24 138 3.68972e-13
25 138 5.56449e-12
26 138 4.09692e-12
27 138 4.71969e-12
28 138 7.37013e-12
29 138 2.66908e-11
30 138 9.46131e-14
31 138 4.31117e-14
32 138 2.21974e-13
33 138 8.74323e-13
34 138 4.19536e-13
35 138 1.24504e-11
36 138 2.93011e-12
37 138 1.08181e-11
38 138 1.42567e-12
39 138 9.95504e-12
40 138 3.31598e-09
41 138 3.97268e-08
42 138 5.19103e-10
43 138 6.88976e-08
44 138 1.97613e-07
45 138 2.50886e-07
46 138 1.12169e-07
47 138 1.04736e-07
48 138 6.67579e-09
49 138 2.05795e-10
50 138 1.99945e-09
51 138 2.18863e-09
52 138 2.50297e-10
53 138 6.08965e-10
54 138 1.73961e-06
55 138 1.90751e-06
56 138 1.47994e-08
57 138 1.659e-07
58 138 8.44385e-08
59 138 3.96368e-09
60 138 2.75077e-12
61 138 1.23868e-12
62 138 1.03659e-12
63 138 4.41394e-12
64 138 4.87493e-12
65 138 4.16271e-12
66 138 1.4507e-13
67 138 1.39294e-11
68 138 4.0385e-13
69 138 1.38302e-12
70 138 6.31153e-12
71 138 1.50266e-11
72 138 9.17695e-09
73 138 1.38136e-08
74 138 2.43247e-07
75 138 1.26311e-07
76 138 1.82665e-07
77 138 8.63102e-08
78 138 8.21602e-13
79 138 1.16649e-12
0 139 4.30399e-06
1 139 9.69793e-07
2 139 6.24256e-09
3 139 6.73405e-09
4 139 1.81466e-08
5 139 2.75841e-06
6 139 1.18743e-06
7 139 2.09924e-06
8 139 2.00698e-07
9 139 2.22904e-07
10 139 5.61316e-10
11 139 4.3316e-09
12 139 1.6957e-08
13 139 2.91766e-08
14 139 1.37035e-08
15 139 4.03465e-08
16 139 4.69326e-11
17 139 2.83944e-12
18 139 1.20626e-12
19 139 1.33106e-12
20 139 1.58877e-12
21 139 3.37417e-13
22 139 2.45193e-12
23 139 3.60716e-13
24 139 5.53998e-12
25 139 3.71791e-13
26 139 4.69211e-12
27 139 4.08983e-12
28 139 2.66467e-11
29 139 7.34659e-12
30 139 4.13757e-14
31 139 9.43356e-14
32 139 8.7867e-13
33 139 2.20677e-13
34 139 1.24156e-11
35 139 4.15697e-13
36 139 1.08455e-11
37 139 2.92607e-12
38 139 9.98647e-12
39 139 1.42329e-12
40 139 3.96895e-08
41 139 3.31257e-09
42 139 6.88389e-08
43 139 5.14375e-10
44 139 2.50962e-07
45 139 1.97546e-07
46 139 1.0468e-07
47 139 1.12287e-07
48 139 2.04706e-10
49 139 6.67329e-09
50 139 2.18811e-09
51 139 1.99972e-09
52 139 6.09151e-10
53 139 2.50212e-10
54 139 1.90709e-06
55 139 1.74115e-06
56 139 1.65731e-07
57 139 1.48431e-08
58 139 3.94428e-09
59 139 8.44982e-08
60 139 1.24073e-12
61 139 2.74845e-12
62 139 4.41542e-12
63 139 1.0351e-12
64 139 4.15412e-12
65 139 4.87412e-12
66 139 1.39163e-11
67 139 1.45509e-13
68 139 1.3829e-12
69 139 4.0324e-13
70 139 1.50237e-11
71 139 6.32535e-12
72 139 1.38235e-08
73 139 9.17311e-09
74 139 1.26223e-07
75 139 2.43374e-07
76 139 8.62164e-08
77 139 1.82617e-07
78 139 1.16774e-12
79 139 8.24841e-13
0 140 3.83433e-07
1 140 1.07134e-07
2 140 3.54297e-06
3 140 2.02193e-06
4 140 1.76862e-06
5 140 1.32406e-06
6 140 2.92294e-06
7 140 2.65887e-06
8 140 2.66727e-07
9 140 8.36271e-08
10 140 1.41276e-07
11 140 3.00033e-07
12 140 1.13401e-07
13 140 7.64292e-08
14 140 3.66951e-07
15 140 2.2743e-07
16 140 2.90405e-11
17 140 4.53105e-13
18 140 1.11374e-12
19 140 7.30218e-13
20 140 2.12088e-12
21 140 2.44783e-13
22 140 4.39731e-13
23 140 1.01075e-11
24 140 2.90649e-11
25 140 1.62471e-11
26 140 4.65255e-12
27 140 7.54653e-12
28 140 2.27905e-12
29 140 1.24232e-11
30 140 1.5632e-14
31 140 6.58919e-13
32 140 5.36568e-13
33 140 3.16188e-13
34 140 1.38923e-12
35 140 1.77813e-12
36 140 2.5466e-13
37 140 4.94844e-14
38 140 3.72635e-12
39 140 1.68454e-12
40 140 2.55423e-07
41 140 2.89145e-07
42 140 1.10503e-07
43 140 1.03226e-08
44 140 7.27083e-08
45 140 1.65837e-08
46 140 4.20928e-09
47 140 3.03024e-09
48 140 2.26094e-07
49 140 7.38203e-07
50 140 1.46533e-07
51 140 1.26196e-07
52 140 2.09328e-08
53 140 1.98299e-08
54 140 3.45852e-07
55 140 1.3942e-07
56 140 7.61168e-07
57 140 3.90376e-07
58 140 3.55487e-09
59 140 1.60038e-06
60 140 6.25938e-12
61 140 9.90742e-12
62 140 3.10465e-12
63 140 1.69566e-12
64 140 5.26086e-13
65 140 8.64938e-12
66 140 4.07744e-12
67 140 4.29872e-12
68 140 1.71867e-12
69 140 7.20167e-14
70 140 4.41168e-11
71 140 1.25022e-11
72 140 1.76983e-08
73 140 2.18582e-09
74 140 1.22763e-08
75 140 1.72501e-08
76 140 1.75005e-08
77 140 3.26431e-08
78 140 3.0214e-12
79 140 7.57414e-13
0 141 1.07106e-07
1 141 3.83463e-07
2 141 2.02513e-06
3 141 3.54293e-06
4 141 1.32505e-06
5 141 1.76799e-06
6 141 2.65742e-06
7 141 2.92466e-06
8 141 8.36192e-08
9 141 2.66297e-07
10 141 3.00288e-07
11 141 1.41242e-07
12 141 7.63962e-08
13 141 1.13338e-07
14 141 2.27304e-07
15 141 3.6712e-07
16 141 4.29397e-13
17 141 2.89344e-11
18 141 7.02748e-13
19 141 1.12167e-12
20 141 2.41281e-13
21 141 2.15462e-12
22 141 1.0096e-11
23 141 4.35568e-13
24 141 1.62155e-11
25 141 2.92365e-11
26 141 7.5842e-12
27 141 4.68614e-12
28 141 1.24534e-11
29 141 2.27874e-12
30 141 6.55708e-13
31 141 1.67277e-14
32 141 3.17574e-13
33 141 5.3211e-13
34 141 1.78556e-12
35 141 1.38264e-12
36 141 5.15881e-14
37 141 2.5229e-13
38 141 1.6875e-12
39 141 3.74724e-12
40 141 2.89222e-07
41 141 2.55599e-07
42 141 1.0317e-08
43 141 1.10459e-07
44 141 1.65697e-08
45 141 7.2647e-08
46 141 3.02857e-09
47 141 4.20211e-09
48 141 7.38153e-07
49 141 2.26231e-07
50 141 1.26083e-07
51 141 1.46382e-07
52 141 1.9837e-08
53 141 2.09453e-08
54 141 1.39492e-07
55 141 3.45147e-07
56 141 3.90028e-07
57 141 7.61859e-07
58 141 1.59956e-06
59 141 3.55876e-09
60 141 9.90418e-12
61 141 6.26531e-12
62 141 1.69922e-12
63 141 3.10385e-12
64 141 8.64695e-12
65 141 5.26348e-13
66 141 4.29539e-12
67 141 4.07452e-12
68 141 7.14947e-14
69 141 1.72102e-12
70 141 1.24846e-11
71 141 4.41098e-11
72 141 2.18608e-09
73 141 1.76736e-08
74 141 1.72291e-08
75 141 1.22692e-08
76 141 3.26481e-08
77 141 1.75054e-08
78 141 7.58721e-13
79 141 3.02143e-12
0 142 1.16132e-07
1 142 4.813e-08
2 142 3.19206e-06
3 142 2.23453e-06
4 142 1.50048e-06
5 142 1.39731e-06
6 142 2.61854e-08
7 142 3.60385e-06
8 142 5.42473e-07
9 142 4.07877e-07
10 142 2.28191e-08
11 142 3.0982e-07
12 142 4.72834e-07
13 142 7.67572e-08
14 142 8.58017e-09
15 142 4.45174e-08
16 142 1.4639e-11
17 142 1.12827e-11
18 142 8.20322e-13
19 142 4.8257e-13
20 142 2.24997e-12
21 142 2.06777e-15
22 142 4.38721e-12
23 142 2.8355e-13
24 142 1.78497e-11
25 142 3.00756e-12
26 142 2.04654e-12
27 142 3.72153e-12
28 142 9.2496e-12
29 142 1.7719e-12
30 142 6.36364e-14
31 142 4.54492e-14
32 142 4.70486e-13
33 142 2.11031e-13
34 142 2.74481e-12
35 142 2.28766e-12
36 142 9.00475e-13
37 142 2.62618e-12
38 142 6.01941e-13
39 142 3.37544e-12
40 142 3.05577e-08
41 142 5.30391e-09
42 142 3.55332e-08
43 142 3.25985e-07
44 142 1.09137e-07
45 142 1.22065e-08
46 142 1.86663e-08
47 142 9.90568e-09
48 142 9.866e-08
49 142 1.01491e-07
50 142 1.62435e-07
51 142 5.34341e-07
52 142 4.68916e-10
53 142 4.98959e-08
54 142 1.25948e-06
55 142 1.52541e-06
56 142 2.85453e-07
57 142 2.10066e-07
58 142 5.93008e-07
59 142 7.92788e-08
60 142 1.01654e-12
61 142 2.45327e-12
62 142 6.41775e-13
63 142 1.41075e-12
64 142 7.34322e-13
65 142 4.49963e-12
66 142 7.22313e-12
67 142 1.12388e-12
68 142 2.86771e-13
69 142 7.14073e-14
70 142 5.19181e-13
71 142 1.27234e-11
72 142 3.13468e-09
73 142 7.88583e-08
74 142 1.35538e-08
75 142 1.03601e-08
76 142 1.03937e-09
77 142 8.21501e-10
78 142 1.65863e-13
79 142 3.46574e-13
0 143 4.81039e-08
1 143 1.16117e-07
2 143 2.2354e-06
3 143 3.19258e-06
4 143 1.39541e-06
5 143 1.49918e-06
6 143 3.60625e-06
7 143 2.60463e-08
8 143 4.07797e-07
9 143 5.4211e-07
10 143 3.09888e-07
11 143 2.28219e-08
12 143 7.66913e-08
13 143 4.73094e-07
14 143 4.45211e-08
15 143 8.61206e-09
16 143 1.13159e-11
17 143 1.46233e-11
18 143 4.99878e-13
19 143 7.92466e-13
20 143 1.49551e-15
21 143 2.21028e-12
22 143 2.73196e-13
23 143 4.41251e-12
24 143 3.02539e-12
25 143 1.78554e-11
26 143 3.72389e-12
27 143 2.04586e-12
28 143 1.76936e-12
29 143 9.22989e-12
30 143 4.51696e-14
31 143 6.83912e-14
32 143 2.08775e-13
33 143 4.77878e-13
34 143 2.29075e-12
35 143 2.75939e-12
36 143 2.64711e-12
37 143 8.92038e-13
38 143 3.36822e-12
39 143 6.03888e-13
40 143 5.30751e-09
41 143 3.05838e-08
42 143 3.25928e-07
43 143 3.55382e-08
44 143 1.22376e-08
45 143 1.09055e-07
46 143 9.90107e-09
47 143 1.86537e-08
48 143 1.01651e-07
49 143 9.88145e-08
50 143 5.34471e-07
51 143 1.62509e-07
52 143 4.99102e-08
53 143 4.68333e-10
54 143 1.52451e-06
55 143 1.25859e-06
56 143 2.10075e-07
57 143 2.8581e-07
58 143 7.92592e-08
59 143 5.92409e-07
60 143 2.45013e-12
61 143 1.0156e-12
62 143 1.41462e-12
63 143 6.43055e-13
64 143 4.499e-12
65 143 7.33593e-13
66 143 1.12338e-12
67 143 7.21688e-12
68 143 7.18476e-14
69 143 2.87412e-13
70 143 1.27089e-11
71 143 5.21098e-13
72 143 7.88088e-08
73 143 3.13743e-09
74 143 1.03469e-08
75 143 1.35468e-08
76 143 8.19639e-10
77 143 1.04078e-09
78 143 3.46882e-13
79 143 1.64531e-13
