0 40 0.000269962
1 40 0.000134575
2 40 3.54977e-10
3 40 8.01159e-10
4 40 7.9254e-10
5 40 3.8522e-11
6 40 1.80377e-14
7 40 3.87279e-14
8 40 1.89669e-14
9 40 3.10086e-14
10 40 8.91204e-14
11 40 7.28277e-14
12 40 1.45776e-14
13 40 8.41803e-14
14 40 1.75485e-14
15 40 2.16143e-13
16 40 1.42359e-13
17 40 6.22699e-15
18 40 3.94762e-14
19 40 8.27464e-16
20 40 5.01176e-09
21 40 1.82881e-08
22 40 5.08041e-10
23 40 1.76762e-08
24 40 2.27322e-08
25 40 3.80423e-08
26 40 0.0126527
27 40 0.000873483
28 40 5.63723e-08
29 40 5.01294e-09
30 40 3.11085e-08
31 40 4.23157e-09
32 40 4.60824e-12
33 40 2.63007e-14
34 40 3.80188e-13
35 40 2.7608e-13
36 40 1.55129e-13
37 40 2.25341e-12
38 40 0.36316
39 40 0.0784614
0 41 0.000134575
1 41 0.000269962
2 41 8.01159e-10
3 41 3.54976e-10
4 41 3.8522e-11
5 41 7.9254e-10
6 41 3.87279e-14
7 41 1.80377e-14
8 41 3.10095e-14
9 41 1.89661e-14
10 41 7.28283e-14
11 41 8.91177e-14
12 41 8.41882e-14
13 41 1.45798e-14
14 41 2.16141e-13
15 41 1.75484e-14
16 41 6.22678e-15
17 41 1.42358e-13
18 41 8.27534e-16
19 41 3.94753e-14
20 41 1.82881e-08
21 41 5.01176e-09
22 41 1.76762e-08
23 41 5.08041e-10
24 41 3.80423e-08
25 41 2.27322e-08
26 41 0.000873483
27 41 0.0126527
28 41 5.01294e-09
29 41 5.63723e-08
30 41 4.23157e-09
31 41 3.11085e-08
32 41 2.63018e-14
33 41 4.60823e-12
34 41 2.76078e-13
35 41 3.80195e-13
36 41 2.25351e-12
37 41 1.5513e-13
38 41 0.0784614
39 41 0.36316
0 42 7.60857e-15
1 42 1.03149e-14
2 42 3.50994e-14
3 42 8.16404e-15
4 42 2.60594e-14
5 42 5.28771e-16
6 42 3.89536e-11
7 42 7.22985e-10
8 42 1.13019e-06
9 42 3.31184e-05
10 42 8.14003e-05
11 42 0.000472394
12 42 4.78601e-09
13 42 8.61222e-09
14 42 1.51129e-08
15 42 6.2356e-09
16 42 1.1235e-07
17 42 5.42671e-08
18 42 1.71899e-05
19 42 5.66895e-06
20 42 8.04794e-14
21 42 1.08719e-13
22 42 1.64599e-13
23 42 6.01057e-13
24 42 1.96815e-13
25 42 1.04022e-13
26 42 4.50207e-14
27 42 3.13117e-13
28 42 9.78386e-15
29 42 4.74423e-14
30 42 2.07596e-13
31 42 7.38356e-14
32 42 0.000724059
33 42 0.00704243
34 42 0.000200843
35 42 0.000664177
36 42 1.75454e-07
37 42 2.61199e-07
38 42 2.10847e-13
39 42 2.41963e-12
0 43 1.03121e-14
1 43 7.60835e-15
2 43 8.16305e-15
3 43 3.50949e-14
4 43 5.28791e-16
5 43 2.60579e-14
6 43 7.22985e-10
7 43 3.89535e-11
8 43 3.31184e-05
9 43 1.13019e-06
10 43 0.000472394
11 43 8.14003e-05
12 43 8.61222e-09
13 43 4.78601e-09
14 43 6.2356e-09
15 43 1.51129e-08
16 43 5.42671e-08
17 43 1.1235e-07
18 43 5.66895e-06
19 43 1.71899e-05
20 43 1.0872e-13
21 43 8.04794e-14
22 43 6.01056e-13
23 43 1.64597e-13
24 43 1.04021e-13
25 43 1.96814e-13
26 43 3.13116e-13
27 43 4.5021e-14
28 43 4.74428e-14
29 43 9.78383e-15
30 43 7.38353e-14
31 43 2.07597e-13
32 43 0.00704243
33 43 0.000724059
34 43 0.000664177
35 43 0.000200843
36 43 2.61199e-07
37 43 1.75454e-07
38 43 2.41963e-12
39 43 2.10851e-13
0 44 1.14138e-15
1 44 1.40026e-15
2 44 1.11238e-14
3 44 2.23803e-15
4 44 4.87804e-15
5 44 1.78131e-14
6 44 1.64872e-10
7 44 4.47976e-10
8 44 0.000384109
9 44 0.000169828
10 44 1.79389e-05
11 44 1.63419e-05
12 44 1.91701e-09
13 44 2.19289e-09
14 44 2.48467e-09
15 44 4.28251e-09
16 44 1.38379e-05
17 44 8.3421e-06
18 44 1.29914e-08
19 44 2.36628e-07
20 44 7.35531e-14
21 44 1.38734e-13
22 44 1.05638e-13
23 44 3.09424e-14
24 44 1.92276e-14
25 44 6.12895e-14
26 44 5.19387e-15
27 44 4.11469e-14
28 44 1.46892e-13
29 44 4.69457e-15
30 44 2.61976e-14
31 44 2.86587e-13
32 44 0.000343213
33 44 0.000511724
34 44 0.00423062
35 44 0.00346832
36 44 1.72233e-08
37 44 1.37566e-07
38 44 1.11968e-13
39 44 1.63196e-13
0 45 1.40042e-15
1 45 1.14052e-15
2 45 2.23797e-15
3 45 1.11228e-14
4 45 1.78138e-14
5 45 4.87675e-15
6 45 4.47976e-10
7 45 1.64872e-10
8 45 0.000169828
9 45 0.000384109
10 45 1.63419e-05
11 45 1.79389e-05
12 45 2.19289e-09
13 45 1.91701e-09
14 45 4.28251e-09
15 45 2.48467e-09
16 45 8.3421e-06
17 45 1.38379e-05
18 45 2.36628e-07
19 45 1.29914e-08
20 45 1.38734e-13
21 45 7.35534e-14
22 45 3.0943e-14
23 45 1.05636e-13
24 45 6.12899e-14
25 45 1.92272e-14
26 45 4.11478e-14
27 45 5.19366e-15
28 45 4.6947e-15
29 45 1.46893e-13
30 45 2.86589e-13
31 45 2.61973e-14
32 45 0.000511724
33 45 0.000343213
34 45 0.00346832
35 45 0.00423062
36 45 1.37566e-07
37 45 1.72233e-08
38 45 1.63196e-13
39 45 1.11969e-13
0 46 2.3028e-15
1 46 1.47745e-15
2 46 4.69442e-14
3 46 1.97084e-15
4 46 3.56146e-14
5 46 2.97105e-15
6 46 3.26048e-11
7 46 8.5452e-11
8 46 5.15862e-11
9 46 6.57312e-09
10 46 1.83898e-09
11 46 1.63631e-08
12 46 0.000115835
13 46 0.000322899
14 46 8.22428e-09
15 46 6.48431e-09
16 46 1.57086e-08
17 46 8.84904e-09
18 46 7.19332e-10
19 46 1.79747e-09
20 46 9.34229e-14
21 46 1.43382e-13
22 46 2.48196e-14
23 46 6.92526e-15
24 46 2.73516e-14
25 46 4.33165e-15
26 46 7.18527e-14
27 46 2.90601e-14
28 46 4.37405e-13
29 46 1.23571e-12
30 46 1.06947e-12
31 46 3.797e-14
32 46 2.71808e-08
33 46 3.57759e-08
34 46 2.24587e-08
35 46 4.94785e-08
36 46 0.00168402
37 46 0.00359806
38 46 3.00882e-13
39 46 3.82512e-13
0 47 1.47671e-15
1 47 2.30311e-15
2 47 1.97115e-15
3 47 4.69427e-14
4 47 2.97138e-15
5 47 3.56148e-14
6 47 8.54519e-11
7 47 3.26047e-11
8 47 6.57312e-09
9 47 5.15862e-11
10 47 1.63631e-08
11 47 1.83898e-09
12 47 0.000322899
13 47 0.000115835
14 47 6.48431e-09
15 47 8.22428e-09
16 47 8.84904e-09
17 47 1.57086e-08
18 47 1.79747e-09
19 47 7.19332e-10
20 47 1.43381e-13
21 47 9.34239e-14
22 47 6.92534e-15
23 47 2.48189e-14
24 47 4.33163e-15
25 47 2.73506e-14
26 47 2.9061e-14
27 47 7.18466e-14
28 47 1.23571e-12
29 47 4.37406e-13
30 47 3.79693e-14
31 47 1.06947e-12
32 47 3.57759e-08
33 47 2.71808e-08
34 47 4.94785e-08
35 47 2.24587e-08
36 47 0.00359806
37 47 0.00168402
38 47 3.82512e-13
39 47 3.00864e-13
0 48 4.13795e-08
1 48 1.82357e-08
2 48 8.71791e-05
3 48 3.74554e-05
4 48 4.42656e-05
5 48 4.44857e-05
6 48 9.87371e-16
7 48 1.32825e-15
8 48 1.52473e-15
9 48 8.80667e-15
10 48 2.31039e-15
11 48 8.55375e-14
12 48 1.66866e-14
13 48 1.62709e-14
14 48 5.02945e-15
15 48 2.45888e-14
16 48 3.8665e-14
17 48 5.18135e-16
18 48 2.34928e-14
19 48 3.29763e-14
20 48 1.94594e-08
21 48 7.35587e-08
22 48 5.27227e-06
23 48 9.89399e-06
24 48 2.20334e-05
25 48 2.57438e-05
26 48 2.65514e-07
27 48 8.45772e-08
28 48 0.0025201
29 48 0.000781439
30 48 5.14381e-06
31 48 0.000134431
32 48 2.91978e-14
33 48 1.38757e-14
34 48 4.05316e-15
35 48 1.28825e-13
36 48 6.45022e-15
37 48 2.32224e-12
38 48 9.97582e-08
39 48 1.00507e-07
0 49 1.82357e-08
1 49 4.13795e-08
2 49 3.74554e-05
3 49 8.71791e-05
4 49 4.44857e-05
5 49 4.42656e-05
6 49 1.32824e-15
7 49 9.87354e-16
8 49 8.80635e-15
9 49 1.52457e-15
10 49 8.55378e-14
11 49 2.31035e-15
12 49 1.62704e-14
13 49 1.66867e-14
14 49 2.45893e-14
15 49 5.02957e-15
16 49 5.18162e-16
17 49 3.8665e-14
18 49 3.29758e-14
19 49 2.3493e-14
20 49 7.35587e-08
21 49 1.94594e-08
22 49 9.89399e-06
23 49 5.27227e-06
24 49 2.57438e-05
25 49 2.20334e-05
26 49 8.45772e-08
27 49 2.65514e-07
28 49 0.000781439
29 49 0.0025201
30 49 0.000134431
31 49 5.14381e-06
32 49 1.3876e-14
33 49 2.91982e-14
34 49 1.28825e-13
35 49 4.05325e-15
36 49 2.32224e-12
37 49 6.45007e-15
38 49 1.00507e-07
39 49 9.97582e-08
0 50 1.86891e-08
1 50 1.12469e-08
2 50 2.1304e-05
3 50 6.85023e-05
4 50 9.13095e-05
5 50 3.41937e-05
6 50 1.0935e-15
7 50 2.44258e-15
8 50 2.02404e-14
9 50 2.12956e-14
10 50 2.39898e-14
11 50 4.68994e-15
12 50 4.19308e-15
13 50 1.18521e-14
14 50 1.57362e-14
15 50 1.66664e-14
16 50 4.7713e-15
17 50 6.67098e-15
18 50 3.10509e-14
19 50 8.67454e-14
20 50 4.92928e-09
21 50 2.00798e-09
22 50 2.92639e-05
23 50 1.68035e-05
24 50 1.21697e-05
25 50 4.02111e-06
26 50 1.61695e-07
27 50 1.51504e-08
28 50 2.61992e-05
29 50 0.000111354
30 50 0.00137201
31 50 0.00191127
32 50 4.13857e-13
33 50 5.024e-13
34 50 7.34535e-13
35 50 4.39428e-15
36 50 1.711e-12
37 50 4.56917e-13
38 50 8.43696e-08
39 50 1.61076e-08
0 51 1.12469e-08
1 51 1.86891e-08
2 51 6.85023e-05
3 51 2.1304e-05
4 51 3.41937e-05
5 51 9.13095e-05
6 51 2.44253e-15
7 51 1.09353e-15
8 51 2.12959e-14
9 51 2.02408e-14
10 51 4.68996e-15
11 51 2.399e-14
12 51 1.1852e-14
13 51 4.19319e-15
14 51 1.66663e-14
15 51 1.57361e-14
16 51 6.6711e-15
17 51 4.77138e-15
18 51 8.67471e-14
19 51 3.10505e-14
20 51 2.00798e-09
21 51 4.92928e-09
22 51 1.68035e-05
23 51 2.92639e-05
24 51 4.02111e-06
25 51 1.21697e-05
26 51 1.51504e-08
27 51 1.61695e-07
28 51 0.000111354
29 51 2.61992e-05
30 51 0.00191127
31 51 0.00137201
32 51 5.02398e-13
33 51 4.13856e-13
34 51 4.39433e-15
35 51 7.34534e-13
36 51 4.56919e-13
37 51 1.711e-12
38 51 1.61076e-08
39 51 8.43696e-08
0 52 0.000657643
1 52 0.000170289
2 52 8.51734e-09
3 52 4.9231e-09
4 52 2.71676e-09
5 52 8.37105e-09
6 52 6.02456e-14
7 52 9.67472e-15
8 52 3.66951e-14
9 52 4.73329e-14
10 52 2.56528e-13
11 52 2.24178e-14
12 52 3.18508e-14
13 52 1.11355e-13
14 52 4.75211e-14
15 52 1.03967e-13
16 52 2.22246e-14
17 52 6.01234e-14
18 52 9.54135e-15
19 52 1.334e-14
20 52 1.2039e-07
21 52 4.98591e-08
22 52 2.2919e-09
23 52 3.18634e-08
24 52 2.25496e-09
25 52 2.55783e-08
26 52 0.00128339
27 52 0.00317878
28 52 1.2464e-07
29 52 3.11624e-08
30 52 9.43119e-10
31 52 4.20038e-08
32 52 2.99612e-13
33 52 3.60486e-13
34 52 9.42611e-14
35 52 8.98866e-15
36 52 2.2614e-13
37 52 8.40831e-14
38 52 0.000888563
39 52 0.00176757
0 53 0.000170289
1 53 0.000657643
2 53 4.9231e-09
3 53 8.51734e-09
4 53 8.37105e-09
5 53 2.71676e-09
6 53 9.67495e-15
7 53 6.02479e-14
8 53 4.73357e-14
9 53 3.6696e-14
10 53 2.24192e-14
11 53 2.56525e-13
12 53 1.11356e-13
13 53 3.18467e-14
14 53 1.03968e-13
15 53 4.75218e-14
16 53 6.01241e-14
17 53 2.2225e-14
18 53 1.33402e-14
19 53 9.54135e-15
20 53 4.98591e-08
21 53 1.2039e-07
22 53 3.18634e-08
23 53 2.2919e-09
24 53 2.55783e-08
25 53 2.25496e-09
26 53 0.00317878
27 53 0.00128339
28 53 3.11624e-08
29 53 1.2464e-07
30 53 4.20038e-08
31 53 9.43119e-10
32 53 3.60487e-13
33 53 2.99611e-13
34 53 8.98828e-15
35 53 9.42609e-14
36 53 8.40881e-14
37 53 2.2613e-13
38 53 0.00176757
39 53 0.000888563
0 54 1.91824e-07
1 54 6.15406e-09
2 54 1.41338e-08
3 54 6.00292e-09
4 54 1.33357e-08
5 54 5.77262e-09
6 54 5.01289e-16
7 54 9.60761e-17
8 54 9.98376e-16
9 54 2.42615e-14
10 54 4.10231e-15
11 54 5.82006e-14
12 54 8.58135e-15
13 54 4.15848e-15
14 54 1.40639e-15
15 54 6.14713e-15
16 54 7.68451e-15
17 54 6.82417e-16
18 54 4.31568e-16
19 54 1.04055e-15
20 54 9.87511e-05
21 54 0.000412969
22 54 2.31144e-10
23 54 1.40972e-08
24 54 1.04908e-08
25 54 1.98967e-09
26 54 2.94159e-07
27 54 6.51894e-07
28 54 1.15588e-07
29 54 7.24094e-08
30 54 6.3779e-09
31 54 6.68052e-10
32 54 5.25595e-14
33 54 1.9831e-13
34 54 9.19923e-15
35 54 2.33412e-14
36 54 5.43617e-15
37 54 2.36442e-13
38 54 9.49474e-08
39 54 4.78082e-07
0 55 6.15406e-09
1 55 1.91824e-07
2 55 6.00292e-09
3 55 1.41338e-08
4 55 5.77262e-09
5 55 1.33357e-08
6 55 9.60477e-17
7 55 5.01264e-16
8 55 2.42618e-14
9 55 9.98359e-16
10 55 5.82007e-14
11 55 4.1024e-15
12 55 4.15843e-15
13 55 8.58144e-15
14 55 6.14731e-15
15 55 1.40636e-15
16 55 6.82395e-16
17 55 7.68463e-15
18 55 1.04057e-15
19 55 4.3156e-16
20 55 0.000412969
21 55 9.87511e-05
22 55 1.40972e-08
23 55 2.31144e-10
24 55 1.98967e-09
25 55 1.04908e-08
26 55 6.51894e-07
27 55 2.94159e-07
28 55 7.24094e-08
29 55 1.15588e-07
30 55 6.68052e-10
31 55 6.3779e-09
32 55 1.9831e-13
33 55 5.25591e-14
34 55 2.33412e-14
35 55 9.19927e-15
36 55 2.36442e-13
37 55 5.43613e-15
38 55 4.78082e-07
39 55 9.49474e-08
0 56 1.65877e-15
1 56 1.6278e-14
2 56 7.42849e-16
3 56 2.27575e-15
4 56 1.66677e-16
5 56 2.71555e-15
6 56 3.77772e-06
7 56 1.29924e-05
8 56 4.50408e-07
9 56 2.06266e-08
10 56 6.40295e-09
11 56 4.50161e-08
12 56 9.78496e-10
13 56 3.71473e-09
14 56 0.000293807
15 56 4.15669e-05
16 56 1.6134e-07
17 56 2.65096e-07
18 56 1.61837e-08
19 56 2.96985e-09
20 56 5.11114e-14
21 56 1.2203e-14
22 56 4.73698e-14
23 56 8.87888e-15
24 56 1.94625e-14
25 56 1.30206e-13
26 56 6.97299e-16
27 56 1.22257e-15
28 56 4.41487e-14
29 56 2.20675e-14
30 56 3.57542e-15
31 56 9.13062e-14
32 56 7.19169e-09
33 56 5.56321e-08
34 56 8.41016e-08
35 56 5.12971e-08
36 56 7.55481e-09
37 56 2.09193e-09
38 56 7.68234e-15
39 56 6.47109e-15
0 57 1.62775e-14
1 57 1.65883e-15
2 57 2.27554e-15
3 57 7.42577e-16
4 57 2.71611e-15
5 57 1.66647e-16
6 57 1.29924e-05
7 57 3.77772e-06
8 57 2.06266e-08
9 57 4.50408e-07
10 57 4.50161e-08
11 57 6.40295e-09
12 57 3.71473e-09
13 57 9.78496e-10
14 57 4.15669e-05
15 57 0.000293807
16 57 2.65096e-07
17 57 1.6134e-07
18 57 2.96985e-09
19 57 1.61837e-08
20 57 1.22028e-14
21 57 5.11117e-14
22 57 8.87885e-15
23 57 4.73698e-14
24 57 1.30205e-13
25 57 1.94627e-14
26 57 1.22256e-15
27 57 6.973e-16
28 57 2.20678e-14
29 57 4.4149e-14
30 57 9.13063e-14
31 57 3.57545e-15
32 57 5.56321e-08
33 57 7.19169e-09
34 57 5.12971e-08
35 57 8.41016e-08
36 57 2.09193e-09
37 57 7.55481e-09
38 57 6.47107e-15
39 57 7.68227e-15
0 58 1.86109e-14
1 58 1.23279e-15
2 58 1.47019e-14
3 58 6.01197e-15
4 58 3.10923e-15
5 58 1.18152e-15
6 58 4.52773e-09
7 58 2.59577e-08
8 58 9.06846e-05
9 58 0.000144898
10 58 1.89975e-05
11 58 8.82591e-06
12 58 1.87304e-09
13 58 2.68426e-09
14 58 1.54332e-07
15 58 4.20298e-07
16 58 9.35773e-05
17 58 1.5606e-05
18 58 1.13563e-05
19 58 2.11505e-06
20 58 1.0087e-14
21 58 2.56929e-14
22 58 2.85574e-13
23 58 6.2519e-14
24 58 8.31459e-14
25 58 1.67471e-13
26 58 3.58033e-15
27 58 1.66085e-14
28 58 8.78044e-14
29 58 1.99192e-14
30 58 1.77279e-14
31 58 1.28631e-14
32 58 1.44218e-05
33 58 2.0408e-05
34 58 3.48802e-05
35 58 3.93412e-05
36 58 2.51646e-10
37 58 4.49434e-09
38 58 8.07049e-15
39 58 1.62813e-14
0 59 1.23318e-15
1 59 1.86107e-14
2 59 6.01147e-15
3 59 1.4702e-14
4 59 1.18163e-15
5 59 3.10865e-15
6 59 2.59577e-08
7 59 4.52773e-09
8 59 0.000144898
9 59 9.06846e-05
10 59 8.82591e-06
11 59 1.89975e-05
12 59 2.68426e-09
13 59 1.87304e-09
14 59 4.20298e-07
15 59 1.54332e-07
16 59 1.5606e-05
17 59 9.35773e-05
18 59 2.11505e-06
19 59 1.13563e-05
20 59 2.5693e-14
21 59 1.0087e-14
22 59 6.25191e-14
23 59 2.85574e-13
24 59 1.67471e-13
25 59 8.31454e-14
26 59 1.66086e-14
27 59 3.58026e-15
28 59 1.99192e-14
29 59 8.78048e-14
30 59 1.28631e-14
31 59 1.77278e-14
32 59 2.0408e-05
33 59 1.44218e-05
34 59 3.93412e-05
35 59 3.48802e-05
36 59 4.49434e-09
37 59 2.51646e-10
38 59 1.62812e-14
39 59 8.07048e-15
0 60 6.36393e-15
1 60 8.03667e-15
2 60 3.36652e-14
3 60 1.45588e-14
4 60 1.11197e-14
5 60 1.33309e-14
6 60 8.14955e-10
7 60 1.10487e-11
8 60 2.41523e-06
9 60 2.49315e-05
10 60 0.00012825
11 60 0.000110148
12 60 2.45435e-10
13 60 2.29093e-09
14 60 4.19546e-09
15 60 9.43182e-09
16 60 2.5473e-06
17 60 1.11486e-05
18 60 1.3777e-05
19 60 9.1656e-05
20 60 5.79406e-14
21 60 3.38399e-14
22 60 1.52093e-13
23 60 8.26595e-13
24 60 1.8408e-13
25 60 5.68178e-13
26 60 3.10005e-14
27 60 6.60026e-15
28 60 8.73976e-14
29 60 4.58864e-14
30 60 2.20116e-14
31 60 1.7713e-14
32 60 3.529e-05
33 60 4.02336e-05
34 60 2.44571e-05
35 60 1.0222e-05
36 60 1.17213e-09
37 60 3.3095e-09
38 60 9.28758e-15
39 60 5.17122e-15
0 61 8.03506e-15
1 61 6.36591e-15
2 61 1.456e-14
3 61 3.36664e-14
4 61 1.33316e-14
5 61 1.11194e-14
6 61 1.10487e-11
7 61 8.14955e-10
8 61 2.49315e-05
9 61 2.41523e-06
10 61 0.000110148
11 61 0.00012825
12 61 2.29093e-09
13 61 2.45435e-10
14 61 9.43182e-09
15 61 4.19546e-09
16 61 1.11486e-05
17 61 2.5473e-06
18 61 9.1656e-05
19 61 1.3777e-05
20 61 3.38401e-14
21 61 5.79403e-14
22 61 8.26597e-13
23 61 1.52093e-13
24 61 5.68177e-13
25 61 1.8408e-13
26 61 6.60022e-15
27 61 3.10007e-14
28 61 4.58864e-14
29 61 8.73971e-14
30 61 1.77129e-14
31 61 2.20118e-14
32 61 4.02336e-05
33 61 3.529e-05
34 61 1.0222e-05
35 61 2.44571e-05
36 61 3.3095e-09
37 61 1.17213e-09
38 61 5.1709e-15
39 61 9.28771e-15
0 62 1.22928e-09
1 62 1.01197e-09
2 62 2.08709e-06
3 62 5.78965e-07
4 62 5.76161e-07
5 62 3.2594e-06
6 62 1.78e-15
7 62 5.03287e-15
8 62 3.36989e-14
9 62 5.98646e-15
10 62 4.29436e-14
11 62 3.9889e-13
12 62 6.4289e-15
13 62 9.08576e-15
14 62 6.18502e-14
15 62 4.84132e-15
16 62 4.47988e-15
17 62 2.39257e-14
18 62 8.24796e-14
19 62 5.97104e-14
20 62 1.19215e-10
21 62 6.28113e-10
22 62 1.9479e-05
23 62 0.000212914
24 62 5.31739e-05
25 62 1.89681e-05
26 62 2.09649e-09
27 62 3.38831e-09
28 62 2.86912e-06
29 62 5.59972e-07
30 62 1.76522e-06
31 62 4.32568e-05
32 62 7.97185e-14
33 62 3.99901e-14
34 62 4.61768e-14
35 62 4.07193e-14
36 62 2.64673e-14
37 62 4.93746e-14
38 62 1.78973e-09
39 62 4.66465e-09
0 63 1.01197e-09
1 63 1.22928e-09
2 63 5.78965e-07
3 63 2.08709e-06
4 63 3.2594e-06
5 63 5.76161e-07
6 63 5.03279e-15
7 63 1.77996e-15
8 63 5.98661e-15
9 63 3.36987e-14
10 63 3.98889e-13
11 63 4.29437e-14
12 63 9.08571e-15
13 63 6.42908e-15
14 63 4.84136e-15
15 63 6.18503e-14
16 63 2.39256e-14
17 63 4.47992e-15
18 63 5.97101e-14
19 63 8.24796e-14
20 63 6.28113e-10
21 63 1.19215e-10
22 63 0.000212914
23 63 1.9479e-05
24 63 1.89681e-05
25 63 5.31739e-05
26 63 3.38831e-09
27 63 2.09649e-09
28 63 5.59972e-07
29 63 2.86912e-06
30 63 4.32568e-05
31 63 1.76522e-06
32 63 3.99903e-14
33 63 7.97186e-14
34 63 4.07197e-14
35 63 4.61766e-14
36 63 4.93751e-14
37 63 2.64676e-14
38 63 4.66465e-09
39 63 1.78973e-09
0 64 1.25314e-09
1 64 2.27856e-11
2 64 3.33781e-07
3 64 3.16733e-06
4 64 1.65156e-06
5 64 1.51557e-06
6 64 4.64228e-15
7 64 6.89071e-15
8 64 3.04125e-13
9 64 3.72519e-13
10 64 8.11332e-14
11 64 5.55687e-13
12 64 2.44436e-15
13 64 4.26941e-15
14 64 1.64096e-13
15 64 8.22137e-15
16 64 5.91532e-14
17 64 1.97139e-13
18 64 2.38784e-13
19 64 5.10091e-14
20 64 6.78376e-10
21 64 5.23718e-10
22 64 6.45563e-05
23 64 6.9469e-06
24 64 7.71282e-05
25 64 0.000152071
26 64 1.17176e-09
27 64 3.01254e-09
28 64 1.61705e-05
29 64 2.90337e-05
30 64 1.26506e-06
31 64 1.82218e-06
32 64 5.23166e-14
33 64 1.24502e-13
34 64 1.40252e-13
35 64 8.45334e-14
36 64 2.25694e-14
37 64 4.05248e-15
38 64 2.7226e-10
39 64 7.97834e-10
0 65 2.27855e-11
1 65 1.25314e-09
2 65 3.16733e-06
3 65 3.33781e-07
4 65 1.51557e-06
5 65 1.65156e-06
6 65 6.89092e-15
7 65 4.64243e-15
8 65 3.72518e-13
9 65 3.04124e-13
10 65 5.55689e-13
11 65 8.11342e-14
12 65 4.2693e-15
13 65 2.4443e-15
14 65 8.22122e-15
15 65 1.64095e-13
16 65 1.97139e-13
17 65 5.91531e-14
18 65 5.10091e-14
19 65 2.38784e-13
20 65 5.23718e-10
21 65 6.78376e-10
22 65 6.9469e-06
23 65 6.45563e-05
24 65 0.000152071
25 65 7.71282e-05
26 65 3.01254e-09
27 65 1.17176e-09
28 65 2.90337e-05
29 65 1.61705e-05
30 65 1.82218e-06
31 65 1.26506e-06
32 65 1.24502e-13
33 65 5.23165e-14
34 65 8.45338e-14
35 65 1.40252e-13
36 65 4.05256e-15
37 65 2.25694e-14
38 65 7.97834e-10
39 65 2.7226e-10
0 66 3.01016e-15
1 66 4.78309e-15
2 66 2.34509e-15
3 66 7.8832e-15
4 66 1.63088e-15
5 66 6.76925e-16
6 66 2.90123e-10
7 66 4.49337e-11
8 66 1.49576e-08
9 66 1.33069e-07
10 66 3.36367e-09
11 66 2.19681e-08
12 66 0.000221946
13 66 8.13863e-05
14 66 1.66749e-10
15 66 2.0257e-10
16 66 1.83794e-07
17 66 4.79747e-08
18 66 9.43794e-08
19 66 1.64488e-08
20 66 3.58301e-14
21 66 2.3646e-14
22 66 2.99365e-14
23 66 7.7139e-15
24 66 1.40896e-15
25 66 8.64009e-15
26 66 8.89913e-15
27 66 2.32076e-14
28 66 2.3582e-15
29 66 5.22044e-16
30 66 6.74979e-18
31 66 2.26547e-15
32 66 1.15538e-08
33 66 5.03846e-08
34 66 2.49674e-08
35 66 1.2131e-08
36 66 7.31334e-05
37 66 3.60802e-05
38 66 3.58855e-15
39 66 2.92372e-15
0 67 4.7832e-15
1 67 3.01003e-15
2 67 7.8841e-15
3 67 2.34512e-15
4 67 6.76992e-16
5 67 1.63053e-15
6 67 4.49337e-11
7 67 2.90123e-10
8 67 1.33069e-07
9 67 1.49576e-08
10 67 2.19681e-08
11 67 3.36367e-09
12 67 8.13863e-05
13 67 0.000221946
14 67 2.0257e-10
15 67 1.66749e-10
16 67 4.79747e-08
17 67 1.83794e-07
18 67 1.64488e-08
19 67 9.43794e-08
20 67 2.36457e-14
21 67 3.583e-14
22 67 7.71385e-15
23 67 2.99364e-14
24 67 8.64037e-15
25 67 1.40899e-15
26 67 2.321e-14
27 67 8.89867e-15
28 67 5.22032e-16
29 67 2.35815e-15
30 67 2.2654e-15
31 67 6.74898e-18
32 67 5.03846e-08
33 67 1.15538e-08
34 67 1.2131e-08
35 67 2.49674e-08
36 67 3.60802e-05
37 67 7.31334e-05
38 67 2.92442e-15
39 67 3.58853e-15
0 68 7.84505e-16
1 68 3.48078e-15
2 68 3.75855e-14
3 68 1.04272e-14
4 68 1.22603e-14
5 68 1.97031e-15
6 68 3.41749e-10
7 68 1.21561e-09
8 68 5.33781e-05
9 68 4.64311e-05
10 68 8.16977e-07
11 68 5.62364e-07
12 68 2.79318e-07
13 68 6.49647e-08
14 68 1.06319e-09
15 68 2.88658e-10
16 68 0.000153797
17 68 3.4646e-05
18 68 1.35933e-06
19 68 5.93081e-07
20 68 6.81947e-15
21 68 7.69882e-15
22 68 4.54181e-15
23 68 5.19741e-15
24 68 7.59117e-15
25 68 1.9592e-14
26 68 1.59791e-15
27 68 9.35414e-15
28 68 3.33811e-14
29 68 4.08849e-15
30 68 8.42994e-16
31 68 3.00054e-15
32 68 8.16322e-07
33 68 1.03692e-05
34 68 2.61446e-05
35 68 2.52722e-05
36 68 3.97484e-08
37 68 9.53752e-08
38 68 5.48631e-15
39 68 2.27907e-15
0 69 3.48081e-15
1 69 7.83966e-16
2 69 1.04275e-14
3 69 3.75858e-14
4 69 1.97033e-15
5 69 1.226e-14
6 69 1.21561e-09
7 69 3.41749e-10
8 69 4.64311e-05
9 69 5.33781e-05
10 69 5.62364e-07
11 69 8.16977e-07
12 69 6.49647e-08
13 69 2.79318e-07
14 69 2.88658e-10
15 69 1.06319e-09
16 69 3.4646e-05
17 69 0.000153797
18 69 5.93081e-07
19 69 1.35933e-06
20 69 7.6988e-15
21 69 6.81943e-15
22 69 5.19737e-15
23 69 4.54183e-15
24 69 1.9592e-14
25 69 7.59106e-15
26 69 9.35419e-15
27 69 1.59784e-15
28 69 4.08839e-15
29 69 3.3381e-14
30 69 3.00048e-15
31 69 8.43007e-16
32 69 1.03692e-05
33 69 8.16322e-07
34 69 2.52722e-05
35 69 2.61446e-05
36 69 9.53752e-08
37 69 3.97484e-08
38 69 2.27899e-15
39 69 5.48635e-15
0 70 2.3943e-15
1 70 1.14805e-14
2 70 1.185e-13
3 70 7.44051e-15
4 70 5.78831e-14
5 70 1.03828e-14
6 70 5.49701e-13
7 70 9.67001e-11
8 70 1.71943e-07
9 70 1.14913e-06
10 70 1.82334e-05
11 70 7.96506e-05
12 70 1.17721e-07
13 70 9.32413e-09
14 70 4.45409e-10
15 70 2.75102e-10
16 70 2.91904e-08
17 70 1.91224e-06
18 70 7.81967e-05
19 70 0.000110355
20 70 2.93963e-15
21 70 1.34263e-14
22 70 1.97122e-14
23 70 2.62271e-15
24 70 3.54393e-14
25 70 8.5596e-15
26 70 2.77785e-14
27 70 7.01308e-15
28 70 2.53018e-14
29 70 1.65318e-14
30 70 7.5959e-16
31 70 6.37416e-14
32 70 1.94149e-05
33 70 3.08953e-05
34 70 6.97439e-06
35 70 4.13684e-06
36 70 1.46235e-08
37 70 2.8892e-08
38 70 2.97168e-15
39 70 7.95309e-15
0 71 1.14794e-14
1 71 2.3944e-15
2 71 7.44056e-15
3 71 1.18498e-13
4 71 1.03823e-14
5 71 5.78822e-14
6 71 9.67001e-11
7 71 5.497e-13
8 71 1.14913e-06
9 71 1.71943e-07
10 71 7.96506e-05
11 71 1.82334e-05
12 71 9.32413e-09
13 71 1.17721e-07
14 71 2.75102e-10
15 71 4.45409e-10
16 71 1.91224e-06
17 71 2.91904e-08
18 71 0.000110355
19 71 7.81967e-05
20 71 1.34262e-14
21 71 2.93961e-15
22 71 2.62264e-15
23 71 1.97123e-14
24 71 8.55959e-15
25 71 3.54388e-14
26 71 7.013e-15
27 71 2.77786e-14
28 71 1.65317e-14
29 71 2.53018e-14
30 71 6.37418e-14
31 71 7.59501e-16
32 71 3.08953e-05
33 71 1.94149e-05
34 71 4.13684e-06
35 71 6.97439e-06
36 71 2.8892e-08
37 71 1.46235e-08
38 71 7.95294e-15
39 71 2.97166e-15
0 72 8.26085e-09
1 72 7.61014e-09
2 72 0.000131982
3 72 7.91326e-05
4 72 8.06836e-06
5 72 1.70743e-05
6 72 1.17439e-15
7 72 2.38621e-16
8 72 1.53523e-14
9 72 2.35565e-14
10 72 3.52994e-14
11 72 5.47893e-14
12 72 1.71419e-15
13 72 3.3742e-15
14 72 8.09109e-15
15 72 1.88621e-14
16 72 2.20653e-14
17 72 1.83763e-14
18 72 1.07409e-13
19 72 1.04174e-14
20 72 6.34636e-11
21 72 1.79055e-10
22 72 5.1259e-07
23 72 8.63909e-07
24 72 8.07003e-08
25 72 7.20283e-07
26 72 8.25761e-09
27 72 5.9004e-10
28 72 2.14231e-05
29 72 1.60895e-06
30 72 6.69596e-06
31 72 6.52581e-06
32 72 2.22545e-14
33 72 3.0925e-14
34 72 3.06827e-15
35 72 9.77093e-15
36 72 9.46838e-16
37 72 1.38347e-15
38 72 1.04174e-10
39 72 5.92036e-11
0 73 7.61014e-09
1 73 8.26085e-09
2 73 7.91326e-05
3 73 0.000131982
4 73 1.70743e-05
5 73 8.06836e-06
6 73 2.38638e-16
7 73 1.17442e-15
8 73 2.35562e-14
9 73 1.53517e-14
10 73 5.47884e-14
11 73 3.52994e-14
12 73 3.37416e-15
13 73 1.7142e-15
14 73 1.88619e-14
15 73 8.09097e-15
16 73 1.83764e-14
17 73 2.20651e-14
18 73 1.04172e-14
19 73 1.07409e-13
20 73 1.79055e-10
21 73 6.34636e-11
22 73 8.63909e-07
23 73 5.1259e-07
24 73 7.20283e-07
25 73 8.07003e-08
26 73 5.9004e-10
27 73 8.25761e-09
28 73 1.60895e-06
29 73 2.14231e-05
30 73 6.52581e-06
31 73 6.69596e-06
32 73 3.09247e-14
33 73 2.22541e-14
34 73 9.77087e-15
35 73 3.06837e-15
36 73 1.38346e-15
37 73 9.46861e-16
38 73 5.92036e-11
39 73 1.04174e-10
0 74 7.28664e-09
1 74 1.40154e-09
2 74 1.37117e-05
3 74 1.1039e-05
4 74 7.37496e-05
5 74 0.000136312
6 74 5.98562e-16
7 74 5.92282e-18
8 74 4.25257e-15
9 74 5.95389e-15
10 74 1.52901e-14
11 74 2.44699e-15
12 74 3.53989e-16
13 74 1.227e-15
14 74 1.84337e-15
15 74 4.56851e-15
16 74 5.94169e-15
17 74 1.14619e-14
18 74 3.91529e-14
19 74 5.56117e-14
20 74 2.92175e-11
21 74 9.23585e-12
22 74 3.06309e-07
23 74 4.74407e-07
24 74 7.06428e-07
25 74 7.8843e-07
26 74 3.30571e-09
27 74 8.26772e-10
28 74 2.57167e-06
29 74 1.04753e-05
30 74 1.48046e-05
31 74 8.29553e-06
32 74 1.74782e-15
33 74 2.02067e-15
34 74 3.45947e-15
35 74 2.43047e-15
36 74 2.55055e-15
37 74 1.25628e-16
38 74 7.54717e-11
39 74 7.20966e-14
0 75 1.40154e-09
1 75 7.28664e-09
2 75 1.1039e-05
3 75 1.37117e-05
4 75 0.000136312
5 75 7.37496e-05
6 75 5.9136e-18
7 75 5.98536e-16
8 75 5.95386e-15
9 75 4.25254e-15
10 75 2.44705e-15
11 75 1.52903e-14
12 75 1.22707e-15
13 75 3.53982e-16
14 75 4.56853e-15
15 75 1.84336e-15
16 75 1.1462e-14
17 75 5.94175e-15
18 75 5.56125e-14
19 75 3.91527e-14
20 75 9.23586e-12
21 75 2.92175e-11
22 75 4.74407e-07
23 75 3.06309e-07
24 75 7.8843e-07
25 75 7.06428e-07
26 75 8.26772e-10
27 75 3.30571e-09
28 75 1.04753e-05
29 75 2.57167e-06
30 75 8.29553e-06
31 75 1.48046e-05
32 75 2.02072e-15
33 75 1.74781e-15
34 75 2.43045e-15
35 75 3.45932e-15
36 75 1.25636e-16
37 75 2.55055e-15
38 75 7.20965e-14
39 75 7.54717e-11
0 76 0.000174685
1 76 0.000246847
2 76 4.92884e-09
3 76 7.55204e-09
4 76 2.03571e-09
5 76 1.1191e-09
6 76 2.74334e-15
7 76 9.06119e-15
8 76 2.25072e-14
9 76 9.0209e-15
10 76 8.30938e-14
11 76 2.33703e-14
12 76 1.52401e-14
13 76 3.14036e-14
14 76 1.24719e-14
15 76 3.09086e-14
16 76 1.52045e-14
17 76 2.96932e-15
18 76 5.24462e-15
19 76 1.7095e-15
20 76 5.88642e-11
21 76 1.56814e-11
22 76 1.14145e-10
23 76 2.72343e-10
24 76 4.20627e-10
25 76 8.68975e-10
26 76 0.000212076
27 76 2.77139e-05
28 76 7.90236e-10
29 76 1.47118e-10
30 76 1.67951e-09
31 76 1.40227e-10
32 76 1.58095e-14
33 76 4.29899e-15
34 76 1.48031e-15
35 76 1.18389e-15
36 76 1.18424e-15
37 76 7.5345e-15
38 76 1.22301e-05
39 76 6.78188e-07
0 77 0.000246847
1 77 0.000174685
2 77 7.55204e-09
3 77 4.92885e-09
4 77 1.1191e-09
5 77 2.03571e-09
6 77 9.06061e-15
7 77 2.74377e-15
8 77 9.0212e-15
9 77 2.25068e-14
10 77 2.337e-14
11 77 8.30915e-14
12 77 3.14053e-14
13 77 1.52404e-14
14 77 3.09088e-14
15 77 1.24718e-14
16 77 2.96954e-15
17 77 1.52047e-14
18 77 1.70949e-15
19 77 5.24465e-15
20 77 1.56814e-11
21 77 5.88643e-11
22 77 2.72343e-10
23 77 1.14145e-10
24 77 8.68975e-10
25 77 4.20626e-10
26 77 2.77139e-05
27 77 0.000212076
28 77 1.47118e-10
29 77 7.90236e-10
30 77 1.40227e-10
31 77 1.67951e-09
32 77 4.29905e-15
33 77 1.58094e-14
34 77 1.18395e-15
35 77 1.48035e-15
36 77 7.5355e-15
37 77 1.18408e-15
38 77 6.78188e-07
39 77 1.22301e-05
0 78 3.03373e-15
1 78 1.25329e-14
2 78 2.86308e-14
3 78 1.18692e-14
4 78 2.33737e-15
5 78 1.38583e-15
6 78 2.62869e-06
7 78 1.82e-05
8 78 8.42859e-11
9 78 1.24834e-12
10 78 2.15259e-10
11 78 2.30434e-10
12 78 5.23669e-10
13 78 8.18012e-11
14 78 1.06036e-05
15 78 9.33697e-06
16 78 6.80303e-11
17 78 3.43337e-10
18 78 5.20489e-11
19 78 1.34911e-10
20 78 3.36179e-15
21 78 4.33109e-15
22 78 9.55759e-15
23 78 1.92184e-14
24 78 5.08157e-15
25 78 2.62364e-15
26 78 4.47286e-15
27 78 8.37292e-16
28 78 1.03204e-15
29 78 1.98893e-15
30 78 2.40408e-15
31 78 7.52577e-15
32 78 4.34322e-11
33 78 2.94685e-10
34 78 7.54283e-11
35 78 6.5702e-11
36 78 2.77094e-11
37 78 1.7316e-10
38 78 1.09931e-15
39 78 2.63502e-16
0 79 1.25324e-14
1 79 3.03436e-15
2 79 1.18694e-14
3 79 2.86302e-14
4 79 1.38576e-15
5 79 2.33701e-15
6 79 1.82e-05
7 79 2.62869e-06
8 79 1.24834e-12
9 79 8.4286e-11
10 79 2.30434e-10
11 79 2.15259e-10
12 79 8.18012e-11
13 79 5.2367e-10
14 79 9.33697e-06
15 79 1.06036e-05
16 79 3.43337e-10
17 79 6.80303e-11
18 79 1.34911e-10
19 79 5.20489e-11
20 79 4.33112e-15
21 79 3.36181e-15
22 79 1.92189e-14
23 79 9.55725e-15
24 79 2.62363e-15
25 79 5.08194e-15
26 79 8.37277e-16
27 79 4.47283e-15
28 79 1.98899e-15
29 79 1.03206e-15
30 79 7.52579e-15
31 79 2.40404e-15
32 79 2.94685e-10
33 79 4.34322e-11
34 79 6.5702e-11
35 79 7.54283e-11
36 79 1.7316e-10
37 79 2.77094e-11
38 79 2.63501e-16
39 79 1.09929e-15
