0 60 5.55439e-22
1 60 3.19696e-22
2 60 1.14582e-20
3 60 4.27691e-22
4 60 5.57034e-21
5 60 1.21797e-22
6 60 6.50092e-21
7 60 8.48722e-22
8 60 1.29705e-21
9 60 5.69512e-21
10 60 1.64252e-20
11 60 7.90639e-21
12 60 3.71807e-21
13 60 9.47987e-22
14 60 5.0659e-21
15 60 1.5925e-21
16 60 2.20234e-21
17 60 1.49282e-22
18 60 5.04854e-23
19 60 5.15961e-22
20 60 0.000308186
21 60 1.07893e-05
22 60 8.23685e-05
23 60 0.000366446
24 60 0.000217922
25 60 0.000688916
26 60 0.000744052
27 60 0.000158917
28 60 0.000664844
29 60 3.86106e-05
30 60 7.99278e-11
31 60 7.06286e-09
32 60 3.94744e-05
33 60 0.000197126
34 60 2.37496e-05
35 60 0.000178563
36 60 0.000268594
37 60 0.000121926
38 60 5.11298e-10
39 60 2.35493e-10
40 60 6.32493e-21
41 60 1.25528e-21
42 60 5.45711e-21
43 60 2.77429e-21
44 60 1.5711e-21
45 60 2.2266e-21
46 60 1.05349e-20
47 60 1.08814e-20
48 60 5.51145e-21
49 60 1.31317e-20
50 60 4.76524e-21
51 60 1.45534e-21
52 60 0.00393236
53 60 0.0250994
54 60 0.0840047
55 60 0.0460119
56 60 0.0518265
57 60 0.0268721
58 60 1.49099e-21
59 60 6.65767e-21
0 61 8.9183e-21
1 61 4.66578e-22
2 61 5.96377e-21
3 61 1.1704e-20
4 61 4.50628e-21
5 61 2.72012e-21
6 61 5.41893e-21
7 61 1.40274e-20
8 61 1.15532e-20
9 61 6.37781e-21
10 61 1.26845e-20
11 61 9.47569e-21
12 61 2.16411e-21
13 61 2.41888e-23
14 61 3.15757e-21
15 61 1.46633e-21
16 61 6.8324e-21
17 61 4.25077e-22
18 61 1.2677e-21
19 61 3.20684e-21
20 61 4.65707e-06
21 61 0.00013773
22 61 0.00104276
23 61 0.000568937
24 61 0.000293447
25 61 6.15734e-05
26 61 2.88191e-05
27 61 0.000486121
28 61 2.81564e-05
29 61 0.00177431
30 61 1.7867e-09
31 61 1.96527e-09
32 61 7.30588e-05
33 61 3.12151e-05
34 61 0.000429002
35 61 2.28239e-05
36 61 0.000356957
37 61 4.6181e-05
38 61 4.78222e-11
39 61 6.95602e-10
40 61 2.32062e-21
41 61 3.56238e-22
42 61 1.22301e-20
43 61 1.86877e-21
44 61 1.21477e-21
45 61 4.81368e-21
46 61 2.26237e-20
47 61 1.83735e-20
48 61 1.23069e-21
49 61 1.37474e-20
50 61 2.404e-20
51 61 4.37672e-21
52 61 0.00841292
53 61 0.00453649
54 61 0.00660615
55 61 0.0396169
56 61 0.136827
57 61 0.118761
58 61 1.98077e-20
59 61 1.86279e-20
0 62 6.6431e-06
1 62 2.29366e-06
2 62 5.26074e-05
3 62 2.98692e-06
4 62 0.000120423
5 62 2.56442e-05
6 62 2.75319e-10
7 62 2.50027e-10
8 62 4.04135e-08
9 62 2.74616e-07
10 62 1.22741e-08
11 62 1.22318e-08
12 62 1.69378e-08
13 62 8.78352e-08
14 62 5.86673e-10
15 62 6.63604e-11
16 62 9.07945e-06
17 62 4.3235e-06
18 62 3.70607e-06
19 62 1.25285e-05
20 62 1.59142e-21
21 62 1.18386e-21
22 62 1.56704e-21
23 62 3.51039e-21
24 62 1.83175e-21
25 62 1.07154e-21
26 62 2.10983e-21
27 62 1.5424e-21
28 62 3.69512e-22
29 62 1.09992e-21
30 62 1.45627e-23
31 62 7.21876e-22
32 62 1.87646e-21
33 62 4.13868e-23
34 62 4.25884e-21
35 62 5.96403e-22
36 62 1.2412e-21
37 62 6.57935e-22
38 62 1.03636e-21
39 62 5.92601e-22
40 62 0.000444221
41 62 0.000383654
42 62 0.000151091
43 62 7.09476e-05
44 62 6.07942e-05
45 62 4.9227e-05
46 62 0.00033409
47 62 0.000135813
48 62 0.000228458
49 62 0.00161214
50 62 1.78624e-08
51 62 3.43242e-09
52 62 5.16937e-21
53 62 4.19771e-21
54 62 1.6019e-21
55 62 1.08928e-21
56 62 2.10308e-22
57 62 1.13726e-20
58 62 0.0260177
59 62 0.0595888
0 63 1.75542e-06
1 63 4.46146e-06
2 63 2.48366e-06
3 63 2.57573e-05
4 63 3.08072e-05
5 63 9.62469e-05
6 63 3.88047e-10
7 63 1.16593e-10
8 63 4.77418e-07
9 63 4.83211e-08
10 63 3.74181e-08
11 63 4.10147e-08
12 63 4.58828e-09
13 63 2.25233e-08
14 63 2.20285e-11
15 63 6.9172e-11
16 63 9.60631e-06
17 63 2.35967e-06
18 63 1.00477e-05
19 63 8.56467e-07
20 63 2.3934e-21
21 63 8.4684e-22
22 63 1.17044e-20
23 63 1.7386e-21
24 63 6.45736e-22
25 63 8.51601e-23
26 63 7.3709e-22
27 63 6.00114e-21
28 63 7.69348e-22
29 63 3.09491e-22
30 63 1.12337e-21
31 63 2.21226e-21
32 63 1.28887e-21
33 63 2.73417e-21
34 63 2.38897e-21
35 63 2.95777e-21
36 63 2.59844e-21
37 63 4.74344e-23
38 63 6.19484e-22
39 63 2.75706e-21
40 63 0.000394585
41 63 4.98851e-05
42 63 0.000230481
43 63 0.000129838
44 63 0.000127949
45 63 5.65233e-05
46 63 0.000443812
47 63 0.000457703
48 63 0.000620537
49 63 0.000260142
50 63 3.10912e-10
51 63 4.90085e-09
52 63 5.34759e-21
53 63 5.82891e-21
54 63 3.21662e-21
55 63 9.14053e-21
56 63 1.38238e-20
57 63 1.73037e-21
58 63 0.066867
59 63 0.0766694
0 64 6.40081e-06
1 64 1.73654e-06
2 64 0.000111184
3 64 1.84584e-05
4 64 9.56719e-05
5 64 7.29973e-05
6 64 1.8818e-06
7 64 5.11321e-05
8 64 5.33393e-07
9 64 4.88349e-07
10 64 1.10966e-05
11 64 3.89866e-06
12 64 2.15958e-06
13 64 1.34107e-05
14 64 1.74198e-05
15 64 6.19205e-06
16 64 1.07618e-05
17 64 2.95856e-05
18 64 1.18502e-05
19 64 4.33594e-06
20 64 8.11587e-22
21 64 1.75546e-21
22 64 6.24933e-21
23 64 6.45976e-24
24 64 7.2304e-21
25 64 4.12465e-21
26 64 8.87083e-22
27 64 2.12492e-21
28 64 2.40229e-21
29 64 7.20004e-22
30 64 8.99805e-22
31 64 1.12967e-21
32 64 7.88398e-22
33 64 4.33204e-21
34 64 5.55598e-22
35 64 1.84951e-22
36 64 1.12118e-22
37 64 1.13858e-21
38 64 8.34091e-22
39 64 1.40517e-21
40 64 0.00126073
41 64 0.000265089
42 64 0.00019569
43 64 6.24352e-05
44 64 2.66037e-05
45 64 3.00891e-05
46 64 6.61072e-05
47 64 0.00193143
48 64 0.000798337
49 64 0.00143858
50 64 0.00049823
51 64 0.000311309
52 64 9.44363e-21
53 64 1.03208e-21
54 64 4.75624e-21
55 64 5.08986e-21
56 64 2.10639e-21
57 64 3.07408e-20
58 64 0.0301424
59 64 0.0225361
0 65 7.72477e-06
1 65 2.7822e-06
2 65 2.05872e-05
3 65 2.43155e-05
4 65 7.841e-05
5 65 7.87715e-05
6 65 0.000231131
7 65 1.0756e-06
8 65 2.09714e-07
9 65 1.27821e-07
10 65 2.70258e-06
11 65 5.46887e-06
12 65 5.82052e-06
13 65 4.34154e-06
14 65 1.72559e-05
15 65 8.67237e-05
16 65 8.19095e-06
17 65 2.05045e-06
18 65 1.52951e-05
19 65 1.31307e-05
20 65 1.17557e-21
21 65 2.78492e-21
22 65 9.66647e-24
23 65 1.95347e-23
24 65 2.21215e-21
25 65 9.03289e-22
26 65 6.61677e-22
27 65 9.68711e-22
28 65 1.286e-21
29 65 2.51106e-21
30 65 2.57744e-22
31 65 4.52992e-22
32 65 1.01111e-21
33 65 1.57431e-21
34 65 3.64932e-21
35 65 2.01796e-23
36 65 3.76368e-22
37 65 4.15202e-22
38 65 4.51289e-22
39 65 3.81342e-23
40 65 2.80886e-05
41 65 0.000362172
42 65 0.000554143
43 65 0.000219346
44 65 1.14745e-06
45 65 1.78937e-05
46 65 0.00146375
47 65 0.00026265
48 65 0.000458603
49 65 0.000654867
50 65 0.00115315
51 65 0.00239555
52 65 1.18357e-22
53 65 1.13917e-21
54 65 1.22437e-21
55 65 4.22472e-22
56 65 6.61511e-21
57 65 7.23539e-21
58 65 0.0159194
59 65 0.00160159
0 66 2.75087e-07
1 66 2.924e-06
2 66 1.02056e-05
3 66 1.81461e-05
4 66 5.27405e-05
5 66 8.54496e-06
6 66 2.97768e-05
7 66 0.000391241
8 66 1.87612e-08
9 66 2.98597e-07
10 66 1.96811e-06
11 66 2.10492e-06
12 66 1.71383e-06
13 66 3.08172e-06
14 66 0.000175288
15 66 1.26535e-05
16 66 7.99231e-06
17 66 3.3994e-06
18 66 1.69462e-07
19 66 5.59374e-06
20 66 5.92389e-21
21 66 3.30441e-22
22 66 3.35455e-21
23 66 1.75777e-21
24 66 4.82306e-22
25 66 3.4212e-21
26 66 1.80644e-21
27 66 2.25647e-22
28 66 2.14804e-22
29 66 3.71298e-21
30 66 6.5187e-22
31 66 3.01714e-21
32 66 2.67286e-22
33 66 5.02174e-21
34 66 4.0245e-22
35 66 8.10648e-22
36 66 3.1525e-21
37 66 4.01264e-22
38 66 1.19051e-21
39 66 1.97421e-21
40 66 7.76959e-05
41 66 0.000171803
42 66 0.000254159
43 66 1.49399e-05
44 66 7.859e-06
45 66 9.8287e-06
46 66 0.000348176
47 66 0.000427151
48 66 3.95548e-05
49 66 0.00044539
50 66 0.00513291
51 66 0.00129732
52 66 1.6487e-20
53 66 3.55556e-21
54 66 3.48759e-21
55 66 2.85703e-21
56 66 2.8015e-21
57 66 5.2753e-21
58 66 0.00650485
59 66 0.010014
0 67 3.12269e-06
1 67 3.55094e-06
2 67 5.95436e-06
3 67 0.000102793
4 67 7.35671e-06
5 67 0.000156721
6 67 7.80558e-05
7 67 4.86073e-05
8 67 2.35308e-07
9 67 3.67782e-07
10 67 9.67077e-06
11 67 8.64202e-06
12 67 5.61401e-06
13 67 1.10564e-06
14 67 1.52821e-05
15 67 4.14595e-05
16 67 9.76512e-06
17 67 8.87692e-06
18 67 1.8364e-05
19 67 1.49665e-05
20 67 1.69147e-21
21 67 1.56929e-21
22 67 1.65715e-21
23 67 1.61014e-21
24 67 1.12336e-21
25 67 7.57226e-21
26 67 2.21124e-21
27 67 1.01262e-21
28 67 3.66439e-21
29 67 8.33478e-22
30 67 6.34354e-22
31 67 3.44429e-22
32 67 1.95975e-21
33 67 6.44933e-22
34 67 9.2672e-22
35 67 1.19139e-22
36 67 7.79918e-22
37 67 9.58223e-23
38 67 1.31e-21
39 67 3.48957e-22
40 67 6.8688e-05
41 67 0.000442266
42 67 0.000646615
43 67 0.000401882
44 67 1.74865e-05
45 67 1.5464e-05
46 67 0.000934947
47 67 0.00183317
48 67 0.000598738
49 67 0.000475861
50 67 0.000721898
51 67 0.00121591
52 67 3.25793e-22
53 67 4.64927e-21
54 67 3.2212e-21
55 67 3.7853e-21
56 67 3.61504e-21
57 67 1.16093e-20
58 67 0.0119656
59 67 0.0187793
0 68 6.83985e-20
1 68 1.40222e-20
2 68 4.98276e-20
3 68 1.69411e-20
4 68 5.72635e-21
5 68 9.99132e-22
6 68 3.2547e-21
7 68 1.63056e-20
8 68 1.81374e-20
9 68 3.50849e-20
10 68 9.45666e-21
11 68 2.60247e-20
12 68 1.95567e-21
13 68 2.15503e-21
14 68 7.73763e-21
15 68 9.47779e-21
16 68 2.05266e-21
17 68 1.69661e-21
18 68 3.83872e-21
19 68 2.4768e-21
20 68 5.82913e-05
21 68 9.90429e-05
22 68 6.34893e-05
23 68 6.98028e-06
24 68 1.77324e-05
25 68 3.50875e-05
26 68 8.2297e-06
27 68 1.23728e-05
28 68 5.52834e-06
29 68 2.11282e-05
30 68 7.64682e-06
31 68 3.11663e-06
32 68 1.10306e-06
33 68 3.63761e-06
34 68 8.61753e-06
35 68 6.90939e-06
36 68 3.7349e-05
37 68 1.21714e-05
38 68 1.1495e-05
39 68 5.93517e-05
40 68 2.59223e-21
41 68 7.089e-22
42 68 2.74025e-21
43 68 4.99497e-22
44 68 4.13465e-23
45 68 1.73564e-21
46 68 1.74232e-22
47 68 2.22234e-21
48 68 2.20487e-21
49 68 2.14965e-22
50 68 2.03674e-21
51 68 2.18235e-21
52 68 0.00204238
53 68 0.00191004
54 68 0.000868012
55 68 0.000396973
56 68 4.59812e-05
57 68 0.00101315
58 68 4.25431e-21
59 68 2.16626e-21
0 69 5.11616e-21
1 69 3.78389e-20
2 69 9.09373e-20
3 69 2.6172e-21
4 69 6.01906e-20
5 69 3.15504e-21
6 69 5.78768e-21
7 69 3.33135e-21
8 69 2.42345e-20
9 69 2.11445e-20
10 69 3.9391e-20
11 69 1.59816e-20
12 69 2.05417e-22
13 69 4.27899e-21
14 69 4.10216e-21
15 69 1.83869e-21
16 69 2.0478e-22
17 69 1.10044e-21
18 69 4.48959e-22
19 69 3.19955e-21
20 69 5.8496e-05
21 69 5.14148e-05
22 69 1.32035e-05
23 69 1.78419e-05
24 69 6.01545e-05
25 69 7.27417e-06
26 69 1.73678e-05
27 69 4.00014e-06
28 69 1.73947e-05
29 69 3.03949e-05
30 69 1.03741e-05
31 69 2.00561e-06
32 69 2.86081e-06
33 69 4.11667e-07
34 69 1.66108e-05
35 69 1.09868e-05
36 69 6.46604e-05
37 69 5.14308e-06
38 69 5.06265e-05
39 69 2.99075e-05
40 69 2.03554e-22
41 69 6.14584e-23
42 69 3.5974e-22
43 69 1.0566e-21
44 69 4.52669e-21
45 69 1.17626e-21
46 69 3.13281e-23
47 69 1.27728e-21
48 69 1.32758e-21
49 69 8.68507e-23
50 69 1.34969e-21
51 69 4.90225e-22
52 69 0.00253461
53 69 0.000213569
54 69 0.000748029
55 69 0.000841593
56 69 4.74038e-05
57 69 0.000272951
58 69 6.54404e-22
59 69 5.51284e-21
0 70 3.73531e-20
1 70 1.54866e-20
2 70 2.93229e-20
3 70 1.34922e-20
4 70 7.71262e-21
5 70 2.55535e-21
6 70 2.91164e-21
7 70 4.54378e-21
8 70 2.17279e-20
9 70 5.50816e-21
10 70 9.46962e-21
11 70 2.98163e-21
12 70 2.24719e-20
13 70 1.17598e-21
14 70 1.12725e-20
15 70 1.27428e-21
16 70 2.57085e-22
17 70 3.77031e-21
18 70 5.84708e-22
19 70 1.26419e-21
20 70 2.62825e-05
21 70 9.37618e-05
22 70 4.81143e-06
23 70 1.4921e-05
24 70 1.53234e-05
25 70 4.15673e-05
26 70 4.00929e-05
27 70 1.66488e-06
28 70 7.60665e-06
29 70 3.75918e-05
30 70 1.10377e-06
31 70 1.02807e-05
32 70 2.74414e-06
33 70 8.80633e-07
34 70 5.87471e-05
35 70 4.6679e-06
36 70 1.90461e-05
37 70 3.71743e-05
38 70 5.37894e-05
39 70 2.03402e-05
40 70 4.9826e-21
41 70 1.02704e-23
42 70 9.66662e-22
43 70 1.20156e-21
44 70 3.453e-22
45 70 3.95551e-21
46 70 2.51791e-21
47 70 8.28523e-22
48 70 3.48704e-21
49 70 5.2902e-22
50 70 2.0663e-21
51 70 5.41385e-22
52 70 0.00161073
53 70 0.00139859
54 70 9.37625e-05
55 70 0.000891235
56 70 4.16237e-05
57 70 0.000130959
58 70 1.47346e-20
59 70 2.74093e-21
0 71 1.49375e-20
1 71 1.85677e-21
2 71 1.86324e-20
3 71 1.03161e-20
4 71 8.72813e-21
5 71 7.40727e-21
6 71 2.68371e-21
7 71 1.64161e-21
8 71 1.77995e-20
9 71 8.18404e-21
10 71 1.88414e-22
11 71 4.26038e-21
12 71 4.32889e-21
13 71 2.56866e-21
14 71 8.88194e-22
15 71 1.90825e-21
16 71 1.78924e-21
17 71 8.49042e-22
18 71 2.86876e-22
19 71 2.0004e-21
20 71 3.99715e-05
21 71 1.40822e-05
22 71 3.2567e-05
23 71 6.36668e-05
24 71 5.50858e-07
25 71 3.58898e-05
26 71 1.14239e-05
27 71 2.81229e-06
28 71 1.16778e-05
29 71 2.71607e-06
30 71 1.42956e-05
31 71 1.13518e-05
32 71 9.83252e-07
33 71 6.24959e-07
34 71 1.7362e-05
35 71 2.05532e-05
36 71 2.0685e-06
37 71 4.37987e-06
38 71 0.000115655
39 71 5.16206e-05
40 71 1.52549e-21
41 71 3.66521e-23
42 71 4.24289e-22
43 71 9.441e-23
44 71 4.08116e-21
45 71 7.84698e-23
46 71 1.17494e-21
47 71 3.3291e-22
48 71 4.87852e-22
49 71 6.78652e-22
50 71 1.24197e-22
51 71 1.35458e-21
52 71 0.00043461
53 71 0.000922706
54 71 0.00115056
55 71 0.000389786
56 71 0.00103773
57 71 0.00058632
58 71 1.99668e-21
59 71 2.12756e-21
0 72 2.7784e-20
1 72 1.37106e-20
2 72 5.38716e-20
3 72 4.42431e-21
4 72 1.24377e-20
5 72 5.33508e-21
6 72 4.67325e-20
7 72 8.22829e-20
8 72 1.47792e-21
9 72 1.28166e-20
10 72 1.23627e-20
11 72 2.55246e-20
12 72 1.37155e-21
13 72 2.16557e-21
14 72 6.21817e-23
15 72 9.65089e-21
16 72 4.48251e-22
17 72 1.48558e-22
18 72 4.52981e-21
19 72 1.69766e-22
20 72 7.63738e-12
21 72 4.89225e-11
22 72 7.05646e-06
23 72 1.5668e-05
24 72 3.67915e-05
25 72 1.78412e-05
26 72 6.00339e-06
27 72 4.346e-05
28 72 4.84247e-06
29 72 3.31677e-06
30 72 5.43735e-05
31 72 2.5882e-05
32 72 8.98178e-11
33 72 6.10431e-11
34 72 2.98239e-05
35 72 1.1963e-05
36 72 2.74494e-05
37 72 7.57773e-05
38 72 1.20683e-05
39 72 0.000443968
40 72 5.40713e-22
41 72 1.97388e-21
42 72 4.13764e-22
43 72 1.25262e-22
44 72 2.09504e-22
45 72 1.42163e-21
46 72 1.53833e-22
47 72 1.06194e-21
48 72 2.37496e-21
49 72 2.81694e-22
50 72 1.20139e-21
51 72 6.63905e-22
52 72 2.22334e-09
53 72 4.75154e-11
54 72 0.000900007
55 72 0.000338929
56 72 0.000432058
57 72 0.000384814
58 72 9.65649e-22
59 72 1.11688e-21
0 73 1.00473e-20
1 73 2.6303e-20
2 73 3.98303e-20
3 73 1.56971e-20
4 73 5.97402e-21
5 73 2.17619e-21
6 73 2.938e-21
7 73 6.41811e-22
8 73 6.42209e-20
9 73 1.6822e-21
10 73 3.14172e-20
11 73 1.53494e-20
12 73 1.11738e-20
13 73 5.60511e-21
14 73 1.24249e-20
15 73 1.69541e-21
16 73 3.08488e-21
17 73 1.39053e-21
18 73 1.68381e-21
19 73 9.07443e-22
20 73 1.47688e-11
21 73 4.82167e-11
22 73 2.15095e-05
23 73 4.25717e-05
24 73 1.6374e-05
25 73 3.83421e-06
26 73 1.36923e-05
27 73 1.55733e-06
28 73 4.73443e-05
29 73 3.10257e-07
30 73 4.08968e-06
31 73 6.2947e-05
32 73 2.60928e-10
33 73 7.11518e-10
34 73 9.69288e-06
35 73 0.00013188
36 73 4.39099e-06
37 73 1.26656e-05
38 73 0.000261383
39 73 0.000121432
40 73 6.69533e-22
41 73 4.64712e-22
42 73 8.61687e-22
43 73 2.21159e-21
44 73 9.63248e-22
45 73 6.67899e-22
46 73 2.80906e-22
47 73 5.50102e-22
48 73 1.11673e-21
49 73 1.06628e-21
50 73 6.63397e-22
51 73 2.54127e-22
52 73 1.10458e-09
53 73 1.42905e-09
54 73 0.000518665
55 73 0.00113646
56 73 0.000107657
57 73 0.000483695
58 73 2.13029e-21
59 73 7.72707e-21
0 74 2.76217e-20
1 74 8.72443e-21
2 74 5.88517e-21
3 74 9.69866e-21
4 74 1.03966e-20
5 74 1.06532e-21
6 74 1.98089e-20
7 74 1.47078e-21
8 74 3.20306e-21
9 74 4.75803e-21
10 74 3.56862e-20
11 74 9.50757e-21
12 74 1.60421e-21
13 74 4.03166e-21
14 74 3.71086e-21
15 74 3.62147e-21
16 74 7.42964e-22
17 74 1.50494e-21
18 74 1.6905e-22
19 74 4.32025e-22
20 74 5.22615e-06
21 74 9.10657e-06
22 74 4.51676e-05
23 74 6.90321e-05
24 74 1.19862e-05
25 74 2.65881e-05
26 74 2.35208e-05
27 74 7.65916e-05
28 74 2.71674e-05
29 74 0.000152009
30 74 3.21413e-11
31 74 1.4124e-10
32 74 1.34851e-05
33 74 2.91791e-06
34 74 3.10716e-05
35 74 1.40838e-06
36 74 7.04828e-05
37 74 1.11804e-07
38 74 7.60608e-12
39 74 6.10923e-11
40 74 1.01771e-22
41 74 2.24388e-22
42 74 8.20994e-22
43 74 2.7494e-22
44 74 9.30557e-21
45 74 4.45855e-22
46 74 8.31313e-22
47 74 1.07752e-21
48 74 5.16055e-22
49 74 2.90107e-22
50 74 1.10658e-22
51 74 2.34044e-21
52 74 7.10414e-07
53 74 1.84242e-08
54 74 5.99172e-06
55 74 3.4796e-06
56 74 2.14561e-05
57 74 1.52264e-05
58 74 1.04282e-21
59 74 9.6708e-21
0 75 6.87361e-21
1 75 1.23588e-21
2 75 7.93279e-21
3 75 4.5933e-20
4 75 2.9312e-21
5 75 1.017e-21
6 75 2.68474e-21
7 75 3.34373e-21
8 75 4.33794e-21
9 75 4.76916e-22
10 75 2.34919e-21
11 75 3.00625e-21
12 75 1.40528e-21
13 75 7.26568e-21
14 75 2.33287e-21
15 75 2.97968e-21
16 75 2.82413e-22
17 75 6.72619e-22
18 75 2.4838e-21
19 75 8.5062e-22
20 75 2.77135e-05
21 75 6.53888e-06
22 75 4.12307e-05
23 75 2.90198e-06
24 75 2.72999e-05
25 75 3.10814e-05
26 75 6.88799e-05
27 75 3.98032e-07
28 75 5.51437e-05
29 75 6.41687e-05
30 75 5.74794e-12
31 75 6.96656e-10
32 75 5.06285e-06
33 75 3.41351e-05
34 75 2.26291e-05
35 75 2.24621e-05
36 75 4.27178e-06
37 75 1.98959e-05
38 75 6.70792e-11
39 75 8.58954e-11
40 75 1.26146e-21
41 75 3.0194e-22
42 75 7.79524e-22
43 75 5.02179e-22
44 75 3.52811e-21
45 75 1.52255e-21
46 75 2.89171e-21
47 75 9.30025e-22
48 75 6.57874e-22
49 75 9.12523e-23
50 75 2.51563e-25
51 75 2.9808e-21
52 75 1.53608e-08
53 75 1.53174e-06
54 75 7.62103e-06
55 75 9.41939e-06
56 75 7.10334e-06
57 75 6.75071e-06
58 75 2.74383e-21
59 75 5.68837e-21
0 76 5.19627e-21
1 76 6.98813e-22
2 76 4.50304e-20
3 76 2.91334e-20
4 76 3.98546e-21
5 76 1.99656e-21
6 76 5.28237e-21
7 76 4.29839e-22
8 76 1.19557e-21
9 76 3.98452e-21
10 76 3.26723e-20
11 76 4.17898e-21
12 76 8.28156e-21
13 76 2.17352e-21
14 76 1.49338e-20
15 76 2.12364e-21
16 76 2.29015e-21
17 76 2.40475e-21
18 76 1.26338e-21
19 76 1.82967e-21
20 76 8.25546e-07
21 76 1.62409e-05
22 76 1.83557e-06
23 76 3.03681e-06
24 76 1.46478e-06
25 76 7.0752e-06
26 76 8.52487e-06
27 76 9.78212e-06
28 76 8.0644e-06
29 76 1.37468e-05
30 76 9.0397e-05
31 76 5.77846e-05
32 76 0.000193601
33 76 4.38618e-05
34 76 9.33932e-06
35 76 9.0409e-05
36 76 0.000113871
37 76 0.000125612
38 76 8.11485e-06
39 76 5.9342e-07
40 76 1.55115e-21
41 76 4.96138e-22
42 76 7.56124e-24
43 76 1.3741e-22
44 76 3.49367e-22
45 76 2.52474e-22
46 76 6.12798e-22
47 76 1.62948e-22
48 76 8.8434e-22
49 76 1.10126e-21
50 76 2.29394e-22
51 76 2.36029e-21
52 76 0.000561889
53 76 0.000189781
54 76 5.2284e-05
55 76 5.5549e-05
56 76 0.000776343
57 76 6.23494e-05
58 76 7.03188e-22
59 76 7.45906e-23
0 77 8.3754e-21
1 77 1.06936e-20
2 77 2.44645e-20
3 77 2.54733e-20
4 77 2.56728e-21
5 77 4.7745e-22
6 77 3.39552e-21
7 77 8.88813e-21
8 77 1.88534e-20
9 77 5.46371e-22
10 77 3.89233e-20
11 77 1.11128e-20
12 77 1.37586e-22
13 77 7.92923e-21
14 77 5.957e-22
15 77 7.44924e-22
16 77 4.71523e-22
17 77 6.30992e-22
18 77 6.89244e-22
19 77 1.39257e-21
20 77 5.74681e-06
21 77 3.72811e-06
22 77 3.1249e-06
23 77 4.0704e-07
24 77 7.29931e-06
25 77 1.03404e-06
26 77 2.37291e-05
27 77 1.13243e-05
28 77 1.51442e-05
29 77 1.09829e-05
30 77 1.48196e-05
31 77 0.0001094
32 77 2.66412e-05
33 77 0.000105423
34 77 0.000103406
35 77 9.7101e-05
36 77 1.45152e-05
37 77 7.37607e-05
38 77 3.70322e-06
39 77 3.61519e-06
40 77 3.51389e-22
41 77 8.41806e-22
42 77 6.28046e-22
43 77 8.74673e-22
44 77 5.22329e-22
45 77 1.39718e-21
46 77 1.58081e-22
47 77 1.96307e-21
48 77 2.47762e-22
49 77 7.20509e-22
50 77 2.95557e-22
51 77 2.82994e-22
52 77 0.000201437
53 77 0.000216681
54 77 0.00030382
55 77 0.000244868
56 77 9.99687e-05
57 77 0.000188862
58 77 1.59522e-21
59 77 2.94266e-23
0 78 7.79986e-21
1 78 2.85582e-21
2 78 1.45885e-20
3 78 7.74773e-21
4 78 1.54069e-21
5 78 1.09353e-21
6 78 2.15819e-20
7 78 3.46007e-21
8 78 2.84687e-22
9 78 8.10829e-21
10 78 2.25999e-21
11 78 6.1576e-21
12 78 1.3131e-21
13 78 1.00541e-20
14 78 5.95931e-22
15 78 2.24833e-21
16 78 2.20093e-22
17 78 6.04352e-22
18 78 1.63438e-21
19 78 3.78806e-22
20 78 6.48626e-06
21 78 8.42446e-06
22 78 5.81708e-06
23 78 5.43386e-06
24 78 1.74808e-06
25 78 3.1312e-06
26 78 2.23284e-05
27 78 6.59689e-07
28 78 7.4981e-06
29 78 1.26896e-05
30 78 0.000122091
31 78 4.62797e-06
32 78 0.000186652
33 78 2.12709e-05
34 78 0.000243964
35 78 0.000105356
36 78 1.56738e-05
37 78 3.30284e-05
38 78 4.82656e-06
39 78 2.58194e-06
40 78 1.25386e-21
41 78 1.34003e-22
42 78 2.13026e-22
43 78 1.68736e-22
44 78 4.53643e-22
45 78 1.42837e-22
46 78 1.38794e-21
47 78 1.16528e-21
48 78 4.69907e-22
49 78 4.51654e-22
50 78 5.31957e-22
51 78 6.10247e-22
52 78 0.000423468
53 78 0.000233909
54 78 7.12493e-05
55 78 0.000108901
56 78 0.000445459
57 78 0.000509634
58 78 1.44742e-21
59 78 3.47915e-22
0 79 4.42235e-21
1 79 5.39529e-21
2 79 5.77111e-21
3 79 2.51674e-21
4 79 3.24023e-22
5 79 4.42742e-21
6 79 5.15882e-21
7 79 5.0398e-22
8 79 3.27215e-21
9 79 5.79429e-22
10 79 5.45095e-21
11 79 1.72901e-20
12 79 1.67473e-21
13 79 2.8545e-21
14 79 1.98372e-21
15 79 1.86238e-21
16 79 7.97631e-22
17 79 1.56908e-21
18 79 1.73324e-22
19 79 2.36976e-22
20 79 9.67841e-06
21 79 3.75622e-06
22 79 1.52864e-06
23 79 1.40758e-06
24 79 8.72024e-06
25 79 7.58224e-06
26 79 1.53535e-05
27 79 1.84186e-05
28 79 1.25329e-05
29 79 3.31654e-05
30 79 4.0439e-05
31 79 4.4564e-05
32 79 3.54331e-05
33 79 0.000152001
34 79 2.35036e-05
35 79 1.87424e-05
36 79 0.000191403
37 79 6.93408e-05
38 79 1.91305e-08
39 79 4.90525e-06
40 79 1.42479e-22
41 79 1.31302e-22
42 79 1.02139e-21
43 79 1.57685e-21
44 79 2.11767e-21
45 79 6.74435e-22
46 79 1.53556e-21
47 79 1.14447e-22
48 79 1.37735e-21
49 79 5.72529e-22
50 79 1.07406e-22
51 79 4.80616e-22
52 79 0.000257465
53 79 0.00033575
54 79 0.000270862
55 79 0.000458455
56 79 0.000230769
57 79 0.000390186
58 79 5.46006e-21
59 79 2.10524e-21
0 80 4.54988e-07
1 80 6.6026e-08
2 80 2.34955e-05
3 80 2.50723e-05
4 80 6.35434e-06
5 80 2.33047e-06
6 80 1.18243e-05
7 80 2.10944e-06
8 80 1.38185e-12
9 80 3.71477e-12
10 80 6.14579e-09
11 80 4.83323e-09
12 80 3.27184e-08
13 80 9.81445e-09
14 80 2.41939e-08
15 80 5.73152e-06
16 80 7.04884e-06
17 80 3.95025e-06
18 80 2.71606e-06
19 80 6.29134e-06
20 80 1.28365e-22
21 80 1.46087e-21
22 80 6.4273e-21
23 80 6.91087e-22
24 80 2.13352e-21
25 80 2.087e-21
26 80 1.05038e-21
27 80 1.43068e-21
28 80 7.82298e-22
29 80 1.8487e-22
30 80 8.21007e-22
31 80 8.35348e-23
32 80 1.41719e-21
33 80 2.03108e-21
34 80 1.18029e-21
35 80 2.23765e-22
36 80 1.27179e-21
37 80 1.52875e-21
38 80 2.48345e-23
39 80 1.80424e-23
40 80 1.78135e-06
41 80 5.04533e-07
42 80 6.77324e-07
43 80 5.01549e-06
44 80 6.16565e-11
45 80 1.43857e-11
46 80 0.000306503
47 80 8.46237e-05
48 80 7.60834e-06
49 80 2.78118e-05
50 80 1.42673e-06
51 80 5.19446e-05
52 80 4.02944e-23
53 80 1.20002e-21
54 80 3.3493e-21
55 80 8.13672e-22
56 80 1.03323e-22
57 80 3.72761e-21
58 80 8.66479e-11
59 80 5.56639e-10
0 81 1.54531e-07
1 81 5.95699e-07
2 81 3.70904e-05
3 81 3.14286e-05
4 81 9.16698e-06
5 81 7.44958e-06
6 81 1.79876e-06
7 81 4.0531e-06
8 81 1.11875e-11
9 81 9.93898e-12
10 81 4.51211e-08
11 81 2.4655e-08
12 81 1.55068e-09
13 81 8.52484e-09
14 81 2.31032e-06
15 81 1.41012e-07
16 81 7.8835e-06
17 81 1.50835e-05
18 81 5.65283e-06
19 81 1.05885e-06
20 81 1.52645e-21
21 81 1.66814e-21
22 81 1.01131e-21
23 81 2.79504e-21
24 81 2.00673e-22
25 81 1.3714e-21
26 81 4.09589e-21
27 81 1.71017e-21
28 81 1.30764e-21
29 81 1.6171e-22
30 81 1.30394e-21
31 81 5.25382e-22
32 81 1.42281e-21
33 81 1.3678e-22
34 81 6.78019e-22
35 81 1.45689e-21
36 81 1.42555e-21
37 81 5.25018e-22
38 81 2.11768e-24
39 81 7.80282e-22
40 81 8.14144e-07
41 81 5.3032e-06
42 81 3.82487e-06
43 81 1.97684e-06
44 81 3.89989e-11
45 81 4.28224e-11
46 81 7.94784e-05
47 81 0.000210829
48 81 0.000309513
49 81 3.428e-05
50 81 2.23402e-05
51 81 5.57857e-08
52 81 2.58886e-22
53 81 1.77393e-21
54 81 2.37002e-22
55 81 1.81111e-21
56 81 7.19276e-22
57 81 1.04093e-21
58 81 4.98251e-10
59 81 1.73418e-10
0 82 2.00916e-06
1 82 1.47576e-07
2 82 2.07015e-07
3 82 1.76115e-07
4 82 1.12697e-07
5 82 2.60883e-07
6 82 9.30018e-09
7 82 1.75745e-08
8 82 1.46843e-06
9 82 5.25406e-07
10 82 1.59461e-06
11 82 8.27592e-07
12 82 8.02406e-08
13 82 2.99058e-07
14 82 4.95435e-06
15 82 2.31959e-06
16 82 6.3792e-08
17 82 2.37922e-06
18 82 2.20887e-06
19 82 6.74639e-07
20 82 2.70807e-22
21 82 1.35259e-21
22 82 2.74119e-21
23 82 8.81707e-22
24 82 2.02321e-21
25 82 1.66647e-21
26 82 1.95311e-21
27 82 2.31393e-21
28 82 7.13666e-22
29 82 8.7495e-22
30 82 8.12762e-22
31 82 1.73936e-22
32 82 1.75047e-22
33 82 3.93242e-21
34 82 1.8594e-21
35 82 4.45922e-22
36 82 6.66553e-22
37 82 2.33486e-22
38 82 3.03738e-22
39 82 5.12567e-22
40 82 0.000150679
41 82 5.67143e-05
42 82 7.81255e-05
43 82 0.00014687
44 82 2.18811e-05
45 82 2.82779e-06
46 82 5.34644e-06
47 82 6.8729e-05
48 82 2.76732e-05
49 82 4.94872e-08
50 82 7.46779e-06
51 82 6.74326e-06
52 82 1.027e-21
53 82 2.32071e-21
54 82 3.63073e-22
55 82 4.56738e-22
56 82 4.21924e-23
57 82 2.98934e-21
58 82 9.62673e-06
59 82 3.02872e-05
0 83 1.65439e-06
1 83 4.56598e-06
2 83 5.77649e-07
3 83 2.27411e-07
4 83 1.40424e-07
5 83 2.42431e-08
6 83 1.24633e-08
7 83 3.42652e-08
8 83 8.02812e-07
9 83 6.93056e-07
10 83 2.02965e-07
11 83 2.14802e-07
12 83 2.58808e-06
13 83 3.07923e-07
14 83 4.43654e-06
15 83 8.711e-06
16 83 7.27617e-07
17 83 1.89649e-06
18 83 8.78115e-09
19 83 3.0359e-06
20 83 1.26887e-21
21 83 6.46792e-21
22 83 2.24646e-21
23 83 1.73414e-21
24 83 8.59983e-22
25 83 5.55221e-22
26 83 2.40707e-21
27 83 3.04542e-22
28 83 4.4605e-22
29 83 3.01591e-22
30 83 3.49607e-21
31 83 2.36233e-22
32 83 4.08576e-22
33 83 8.4363e-22
34 83 2.96096e-22
35 83 1.53957e-21
36 83 2.70852e-21
37 83 9.4238e-23
38 83 9.76031e-22
39 83 2.97751e-22
40 83 9.61983e-05
41 83 7.23796e-05
42 83 7.26099e-05
43 83 0.000128358
44 83 1.66212e-05
45 83 1.83627e-06
46 83 1.57945e-06
47 83 2.66547e-05
48 83 6.33569e-08
49 83 2.34141e-05
50 83 5.09423e-06
51 83 2.0991e-05
52 83 3.74538e-21
53 83 1.50195e-22
54 83 3.41183e-21
55 83 3.43617e-23
56 83 9.63079e-22
57 83 7.98287e-22
58 83 3.89623e-06
59 83 2.58735e-05
0 84 3.49346e-06
1 84 7.81607e-06
2 84 8.30973e-09
3 84 4.92921e-07
4 84 5.17484e-08
5 84 1.89223e-07
6 84 2.00167e-08
7 84 1.86169e-08
8 84 1.02481e-06
9 84 1.60968e-06
10 84 2.67857e-07
11 84 1.07619e-06
12 84 7.55587e-07
13 84 5.47877e-07
14 84 9.0916e-06
15 84 2.01573e-06
16 84 1.13303e-07
17 84 3.71704e-07
18 84 2.5817e-06
19 84 1.82692e-06
20 84 8.96655e-22
21 84 6.33484e-22
22 84 7.02101e-22
23 84 3.38571e-22
24 84 8.8573e-22
25 84 4.72552e-21
26 84 2.67133e-22
27 84 8.1605e-22
28 84 7.91184e-22
29 84 1.34536e-22
30 84 1.14201e-21
31 84 7.48045e-22
32 84 2.96597e-22
33 84 8.11561e-23
34 84 1.08735e-22
35 84 6.09232e-23
36 84 4.90937e-22
37 84 1.0813e-21
38 84 1.86958e-22
39 84 5.56411e-22
40 84 3.70675e-05
41 84 3.98892e-05
42 84 0.000199713
43 84 8.8994e-05
44 84 1.19492e-05
45 84 2.12344e-05
46 84 2.74556e-05
47 84 1.4087e-05
48 84 1.78441e-05
49 84 1.62349e-05
50 84 2.05731e-05
51 84 1.31047e-06
52 84 2.58929e-22
53 84 3.16263e-22
54 84 1.14148e-21
55 84 5.19048e-21
56 84 6.17592e-22
57 84 3.05321e-21
58 84 2.95646e-05
59 84 2.41493e-05
0 85 8.85644e-06
1 85 2.06173e-06
2 85 7.02935e-08
3 85 1.27426e-07
4 85 2.10392e-07
5 85 2.98511e-08
6 85 1.23991e-08
7 85 9.23049e-09
8 85 2.00766e-06
9 85 3.89558e-06
10 85 1.39709e-07
11 85 3.25047e-07
12 85 2.48889e-07
13 85 4.38895e-07
14 85 4.34424e-06
15 85 1.70582e-06
16 85 3.25722e-06
17 85 1.9236e-08
18 85 2.42016e-07
19 85 8.07038e-07
20 85 3.06555e-21
21 85 3.33305e-22
22 85 3.24504e-22
23 85 1.74047e-21
24 85 7.38721e-22
25 85 3.9213e-21
26 85 3.01617e-21
27 85 5.54298e-22
28 85 2.62143e-22
29 85 2.06197e-21
30 85 8.19472e-22
31 85 1.06054e-22
32 85 4.05217e-22
33 85 5.63788e-24
34 85 2.80783e-22
35 85 7.01293e-22
36 85 2.81305e-22
37 85 1.94724e-22
38 85 1.3365e-21
39 85 2.58843e-21
40 85 9.04763e-05
41 85 0.000150642
42 85 1.87339e-05
43 85 6.66164e-06
44 85 1.36104e-05
45 85 6.05722e-05
46 85 2.97544e-05
47 85 2.39564e-06
48 85 7.24696e-06
49 85 7.07641e-05
50 85 1.05445e-05
51 85 1.47371e-06
52 85 1.75517e-21
53 85 2.8749e-22
54 85 3.67585e-22
55 85 2.80556e-21
56 85 4.65413e-22
57 85 6.76621e-22
58 85 9.17896e-05
59 85 2.90914e-05
0 86 4.80473e-06
1 86 1.00599e-06
2 86 4.75769e-08
3 86 1.1534e-07
4 86 6.86305e-09
5 86 1.87848e-08
6 86 7.12197e-07
7 86 3.34761e-08
8 86 6.00831e-12
9 86 1.47474e-11
10 86 1.31746e-07
11 86 3.89898e-07
12 86 8.65526e-07
13 86 1.99697e-07
14 86 1.57176e-06
15 86 5.33237e-05
16 86 1.41541e-05
17 86 1.40733e-05
18 86 1.47507e-05
19 86 1.42865e-05
20 86 2.29908e-21
21 86 2.72026e-22
22 86 6.13348e-21
23 86 4.41843e-22
24 86 2.24476e-21
25 86 5.44846e-21
26 86 1.6348e-22
27 86 8.17918e-22
28 86 2.6417e-21
29 86 4.09638e-22
30 86 5.59182e-23
31 86 6.01231e-23
32 86 4.27651e-22
33 86 2.64387e-22
34 86 2.89753e-21
35 86 8.80575e-22
36 86 8.44396e-25
37 86 4.07111e-22
38 86 3.67486e-23
39 86 9.14202e-22
40 86 2.03312e-05
41 86 1.9102e-05
42 86 1.34418e-06
43 86 4.66405e-05
44 86 1.02536e-10
45 86 8.34389e-11
46 86 3.03254e-05
47 86 2.11279e-05
48 86 8.85223e-06
49 86 1.71838e-06
50 86 2.48952e-05
51 86 0.000183703
52 86 3.12603e-22
53 86 6.37139e-22
54 86 2.37938e-21
55 86 3.14012e-22
56 86 3.80218e-22
57 86 1.5404e-22
58 86 8.73251e-12
59 86 1.89366e-10
0 87 4.62224e-07
1 87 4.73839e-06
2 87 1.49076e-07
3 87 7.16345e-08
4 87 4.27963e-08
5 87 1.63031e-08
6 87 4.02924e-09
7 87 2.9153e-07
8 87 7.38942e-12
9 87 4.57262e-13
10 87 1.45664e-06
11 87 4.78201e-07
12 87 1.69535e-07
13 87 3.61929e-07
14 87 2.06176e-05
15 87 1.67397e-06
16 87 2.91226e-05
17 87 4.13826e-05
18 87 9.67395e-06
19 87 7.16976e-06
20 87 2.34919e-21
21 87 4.40074e-22
22 87 2.54516e-21
23 87 1.26512e-22
24 87 5.28573e-22
25 87 1.64222e-21
26 87 9.86967e-22
27 87 9.12192e-23
28 87 6.79405e-22
29 87 3.1719e-21
30 87 7.51017e-22
31 87 1.47013e-21
32 87 2.02527e-21
33 87 1.20184e-24
34 87 1.1819e-21
35 87 5.83879e-22
36 87 3.68701e-22
37 87 9.93261e-22
38 87 9.33192e-22
39 87 1.93716e-22
40 87 8.49039e-06
41 87 4.60346e-05
42 87 4.91398e-05
43 87 3.10797e-05
44 87 6.2073e-13
45 87 1.47748e-10
46 87 2.62898e-05
47 87 2.22164e-05
48 87 3.81038e-05
49 87 7.54953e-06
50 87 6.86819e-05
51 87 1.58431e-05
52 87 1.48063e-22
53 87 2.44367e-22
54 87 3.36462e-21
55 87 1.93435e-22
56 87 1.09728e-21
57 87 5.52773e-22
58 87 7.41991e-11
59 87 3.36576e-11
0 88 2.60136e-06
1 88 1.76134e-06
2 88 1.75268e-06
3 88 5.34465e-07
4 88 5.60551e-06
5 88 1.54182e-07
6 88 9.12668e-12
7 88 5.10004e-11
8 88 9.36168e-07
9 88 3.25524e-06
10 88 4.39675e-07
11 88 3.29557e-06
12 88 1.20563e-06
13 88 1.98319e-05
14 88 1.21096e-10
15 88 4.36063e-11
16 88 6.9964e-06
17 88 1.54591e-06
18 88 3.1543e-08
19 88 3.98322e-06
20 88 4.64637e-21
21 88 1.10159e-22
22 88 9.46183e-21
23 88 4.78904e-22
24 88 4.51848e-22
25 88 9.89016e-23
26 88 1.99848e-22
27 88 4.75848e-22
28 88 1.4221e-21
29 88 2.45455e-21
30 88 8.31927e-22
31 88 8.05526e-23
32 88 1.2252e-21
33 88 4.03427e-22
34 88 6.16638e-23
35 88 2.92362e-22
36 88 8.77926e-22
37 88 6.69423e-22
38 88 2.78486e-22
39 88 8.26038e-22
40 88 4.84351e-05
41 88 1.48008e-05
42 88 9.32217e-06
43 88 4.58714e-08
44 88 9.0278e-05
45 88 0.000132407
46 88 5.24537e-06
47 88 6.25871e-07
48 88 1.15375e-06
49 88 1.73211e-05
50 88 2.69607e-11
51 88 1.19561e-10
52 88 6.66642e-21
53 88 1.66101e-22
54 88 3.26075e-22
55 88 2.58147e-21
56 88 6.90366e-22
57 88 1.57768e-21
58 88 0.000236037
59 88 0.000210037
0 89 2.93733e-07
1 89 5.84478e-07
2 89 3.18639e-07
3 89 5.52983e-07
4 89 9.8828e-08
5 89 4.43925e-06
6 89 1.67167e-11
7 89 2.70151e-11
8 89 7.55575e-06
9 89 1.96431e-06
10 89 7.11516e-06
11 89 6.26039e-06
12 89 2.85193e-06
13 89 4.24699e-07
14 89 3.2801e-11
15 89 2.16677e-11
16 89 4.84908e-07
17 89 1.13714e-06
18 89 5.4488e-06
19 89 1.35311e-06
20 89 4.47746e-22
21 89 3.37658e-21
22 89 1.30445e-21
23 89 2.41736e-21
24 89 3.37979e-21
25 89 6.30119e-23
26 89 1.94138e-22
27 89 3.09263e-21
28 89 1.42231e-21
29 89 6.21932e-22
30 89 1.73893e-21
31 89 3.89276e-22
32 89 1.04289e-21
33 89 7.99258e-23
34 89 1.63749e-21
35 89 3.40223e-21
36 89 2.39313e-22
37 89 6.92074e-22
38 89 1.97497e-22
39 89 4.43245e-22
40 89 6.051e-06
41 89 1.32264e-05
42 89 1.53752e-05
43 89 1.29627e-05
44 89 0.00037462
45 89 0.000125377
46 89 2.49312e-06
47 89 5.39797e-06
48 89 7.37629e-06
49 89 1.30135e-06
50 89 1.22246e-10
51 89 3.90002e-11
52 89 5.76776e-22
53 89 2.54656e-21
54 89 2.40134e-21
55 89 4.24489e-21
56 89 1.62721e-21
57 89 1.3543e-21
58 89 0.000350112
59 89 0.000648436
0 90 1.91101e-06
1 90 2.90288e-06
2 90 1.13738e-06
3 90 4.1449e-08
4 90 6.62744e-06
5 90 7.6508e-07
6 90 1.52984e-07
7 90 1.2343e-07
8 90 2.61752e-06
9 90 1.03909e-05
10 90 2.83846e-07
11 90 1.70055e-06
12 90 6.80801e-06
13 90 3.31257e-06
14 90 6.24286e-08
15 90 4.80398e-07
16 90 3.70562e-05
17 90 4.29566e-06
18 90 2.59306e-06
19 90 4.18375e-05
20 90 3.71718e-22
21 90 1.51277e-21
22 90 1.04202e-20
23 90 2.31746e-23
24 90 3.72612e-21
25 90 7.807e-21
26 90 2.11003e-21
27 90 6.11645e-22
28 90 9.01075e-23
29 90 3.48522e-22
30 90 6.75412e-22
31 90 3.84335e-22
32 90 1.04178e-21
33 90 2.13827e-21
34 90 1.91148e-21
35 90 4.17833e-24
36 90 1.04883e-21
37 90 1.43424e-21
38 90 6.02902e-22
39 90 1.35093e-22
40 90 2.00011e-05
41 90 9.2294e-06
42 90 5.65765e-06
43 90 9.06583e-06
44 90 1.2942e-05
45 90 6.86332e-05
46 90 4.18043e-05
47 90 5.98291e-06
48 90 1.57162e-07
49 90 5.94044e-05
50 90 3.96298e-07
51 90 4.55899e-06
52 90 5.60636e-22
53 90 1.08396e-22
54 90 4.53369e-21
55 90 7.37573e-22
56 90 1.10338e-21
57 90 3.66142e-21
58 90 9.24769e-05
59 90 3.76983e-05
0 91 1.58854e-06
1 91 8.77962e-08
2 91 6.61581e-07
3 91 1.32324e-06
4 91 5.03005e-07
5 91 2.14158e-06
6 91 1.60847e-07
7 91 9.92454e-07
8 91 2.33695e-06
9 91 1.66672e-06
10 91 2.0048e-05
11 91 3.12403e-06
12 91 1.78323e-05
13 91 1.26922e-05
14 91 1.30503e-06
15 91 9.45732e-07
16 91 8.40141e-07
17 91 1.92342e-05
18 91 1.6481e-05
19 91 1.05853e-05
20 91 3.29446e-21
21 91 3.87975e-22
22 91 2.35216e-21
23 91 2.08871e-21
24 91 2.16791e-21
25 91 9.82183e-21
26 91 2.43204e-21
27 91 1.40484e-21
28 91 1.24753e-20
29 91 7.00143e-22
30 91 1.76556e-21
31 91 4.7164e-22
32 91 1.10543e-22
33 91 7.58834e-22
34 91 7.07863e-22
35 91 1.57516e-21
36 91 3.53553e-22
37 91 4.11304e-22
38 91 7.16649e-22
39 91 5.60836e-22
40 91 1.14743e-05
41 91 3.13956e-05
42 91 1.07653e-05
43 91 3.98153e-05
44 91 2.31334e-05
45 91 1.7105e-06
46 91 8.88279e-06
47 91 2.3611e-05
48 91 1.129e-05
49 91 2.10263e-05
50 91 9.88717e-06
51 91 1.04301e-05
52 91 9.47102e-22
53 91 1.16699e-21
54 91 2.38607e-21
55 91 1.46035e-21
56 91 3.99864e-22
57 91 6.93038e-22
58 91 6.36788e-06
59 91 3.30552e-05
0 92 1.40107e-06
1 92 1.60658e-06
2 92 6.12647e-07
3 92 9.09726e-08
4 92 5.0798e-07
5 92 5.6829e-07
6 92 8.30521e-07
7 92 9.81771e-07
8 92 5.48657e-07
9 92 1.93964e-07
10 92 1.2615e-05
11 92 3.2654e-05
12 92 5.59262e-06
13 92 8.43949e-06
14 92 2.9797e-06
15 92 6.10563e-07
16 92 1.7984e-06
17 92 4.48851e-06
18 92 3.21458e-06
19 92 2.69488e-06
20 92 1.91876e-21
21 92 1.73819e-21
22 92 1.04888e-21
23 92 6.52143e-22
24 92 2.63529e-21
25 92 5.62763e-22
26 92 1.28269e-21
27 92 1.26979e-21
28 92 1.79097e-21
29 92 5.08572e-23
30 92 8.11455e-22
31 92 4.80869e-22
32 92 1.36626e-21
33 92 1.09927e-21
34 92 4.39197e-22
35 92 5.38101e-22
36 92 1.73556e-22
37 92 5.9136e-25
38 92 1.80871e-22
39 92 6.48622e-22
40 92 1.65332e-05
41 92 3.54045e-05
42 92 3.80404e-05
43 92 7.09403e-05
44 92 4.30111e-06
45 92 5.32987e-07
46 92 4.5367e-07
47 92 1.93895e-05
48 92 4.05114e-05
49 92 2.00955e-06
50 92 2.64192e-05
51 92 5.52833e-06
52 92 1.72994e-21
53 92 7.06916e-22
54 92 7.2357e-23
55 92 7.49842e-23
56 92 1.53223e-22
57 92 4.13029e-22
58 92 1.73164e-06
59 92 5.99248e-06
0 93 3.05658e-06
1 93 5.69716e-07
2 93 1.53523e-06
3 93 7.3272e-07
4 93 1.0255e-06
5 93 4.34677e-06
6 93 4.03091e-07
7 93 1.16849e-07
8 93 4.40612e-06
9 93 3.4346e-07
10 93 4.88816e-06
11 93 5.20598e-06
12 93 3.45365e-05
13 93 2.9348e-06
14 93 1.43691e-07
15 93 9.17616e-07
16 93 1.2919e-05
17 93 3.33414e-05
18 93 3.17411e-05
19 93 9.18978e-07
20 93 1.89814e-21
21 93 7.24334e-21
22 93 3.58695e-21
23 93 5.92554e-22
24 93 3.03103e-22
25 93 1.62722e-21
26 93 4.07078e-22
27 93 1.41985e-21
28 93 8.17278e-22
29 93 1.7583e-21
30 93 1.05908e-21
31 93 2.52564e-21
32 93 8.74484e-22
33 93 3.1941e-22
34 93 3.91949e-22
35 93 7.51935e-22
36 93 3.50417e-21
37 93 8.91863e-22
38 93 2.35123e-22
39 93 2.03925e-22
40 93 1.66195e-05
41 93 1.38706e-05
42 93 2.36678e-05
43 93 1.75024e-05
44 93 1.95607e-05
45 93 9.89491e-06
46 93 1.08304e-05
47 93 3.73644e-05
48 93 1.84376e-05
49 93 2.39632e-05
50 93 2.71494e-06
51 93 6.7262e-06
52 93 5.88529e-22
53 93 3.21813e-22
54 93 1.53276e-21
55 93 8.76612e-22
56 93 3.93701e-21
57 93 5.88685e-22
58 93 2.26063e-05
59 93 2.39323e-05
0 94 1.62036e-07
1 94 3.52224e-07
2 94 1.10725e-07
3 94 4.09405e-06
4 94 2.7169e-06
5 94 1.73423e-05
6 94 2.3158e-11
7 94 4.64463e-12
8 94 4.86015e-05
9 94 1.8888e-06
10 94 9.34536e-06
11 94 1.39326e-05
12 94 2.58505e-06
13 94 3.5597e-06
14 94 6.17153e-12
15 94 4.73142e-11
16 94 8.53083e-09
17 94 1.48313e-09
18 94 1.023e-08
19 94 1.68986e-09
20 94 1.64807e-21
21 94 3.70348e-22
22 94 4.53441e-21
23 94 3.7841e-21
24 94 9.10567e-22
25 94 1.05986e-22
26 94 5.14969e-22
27 94 2.55707e-22
28 94 1.08093e-21
29 94 3.1093e-22
30 94 5.21577e-22
31 94 3.82192e-22
32 94 4.81885e-22
33 94 9.60942e-24
34 94 5.45905e-22
35 94 7.27389e-22
36 94 7.44505e-22
37 94 7.56238e-22
38 94 2.15711e-22
39 94 1.1458e-22
40 94 6.11081e-06
41 94 3.5115e-06
42 94 8.52733e-06
43 94 4.31869e-06
44 94 6.64792e-05
45 94 4.40362e-05
46 94 1.61041e-05
47 94 1.35652e-05
48 94 1.78043e-05
49 94 8.10956e-06
50 94 8.98912e-11
51 94 1.13576e-10
52 94 4.40782e-23
53 94 8.85714e-22
54 94 2.87614e-22
55 94 6.73827e-23
56 94 6.86867e-24
57 94 1.22073e-21
58 94 0.000263616
59 94 0.000210806
0 95 4.93872e-07
1 95 1.64806e-07
2 95 8.52408e-06
3 95 4.09739e-07
4 95 2.09e-05
5 95 1.75982e-06
6 95 1.10177e-10
7 95 6.08718e-11
8 95 1.0259e-06
9 95 2.86749e-05
10 95 3.03804e-06
11 95 1.65605e-06
12 95 4.05391e-06
13 95 2.94344e-05
14 95 1.45955e-10
15 95 3.07121e-11
16 95 1.01959e-08
17 95 4.94539e-09
18 95 2.82093e-09
19 95 1.08537e-08
20 95 1.47737e-21
21 95 4.13502e-22
22 95 3.74402e-21
23 95 1.58189e-21
24 95 2.3094e-21
25 95 1.11549e-21
26 95 1.53439e-21
27 95 4.49717e-21
28 95 5.25042e-21
29 95 1.53316e-21
30 95 5.12233e-22
31 95 2.58806e-22
32 95 7.33663e-22
33 95 8.85485e-22
34 95 6.62065e-22
35 95 6.65998e-22
36 95 7.42103e-22
37 95 7.76441e-22
38 95 1.26853e-22
39 95 7.31847e-23
40 95 1.74433e-05
41 95 8.55665e-06
42 95 2.33609e-06
43 95 1.29545e-06
44 95 4.6618e-05
45 95 1.86534e-05
46 95 8.2405e-06
47 95 5.03249e-06
48 95 8.72845e-06
49 95 5.02748e-05
50 95 3.34042e-10
51 95 6.22968e-11
52 95 6.12972e-21
53 95 3.37867e-21
54 95 2.87426e-22
55 95 2.78946e-21
56 95 2.3519e-22
57 95 2.9369e-21
58 95 4.19273e-05
59 95 0.000237946
0 96 1.29847e-08
1 96 9.41194e-08
2 96 6.35413e-07
3 96 1.24292e-05
4 96 2.43422e-06
5 96 2.6358e-05
6 96 8.83197e-06
7 96 8.43014e-06
8 96 1.64094e-06
9 96 3.4814e-07
10 96 3.66854e-06
11 96 1.86808e-06
12 96 9.27521e-06
13 96 1.61511e-07
14 96 1.24094e-06
15 96 1.63328e-06
16 96 7.09169e-08
17 96 3.72189e-07
18 96 4.89875e-08
19 96 4.49167e-07
20 96 1.41583e-22
21 96 1.66422e-21
22 96 1.17252e-21
23 96 1.19066e-21
24 96 3.20968e-21
25 96 1.86424e-21
26 96 6.05702e-22
27 96 1.64541e-21
28 96 1.32988e-21
29 96 6.28352e-22
30 96 2.4079e-22
31 96 6.77536e-23
32 96 3.32241e-21
33 96 8.78971e-23
34 96 2.33166e-22
35 96 8.53165e-23
36 96 3.26415e-22
37 96 7.15016e-22
38 96 3.36043e-23
39 96 1.17395e-21
40 96 5.38937e-06
41 96 6.65048e-07
42 96 2.88337e-05
43 96 4.36697e-06
44 96 1.49728e-05
45 96 5.42346e-05
46 96 5.84892e-06
47 96 4.56079e-06
48 96 2.80734e-06
49 96 7.24889e-07
50 96 5.62267e-06
51 96 1.32116e-05
52 96 8.93844e-22
53 96 5.76966e-22
54 96 1.2794e-21
55 96 7.99392e-22
56 96 1.49332e-21
57 96 1.95959e-21
58 96 0.00018175
59 96 3.73186e-05
0 97 1.5738e-08
1 97 1.37654e-06
2 97 1.82342e-05
3 97 7.30172e-06
4 97 6.57353e-06
5 97 1.73379e-05
6 97 1.67583e-05
7 97 2.6665e-06
8 97 2.84023e-07
9 97 1.13665e-06
10 97 2.16e-07
11 97 2.35135e-06
12 97 7.76661e-06
13 97 2.9747e-06
14 97 3.0139e-09
15 97 3.21792e-06
16 97 6.16212e-08
17 97 2.88616e-08
18 97 2.04188e-07
19 97 5.72617e-07
20 97 9.56292e-22
21 97 1.7179e-21
22 97 1.62024e-21
23 97 1.4332e-22
24 97 2.6282e-23
25 97 4.92506e-22
26 97 8.89096e-22
27 97 7.13205e-22
28 97 7.46495e-22
29 97 8.96835e-23
30 97 8.78593e-22
31 97 1.84603e-21
32 97 1.12996e-21
33 97 4.17685e-22
34 97 2.28954e-22
35 97 8.34046e-22
36 97 1.4146e-22
37 97 8.80473e-22
38 97 1.89232e-23
39 97 1.90264e-21
40 97 1.47198e-05
41 97 2.33789e-05
42 97 9.67873e-06
43 97 4.78422e-07
44 97 4.61888e-05
45 97 2.81049e-06
46 97 2.45048e-06
47 97 8.01163e-06
48 97 4.7954e-06
49 97 1.05756e-07
50 97 1.09848e-06
51 97 2.00733e-05
52 97 1.38838e-21
53 97 2.21571e-21
54 97 7.69584e-22
55 97 1.06485e-21
56 97 1.99969e-21
57 97 1.12972e-21
58 97 8.8692e-07
59 97 0.000153581
0 98 1.66716e-06
1 98 4.18464e-07
2 98 2.8911e-06
3 98 1.01715e-05
4 98 1.1663e-05
5 98 1.96492e-07
6 98 3.60147e-05
7 98 1.34159e-05
8 98 2.93896e-07
9 98 1.55528e-06
10 98 1.05346e-06
11 98 8.06717e-06
12 98 3.21855e-06
13 98 5.94545e-06
14 98 5.32541e-06
15 98 2.90881e-06
16 98 4.46944e-07
17 98 8.07043e-08
18 98 5.1847e-07
19 98 4.57396e-08
20 98 5.257e-22
21 98 7.37319e-22
22 98 1.7715e-20
23 98 1.87311e-23
24 98 4.49034e-21
25 98 1.02006e-21
26 98 4.51672e-22
27 98 8.1538e-22
28 98 1.14935e-22
29 98 1.11924e-21
30 98 1.09383e-22
31 98 3.10682e-21
32 98 5.29024e-23
33 98 8.32961e-23
34 98 2.71342e-22
35 98 6.9172e-22
36 98 5.82201e-22
37 98 1.37912e-21
38 98 6.88836e-22
39 98 4.63571e-21
40 98 4.85898e-06
41 98 1.09148e-05
42 98 2.77247e-06
43 98 1.22077e-06
44 98 2.50749e-05
45 98 3.91423e-05
46 98 8.64738e-07
47 98 1.4949e-06
48 98 2.80675e-06
49 98 5.20924e-06
50 98 4.21965e-05
51 98 1.18254e-05
52 98 1.13107e-21
53 98 3.19873e-22
54 98 1.78124e-22
55 98 1.09328e-21
56 98 1.04928e-21
57 98 4.93067e-21
58 98 0.000105081
59 98 9.80263e-05
0 99 1.18516e-06
1 99 1.78206e-06
2 99 4.01363e-06
3 99 1.20208e-06
4 99 1.47465e-05
5 99 7.57622e-06
6 99 1.42291e-06
7 99 6.61476e-05
8 99 4.74187e-07
9 99 3.811e-07
10 99 4.81066e-06
11 99 5.66523e-06
12 99 4.03267e-06
13 99 1.9321e-06
14 99 9.00821e-06
15 99 2.33116e-06
16 99 1.98969e-07
17 99 4.11211e-07
18 99 2.67085e-07
19 99 1.95224e-07
20 99 5.76922e-21
21 99 3.88461e-23
22 99 2.04468e-21
23 99 3.54568e-21
24 99 7.02013e-22
25 99 6.10866e-21
26 99 3.61125e-21
27 99 2.15792e-22
28 99 1.99205e-21
29 99 4.5452e-21
30 99 7.48504e-22
31 99 1.88016e-21
32 99 1.93287e-21
33 99 1.63902e-21
34 99 7.13206e-23
35 99 1.90695e-22
36 99 1.41669e-22
37 99 1.03021e-21
38 99 9.53091e-22
39 99 1.44423e-21
40 99 1.35793e-05
41 99 6.16721e-07
42 99 7.86219e-06
43 99 6.12823e-06
44 99 4.1451e-06
45 99 2.48661e-05
46 99 3.82763e-06
47 99 1.731e-06
48 99 7.84722e-07
49 99 3.33486e-06
50 99 5.03091e-05
51 99 2.38402e-05
52 99 8.594e-22
53 99 3.65992e-21
54 99 1.28488e-21
55 99 4.83403e-23
56 99 1.44146e-22
57 99 2.90286e-21
58 99 7.88669e-05
59 99 1.2764e-05
0 100 1.91719e-20
1 100 2.76897e-20
2 100 3.3591e-21
3 100 6.93651e-21
4 100 1.52446e-20
5 100 6.52554e-21
6 100 1.20838e-20
7 100 1.67119e-20
8 100 1.55647e-20
9 100 4.54333e-22
10 100 1.40392e-20
11 100 4.27181e-21
12 100 9.41283e-21
13 100 2.28439e-21
14 100 4.8933e-21
15 100 4.90734e-22
16 100 3.065e-22
17 100 2.19134e-21
18 100 9.42417e-22
19 100 1.15923e-21
20 100 1.89568e-11
21 100 3.38018e-11
22 100 4.9227e-08
23 100 2.95272e-08
24 100 1.74248e-07
25 100 4.9016e-08
26 100 3.72631e-06
27 100 2.6972e-05
28 100 9.15245e-06
29 100 2.15355e-06
30 100 2.7609e-05
31 100 6.76247e-06
32 100 3.42078e-12
33 100 4.01548e-12
34 100 2.44049e-06
35 100 1.74233e-06
36 100 2.16483e-06
37 100 4.3819e-06
38 100 2.53579e-06
39 100 2.44194e-05
40 100 7.82454e-22
41 100 1.25122e-21
42 100 1.22481e-21
43 100 3.17315e-21
44 100 2.11622e-22
45 100 2.06819e-21
46 100 1.78189e-22
47 100 2.25857e-22
48 100 1.18839e-21
49 100 1.33166e-21
50 100 1.23527e-21
51 100 1.85361e-22
52 100 1.83225e-11
53 100 6.41475e-14
54 100 1.90671e-06
55 100 2.08324e-06
56 100 1.44943e-06
57 100 1.7545e-06
58 100 5.00906e-21
59 100 3.46264e-22
0 101 1.0016e-20
1 101 5.8375e-21
2 101 2.2452e-20
3 101 1.52802e-20
4 101 3.04787e-21
5 101 3.42037e-20
6 101 5.26512e-23
7 101 3.13883e-20
8 101 3.20782e-20
9 101 6.41209e-21
10 101 2.40236e-20
11 101 8.66115e-23
12 101 1.36728e-20
13 101 3.74111e-22
14 101 2.17197e-21
15 101 5.44388e-21
16 101 1.0365e-21
17 101 9.08184e-22
18 101 2.90977e-21
19 101 4.09298e-22
20 101 8.60959e-12
21 101 6.80747e-11
22 101 5.80767e-08
23 101 1.84505e-07
24 101 2.39364e-08
25 101 3.16643e-08
26 101 9.88146e-06
27 101 4.18335e-06
28 101 2.68846e-05
29 101 3.90251e-07
30 101 1.48725e-08
31 101 3.52909e-05
32 101 5.40211e-12
33 101 1.51594e-12
34 101 3.41312e-07
35 101 8.37998e-06
36 101 4.46224e-08
37 101 1.86954e-06
38 101 1.52833e-05
39 101 1.2367e-05
40 101 1.78853e-21
41 101 1.27338e-21
42 101 1.32589e-21
43 101 1.8808e-22
44 101 1.03573e-21
45 101 2.14894e-21
46 101 2.5814e-21
47 101 1.69804e-21
48 101 9.30006e-22
49 101 9.01949e-22
50 101 2.32189e-21
51 101 2.49534e-22
52 101 1.8698e-11
53 101 4.87263e-11
54 101 2.77729e-06
55 101 2.77914e-06
56 101 3.5551e-07
57 101 1.15244e-06
58 101 1.73782e-21
59 101 4.06596e-21
0 102 1.23297e-21
1 102 2.10178e-21
2 102 6.87301e-20
3 102 3.39939e-20
4 102 4.59817e-21
5 102 7.38794e-21
6 102 2.77163e-20
7 102 7.01639e-21
8 102 5.59743e-21
9 102 1.58575e-20
10 102 1.70328e-20
11 102 2.90474e-20
12 102 1.453e-20
13 102 7.64129e-21
14 102 4.03023e-21
15 102 6.77091e-22
16 102 9.7029e-22
17 102 1.72785e-21
18 102 4.34353e-23
19 102 8.49667e-22
20 102 1.84487e-06
21 102 8.51446e-07
22 102 1.19198e-07
23 102 1.911e-07
24 102 3.21719e-07
25 102 8.4488e-07
26 102 1.23411e-07
27 102 2.63003e-05
28 102 1.74727e-06
29 102 1.1072e-05
30 102 1.17634e-07
31 102 9.0332e-08
32 102 6.71065e-08
33 102 1.01304e-05
34 102 4.5376e-06
35 102 4.02263e-06
36 102 1.16722e-06
37 102 1.39321e-05
38 102 1.90957e-08
39 102 8.27287e-06
40 102 6.87223e-22
41 102 2.65392e-22
42 102 2.0705e-21
43 102 4.56292e-21
44 102 8.97284e-22
45 102 1.32755e-21
46 102 1.12068e-21
47 102 2.16412e-21
48 102 1.67499e-21
49 102 2.16596e-22
50 102 9.96709e-22
51 102 1.63999e-21
52 102 1.95763e-06
53 102 1.16531e-05
54 102 1.15872e-05
55 102 1.10652e-05
56 102 2.22795e-06
57 102 7.21875e-06
58 102 1.12373e-21
59 102 2.08121e-21
0 103 5.87472e-20
1 103 9.14461e-21
2 103 5.93271e-20
3 103 7.66401e-20
4 103 7.76615e-21
5 103 3.38595e-21
6 103 9.4912e-20
7 103 1.68782e-20
8 103 1.12109e-19
9 103 1.69076e-20
10 103 3.73021e-21
11 103 6.31355e-20
12 103 1.67196e-21
13 103 2.0851e-20
14 103 2.53155e-21
15 103 7.77127e-21
16 103 3.8347e-22
17 103 1.6825e-21
18 103 3.53903e-21
19 103 4.58164e-21
20 103 1.19812e-06
21 103 1.10562e-05
22 103 8.74189e-07
23 103 8.58821e-07
24 103 2.12483e-07
25 103 9.8133e-07
26 103 9.96959e-07
27 103 5.5669e-06
28 103 7.67367e-06
29 103 1.01264e-05
30 103 9.51338e-09
31 103 6.88895e-08
32 103 4.23422e-05
33 103 3.57573e-06
34 103 1.58784e-05
35 103 2.1139e-07
36 103 2.20528e-05
37 103 4.83905e-06
38 103 2.07002e-06
39 103 1.30694e-06
40 103 3.68922e-21
41 103 5.32452e-22
42 103 3.0508e-21
43 103 1.73179e-21
44 103 2.47281e-21
45 103 4.44645e-21
46 103 7.83107e-22
47 103 1.04406e-21
48 103 6.78951e-21
49 103 3.47744e-22
50 103 2.75397e-21
51 103 1.17605e-21
52 103 5.44198e-05
53 103 6.67034e-06
54 103 5.25102e-07
55 103 2.55839e-06
56 103 1.32656e-06
57 103 4.3628e-07
58 103 3.58026e-21
59 103 1.05976e-21
0 104 1.69546e-20
1 104 1.55683e-20
2 104 8.65761e-21
3 104 3.22735e-21
4 104 3.33213e-21
5 104 1.68338e-21
6 104 3.10931e-21
7 104 1.36844e-20
8 104 3.52478e-20
9 104 1.78162e-20
10 104 3.36596e-21
11 104 1.32901e-20
12 104 2.90855e-21
13 104 5.76879e-21
14 104 7.64119e-21
15 104 2.58288e-22
16 104 1.25233e-21
17 104 3.47044e-22
18 104 1.82533e-21
19 104 4.99584e-21
20 104 3.92534e-06
21 104 8.71987e-07
22 104 1.61521e-07
23 104 1.48124e-07
24 104 1.35955e-06
25 104 8.90157e-08
26 104 5.5265e-06
27 104 6.29408e-07
28 104 1.94938e-05
29 104 7.12251e-06
30 104 1.04725e-07
31 104 1.58488e-07
32 104 4.09883e-06
33 104 1.39157e-05
34 104 6.70457e-06
35 104 1.60147e-06
36 104 1.52179e-05
37 104 3.20161e-06
38 104 1.10968e-05
39 104 4.76146e-07
40 104 2.75412e-21
41 104 4.25191e-21
42 104 2.0508e-21
43 104 4.46773e-21
44 104 6.51322e-24
45 104 2.85534e-21
46 104 4.98863e-21
47 104 7.85885e-22
48 104 9.76203e-22
49 104 5.67641e-22
50 104 1.40594e-21
51 104 3.17746e-23
52 104 1.01919e-05
53 104 1.37692e-05
54 104 1.59187e-06
55 104 8.00624e-06
56 104 2.2965e-06
57 104 7.82216e-06
58 104 9.69478e-22
59 104 6.02861e-23
0 105 4.8788e-20
1 105 1.35497e-20
2 105 9.5739e-21
3 105 2.28965e-21
4 105 3.04005e-21
5 105 5.42324e-21
6 105 2.21506e-21
7 105 1.40052e-21
8 105 4.52144e-20
9 105 5.7501e-21
10 105 8.27674e-20
11 105 3.45389e-20
12 105 1.25209e-21
13 105 3.56065e-22
14 105 1.6342e-20
15 105 8.14437e-22
16 105 2.95839e-21
17 105 1.79667e-21
18 105 1.4654e-21
19 105 2.2856e-22
20 105 2.36784e-06
21 105 4.38932e-07
22 105 3.65572e-07
23 105 1.3876e-07
24 105 9.9819e-07
25 105 9.44775e-07
26 105 2.98263e-05
27 105 3.232e-06
28 105 3.70398e-06
29 105 9.87409e-07
30 105 1.65899e-07
31 105 1.90848e-08
32 105 2.66478e-06
33 105 7.97487e-06
34 105 1.12991e-05
35 105 6.41502e-06
36 105 1.28638e-05
37 105 6.41785e-06
38 105 5.64838e-06
39 105 3.0188e-06
40 105 2.20031e-22
41 105 3.47157e-21
42 105 2.01621e-22
43 105 5.05622e-22
44 105 2.71209e-22
45 105 7.08824e-21
46 105 1.28863e-21
47 105 3.16692e-21
48 105 3.81689e-21
49 105 5.26729e-22
50 105 3.10802e-21
51 105 1.30962e-21
52 105 8.19274e-07
53 105 1.34064e-05
54 105 1.15384e-05
55 105 4.80331e-07
56 105 4.68486e-06
57 105 2.83097e-06
58 105 1.26383e-20
59 105 2.21501e-21
0 106 2.46339e-20
1 106 3.32562e-21
2 106 2.00096e-20
3 106 7.41196e-21
4 106 5.88749e-22
5 106 9.18171e-22
6 106 4.38436e-21
7 106 3.35111e-20
8 106 8.05266e-21
9 106 1.79455e-22
10 106 7.81552e-22
11 106 3.82632e-20
12 106 1.27401e-20
13 106 3.10296e-21
14 106 2.28703e-20
15 106 6.06733e-21
16 106 1.55369e-21
17 106 8.97229e-22
18 106 6.01692e-21
19 106 3.59899e-21
20 106 6.12951e-07
21 106 4.59761e-06
22 106 2.16164e-05
23 106 1.53507e-05
24 106 4.49274e-06
25 106 3.42451e-06
26 106 1.00713e-06
27 106 5.21e-06
28 106 9.66713e-07
29 106 1.60137e-05
30 106 1.73416e-10
31 106 1.01528e-10
32 106 5.867e-06
33 106 5.77439e-07
34 106 2.22703e-07
35 106 1.30927e-08
36 106 2.17459e-07
37 106 1.86007e-08
38 106 1.70573e-11
39 106 3.6898e-12
40 106 1.58085e-21
41 106 1.86921e-21
42 106 9.70086e-22
43 106 1.80719e-21
44 106 5.11486e-22
45 106 1.65221e-22
46 106 2.85492e-21
47 106 2.15661e-21
48 106 3.05642e-21
49 106 8.6114e-22
50 106 6.30069e-21
51 106 3.96486e-21
52 106 1.42259e-09
53 106 3.11396e-10
54 106 1.92556e-09
55 106 2.44633e-09
56 106 1.67453e-08
57 106 1.32318e-08
58 106 1.62199e-21
59 106 4.15848e-21
0 107 1.04616e-20
1 107 2.77378e-20
2 107 7.81946e-21
3 107 3.49847e-20
4 107 1.26986e-20
5 107 3.51713e-21
6 107 1.10133e-21
7 107 6.29778e-21
8 107 3.38798e-20
9 107 3.467e-21
10 107 9.44627e-21
11 107 1.48594e-21
12 107 4.89407e-21
13 107 1.46132e-21
14 107 1.11908e-20
15 107 1.02893e-20
16 107 6.38507e-21
17 107 1.89413e-22
18 107 1.89411e-21
19 107 1.9374e-21
20 107 1.09051e-05
21 107 1.04764e-06
22 107 3.94166e-06
23 107 5.74869e-06
24 107 7.09943e-06
25 107 1.34441e-05
26 107 6.64737e-06
27 107 1.20769e-06
28 107 5.87944e-06
29 107 1.90886e-06
30 107 1.95369e-10
31 107 6.16646e-11
32 107 1.34564e-06
33 107 1.33404e-05
34 107 2.74911e-08
35 107 9.61207e-08
36 107 1.30963e-07
37 107 8.31401e-08
38 107 7.63448e-12
39 107 3.19229e-12
40 107 3.06231e-22
41 107 3.07527e-21
42 107 3.09834e-21
43 107 5.08853e-21
44 107 3.20193e-21
45 107 9.75795e-22
46 107 3.74524e-21
47 107 4.84376e-21
48 107 2.88421e-21
49 107 1.16602e-21
50 107 9.31815e-23
51 107 1.30656e-20
52 107 1.77185e-10
53 107 4.31181e-09
54 107 7.42676e-09
55 107 7.54444e-09
56 107 3.69306e-09
57 107 4.74501e-09
58 107 1.16503e-22
59 107 4.10758e-21
0 108 3.39157e-20
1 108 2.72896e-20
2 108 3.57856e-20
3 108 2.53653e-21
4 108 2.59831e-20
5 108 4.1592e-21
6 108 5.28956e-21
7 108 7.2851e-21
8 108 6.65052e-20
9 108 2.52253e-20
10 108 1.61283e-20
11 108 8.97214e-21
12 108 7.65597e-23
13 108 1.7048e-21
14 108 7.8485e-21
15 108 1.04743e-20
16 108 7.04628e-22
17 108 4.47897e-21
18 108 6.07656e-21
19 108 8.01463e-21
20 108 1.41913e-05
21 108 5.35862e-05
22 108 4.25118e-06
23 108 2.10018e-06
24 108 6.50332e-06
25 108 1.44386e-05
26 108 6.63372e-07
27 108 3.43205e-06
28 108 1.66093e-07
29 108 2.71211e-06
30 108 4.57365e-07
31 108 5.32853e-07
32 108 5.05593e-06
33 108 3.58434e-06
34 108 7.99111e-07
35 108 6.7872e-08
36 108 5.5222e-07
37 108 9.27354e-08
38 108 2.79176e-07
39 108 5.12331e-07
40 108 4.99919e-22
41 108 4.84816e-22
42 108 6.62212e-22
43 108 3.34929e-21
44 108 6.48454e-21
45 108 1.10725e-21
46 108 5.82064e-21
47 108 4.27683e-21
48 108 2.32969e-21
49 108 1.64794e-21
50 108 1.83137e-21
51 108 4.8722e-21
52 108 9.31116e-05
53 108 1.70375e-05
54 108 8.18047e-06
55 108 2.12825e-05
56 108 2.82054e-06
57 108 9.28034e-07
58 108 1.66256e-21
59 108 1.05003e-20
0 109 1.61477e-21
1 109 2.90813e-21
2 109 4.72125e-20
3 109 1.8681e-21
4 109 2.45995e-20
5 109 1.95263e-20
6 109 3.2788e-20
7 109 3.79701e-21
8 109 4.43833e-20
9 109 2.79254e-21
10 109 3.33734e-21
11 109 2.32441e-20
12 109 1.65385e-21
13 109 7.06738e-21
14 109 6.69435e-21
15 109 4.379e-21
16 109 1.92772e-21
17 109 7.07728e-22
18 109 1.65225e-21
19 109 3.83359e-22
20 109 6.68428e-06
21 109 2.69042e-05
22 109 3.03659e-05
23 109 2.02113e-05
24 109 8.1471e-06
25 109 5.23638e-06
26 109 2.23951e-06
27 109 9.36899e-07
28 109 1.09985e-06
29 109 1.33477e-06
30 109 7.15215e-07
31 109 4.93435e-06
32 109 2.90175e-06
33 109 1.37182e-06
34 109 4.42364e-08
35 109 7.25286e-07
36 109 1.81859e-07
37 109 1.45345e-08
38 109 3.54899e-06
39 109 9.33841e-07
40 109 1.61596e-21
41 109 8.67368e-22
42 109 3.52248e-21
43 109 6.39856e-23
44 109 1.35309e-20
45 109 1.6803e-21
46 109 2.90787e-22
47 109 7.35502e-22
48 109 2.91758e-21
49 109 2.13442e-22
50 109 6.36456e-22
51 109 2.59792e-21
52 109 2.6083e-05
53 109 2.84382e-05
54 109 1.6539e-05
55 109 3.265e-05
56 109 1.40004e-05
57 109 1.05256e-05
58 109 5.16256e-21
59 109 1.37954e-20
0 110 3.02985e-21
1 110 3.69112e-20
2 110 1.89262e-20
3 110 2.71366e-20
4 110 4.34883e-20
5 110 3.43461e-21
6 110 3.27754e-21
7 110 3.9538e-20
8 110 2.66227e-21
9 110 2.85577e-20
10 110 1.84721e-20
11 110 1.14824e-20
12 110 6.26744e-21
13 110 6.82171e-21
14 110 1.12109e-21
15 110 1.03592e-20
16 110 1.57797e-21
17 110 1.8285e-21
18 110 2.35533e-21
19 110 2.01546e-21
20 110 8.77538e-06
21 110 1.71962e-05
22 110 7.51562e-06
23 110 1.91126e-05
24 110 1.76798e-05
25 110 2.2665e-05
26 110 8.20713e-07
27 110 2.59446e-06
28 110 1.80048e-07
29 110 2.40551e-06
30 110 5.94266e-06
31 110 3.71808e-08
32 110 8.07582e-07
33 110 2.48491e-06
34 110 1.13374e-07
35 110 1.77027e-07
36 110 4.53883e-08
37 110 5.8999e-07
38 110 1.8791e-06
39 110 2.87199e-06
40 110 2.56646e-21
41 110 5.20682e-22
42 110 3.56729e-22
43 110 6.51206e-22
44 110 5.03335e-22
45 110 5.9277e-21
46 110 2.75027e-22
47 110 3.38885e-21
48 110 1.00247e-21
49 110 2.57038e-21
50 110 1.74437e-21
51 110 5.70786e-22
52 110 2.25877e-05
53 110 1.96808e-05
54 110 3.73838e-05
55 110 3.24516e-06
56 110 7.43176e-06
57 110 2.97495e-05
58 110 6.16817e-21
59 110 1.26878e-22
0 111 3.6469e-21
1 111 3.34878e-22
2 111 1.09767e-19
3 111 3.55136e-20
4 111 7.8506e-21
5 111 1.05847e-21
6 111 7.68467e-22
7 111 3.9438e-21
8 111 3.23966e-20
9 111 1.08677e-20
10 111 2.77178e-20
11 111 1.98298e-20
12 111 3.97661e-21
13 111 5.46054e-21
14 111 1.16777e-21
15 111 1.08869e-20
16 111 4.15612e-22
17 111 3.88878e-21
18 111 5.43275e-21
19 111 4.85843e-21
20 111 4.77769e-05
21 111 1.16861e-05
22 111 1.29606e-05
23 111 7.48966e-06
24 111 3.22277e-07
25 111 2.43872e-06
26 111 3.95691e-06
27 111 2.6746e-07
28 111 4.44895e-06
29 111 8.42265e-08
30 111 2.72988e-07
31 111 5.37336e-07
32 111 5.0296e-06
33 111 2.49721e-06
34 111 4.44759e-07
35 111 4.03864e-08
36 111 5.57644e-07
37 111 3.27541e-07
38 111 5.83933e-07
39 111 5.99483e-08
40 111 3.80166e-21
41 111 8.40538e-22
42 111 5.08476e-22
43 111 7.80872e-23
44 111 3.50012e-21
45 111 5.62015e-21
46 111 2.81415e-21
47 111 5.52993e-22
48 111 1.36595e-22
49 111 3.76826e-22
50 111 9.50115e-21
51 111 1.32711e-21
52 111 4.00862e-05
53 111 5.67594e-05
54 111 1.04004e-05
55 111 6.73894e-06
56 111 5.5333e-06
57 111 1.00072e-05
58 111 8.76283e-21
59 111 2.63989e-22
0 112 2.76002e-20
1 112 1.55401e-20
2 112 2.23262e-20
3 112 3.98153e-21
4 112 3.39806e-21
5 112 1.39883e-20
6 112 6.84082e-21
7 112 1.07274e-20
8 112 3.26566e-21
9 112 2.35511e-20
10 112 2.33107e-20
11 112 6.94469e-23
12 112 4.78955e-21
13 112 5.76526e-21
14 112 4.85519e-21
15 112 1.19669e-21
16 112 3.32033e-21
17 112 7.55939e-22
18 112 1.98303e-21
19 112 1.33208e-21
20 112 3.66413e-06
21 112 4.75836e-06
22 112 1.34589e-06
23 112 7.22841e-07
24 112 6.12887e-06
25 112 1.94792e-06
26 112 2.17807e-06
27 112 5.93729e-08
28 112 5.18291e-09
29 112 5.26575e-06
30 112 3.00701e-06
31 112 5.05465e-07
32 112 2.54812e-11
33 112 1.04561e-09
34 112 8.73402e-07
35 112 5.74617e-07
36 112 6.61685e-07
37 112 1.46979e-06
38 112 1.93342e-07
39 112 1.30611e-06
40 112 7.77483e-22
41 112 3.75502e-22
42 112 1.90354e-22
43 112 3.10478e-21
44 112 1.84601e-23
45 112 2.15418e-22
46 112 5.07877e-21
47 112 3.68957e-22
48 112 5.68656e-22
49 112 5.27069e-22
50 112 6.99182e-22
51 112 2.72872e-22
52 112 4.13631e-06
53 112 5.66625e-06
54 112 3.77105e-07
55 112 1.07725e-07
56 112 8.17925e-07
57 112 3.538e-07
58 112 2.69097e-21
59 112 7.46092e-22
0 113 9.20999e-20
1 113 1.22294e-20
2 113 2.85824e-21
3 113 3.50409e-20
4 113 1.49155e-20
5 113 1.86692e-21
6 113 7.61415e-21
7 113 8.24857e-21
8 113 2.43422e-20
9 113 2.88037e-22
10 113 6.43031e-20
11 113 2.57409e-20
12 113 6.29475e-23
13 113 2.28333e-21
14 113 1.20618e-20
15 113 1.44452e-20
16 113 1.36148e-21
17 113 5.70662e-21
18 113 2.08349e-21
19 113 4.74569e-21
20 113 5.61877e-06
21 113 1.78659e-06
22 113 4.9318e-07
23 113 4.96426e-06
24 113 5.65351e-07
25 113 1.09467e-06
26 113 2.45108e-07
27 113 2.084e-06
28 113 2.35239e-06
29 113 7.07973e-07
30 113 8.66421e-06
31 113 4.75377e-06
32 113 9.34206e-10
33 113 4.4021e-10
34 113 1.95663e-06
35 113 1.24258e-06
36 113 1.31087e-07
37 113 2.37456e-06
38 113 1.92277e-06
39 113 3.76523e-06
40 113 3.66131e-21
41 113 4.77052e-22
42 113 2.89147e-22
43 113 2.51863e-21
44 113 2.91587e-21
45 113 4.21549e-22
46 113 1.57453e-21
47 113 3.846e-22
48 113 2.66112e-21
49 113 6.30934e-22
50 113 1.20358e-21
51 113 2.48009e-22
52 113 5.48011e-06
53 113 3.16458e-06
54 113 1.05866e-06
55 113 4.75103e-07
56 113 4.65067e-07
57 113 9.98735e-07
58 113 2.28144e-21
59 113 4.17293e-21
0 114 7.49267e-20
1 114 7.50232e-22
2 114 1.44086e-20
3 114 2.37495e-20
4 114 4.31914e-21
5 114 1.3596e-20
6 114 2.91292e-20
7 114 2.5456e-20
8 114 1.84457e-20
9 114 3.31495e-20
10 114 2.81619e-20
11 114 3.46061e-20
12 114 6.03269e-21
13 114 4.35201e-23
14 114 1.42069e-20
15 114 1.11964e-21
16 114 1.00386e-20
17 114 1.24756e-21
18 114 1.80963e-22
19 114 5.78573e-21
20 114 6.67855e-07
21 114 9.76036e-07
22 114 6.79741e-06
23 114 9.90927e-07
24 114 4.73555e-07
25 114 1.65043e-06
26 114 4.55461e-06
27 114 2.43183e-07
28 114 1.9835e-06
29 114 1.20268e-06
30 114 8.19541e-06
31 114 1.32334e-05
32 114 7.24154e-11
33 114 3.68137e-10
34 114 2.36127e-06
35 114 9.70617e-06
36 114 1.26501e-06
37 114 1.38663e-07
38 114 8.99338e-06
39 114 1.27595e-07
40 114 3.13831e-21
41 114 1.47584e-21
42 114 5.08976e-23
43 114 5.81271e-22
44 114 5.13903e-21
45 114 2.07254e-22
46 114 8.20929e-22
47 114 7.77812e-21
48 114 7.09133e-21
49 114 9.37565e-21
50 114 2.20478e-21
51 114 4.40605e-21
52 114 1.81014e-06
53 114 4.68952e-08
54 114 6.20357e-07
55 114 2.17612e-06
56 114 1.16445e-06
57 114 2.46562e-06
58 114 2.78312e-21
59 114 1.04686e-21
0 115 1.98564e-20
1 115 1.63786e-20
2 115 2.66615e-20
3 115 1.99665e-19
4 115 1.36081e-20
5 115 2.0122e-20
6 115 3.06202e-20
7 115 2.15392e-20
8 115 2.80792e-20
9 115 3.46335e-20
10 115 2.82359e-20
11 115 4.73004e-20
12 115 3.54808e-20
13 115 1.9561e-21
14 115 3.70533e-20
15 115 4.75689e-21
16 115 1.27389e-20
17 115 5.46377e-21
18 115 6.59562e-21
19 115 3.58961e-21
20 115 4.73647e-07
21 115 7.2629e-06
22 115 1.55033e-08
23 115 6.5106e-07
24 115 1.78863e-06
25 115 4.60047e-06
26 115 1.05858e-06
27 115 2.28784e-06
28 115 1.41688e-06
29 115 9.81067e-07
30 115 6.12126e-06
31 115 2.73818e-06
32 115 2.61551e-11
33 115 1.06025e-10
34 115 2.76864e-06
35 115 7.25674e-07
36 115 7.27782e-07
37 115 7.48505e-06
38 115 6.86767e-07
39 115 3.04341e-06
40 115 8.93543e-22
41 115 2.03759e-21
42 115 1.34264e-21
43 115 4.63891e-22
44 115 4.53233e-21
45 115 4.02191e-21
46 115 8.41175e-21
47 115 1.69988e-21
48 115 3.41378e-20
49 115 3.18718e-21
50 115 5.61985e-22
51 115 9.66735e-21
52 115 6.0405e-06
53 115 2.91914e-06
54 115 3.27246e-06
55 115 1.74578e-06
56 115 1.82137e-07
57 115 8.74717e-07
58 115 8.12281e-21
59 115 4.04838e-21
0 116 3.24402e-22
1 116 2.09415e-20
2 116 4.00687e-20
3 116 1.53953e-20
4 116 4.63253e-20
5 116 2.58469e-20
6 116 7.09315e-20
7 116 6.77601e-20
8 116 2.66916e-20
9 116 2.53853e-20
10 116 1.76314e-20
11 116 4.34771e-20
12 116 8.42636e-21
13 116 2.18599e-21
14 116 5.46164e-21
15 116 1.69931e-20
16 116 1.84713e-21
17 116 9.47388e-22
18 116 9.87664e-21
19 116 5.35337e-22
20 116 2.24424e-12
21 116 3.27807e-11
22 116 8.41364e-07
23 116 1.70394e-05
24 116 9.85141e-06
25 116 7.87649e-06
26 116 2.79689e-06
27 116 8.23554e-06
28 116 1.81372e-06
29 116 7.88189e-07
30 116 2.9476e-08
31 116 2.81844e-08
32 116 3.33767e-11
33 116 5.40881e-12
34 116 4.71016e-07
35 116 7.79379e-07
36 116 3.54589e-07
37 116 1.32516e-06
38 116 1.07602e-06
39 116 6.70186e-06
40 116 9.42116e-22
41 116 5.81799e-22
42 116 1.8528e-21
43 116 1.56491e-22
44 116 3.22261e-21
45 116 4.36089e-21
46 116 7.89185e-22
47 116 4.61944e-21
48 116 7.4214e-21
49 116 1.84752e-22
50 116 1.23665e-21
51 116 1.79342e-21
52 116 8.58059e-11
53 116 2.06261e-12
54 116 4.19546e-05
55 116 4.8012e-07
56 116 1.44013e-05
57 116 1.19571e-05
58 116 2.57953e-21
59 116 4.83852e-21
0 117 6.47545e-20
1 117 6.24004e-20
2 117 7.75185e-20
3 117 1.563e-20
4 117 4.94008e-20
5 117 1.27056e-20
6 117 1.98525e-20
7 117 1.84823e-20
8 117 1.81906e-20
9 117 5.30574e-21
10 117 1.6797e-20
11 117 5.30414e-22
12 117 1.71047e-20
13 117 1.03052e-20
14 117 2.6352e-20
15 117 2.19338e-20
16 117 2.91082e-22
17 117 2.38258e-21
18 117 1.37585e-20
19 117 5.81197e-21
20 117 3.08557e-11
21 117 2.48785e-11
22 117 1.17761e-05
23 117 8.6913e-06
24 117 1.3553e-05
25 117 1.70012e-06
26 117 1.67108e-06
27 117 1.92619e-06
28 117 1.00117e-05
29 117 5.97549e-08
30 117 1.54731e-08
31 117 4.02801e-08
32 117 5.02102e-12
33 117 1.01021e-10
34 117 3.01146e-07
35 117 1.99719e-06
36 117 2.6183e-07
37 117 3.80176e-07
38 117 3.97464e-06
39 117 3.719e-06
40 117 1.43338e-21
41 117 6.13996e-23
42 117 1.19569e-21
43 117 6.05086e-22
44 117 1.88131e-21
45 117 2.39247e-21
46 117 1.08255e-21
47 117 4.55507e-21
48 117 2.41734e-21
49 117 7.83459e-21
50 117 9.8365e-22
51 117 1.73327e-21
52 117 1.90321e-11
53 117 4.5292e-11
54 117 3.50738e-06
55 117 4.68467e-05
56 117 2.93387e-06
57 117 1.58197e-05
58 117 1.16887e-20
59 117 2.34521e-21
0 118 1.69534e-20
1 118 1.50914e-20
2 118 4.58543e-20
3 118 2.30927e-20
4 118 1.27134e-20
5 118 1.18179e-20
6 118 2.30477e-20
7 118 1.6791e-20
8 118 2.41014e-21
9 118 1.54667e-20
10 118 3.99658e-20
11 118 8.68867e-21
12 118 1.66074e-21
13 118 1.4814e-20
14 118 2.20136e-20
15 118 6.66445e-22
16 118 1.36596e-21
17 118 9.31947e-22
18 118 7.85085e-22
19 118 1.1471e-21
20 118 4.71276e-06
21 118 1.47737e-06
22 118 8.02984e-06
23 118 3.97479e-07
24 118 4.00504e-06
25 118 4.01917e-06
26 118 2.77774e-07
27 118 3.80883e-09
28 118 2.19824e-07
29 118 3.81417e-07
30 118 5.19265e-13
31 118 1.06978e-11
32 118 1.43859e-07
33 118 6.3282e-07
34 118 6.86387e-08
35 118 5.08679e-08
36 118 1.645e-09
37 118 4.35856e-08
38 118 2.11839e-12
39 118 4.41706e-12
40 118 1.2504e-21
41 118 4.76055e-22
42 118 4.36632e-21
43 118 1.14987e-22
44 118 9.78917e-22
45 118 1.56744e-21
46 118 5.80761e-21
47 118 1.95817e-21
48 118 2.47896e-22
49 118 1.15657e-21
50 118 4.24483e-22
51 118 1.61826e-21
52 118 1.33778e-07
53 118 7.09459e-06
54 118 6.68188e-06
55 118 8.70358e-06
56 118 1.0591e-05
57 118 6.77311e-06
58 118 4.35301e-22
59 118 2.53537e-21
0 119 1.66337e-21
1 119 8.52982e-21
2 119 1.4599e-19
3 119 1.25387e-20
4 119 1.34995e-20
5 119 5.99935e-20
6 119 6.1531e-20
7 119 1.81869e-20
8 119 9.48914e-21
9 119 8.23914e-21
10 119 5.08807e-20
11 119 1.38912e-20
12 119 2.8661e-21
13 119 2.67148e-21
14 119 3.00727e-21
15 119 1.88483e-20
16 119 3.35564e-23
17 119 1.00556e-22
18 119 2.12888e-20
19 119 3.00468e-21
20 119 1.52524e-06
21 119 1.50888e-06
22 119 5.31394e-06
23 119 1.06848e-05
24 119 2.05571e-06
25 119 4.88124e-06
26 119 1.3643e-07
27 119 3.46359e-07
28 119 1.52648e-07
29 119 6.07541e-07
30 119 5.50284e-11
31 119 6.79984e-13
32 119 2.43973e-07
33 119 1.3864e-07
34 119 5.41131e-08
35 119 4.85777e-09
36 119 1.65641e-07
37 119 1.10858e-09
38 119 7.74814e-12
39 119 5.37114e-12
40 119 3.01411e-21
41 119 4.90014e-21
42 119 5.9042e-21
43 119 1.5958e-21
44 119 1.05253e-21
45 119 3.97066e-21
46 119 9.57515e-21
47 119 2.52446e-21
48 119 2.45931e-20
49 119 9.77813e-22
50 119 1.10086e-21
51 119 3.99635e-21
52 119 3.0728e-06
53 119 4.70716e-07
54 119 7.24534e-06
55 119 4.42848e-06
56 119 1.84784e-05
57 119 1.56227e-05
58 119 7.00652e-23
59 119 1.26512e-21
