0 60 6.60473e-07
1 60 1.97876e-07
2 60 3.1294e-06
3 60 2.36797e-06
4 60 3.34244e-08
5 60 2.19077e-07
6 60 4.93622e-11
7 60 2.05428e-11
8 60 1.69008e-07
9 60 2.25797e-05
10 60 9.83294e-08
11 60 7.2325e-08
12 60 4.49116e-08
13 60 4.94758e-09
14 60 2.55868e-11
15 60 1.76858e-11
16 60 3.53755e-08
17 60 1.11866e-06
18 60 6.90963e-08
19 60 7.84566e-08
20 60 4.11799e-22
21 60 6.7759e-22
22 60 5.48965e-23
23 60 1.17871e-21
24 60 1.22998e-22
25 60 5.0194e-23
26 60 9.63546e-22
27 60 1.37709e-21
28 60 4.88763e-21
29 60 1.11116e-21
30 60 1.81859e-22
31 60 1.05916e-23
32 60 4.0527e-22
33 60 2.10492e-21
34 60 3.31073e-21
35 60 1.96355e-21
36 60 2.56031e-22
37 60 1.76012e-22
38 60 1.46494e-22
39 60 8.82549e-23
40 60 2.12662e-05
41 60 8.67543e-05
42 60 4.97742e-05
43 60 3.77614e-05
44 60 0.00156453
45 60 0.0015396
46 60 2.06719e-06
47 60 0.000100755
48 60 1.01126e-05
49 60 2.83464e-06
50 60 2.71409e-10
51 60 8.8891e-10
52 60 2.36676e-21
53 60 5.37748e-21
54 60 4.56107e-20
55 60 1.03872e-20
56 60 9.39773e-22
57 60 1.93074e-21
58 60 0.116895
59 60 0.227282
0 61 7.46628e-08
1 61 2.72956e-07
2 61 5.36237e-07
3 61 1.67986e-06
4 61 1.388e-06
5 61 9.01819e-07
6 61 2.45072e-11
7 61 9.7413e-11
8 61 2.79639e-05
9 61 9.96592e-06
10 61 7.07311e-09
11 61 1.48189e-08
12 61 1.50323e-07
13 61 9.67417e-10
14 61 7.24007e-12
15 61 1.59883e-11
16 61 1.23464e-07
17 61 2.28659e-08
18 61 8.91613e-08
19 61 7.82691e-07
20 61 2.02007e-21
21 61 1.0235e-21
22 61 1.93382e-21
23 61 3.15683e-21
24 61 4.47032e-22
25 61 2.07647e-22
26 61 1.36875e-22
27 61 1.91407e-21
28 61 2.42469e-21
29 61 3.33415e-21
30 61 1.43807e-21
31 61 4.22544e-23
32 61 2.48429e-21
33 61 2.84269e-21
34 61 1.34415e-21
35 61 1.52727e-21
36 61 6.64121e-22
37 61 4.25887e-22
38 61 2.77909e-21
39 61 5.04283e-23
40 61 1.12064e-05
41 61 5.418e-05
42 61 1.85631e-05
43 61 6.87316e-05
44 61 0.000467348
45 61 0.00470153
46 61 2.13787e-05
47 61 1.60187e-05
48 61 1.55595e-05
49 61 3.74827e-05
50 61 6.29374e-10
51 61 3.05367e-10
52 61 1.70172e-20
53 61 1.73648e-20
54 61 1.94257e-20
55 61 4.98433e-20
56 61 3.55706e-20
57 61 1.4751e-20
58 61 0.527722
59 61 0.0457759
0 62 1.32001e-22
1 62 1.22052e-21
2 62 3.24534e-21
3 62 1.5102e-21
4 62 3.21568e-21
5 62 4.72742e-22
6 62 3.30756e-22
7 62 1.4314e-22
8 62 1.0403e-21
9 62 6.90605e-22
10 62 1.7218e-21
11 62 6.58183e-22
12 62 3.15845e-24
13 62 9.66235e-23
14 62 3.5836e-24
15 62 1.68306e-22
16 62 8.89363e-22
17 62 1.637e-22
18 62 7.56262e-22
19 62 5.24517e-22
20 62 1.05644e-05
21 62 1.3577e-05
22 62 8.93729e-06
23 62 6.35192e-05
24 62 2.42744e-06
25 62 0.000177532
26 62 0.000121856
27 62 4.1184e-05
28 62 1.51597e-06
29 62 4.47855e-06
30 62 1.31222e-10
31 62 3.87469e-10
32 62 9.88042e-08
33 62 1.47597e-07
34 62 5.32165e-07
35 62 1.24236e-05
36 62 9.43112e-06
37 62 7.23433e-05
38 62 9.13162e-12
39 62 2.59651e-12
40 62 3.12884e-22
41 62 5.7372e-22
42 62 5.1284e-22
43 62 2.18486e-22
44 62 2.81749e-22
45 62 3.25245e-23
46 62 3.30305e-22
47 62 1.72151e-22
48 62 1.24639e-21
49 62 8.63612e-23
50 62 3.12208e-25
51 62 2.78156e-22
52 62 2.15044e-05
53 62 8.92536e-06
54 62 0.00172313
55 62 0.00286275
56 62 0.00397157
57 62 0.00115627
58 62 3.15949e-23
59 62 1.69171e-22
0 63 1.18679e-21
1 63 5.92622e-22
2 63 2.15263e-21
3 63 7.25485e-22
4 63 1.68566e-21
5 63 6.952e-22
6 63 5.50299e-22
7 63 2.6618e-21
8 63 1.77952e-21
9 63 1.14666e-21
10 63 2.54352e-21
11 63 1.39607e-21
12 63 7.48921e-22
13 63 5.34238e-23
14 63 4.37098e-22
15 63 3.9719e-23
16 63 3.93976e-22
17 63 1.70826e-22
18 63 1.11533e-22
19 63 1.90669e-22
20 63 1.76562e-05
21 63 1.4864e-05
22 63 5.14861e-06
23 63 5.03172e-05
24 63 0.000125436
25 63 3.65929e-05
26 63 1.64736e-05
27 63 8.66375e-06
28 63 9.44794e-05
29 63 2.63766e-05
30 63 1.01623e-10
31 63 3.4447e-10
32 63 3.10462e-07
33 63 1.75095e-08
34 63 2.94067e-05
35 63 3.03626e-05
36 63 1.26478e-06
37 63 2.07602e-05
38 63 5.28551e-11
39 63 1.4441e-11
40 63 7.63491e-23
41 63 1.4326e-22
42 63 1.65571e-21
43 63 8.15961e-22
44 63 2.83407e-22
45 63 1.10063e-21
46 63 3.92569e-22
47 63 6.59511e-23
48 63 1.97259e-22
49 63 1.14804e-22
50 63 1.9596e-22
51 63 2.9727e-22
52 63 3.36132e-05
53 63 7.74619e-06
54 63 0.000226996
55 63 0.00535682
56 63 0.000539428
57 63 0.00225563
58 63 6.15959e-21
59 63 3.59447e-21
0 64 2.74133e-22
1 64 5.97474e-22
2 64 3.73249e-21
3 64 1.60981e-22
4 64 8.76173e-22
5 64 1.03757e-21
6 64 6.83427e-21
7 64 2.02036e-21
8 64 1.74181e-21
9 64 3.15629e-21
10 64 1.03463e-20
11 64 2.87834e-21
12 64 8.42632e-22
13 64 8.54676e-23
14 64 2.25259e-21
15 64 8.17151e-22
16 64 7.08296e-22
17 64 1.68637e-22
18 64 2.03014e-23
19 64 1.15607e-22
20 64 6.73981e-05
21 64 6.2379e-05
22 64 4.38509e-05
23 64 3.58459e-05
24 64 2.27604e-05
25 64 6.87241e-05
26 64 4.0784e-05
27 64 3.28337e-05
28 64 2.28184e-07
29 64 5.03395e-05
30 64 7.46196e-06
31 64 1.24905e-05
32 64 5.72385e-05
33 64 9.58914e-06
34 64 6.23008e-06
35 64 2.08708e-06
36 64 4.3931e-06
37 64 1.02523e-06
38 64 7.30749e-07
39 64 6.69504e-06
40 64 1.62627e-22
41 64 4.68561e-22
42 64 4.34263e-22
43 64 1.82908e-22
44 64 1.48203e-22
45 64 4.88706e-23
46 64 2.38552e-22
47 64 1.90289e-22
48 64 6.34571e-22
49 64 1.39218e-21
50 64 7.51255e-22
51 64 7.91015e-22
52 64 0.0024412
53 64 0.00174503
54 64 0.00177651
55 64 0.00011955
56 64 0.00143809
57 64 0.00094529
58 64 1.1977e-20
59 64 1.03369e-20
0 65 3.84649e-21
1 65 5.3957e-21
2 65 3.72273e-21
3 65 3.27193e-21
4 65 1.32815e-21
5 65 1.11777e-22
6 65 8.15084e-21
7 65 4.225e-22
8 65 1.15301e-21
9 65 5.54367e-22
10 65 8.89241e-22
11 65 3.40221e-21
12 65 8.16613e-22
13 65 1.30663e-22
14 65 3.36746e-22
15 65 2.35009e-21
16 65 2.44795e-22
17 65 9.05701e-23
18 65 2.86536e-22
19 65 1.34939e-22
20 65 8.28667e-05
21 65 2.92177e-05
22 65 5.13023e-05
23 65 9.3749e-06
24 65 2.8345e-05
25 65 2.10259e-05
26 65 4.24919e-05
27 65 7.29408e-05
28 65 8.68311e-06
29 65 2.02412e-05
30 65 3.39885e-06
31 65 2.35416e-05
32 65 7.12742e-06
33 65 5.07259e-05
34 65 1.38003e-06
35 65 8.3635e-07
36 65 1.51152e-06
37 65 6.98365e-06
38 65 8.58851e-06
39 65 1.41341e-06
40 65 4.55035e-22
41 65 1.25617e-21
42 65 5.51394e-22
43 65 1.15296e-21
44 65 1.5303e-22
45 65 4.24405e-22
46 65 4.76414e-22
47 65 5.93704e-22
48 65 1.79782e-22
49 65 1.8767e-21
50 65 4.25137e-22
51 65 9.86529e-22
52 65 7.2145e-06
53 65 0.00360575
54 65 0.00043102
55 65 0.00102994
56 65 0.00182467
57 65 0.000296579
58 65 1.93243e-22
59 65 4.17931e-21
0 66 2.58625e-21
1 66 4.49103e-22
2 66 5.69806e-21
3 66 7.05436e-21
4 66 6.85706e-23
5 66 1.27331e-21
6 66 7.155e-22
7 66 2.44607e-23
8 66 5.24959e-21
9 66 2.30624e-23
10 66 4.86457e-21
11 66 1.99396e-22
12 66 4.96223e-22
13 66 1.82234e-22
14 66 1.36405e-21
15 66 6.84347e-22
16 66 5.92407e-22
17 66 1.09044e-21
18 66 1.26571e-23
19 66 1.34316e-22
20 66 6.63239e-05
21 66 2.77661e-05
22 66 4.62638e-05
23 66 5.48778e-05
24 66 0.000102703
25 66 3.67775e-05
26 66 1.21836e-05
27 66 5.31869e-06
28 66 6.82841e-05
29 66 3.73475e-05
30 66 1.27207e-05
31 66 9.93556e-07
32 66 2.5115e-05
33 66 2.31956e-05
34 66 4.12418e-08
35 66 7.46709e-06
36 66 9.93153e-06
37 66 6.23207e-07
38 66 1.12022e-06
39 66 4.04903e-06
40 66 4.81383e-22
41 66 6.16082e-24
42 66 1.11084e-22
43 66 4.53275e-23
44 66 3.24082e-22
45 66 5.62515e-23
46 66 9.73599e-22
47 66 9.88498e-23
48 66 4.17095e-22
49 66 9.9383e-22
50 66 1.19767e-22
51 66 3.47099e-22
52 66 0.00218383
53 66 0.000851254
54 66 0.00218613
55 66 0.00158423
56 66 0.00140286
57 66 0.000216474
58 66 1.7909e-20
59 66 4.19052e-21
0 67 3.21747e-22
1 67 7.32355e-22
2 67 9.27371e-22
3 67 8.17581e-22
4 67 1.69226e-21
5 67 4.94533e-22
6 67 3.39418e-23
7 67 5.86372e-22
8 67 1.03105e-21
9 67 6.63013e-22
10 67 7.93943e-22
11 67 7.47138e-22
12 67 2.38484e-22
13 67 2.17524e-22
14 67 9.70307e-23
15 67 2.96654e-22
16 67 1.65655e-22
17 67 1.69679e-22
18 67 2.72748e-22
19 67 1.27407e-21
20 67 5.33968e-05
21 67 0.00014959
22 67 6.34801e-05
23 67 1.6769e-05
24 67 1.21482e-06
25 67 6.18707e-07
26 67 6.49104e-06
27 67 3.57658e-05
28 67 9.6657e-05
29 67 1.18563e-05
30 67 1.66455e-06
31 67 1.02032e-05
32 67 1.94525e-05
33 67 8.53042e-05
34 67 1.87272e-06
35 67 4.64092e-06
36 67 1.55541e-06
37 67 7.24667e-07
38 67 2.66917e-06
39 67 1.73695e-06
40 67 5.64727e-22
41 67 2.36998e-21
42 67 1.4034e-22
43 67 2.63591e-22
44 67 2.00191e-22
45 67 1.67907e-22
46 67 8.03677e-22
47 67 1.09562e-21
48 67 2.88531e-22
49 67 1.96329e-21
50 67 1.28116e-22
51 67 1.01932e-22
52 67 0.00172951
53 67 0.00481474
54 67 0.00148321
55 67 0.000977583
56 67 0.00063329
57 67 7.17589e-06
58 67 1.49049e-20
59 67 1.12518e-20
0 68 1.57476e-07
1 68 1.47191e-07
2 68 1.43201e-05
3 68 8.72132e-07
4 68 4.6601e-06
5 68 1.40811e-05
6 68 3.42333e-05
7 68 6.78649e-06
8 68 3.24667e-07
9 68 1.04742e-06
10 68 2.03183e-07
11 68 1.45556e-06
12 68 2.56882e-07
13 68 1.44115e-06
14 68 3.44939e-06
15 68 4.19884e-06
16 68 1.67894e-06
17 68 2.40039e-06
18 68 4.04628e-06
19 68 1.54773e-06
20 68 8.87955e-23
21 68 7.13376e-22
22 68 9.26986e-22
23 68 6.04183e-23
24 68 3.94878e-22
25 68 1.84322e-23
26 68 7.80343e-22
27 68 4.26893e-22
28 68 6.84009e-22
29 68 1.17424e-21
30 68 1.17001e-22
31 68 1.62054e-22
32 68 5.09156e-22
33 68 9.53741e-24
34 68 5.10685e-22
35 68 2.53321e-23
36 68 5.22154e-22
37 68 2.84763e-24
38 68 1.10001e-21
39 68 9.49774e-22
40 68 9.60679e-07
41 68 2.24674e-07
42 68 2.77855e-07
43 68 3.38727e-07
44 68 7.26263e-07
45 68 2.01036e-06
46 68 8.34313e-05
47 68 6.81355e-05
48 68 0.00012588
49 68 0.000162126
50 68 0.000256541
51 68 0.000136468
52 68 9.63711e-23
53 68 3.35385e-23
54 68 4.38619e-22
55 68 5.06907e-22
56 68 1.43142e-21
57 68 1.90454e-22
58 68 2.49994e-05
59 68 1.35215e-05
0 69 2.30169e-07
1 69 2.032e-07
2 69 9.24809e-06
3 69 6.91354e-06
4 69 3.75727e-07
5 69 1.33788e-06
6 69 1.10356e-05
7 69 3.02583e-05
8 69 1.38317e-06
9 69 9.08645e-07
10 69 1.47813e-06
11 69 2.33129e-07
12 69 1.0223e-07
13 69 3.74607e-07
14 69 4.03086e-06
15 69 3.68449e-06
16 69 8.81988e-07
17 69 3.17594e-06
18 69 4.97581e-07
19 69 1.65064e-06
20 69 7.26668e-22
21 69 8.965e-22
22 69 8.0704e-22
23 69 5.87439e-22
24 69 9.6179e-23
25 69 1.08975e-22
26 69 7.52361e-22
27 69 3.16658e-22
28 69 7.24589e-22
29 69 2.18304e-21
30 69 1.20433e-22
31 69 3.70601e-23
32 69 6.78666e-22
33 69 7.06596e-22
34 69 1.97029e-22
35 69 3.6965e-22
36 69 7.18535e-23
37 69 1.46283e-21
38 69 3.37509e-22
39 69 1.7162e-21
40 69 3.96522e-07
41 69 4.35157e-07
42 69 2.09445e-07
43 69 8.60935e-08
44 69 2.58828e-06
45 69 1.98372e-06
46 69 2.41288e-05
47 69 0.000149927
48 69 2.65675e-05
49 69 5.0514e-05
50 69 0.000128652
51 69 0.000267267
52 69 3.26423e-22
53 69 6.75156e-22
54 69 7.21546e-22
55 69 6.96596e-22
56 69 9.24908e-22
57 69 9.52982e-22
58 69 3.31145e-05
59 69 3.11811e-05
0 70 7.78664e-07
1 70 1.33699e-07
2 70 1.47908e-05
3 70 2.60194e-05
4 70 1.00104e-06
5 70 4.52486e-07
6 70 1.19742e-05
7 70 1.07026e-05
8 70 3.34508e-06
9 70 1.78384e-06
10 70 3.55835e-07
11 70 5.90201e-07
12 70 1.98357e-06
13 70 1.08518e-06
14 70 1.80559e-06
15 70 2.43283e-06
16 70 4.11636e-06
17 70 2.69619e-06
18 70 4.09587e-08
19 70 2.99932e-06
20 70 3.49649e-22
21 70 4.90765e-22
22 70 1.77442e-21
23 70 3.81774e-22
24 70 1.09544e-22
25 70 9.30678e-22
26 70 1.46161e-22
27 70 2.15517e-22
28 70 1.12168e-22
29 70 4.07536e-21
30 70 5.45438e-22
31 70 1.18452e-22
32 70 2.36314e-22
33 70 2.10994e-21
34 70 4.21686e-22
35 70 5.64795e-22
36 70 3.04659e-22
37 70 1.27602e-21
38 70 6.07085e-22
39 70 1.33581e-23
40 70 7.23674e-07
41 70 8.57746e-08
42 70 5.309e-09
43 70 1.36891e-06
44 70 9.4789e-06
45 70 7.39309e-07
46 70 0.000180019
47 70 0.000189783
48 70 9.26729e-06
49 70 0.00012097
50 70 6.45897e-05
51 70 0.000152771
52 70 5.07946e-22
53 70 3.01634e-21
54 70 1.59659e-22
55 70 2.50394e-22
56 70 8.3084e-22
57 70 1.67725e-21
58 70 2.29203e-05
59 70 0.000121069
0 71 1.72567e-07
1 71 4.08186e-07
2 71 8.2652e-06
3 71 2.23224e-05
4 71 1.9312e-06
5 71 1.20304e-05
6 71 2.27077e-05
7 71 1.17421e-06
8 71 4.4821e-07
9 71 1.36772e-06
10 71 1.34569e-06
11 71 9.44046e-07
12 71 9.44381e-07
13 71 1.2498e-07
14 71 9.02597e-07
15 71 3.55544e-06
16 71 3.30564e-06
17 71 2.13763e-06
18 71 2.14259e-06
19 71 6.6127e-06
20 71 1.18332e-21
21 71 1.79941e-22
22 71 3.01374e-22
23 71 3.02169e-22
24 71 2.53809e-22
25 71 2.93908e-22
26 71 7.81072e-24
27 71 4.59484e-22
28 71 2.48451e-22
29 71 5.06657e-22
30 71 3.92855e-23
31 71 1.17815e-22
32 71 6.76406e-22
33 71 1.05895e-21
34 71 1.09231e-21
35 71 3.36559e-22
36 71 1.35958e-21
37 71 4.45657e-22
38 71 1.39348e-21
39 71 1.86246e-21
40 71 1.27682e-07
41 71 1.4993e-06
42 71 7.21554e-08
43 71 1.34554e-07
44 71 4.82613e-07
45 71 3.17442e-06
46 71 8.03175e-05
47 71 3.88888e-05
48 71 0.000273049
49 71 0.000234815
50 71 8.82746e-05
51 71 0.000140702
52 71 1.1815e-22
53 71 2.81262e-21
54 71 9.71582e-23
55 71 2.40275e-23
56 71 2.94911e-23
57 71 2.40522e-23
58 71 3.76197e-05
59 71 1.34126e-05
0 72 3.1949e-07
1 72 7.68553e-07
2 72 3.61619e-06
3 72 2.99772e-06
4 72 5.22848e-05
5 72 4.22448e-06
6 72 6.1279e-08
7 72 5.41091e-07
8 72 1.80561e-12
9 72 1.6478e-12
10 72 2.54333e-07
11 72 2.60501e-08
12 72 2.05938e-07
13 72 7.7564e-07
14 72 2.64922e-05
15 72 4.50498e-07
16 72 6.23629e-07
17 72 1.21133e-07
18 72 2.77764e-07
19 72 8.01484e-07
20 72 1.17196e-22
21 72 1.92211e-23
22 72 3.39558e-23
23 72 1.62014e-22
24 72 6.69393e-23
25 72 9.4501e-24
26 72 3.67414e-22
27 72 3.3367e-22
28 72 1.59144e-23
29 72 1.5862e-22
30 72 2.08691e-22
31 72 9.5219e-23
32 72 2.35621e-22
33 72 3.98171e-23
34 72 2.77216e-22
35 72 1.54221e-22
36 72 5.01179e-23
37 72 1.04619e-21
38 72 1.75771e-22
39 72 7.75279e-23
40 72 1.3826e-05
41 72 2.22786e-06
42 72 2.65951e-06
43 72 4.31631e-06
44 72 6.57783e-11
45 72 1.09195e-10
46 72 3.38632e-05
47 72 1.5208e-05
48 72 0.000121813
49 72 0.000391919
50 72 9.18087e-05
51 72 5.29007e-06
52 72 3.98229e-22
53 72 3.51104e-22
54 72 1.43325e-22
55 72 5.17213e-23
56 72 4.42114e-22
57 72 3.423e-22
58 72 1.06248e-10
59 72 6.21992e-11
0 73 1.08685e-06
1 73 4.72122e-07
2 73 3.78676e-06
3 73 1.26345e-05
4 73 5.30126e-07
5 73 5.38305e-05
6 73 2.19855e-07
7 73 2.57257e-07
8 73 8.72943e-12
9 73 1.03927e-11
10 73 2.31467e-07
11 73 9.54144e-07
12 73 6.57853e-08
13 73 1.64485e-07
14 73 5.18373e-06
15 73 1.61787e-05
16 73 2.16956e-07
17 73 1.05397e-07
18 73 1.6727e-06
19 73 6.13322e-08
20 73 2.1005e-21
21 73 7.03817e-22
22 73 2.34593e-22
23 73 1.88213e-21
24 73 2.48201e-22
25 73 3.6946e-23
26 73 6.9082e-22
27 73 1.17901e-21
28 73 1.78209e-22
29 73 2.25302e-24
30 73 5.94029e-22
31 73 1.46855e-22
32 73 1.72943e-21
33 73 4.52515e-22
34 73 2.37153e-23
35 73 4.58351e-23
36 73 4.11694e-22
37 73 4.83047e-22
38 73 4.206e-22
39 73 4.78644e-22
40 73 2.38652e-06
41 73 5.11935e-07
42 73 1.32651e-05
43 73 9.69535e-06
44 73 2.03687e-10
45 73 4.16841e-12
46 73 0.000255183
47 73 3.93958e-05
48 73 0.000325555
49 73 1.12561e-05
50 73 1.77387e-05
51 73 5.89569e-05
52 73 1.27463e-21
53 73 6.39235e-23
54 73 6.26112e-22
55 73 1.36045e-21
56 73 3.24814e-22
57 73 1.27738e-21
58 73 9.74274e-12
59 73 1.9449e-10
0 74 1.36325e-07
1 74 1.11564e-07
2 74 2.00627e-08
3 74 1.87389e-09
4 74 9.21415e-09
5 74 8.66118e-09
6 74 2.10551e-12
7 74 2.60678e-11
8 74 1.7789e-05
9 74 1.41889e-05
10 74 5.92855e-08
11 74 9.82232e-08
12 74 1.41851e-07
13 74 3.60615e-09
14 74 2.22687e-11
15 74 2.4987e-12
16 74 8.81006e-09
17 74 5.19313e-08
18 74 2.50226e-08
19 74 7.2788e-08
20 74 1.89998e-22
21 74 3.61232e-22
22 74 6.78979e-22
23 74 2.65566e-22
24 74 2.22848e-22
25 74 1.34383e-21
26 74 2.42573e-21
27 74 5.69058e-22
28 74 2.09172e-21
29 74 1.39323e-21
30 74 1.59696e-22
31 74 1.63664e-22
32 74 5.07909e-22
33 74 2.32344e-21
34 74 4.5152e-22
35 74 3.77953e-22
36 74 1.12536e-21
37 74 4.0022e-22
38 74 7.03687e-22
39 74 4.12967e-22
40 74 6.91737e-07
41 74 2.11943e-06
42 74 6.10622e-06
43 74 1.03087e-05
44 74 5.80565e-06
45 74 0.00158444
46 74 1.8922e-06
47 74 1.80387e-06
48 74 3.19645e-06
49 74 3.9955e-06
50 74 2.06867e-12
51 74 4.07563e-11
52 74 8.62116e-23
53 74 9.40732e-22
54 74 3.44699e-22
55 74 2.46939e-22
56 74 9.43322e-23
57 74 4.2017e-22
58 74 0.0021064
59 74 0.000100147
0 75 3.04992e-07
1 75 1.8505e-07
2 75 1.5529e-08
3 75 3.86025e-08
4 75 4.87534e-09
5 75 2.41818e-09
6 75 7.31913e-12
7 75 1.14007e-11
8 75 3.51772e-06
9 75 1.044e-05
10 75 1.39027e-07
11 75 6.7969e-08
12 75 2.35458e-07
13 75 7.97835e-09
14 75 1.10305e-11
15 75 2.56497e-12
16 75 1.84201e-08
17 75 1.40539e-07
18 75 2.26627e-09
19 75 7.16071e-08
20 75 1.43832e-22
21 75 1.00049e-21
22 75 4.69273e-22
23 75 5.91583e-22
24 75 4.52545e-22
25 75 5.1807e-22
26 75 4.2488e-22
27 75 1.40981e-21
28 75 2.71642e-21
29 75 4.2823e-22
30 75 5.20384e-23
31 75 6.99177e-23
32 75 2.53685e-21
33 75 1.37524e-22
34 75 6.30256e-22
35 75 8.6318e-22
36 75 9.10413e-23
37 75 6.33585e-22
38 75 2.30713e-22
39 75 7.39173e-23
40 75 3.77115e-06
41 75 1.70732e-05
42 75 3.28989e-06
43 75 4.27549e-06
44 75 0.000554644
45 75 0.000139419
46 75 1.19694e-06
47 75 1.35527e-05
48 75 1.64553e-07
49 75 1.27695e-06
50 75 1.33151e-11
51 75 1.31452e-11
52 75 1.06511e-21
53 75 5.24495e-22
54 75 2.54808e-23
55 75 7.07604e-22
56 75 2.97736e-22
57 75 6.41386e-23
58 75 0.000120406
59 75 0.000842955
0 76 1.31046e-05
1 76 4.11211e-06
2 76 1.0366e-07
3 76 5.75501e-08
4 76 1.05025e-07
5 76 1.30384e-07
6 76 9.02104e-08
7 76 1.28114e-07
8 76 1.13469e-07
9 76 1.21414e-08
10 76 2.43947e-07
11 76 1.26483e-06
12 76 5.59427e-07
13 76 1.46831e-06
14 76 2.17999e-07
15 76 7.33142e-07
16 76 1.62688e-07
17 76 8.0382e-07
18 76 1.50151e-07
19 76 1.36721e-07
20 76 1.63823e-22
21 76 6.0148e-23
22 76 5.28045e-22
23 76 1.19357e-22
24 76 3.29001e-22
25 76 1.72743e-22
26 76 9.54997e-23
27 76 6.78234e-22
28 76 4.86221e-23
29 76 5.77538e-24
30 76 1.61717e-22
31 76 1.30655e-22
32 76 8.06683e-23
33 76 1.1362e-21
34 76 8.47283e-22
35 76 6.65802e-22
36 76 2.07448e-22
37 76 8.29878e-22
38 76 2.87772e-22
39 76 2.04898e-22
40 76 0.000183512
41 76 8.08219e-05
42 76 3.02508e-06
43 76 0.000301785
44 76 6.37701e-07
45 76 3.88847e-06
46 76 7.56753e-07
47 76 5.17378e-06
48 76 2.92204e-06
49 76 1.92924e-06
50 76 8.14518e-09
51 76 5.16026e-08
52 76 4.46711e-24
53 76 2.25964e-21
54 76 8.47957e-22
55 76 6.56205e-22
56 76 7.55433e-23
57 76 2.52776e-23
58 76 5.90152e-05
59 76 3.35513e-06
0 77 5.88707e-06
1 77 2.19015e-05
2 77 1.43791e-08
3 77 8.00659e-08
4 77 4.22711e-08
5 77 5.19952e-08
6 77 6.0162e-08
7 77 4.56436e-09
8 77 4.77148e-08
9 77 1.61202e-07
10 77 6.84505e-07
11 77 1.36236e-06
12 77 2.92666e-06
13 77 8.08187e-08
14 77 4.08355e-08
15 77 2.44596e-07
16 77 1.39739e-07
17 77 3.11397e-07
18 77 3.67166e-07
19 77 3.24858e-07
20 77 2.21578e-22
21 77 9.63629e-23
22 77 1.65064e-22
23 77 1.82722e-22
24 77 1.80247e-22
25 77 7.8518e-23
26 77 7.50653e-22
27 77 3.55541e-22
28 77 8.95539e-24
29 77 6.69258e-22
30 77 2.62435e-22
31 77 6.43496e-22
32 77 8.84139e-22
33 77 1.83849e-22
34 77 7.12709e-23
35 77 1.92744e-22
36 77 3.77263e-22
37 77 2.06418e-22
38 77 5.27422e-22
39 77 5.00667e-23
40 77 5.15893e-05
41 77 0.000594128
42 77 6.93821e-05
43 77 2.16563e-06
44 77 7.16151e-06
45 77 3.28315e-07
46 77 3.57036e-07
47 77 2.49475e-06
48 77 2.12503e-06
49 77 6.958e-07
50 77 5.17711e-09
51 77 1.31372e-08
52 77 1.44669e-22
53 77 6.61288e-22
54 77 4.09245e-23
55 77 2.68766e-23
56 77 6.9626e-23
57 77 5.02479e-22
58 77 2.69437e-07
59 77 0.00010283
0 78 8.10296e-06
1 78 5.84439e-06
2 78 1.77357e-07
3 78 5.54572e-08
4 78 1.07706e-07
5 78 1.74842e-07
6 78 1.56398e-07
7 78 3.24012e-08
8 78 7.07528e-08
9 78 3.80099e-08
10 78 8.58743e-07
11 78 1.58054e-06
12 78 7.76892e-07
13 78 8.88255e-08
14 78 3.41383e-08
15 78 7.77872e-07
16 78 5.57498e-07
17 78 1.47286e-07
18 78 5.27587e-07
19 78 2.45266e-08
20 78 1.17594e-22
21 78 1.5082e-22
22 78 3.73088e-24
23 78 2.79288e-22
24 78 1.36927e-23
25 78 2.44974e-22
26 78 7.17016e-23
27 78 4.0621e-22
28 78 3.00237e-22
29 78 4.72348e-22
30 78 4.91982e-24
31 78 3.41225e-23
32 78 4.97716e-23
33 78 1.19644e-22
34 78 6.37888e-22
35 78 6.80943e-22
36 78 2.55396e-23
37 78 9.89312e-23
38 78 1.90844e-22
39 78 1.52796e-22
40 78 2.35291e-05
41 78 0.000101627
42 78 0.000394485
43 78 8.05442e-05
44 78 2.18839e-06
45 78 1.73538e-06
46 78 1.12155e-05
47 78 1.49024e-06
48 78 7.41451e-07
49 78 5.85895e-09
50 78 1.9753e-09
51 78 4.61318e-08
52 78 1.18934e-22
53 78 4.29748e-22
54 78 3.72522e-22
55 78 1.07499e-22
56 78 1.01562e-22
57 78 4.69424e-23
58 78 2.90693e-05
59 78 2.48683e-05
0 79 1.88472e-06
1 79 3.48866e-06
2 79 8.99952e-08
3 79 2.69494e-08
4 79 3.88611e-07
5 79 1.25364e-07
6 79 2.29671e-07
7 79 1.55108e-07
8 79 3.27807e-10
9 79 6.71614e-09
10 79 5.71941e-07
11 79 3.84806e-07
12 79 2.35402e-07
13 79 1.43357e-06
14 79 1.28034e-06
15 79 3.9556e-07
16 79 3.99726e-07
17 79 1.45481e-07
18 79 2.97403e-07
19 79 2.48539e-07
20 79 3.85144e-22
21 79 5.04619e-22
22 79 2.00954e-22
23 79 8.16448e-23
24 79 3.74766e-23
25 79 7.2769e-22
26 79 1.10311e-21
27 79 5.42088e-22
28 79 1.19589e-21
29 79 2.21101e-22
30 79 1.11179e-23
31 79 9.7744e-23
32 79 4.87767e-22
33 79 5.1128e-22
34 79 1.12319e-22
35 79 1.23479e-22
36 79 4.00078e-23
37 79 3.49994e-22
38 79 8.01968e-22
39 79 1.963e-22
40 79 0.000203741
41 79 9.80075e-05
42 79 0.000274895
43 79 2.30157e-05
44 79 1.69907e-07
45 79 7.70714e-08
46 79 3.02409e-06
47 79 2.00632e-06
48 79 6.55328e-06
49 79 4.17832e-06
50 79 8.64207e-08
51 79 1.60902e-08
52 79 1.2148e-21
53 79 3.11608e-22
54 79 5.96251e-22
55 79 8.81522e-23
56 79 4.10171e-22
57 79 1.43767e-23
58 79 7.30161e-07
59 79 2.75316e-06
0 80 3.26036e-21
1 80 8.28039e-21
2 80 4.67476e-21
3 80 1.19447e-20
4 80 6.75116e-21
5 80 1.82448e-21
6 80 1.11019e-20
7 80 1.09353e-21
8 80 2.84726e-23
9 80 9.52881e-22
10 80 3.48055e-21
11 80 2.67054e-21
12 80 5.91213e-23
13 80 2.3998e-21
14 80 1.99957e-21
15 80 4.82923e-22
16 80 1.46876e-22
17 80 5.38094e-22
18 80 2.4241e-21
19 80 1.09688e-21
20 80 1.76268e-12
21 80 2.27171e-12
22 80 1.62835e-06
23 80 1.1708e-07
24 80 4.2849e-08
25 80 2.46566e-08
26 80 3.90394e-07
27 80 4.2429e-07
28 80 2.35249e-07
29 80 1.15261e-06
30 80 2.58055e-07
31 80 1.1451e-07
32 80 3.12592e-13
33 80 1.37011e-13
34 80 3.51765e-06
35 80 2.22909e-06
36 80 7.18961e-07
37 80 1.30822e-08
38 80 7.60723e-05
39 80 2.62413e-05
40 80 1.74015e-22
41 80 6.13757e-22
42 80 1.45892e-21
43 80 9.95744e-23
44 80 1.40337e-22
45 80 1.30946e-21
46 80 1.35444e-21
47 80 9.05858e-22
48 80 2.18393e-21
49 80 1.90428e-21
50 80 1.52412e-21
51 80 4.76947e-22
52 80 1.35267e-11
53 80 9.92951e-12
54 80 7.25441e-06
55 80 2.71815e-06
56 80 1.19051e-05
57 80 7.07453e-06
58 80 1.55846e-21
59 80 7.78557e-24
0 81 2.09695e-21
1 81 1.57519e-21
2 81 2.4937e-20
3 81 6.04767e-22
4 81 3.94475e-21
5 81 8.2995e-22
6 81 1.16665e-22
7 81 1.32193e-20
8 81 2.69669e-21
9 81 3.63027e-21
10 81 3.36373e-21
11 81 7.98403e-22
12 81 4.19541e-22
13 81 2.46756e-23
14 81 3.26958e-21
15 81 3.36608e-21
16 81 4.09025e-22
17 81 2.79194e-22
18 81 1.34191e-22
19 81 1.14063e-21
20 81 1.21097e-12
21 81 9.78588e-12
22 81 1.04886e-07
23 81 2.05342e-07
24 81 1.03166e-06
25 81 2.32889e-07
26 81 4.10984e-07
27 81 4.88214e-07
28 81 9.95399e-08
29 81 9.10842e-07
30 81 4.55438e-07
31 81 5.79946e-08
32 81 7.85835e-13
33 81 1.12618e-12
34 81 1.76641e-06
35 81 3.06052e-07
36 81 3.39426e-06
37 81 1.14044e-07
38 81 5.04714e-05
39 81 8.73383e-05
40 81 1.32146e-22
41 81 1.74735e-22
42 81 5.93969e-23
43 81 8.09204e-24
44 81 5.92851e-22
45 81 1.50039e-21
46 81 1.49618e-22
47 81 3.39964e-22
48 81 4.17139e-22
49 81 2.74194e-22
50 81 1.2438e-21
51 81 1.87382e-21
52 81 2.64322e-11
53 81 5.32325e-13
54 81 1.11107e-05
55 81 1.94368e-06
56 81 2.55976e-06
57 81 9.37996e-06
58 81 9.29216e-23
59 81 6.4571e-22
0 82 3.23068e-21
1 82 1.2682e-22
2 82 1.34928e-21
3 82 3.33966e-21
4 82 1.08736e-22
5 82 1.78139e-22
6 82 3.17885e-21
7 82 7.36399e-22
8 82 5.60197e-21
9 82 8.8431e-22
10 82 1.66379e-21
11 82 2.44786e-22
12 82 2.35769e-22
13 82 9.02096e-22
14 82 5.22326e-22
15 82 2.61232e-21
16 82 4.99864e-22
17 82 5.78628e-24
18 82 1.74888e-22
19 82 1.23812e-22
20 82 2.95443e-07
21 82 8.21996e-08
22 82 6.9347e-07
23 82 2.89115e-07
24 82 1.38567e-07
25 82 4.7909e-07
26 82 1.69799e-06
27 82 1.11556e-06
28 82 1.18649e-07
29 82 2.89433e-07
30 82 1.11813e-06
31 82 6.51564e-06
32 82 5.97311e-07
33 82 4.0427e-05
34 82 1.89473e-05
35 82 5.46521e-06
36 82 1.79916e-05
37 82 1.26942e-05
38 82 5.11827e-06
39 82 2.60812e-06
40 82 2.71568e-22
41 82 5.30728e-23
42 82 1.33875e-21
43 82 2.07581e-22
44 82 7.23846e-22
45 82 1.3204e-21
46 82 1.26787e-21
47 82 1.83618e-22
48 82 1.46386e-21
49 82 9.64514e-22
50 82 1.80704e-22
51 82 1.46955e-21
52 82 4.57631e-07
53 82 6.37039e-06
54 82 1.54147e-05
55 82 7.15898e-06
56 82 9.27003e-06
57 82 5.106e-07
58 82 2.09671e-21
59 82 8.98981e-24
0 83 4.22498e-21
1 83 4.48985e-22
2 83 6.64336e-21
3 83 4.24979e-23
4 83 2.83387e-22
5 83 8.64725e-22
6 83 8.56645e-22
7 83 4.74246e-21
8 83 2.56884e-21
9 83 2.23863e-21
10 83 1.58006e-21
11 83 3.05385e-21
12 83 2.0824e-21
13 83 4.99162e-22
14 83 5.63644e-22
15 83 6.86657e-22
16 83 6.82076e-22
17 83 1.04785e-21
18 83 2.13324e-23
19 83 1.05839e-22
20 83 1.32836e-07
21 83 8.00025e-07
22 83 8.03293e-08
23 83 4.08952e-07
24 83 7.77602e-07
25 83 7.52229e-08
26 83 1.17932e-07
27 83 1.41888e-06
28 83 6.36127e-07
29 83 4.16896e-07
30 83 3.0205e-07
31 83 2.66354e-07
32 83 7.20615e-05
33 83 2.96237e-05
34 83 6.56605e-06
35 83 2.4699e-05
36 83 1.40053e-05
37 83 1.34195e-05
38 83 3.24744e-07
39 83 2.50413e-07
40 83 1.51862e-22
41 83 9.90617e-23
42 83 2.92734e-22
43 83 1.96691e-22
44 83 1.4295e-21
45 83 3.90547e-21
46 83 1.49796e-21
47 83 1.7243e-21
48 83 1.87036e-22
49 83 4.02593e-22
50 83 2.86872e-21
51 83 4.42095e-22
52 83 9.17514e-06
53 83 7.78134e-06
54 83 1.13592e-05
55 83 1.75135e-05
56 83 1.50742e-06
57 83 3.17734e-05
58 83 1.78834e-21
59 83 2.9417e-22
0 84 2.04098e-21
1 84 2.37835e-23
2 84 1.62603e-21
3 84 3.23562e-21
4 84 5.5914e-21
5 84 2.67649e-21
6 84 4.03562e-22
7 84 1.78615e-21
8 84 2.80852e-21
9 84 1.16692e-21
10 84 2.08588e-21
11 84 2.23578e-22
12 84 1.83495e-21
13 84 2.10369e-21
14 84 1.03909e-21
15 84 8.86369e-23
16 84 1.28922e-22
17 84 5.57468e-22
18 84 3.2421e-22
19 84 1.71328e-22
20 84 2.85331e-07
21 84 1.59997e-07
22 84 8.72435e-07
23 84 4.79205e-08
24 84 4.72083e-07
25 84 2.17774e-07
26 84 3.92052e-07
27 84 2.05806e-07
28 84 4.66748e-07
29 84 2.28644e-06
30 84 1.37728e-06
31 84 3.24284e-06
32 84 3.11768e-07
33 84 4.80361e-05
34 84 3.40928e-06
35 84 4.83066e-05
36 84 1.57583e-05
37 84 1.17837e-05
38 84 1.36043e-06
39 84 3.3462e-06
40 84 9.80192e-22
41 84 2.92726e-22
42 84 4.7409e-23
43 84 2.4712e-22
44 84 1.71575e-21
45 84 2.38111e-21
46 84 1.61667e-21
47 84 2.14196e-22
48 84 1.28879e-21
49 84 1.24648e-21
50 84 3.35025e-22
51 84 4.97093e-22
52 84 5.72705e-07
53 84 7.47479e-06
54 84 2.70481e-06
55 84 4.34331e-05
56 84 2.33868e-06
57 84 1.31106e-06
58 84 4.68484e-22
59 84 2.66878e-22
0 85 9.93276e-22
1 85 1.68805e-21
2 85 4.6056e-21
3 85 7.75e-22
4 85 5.98216e-22
5 85 4.26225e-22
6 85 8.66656e-22
7 85 6.12946e-22
8 85 1.58591e-21
9 85 4.8844e-22
10 85 7.18054e-22
11 85 3.27857e-21
12 85 1.04519e-21
13 85 2.95744e-22
14 85 2.56566e-21
15 85 2.55075e-22
16 85 2.5527e-22
17 85 8.97797e-22
18 85 6.25598e-23
19 85 1.45974e-22
20 85 3.91636e-07
21 85 5.21408e-08
22 85 5.56473e-09
23 85 4.66338e-07
24 85 1.44549e-07
25 85 6.5391e-07
26 85 9.86529e-07
27 85 3.99291e-07
28 85 7.42157e-07
29 85 2.4632e-07
30 85 2.62982e-06
31 85 1.01056e-07
32 85 2.10237e-05
33 85 2.74912e-05
34 85 2.48489e-05
35 85 3.13246e-06
36 85 2.58386e-06
37 85 2.56395e-05
38 85 8.73555e-07
39 85 1.90844e-06
40 85 2.31485e-22
41 85 2.80687e-22
42 85 5.87798e-22
43 85 4.35126e-22
44 85 1.25596e-22
45 85 9.12921e-22
46 85 1.55896e-21
47 85 9.68454e-22
48 85 8.594e-22
49 85 1.67433e-22
50 85 2.08333e-21
51 85 4.83607e-23
52 85 4.41376e-06
53 85 3.63027e-06
54 85 1.57533e-05
55 85 1.36784e-05
56 85 6.0414e-08
57 85 4.35385e-05
58 85 1.14342e-23
59 85 6.53267e-22
0 86 9.57937e-21
1 86 9.26583e-23
2 86 5.07312e-22
3 86 3.49706e-21
4 86 1.89288e-21
5 86 1.12891e-21
6 86 5.44874e-22
7 86 1.49131e-21
8 86 1.01128e-21
9 86 6.91766e-22
10 86 3.17362e-21
11 86 2.47991e-21
12 86 2.00108e-21
13 86 4.1951e-22
14 86 2.99917e-21
15 86 5.85387e-22
16 86 1.88856e-22
17 86 5.65067e-22
18 86 9.3772e-23
19 86 6.3083e-22
20 86 4.87848e-11
21 86 1.3088e-11
22 86 2.3092e-07
23 86 1.88268e-08
24 86 3.08782e-08
25 86 2.04423e-09
26 86 3.68232e-06
27 86 3.95862e-06
28 86 2.2858e-06
29 86 8.53325e-06
30 86 5.02558e-06
31 86 7.07217e-06
32 86 7.845e-11
33 86 2.10059e-11
34 86 4.55101e-05
35 86 2.56343e-05
36 86 3.72913e-06
37 86 1.03763e-07
38 86 4.54256e-07
39 86 3.23559e-07
40 86 8.22681e-23
41 86 1.37433e-23
42 86 3.47517e-22
43 86 4.97592e-22
44 86 1.84204e-22
45 86 6.77343e-23
46 86 1.06031e-22
47 86 1.28146e-23
48 86 5.28584e-22
49 86 1.08773e-23
50 86 9.66308e-22
51 86 7.08294e-22
52 86 7.38848e-11
53 86 1.55659e-10
54 86 1.0842e-05
55 86 1.13779e-06
56 86 6.89976e-06
57 86 9.04592e-06
58 86 4.09177e-23
59 86 1.35594e-23
0 87 4.03413e-22
1 87 2.89952e-22
2 87 3.5222e-21
3 87 2.31932e-22
4 87 9.30294e-22
5 87 3.65087e-21
6 87 2.62751e-21
7 87 3.35003e-23
8 87 4.60804e-21
9 87 1.20217e-21
10 87 7.0338e-21
11 87 1.64054e-21
12 87 1.39569e-21
13 87 2.54758e-22
14 87 1.15631e-21
15 87 6.61231e-22
16 87 1.76899e-22
17 87 8.50496e-22
18 87 5.26082e-22
19 87 2.19909e-23
20 87 6.4151e-12
21 87 7.81203e-11
22 87 7.78366e-09
23 87 2.55489e-08
24 87 1.2104e-07
25 87 3.28266e-08
26 87 2.29968e-06
27 87 2.79842e-06
28 87 1.75756e-07
29 87 6.74549e-06
30 87 2.87043e-05
31 87 1.38561e-06
32 87 4.80663e-11
33 87 4.85289e-11
34 87 8.59996e-06
35 87 2.77189e-07
36 87 3.85658e-05
37 87 1.20109e-06
38 87 9.73422e-07
39 87 9.6085e-07
40 87 9.97612e-23
41 87 4.65008e-22
42 87 4.67585e-22
43 87 1.25351e-22
44 87 1.32843e-24
45 87 2.67082e-22
46 87 4.2266e-22
47 87 1.66092e-22
48 87 7.39932e-22
49 87 1.63686e-21
50 87 3.1744e-22
51 87 9.43168e-24
52 87 1.24702e-10
53 87 1.27773e-10
54 87 4.85256e-06
55 87 2.83073e-06
56 87 5.40352e-06
57 87 5.00237e-06
58 87 4.63002e-22
59 87 9.23989e-23
0 88 3.7907e-22
1 88 2.84238e-22
2 88 5.70034e-21
3 88 3.91885e-21
4 88 5.89137e-21
5 88 1.44836e-22
6 88 2.75736e-22
7 88 1.11126e-21
8 88 1.08802e-21
9 88 1.01184e-22
10 88 8.92702e-22
11 88 8.14072e-22
12 88 1.83289e-22
13 88 2.88028e-22
14 88 3.31547e-21
15 88 9.947e-24
16 88 9.19486e-22
17 88 5.42817e-22
18 88 4.27559e-23
19 88 1.53369e-21
20 88 1.21449e-07
21 88 6.59993e-08
22 88 7.06975e-08
23 88 1.43509e-06
24 88 1.3291e-06
25 88 5.86981e-06
26 88 4.52431e-05
27 88 3.41353e-05
28 88 1.83759e-05
29 88 1.95415e-05
30 88 1.35994e-11
31 88 2.03517e-10
32 88 3.53599e-07
33 88 1.85898e-07
34 88 2.37061e-06
35 88 3.07909e-06
36 88 1.09714e-06
37 88 1.48572e-05
38 88 2.02102e-12
39 88 1.65871e-13
40 88 2.04997e-22
41 88 1.25765e-22
42 88 1.01496e-21
43 88 2.61845e-23
44 88 1.00377e-21
45 88 1.07816e-21
46 88 1.49834e-21
47 88 6.03723e-23
48 88 3.34121e-22
49 88 1.43989e-21
50 88 1.32705e-21
51 88 1.21038e-21
52 88 7.28166e-06
53 88 1.6248e-06
54 88 1.3176e-05
55 88 8.48892e-06
56 88 3.22956e-05
57 88 9.95613e-06
58 88 8.41969e-23
59 88 1.11908e-21
0 89 4.42539e-21
1 89 4.01559e-22
2 89 1.57725e-21
3 89 1.27963e-21
4 89 1.94086e-22
5 89 5.40425e-21
6 89 9.67842e-22
7 89 2.377e-21
8 89 3.67753e-21
9 89 1.59205e-21
10 89 9.59794e-22
11 89 1.51804e-21
12 89 2.83858e-22
13 89 2.37311e-23
14 89 2.44072e-22
15 89 1.12434e-22
16 89 6.6912e-22
17 89 6.86323e-23
18 89 1.87759e-21
19 89 2.415e-23
20 89 1.53583e-08
21 89 7.0058e-08
22 89 5.74456e-07
23 89 3.70322e-06
24 89 4.47465e-06
25 89 3.82834e-06
26 89 8.11507e-05
27 89 1.13529e-05
28 89 6.92745e-05
29 89 8.59016e-06
30 89 2.31088e-11
31 89 3.27564e-11
32 89 2.13397e-07
33 89 3.73297e-08
34 89 6.53186e-06
35 89 9.64449e-06
36 89 2.08283e-06
37 89 1.27764e-05
38 89 6.45663e-12
39 89 5.90251e-12
40 89 3.87215e-23
41 89 3.33684e-22
42 89 1.19072e-22
43 89 2.81493e-22
44 89 3.14406e-22
45 89 5.66834e-21
46 89 2.79468e-21
47 89 1.13878e-21
48 89 3.69292e-21
49 89 7.59939e-22
50 89 1.2988e-22
51 89 2.60288e-22
52 89 2.70022e-06
53 89 1.39323e-06
54 89 3.71958e-06
55 89 6.27235e-05
56 89 6.69357e-06
57 89 1.96054e-05
58 89 3.42416e-21
59 89 4.16965e-22
0 90 2.45523e-21
1 90 2.10309e-21
2 90 7.80888e-21
3 90 8.50646e-22
4 90 4.79813e-22
5 90 4.83877e-22
6 90 8.03186e-22
7 90 2.36392e-21
8 90 1.93077e-21
9 90 7.56404e-22
10 90 4.78335e-21
11 90 3.76993e-22
12 90 2.97329e-22
13 90 3.32566e-22
14 90 2.36319e-22
15 90 1.03841e-21
16 90 7.43946e-23
17 90 6.9524e-22
18 90 4.83221e-22
19 90 7.55962e-22
20 90 1.13239e-06
21 90 1.65749e-07
22 90 1.35934e-10
23 90 1.62589e-08
24 90 6.43702e-10
25 90 1.67319e-09
26 90 1.37386e-05
27 90 2.90895e-05
28 90 2.23385e-05
29 90 1.74944e-06
30 90 3.59322e-05
31 90 7.74584e-06
32 90 2.60295e-07
33 90 2.31162e-06
34 90 1.71068e-06
35 90 8.87263e-07
36 90 3.71114e-06
37 90 1.98669e-07
38 90 8.11879e-08
39 90 1.65151e-07
40 90 5.76863e-22
41 90 5.52461e-22
42 90 3.69073e-22
43 90 2.86506e-23
44 90 2.4081e-22
45 90 1.82244e-22
46 90 1.04493e-22
47 90 1.157e-21
48 90 2.05514e-22
49 90 4.23238e-22
50 90 1.22844e-22
51 90 1.34881e-21
52 90 1.06973e-06
53 90 3.53042e-06
54 90 5.47506e-06
55 90 7.59498e-07
56 90 4.30108e-06
57 90 8.89496e-08
58 90 5.70024e-23
59 90 8.60287e-22
0 91 7.6561e-21
1 91 3.00083e-21
2 91 3.59753e-21
3 91 5.15431e-21
4 91 7.15543e-22
5 91 1.73539e-21
6 91 2.72034e-22
7 91 3.38525e-22
8 91 2.55372e-21
9 91 5.44417e-22
10 91 4.59663e-22
11 91 7.98614e-22
12 91 5.49077e-22
13 91 4.18824e-22
14 91 2.91961e-21
15 91 2.86857e-22
16 91 9.21648e-22
17 91 6.36965e-22
18 91 1.54526e-22
19 91 1.69364e-22
20 91 2.09833e-06
21 91 4.15991e-06
22 91 1.21403e-08
23 91 2.1883e-10
24 91 7.89993e-09
25 91 1.60373e-10
26 91 1.34486e-05
27 91 6.85206e-08
28 91 3.69172e-06
29 91 5.35003e-05
30 91 1.91702e-07
31 91 4.96237e-05
32 91 1.23957e-05
33 91 3.90137e-09
34 91 1.75899e-06
35 91 1.20599e-06
36 91 3.07773e-07
37 91 4.815e-07
38 91 1.45145e-07
39 91 1.36476e-07
40 91 5.2477e-22
41 91 4.02341e-24
42 91 2.60973e-22
43 91 4.62661e-23
44 91 3.73346e-21
45 91 1.58441e-21
46 91 3.28563e-22
47 91 3.14318e-22
48 91 5.15081e-22
49 91 9.40501e-23
50 91 1.18866e-22
51 91 4.94056e-23
52 91 1.9792e-05
53 91 2.16536e-06
54 91 1.82011e-06
55 91 1.48231e-06
56 91 5.71461e-06
57 91 1.54175e-06
58 91 1.29451e-21
59 91 2.28292e-21
0 92 2.87394e-21
1 92 1.90316e-22
2 92 4.23368e-22
3 92 1.24109e-21
4 92 1.25141e-21
5 92 1.73174e-21
6 92 7.0135e-21
7 92 5.49896e-22
8 92 1.17227e-21
9 92 2.65853e-22
10 92 2.05792e-22
11 92 1.59766e-21
12 92 6.93089e-23
13 92 5.42191e-23
14 92 2.41997e-22
15 92 8.29788e-22
16 92 3.25707e-22
17 92 3.76087e-22
18 92 1.66394e-22
19 92 1.94004e-22
20 92 7.29824e-06
21 92 8.54693e-07
22 92 3.00977e-09
23 92 3.96992e-10
24 92 4.83467e-09
25 92 1.22353e-08
26 92 1.86547e-05
27 92 8.39367e-06
28 92 2.40914e-05
29 92 2.69646e-06
30 92 1.05118e-05
31 92 2.95207e-05
32 92 2.11545e-06
33 92 1.40181e-05
34 92 1.32524e-06
35 92 7.00511e-08
36 92 3.6161e-07
37 92 5.71209e-06
38 92 1.02358e-07
39 92 1.2214e-07
40 92 1.0855e-23
41 92 1.18248e-25
42 92 6.3796e-22
43 92 5.48536e-22
44 92 3.67825e-22
45 92 1.66562e-22
46 92 7.84908e-24
47 92 2.94517e-22
48 92 1.04964e-21
49 92 4.08369e-22
50 92 3.18778e-22
51 92 4.77065e-22
52 92 7.18841e-06
53 92 2.14652e-05
54 92 2.20294e-06
55 92 1.83606e-06
56 92 1.74954e-07
57 92 1.93446e-07
58 92 2.36238e-22
59 92 5.01122e-22
0 93 2.94265e-23
1 93 1.90931e-21
2 93 6.38997e-21
3 93 6.40682e-22
4 93 2.99675e-22
5 93 1.20703e-21
6 93 1.74388e-21
7 93 8.95647e-22
8 93 4.70108e-21
9 93 9.04044e-22
10 93 3.39393e-21
11 93 7.45429e-23
12 93 2.84818e-21
13 93 7.28807e-22
14 93 5.98452e-22
15 93 2.73827e-22
16 93 2.36249e-22
17 93 4.52927e-23
18 93 8.26577e-22
19 93 3.73805e-23
20 93 3.96871e-06
21 93 9.28527e-06
22 93 8.17286e-09
23 93 1.08044e-08
24 93 3.6445e-09
25 93 1.63244e-09
26 93 7.13018e-06
27 93 3.03524e-05
28 93 2.24322e-05
29 93 3.60276e-06
30 93 4.51569e-06
31 93 8.80126e-06
32 93 7.76406e-06
33 93 1.84705e-05
34 93 1.27864e-06
35 93 3.3036e-06
36 93 2.51685e-07
37 93 6.58553e-07
38 93 7.37346e-08
39 93 2.30653e-09
40 93 7.78731e-23
41 93 1.45285e-22
42 93 2.22469e-22
43 93 9.24027e-23
44 93 4.35258e-23
45 93 8.11321e-22
46 93 3.03763e-23
47 93 1.63813e-22
48 93 9.02698e-22
49 93 1.54923e-22
50 93 3.90014e-23
51 93 4.19971e-22
52 93 9.22236e-06
53 93 3.73162e-05
54 93 2.81895e-06
55 93 8.4031e-07
56 93 3.73946e-06
57 93 4.98815e-07
58 93 6.49416e-22
59 93 1.24684e-23
0 94 4.70829e-22
1 94 1.68943e-22
2 94 2.8518e-22
3 94 2.1584e-21
4 94 6.13167e-22
5 94 2.56311e-22
6 94 1.30461e-21
7 94 2.032e-21
8 94 1.05793e-21
9 94 1.97665e-21
10 94 2.08266e-23
11 94 3.51787e-21
12 94 1.24605e-23
13 94 2.14468e-22
14 94 2.4582e-21
15 94 1.19689e-21
16 94 8.359e-22
17 94 9.57372e-23
18 94 8.28461e-23
19 94 4.12953e-23
20 94 4.52291e-08
21 94 7.23968e-08
22 94 2.61551e-06
23 94 2.76048e-05
24 94 4.27622e-05
25 94 5.86208e-06
26 94 2.01849e-08
27 94 1.9032e-09
28 94 6.80475e-08
29 94 1.65757e-08
30 94 1.74248e-11
31 94 6.03942e-11
32 94 6.53175e-08
33 94 2.87264e-10
34 94 1.44207e-07
35 94 1.86213e-07
36 94 1.41263e-08
37 94 5.69368e-08
38 94 4.72712e-13
39 94 6.64764e-13
40 94 1.86309e-22
41 94 1.76357e-22
42 94 5.24988e-22
43 94 1.11042e-22
44 94 3.58322e-22
45 94 1.27433e-21
46 94 6.46254e-22
47 94 1.5418e-22
48 94 2.29307e-23
49 94 2.61757e-22
50 94 2.36313e-22
51 94 2.45959e-22
52 94 2.49084e-05
53 94 3.18707e-06
54 94 3.00345e-06
55 94 3.5294e-05
56 94 4.74635e-07
57 94 2.0045e-05
58 94 2.25205e-22
59 94 1.73488e-22
0 95 1.0686e-21
1 95 2.74887e-21
2 95 5.60896e-22
3 95 5.14671e-22
4 95 2.95625e-21
5 95 7.21768e-21
6 95 1.77434e-21
7 95 8.65659e-22
8 95 1.08922e-21
9 95 5.60972e-23
10 95 1.93388e-22
11 95 1.81055e-21
12 95 6.92317e-23
13 95 4.98008e-22
14 95 1.93707e-21
15 95 7.74588e-22
16 95 1.7828e-22
17 95 3.34374e-22
18 95 7.00365e-22
19 95 1.07347e-22
20 95 5.39378e-08
21 95 3.02e-08
22 95 2.43904e-06
23 95 1.36453e-05
24 95 3.48864e-06
25 95 7.15148e-05
26 95 8.517e-08
27 95 3.33202e-08
28 95 1.1503e-09
29 95 7.45898e-09
30 95 8.87599e-12
31 95 9.60125e-11
32 95 1.70727e-08
33 95 3.38296e-08
34 95 1.50415e-09
35 95 2.38637e-08
36 95 3.85731e-08
37 95 4.02852e-07
38 95 4.9995e-12
39 95 3.53489e-13
40 95 6.40318e-23
41 95 2.71957e-23
42 95 1.76382e-22
43 95 4.56054e-23
44 95 9.90843e-23
45 95 1.8829e-22
46 95 1.07078e-21
47 95 5.01171e-22
48 95 3.4369e-21
49 95 8.91179e-22
50 95 6.28707e-22
51 95 8.30133e-23
52 95 1.27519e-05
53 95 8.14889e-06
54 95 1.06653e-05
55 95 2.22615e-05
56 95 3.13078e-05
57 95 3.87108e-06
58 95 8.03025e-22
59 95 7.51085e-23
0 96 1.18042e-21
1 96 2.07176e-21
2 96 1.76641e-21
3 96 9.4657e-22
4 96 5.49608e-21
5 96 8.08113e-22
6 96 1.4298e-21
7 96 1.55252e-21
8 96 1.23783e-21
9 96 5.2725e-22
10 96 1.52029e-21
11 96 7.30854e-21
12 96 6.81473e-22
13 96 4.5986e-22
14 96 2.76156e-21
15 96 1.12767e-21
16 96 1.50749e-21
17 96 3.12397e-21
18 96 2.62003e-22
19 96 6.83287e-22
20 96 7.10891e-06
21 96 3.34715e-05
22 96 1.60165e-05
23 96 1.04345e-05
24 96 4.99889e-06
25 96 6.06005e-06
26 96 2.7287e-07
27 96 1.39716e-06
28 96 8.66538e-07
29 96 3.52754e-06
30 96 4.20816e-08
31 96 2.38382e-07
32 96 2.71988e-06
33 96 5.8648e-07
34 96 2.29636e-08
35 96 1.43663e-06
36 96 5.07406e-08
37 96 1.76323e-07
38 96 4.36064e-09
39 96 1.20748e-09
40 96 7.82563e-23
41 96 1.15918e-21
42 96 2.44755e-22
43 96 3.15068e-22
44 96 1.72271e-22
45 96 7.42505e-22
46 96 7.96698e-23
47 96 1.32486e-21
48 96 3.61118e-22
49 96 1.58083e-21
50 96 7.38917e-22
51 96 8.42325e-23
52 96 2.31961e-05
53 96 1.35551e-05
54 96 7.04284e-06
55 96 5.57619e-06
56 96 2.21962e-05
57 96 5.62661e-06
58 96 1.5965e-21
59 96 9.37916e-23
0 97 1.95057e-21
1 97 1.6068e-22
2 97 7.36338e-21
3 97 1.13609e-22
4 97 1.91214e-21
5 97 3.52588e-21
6 97 6.8059e-21
7 97 4.53212e-21
8 97 6.02952e-21
9 97 1.49241e-21
10 97 6.03369e-21
11 97 2.49805e-21
12 97 3.54074e-22
13 97 1.01627e-21
14 97 2.90159e-21
15 97 1.029e-21
16 97 2.13745e-22
17 97 4.98388e-22
18 97 5.66517e-22
19 97 7.91726e-22
20 97 3.39626e-05
21 97 3.64346e-05
22 97 1.06702e-05
23 97 1.25427e-05
24 97 2.17037e-05
25 97 2.605e-06
26 97 3.34488e-07
27 97 2.30214e-07
28 97 1.99136e-06
29 97 1.97262e-06
30 97 9.17685e-09
31 97 5.24923e-07
32 97 2.42774e-06
33 97 3.32631e-06
34 97 7.4516e-07
35 97 6.09702e-07
36 97 3.85097e-07
37 97 7.19781e-07
38 97 4.98892e-09
39 97 5.59981e-09
40 97 2.31285e-22
41 97 2.41627e-22
42 97 5.53354e-23
43 97 6.13042e-23
44 97 1.51348e-22
45 97 1.80491e-22
46 97 7.23878e-22
47 97 6.75852e-22
48 97 1.49752e-21
49 97 6.37514e-22
50 97 1.41417e-21
51 97 8.06889e-22
52 97 1.1062e-05
53 97 5.27537e-05
54 97 4.6002e-05
55 97 9.79603e-06
56 97 9.02477e-06
57 97 8.80824e-06
58 97 6.97707e-24
59 97 1.07031e-21
0 98 6.25109e-21
1 98 7.87359e-23
2 98 5.47015e-23
3 98 3.46199e-21
4 98 3.36466e-21
5 98 1.86362e-21
6 98 5.98503e-22
7 98 1.96026e-21
8 98 4.36117e-21
9 98 4.83151e-22
10 98 3.57101e-21
11 98 2.48994e-21
12 98 2.50841e-21
13 98 4.76402e-23
14 98 4.7321e-22
15 98 2.5068e-22
16 98 7.65502e-22
17 98 3.79613e-22
18 98 6.0911e-22
19 98 9.75586e-23
20 98 3.59791e-05
21 98 1.26341e-05
22 98 8.56624e-06
23 98 1.3115e-05
24 98 9.64588e-06
25 98 2.33799e-05
26 98 3.72447e-07
27 98 1.77343e-06
28 98 2.10139e-06
29 98 3.98639e-07
30 98 2.78433e-07
31 98 7.92527e-08
32 98 4.67345e-07
33 98 3.49297e-06
34 98 5.76837e-07
35 98 8.80223e-07
36 98 1.17993e-07
37 98 1.09593e-06
38 98 8.61799e-10
39 98 6.23975e-09
40 98 2.95315e-22
41 98 1.07119e-22
42 98 3.88072e-22
43 98 4.59425e-22
44 98 1.58123e-21
45 98 4.00697e-22
46 98 1.28633e-21
47 98 6.25777e-22
48 98 1.09377e-22
49 98 3.84301e-22
50 98 1.008e-21
51 98 7.06503e-22
52 98 1.48208e-05
53 98 2.92529e-05
54 98 3.58835e-05
55 98 2.14959e-05
56 98 3.14434e-06
57 98 1.89701e-06
58 98 1.84982e-22
59 98 1.7071e-21
0 99 1.21288e-21
1 99 4.02525e-22
2 99 3.97951e-23
3 99 7.87117e-22
4 99 1.27782e-22
5 99 1.72386e-21
6 99 7.04604e-21
7 99 2.12853e-21
8 99 2.83254e-22
9 99 1.44243e-21
10 99 1.19299e-21
11 99 1.73782e-21
12 99 1.12024e-21
13 99 2.33518e-23
14 99 8.9299e-22
15 99 1.72192e-22
16 99 3.57609e-22
17 99 1.54659e-22
18 99 1.37156e-22
19 99 3.11043e-23
20 99 1.95742e-05
21 99 1.37083e-05
22 99 2.06728e-05
23 99 1.56899e-05
24 99 2.19874e-06
25 99 3.72691e-06
26 99 6.75893e-06
27 99 4.40445e-06
28 99 1.51286e-07
29 99 1.63272e-06
30 99 1.42045e-07
31 99 5.70563e-08
32 99 5.59769e-07
33 99 2.15325e-06
34 99 6.07379e-07
35 99 8.02461e-08
36 99 1.51036e-06
37 99 2.63575e-07
38 99 3.07193e-09
39 99 9.54974e-10
40 99 4.92339e-23
41 99 5.20766e-23
42 99 5.77473e-22
43 99 3.12296e-23
44 99 3.86085e-22
45 99 2.02559e-22
46 99 6.13442e-23
47 99 1.05405e-22
48 99 1.66676e-21
49 99 4.21641e-22
50 99 2.64629e-22
51 99 4.25914e-22
52 99 1.47906e-05
53 99 1.52384e-05
54 99 2.65748e-05
55 99 7.97237e-06
56 99 9.85332e-05
57 99 6.03056e-06
58 99 8.04515e-22
59 99 4.2517e-22
0 100 2.23045e-08
1 100 1.12902e-07
2 100 1.88691e-09
3 100 4.01877e-10
4 100 2.69663e-08
5 100 5.69135e-09
6 100 1.63421e-09
7 100 3.1741e-08
8 100 2.30487e-13
9 100 5.66862e-14
10 100 1.03212e-08
11 100 4.72249e-09
12 100 6.99743e-09
13 100 1.75873e-08
14 100 1.5722e-06
15 100 4.67537e-08
16 100 7.74587e-06
17 100 2.4485e-06
18 100 5.8389e-06
19 100 1.20066e-05
20 100 2.45319e-22
21 100 3.50403e-22
22 100 1.28695e-21
23 100 8.18636e-22
24 100 7.2264e-22
25 100 3.21765e-25
26 100 2.27814e-22
27 100 4.53948e-21
28 100 6.84191e-23
29 100 1.69435e-21
30 100 3.06546e-22
31 100 4.32635e-22
32 100 1.26183e-21
33 100 3.31228e-22
34 100 1.01128e-21
35 100 7.38582e-22
36 100 3.42534e-22
37 100 1.18574e-21
38 100 6.19803e-22
39 100 9.17057e-22
40 100 1.171e-06
41 100 2.49315e-07
42 100 4.31157e-07
43 100 4.97137e-07
44 100 8.25947e-12
45 100 3.95194e-12
46 100 3.49141e-09
47 100 1.23696e-09
48 100 5.62277e-09
49 100 1.65948e-08
50 100 1.50584e-05
51 100 2.31845e-06
52 100 3.26535e-21
53 100 7.69846e-22
54 100 3.53513e-21
55 100 9.42913e-22
56 100 2.91572e-21
57 100 7.98365e-23
58 100 1.55599e-11
59 100 4.57671e-13
0 101 1.77448e-07
1 101 6.30801e-08
2 101 2.01312e-09
3 101 7.75626e-09
4 101 5.54344e-10
5 101 2.48542e-08
6 101 1.62255e-08
7 101 1.81412e-08
8 101 1.3097e-15
9 101 2.11035e-13
10 101 4.01985e-09
11 101 2.44044e-08
12 101 1.09415e-09
13 101 1.00499e-08
14 101 5.4476e-07
15 101 1.05573e-06
16 101 4.41283e-06
17 101 8.16924e-07
18 101 2.23914e-05
19 101 4.67459e-07
20 101 8.35491e-23
21 101 8.02143e-22
22 101 1.54439e-22
23 101 2.4168e-21
24 101 2.16729e-21
25 101 1.26673e-21
26 101 1.77048e-21
27 101 1.38557e-21
28 101 1.1189e-21
29 101 5.33516e-22
30 101 3.30528e-22
31 101 4.78978e-22
32 101 2.77075e-22
33 101 1.65945e-21
34 101 2.63892e-22
35 101 3.04579e-21
36 101 9.94163e-22
37 101 5.9669e-22
38 101 5.01495e-22
39 101 3.54906e-22
40 101 3.88122e-07
41 101 1.26753e-08
42 101 1.10289e-06
43 101 8.50401e-07
44 101 1.54721e-11
45 101 3.20594e-12
46 101 9.22116e-09
47 101 1.23854e-09
48 101 1.48066e-08
49 101 9.88719e-10
50 101 6.77041e-06
51 101 1.05279e-05
52 101 5.14482e-21
53 101 2.29025e-21
54 101 8.67852e-21
55 101 2.16292e-21
56 101 6.26394e-22
57 101 3.50456e-23
58 101 6.66527e-12
59 101 2.33633e-12
0 102 2.31516e-07
1 102 1.88103e-07
2 102 5.2133e-07
3 102 1.00347e-06
4 102 1.08207e-07
5 102 4.72795e-07
6 102 8.90146e-08
7 102 2.92914e-09
8 102 1.40852e-07
9 102 7.98663e-07
10 102 8.30988e-07
11 102 3.1042e-07
12 102 3.73396e-07
13 102 1.5455e-07
14 102 2.49901e-06
15 102 8.25303e-06
16 102 7.48421e-07
17 102 7.98542e-06
18 102 6.94343e-06
19 102 3.41782e-06
20 102 1.36621e-21
21 102 6.76878e-22
22 102 1.97147e-21
23 102 1.26901e-21
24 102 2.02214e-21
25 102 1.16102e-21
26 102 1.97963e-22
27 102 1.14867e-22
28 102 9.05441e-22
29 102 2.0845e-25
30 102 3.37295e-22
31 102 1.4693e-21
32 102 1.45675e-21
33 102 1.57948e-21
34 102 8.47714e-22
35 102 1.15568e-21
36 102 6.71229e-22
37 102 7.06149e-23
38 102 6.6041e-22
39 102 5.1611e-22
40 102 1.84375e-07
41 102 5.18964e-07
42 102 2.23507e-07
43 102 8.10135e-07
44 102 1.02666e-06
45 102 2.54915e-07
46 102 1.22541e-06
47 102 3.28713e-06
48 102 2.90742e-06
49 102 1.31183e-06
50 102 8.30976e-09
51 102 1.54634e-08
52 102 1.48422e-21
53 102 4.02257e-22
54 102 6.95928e-23
55 102 1.50405e-21
56 102 2.30208e-21
57 102 5.61077e-22
58 102 6.62992e-08
59 102 3.95319e-07
0 103 2.52643e-07
1 103 1.33908e-08
2 103 6.04455e-07
3 103 2.54775e-07
4 103 2.92759e-07
5 103 1.85815e-07
6 103 4.22571e-08
7 103 1.19139e-07
8 103 1.14415e-07
9 103 4.09129e-08
10 103 1.55038e-06
11 103 1.13755e-06
12 103 2.10005e-07
13 103 8.21718e-07
14 103 7.09722e-06
15 103 1.18694e-05
16 103 3.20439e-06
17 103 6.8524e-06
18 103 1.05564e-06
19 103 3.4181e-07
20 103 1.35206e-21
21 103 4.78543e-21
22 103 9.4836e-22
23 103 1.50829e-22
24 103 1.27516e-21
25 103 8.99789e-22
26 103 8.40233e-23
27 103 2.37835e-22
28 103 1.79116e-21
29 103 4.76689e-21
30 103 1.9684e-22
31 103 1.29517e-21
32 103 4.23968e-21
33 103 2.83579e-23
34 103 1.10264e-21
35 103 1.0531e-21
36 103 1.98595e-22
37 103 4.75257e-22
38 103 8.69831e-22
39 103 7.64261e-22
40 103 2.1742e-07
41 103 2.50121e-07
42 103 5.37907e-07
43 103 7.88816e-07
44 103 8.85332e-08
45 103 1.21896e-07
46 103 1.59073e-06
47 103 2.03366e-06
48 103 1.63456e-07
49 103 1.46398e-06
50 103 1.01188e-08
51 103 3.03481e-08
52 103 3.468e-21
53 103 4.82376e-22
54 103 4.96179e-21
55 103 3.14039e-22
56 103 1.01172e-20
57 103 2.39815e-21
58 103 4.70638e-08
59 103 3.02287e-08
0 104 4.06522e-08
1 104 4.35046e-07
2 104 2.09506e-07
3 104 1.6368e-06
4 104 1.62979e-07
5 104 7.75154e-07
6 104 4.91108e-08
7 104 1.48329e-08
8 104 3.6224e-07
9 104 1.2529e-07
10 104 1.9311e-07
11 104 3.19394e-07
12 104 1.32237e-06
13 104 5.56829e-07
14 104 3.03907e-06
15 104 4.37662e-06
16 104 9.26642e-06
17 104 6.31662e-07
18 104 4.35398e-06
19 104 1.05693e-05
20 104 3.85542e-22
21 104 9.50967e-22
22 104 1.41296e-21
23 104 3.51237e-22
24 104 4.95345e-22
25 104 4.62286e-22
26 104 2.58589e-21
27 104 7.37725e-22
28 104 1.94325e-21
29 104 2.87673e-22
30 104 3.84709e-22
31 104 2.66428e-23
32 104 3.09364e-21
33 104 8.36514e-22
34 104 3.31632e-22
35 104 8.17151e-22
36 104 1.08177e-21
37 104 2.14665e-22
38 104 7.15502e-22
39 104 3.00057e-22
40 104 1.64214e-06
41 104 4.77419e-07
42 104 8.08334e-09
43 104 3.99018e-08
44 104 4.27695e-07
45 104 2.3813e-07
46 104 1.66377e-06
47 104 2.84234e-06
48 104 3.85808e-06
49 104 3.00513e-06
50 104 6.34601e-09
51 104 9.64214e-09
52 104 7.27946e-22
53 104 1.22177e-21
54 104 2.7069e-22
55 104 7.20968e-22
56 104 3.70795e-21
57 104 2.37357e-22
58 104 9.83859e-08
59 104 1.38179e-07
0 105 9.00927e-08
1 105 1.18543e-07
2 105 1.23724e-06
3 105 1.46781e-07
4 105 2.88921e-08
5 105 8.27604e-08
6 105 1.00832e-07
7 105 3.45701e-08
8 105 4.78558e-07
9 105 5.63523e-08
10 105 5.77282e-07
11 105 4.04352e-07
12 105 1.33031e-07
13 105 2.31558e-06
14 105 9.73523e-06
15 105 6.0788e-06
16 105 1.33206e-06
17 105 5.15837e-06
18 105 1.1693e-06
19 105 3.9903e-06
20 105 9.4538e-22
21 105 3.72619e-21
22 105 7.7429e-22
23 105 1.84093e-21
24 105 1.9013e-21
25 105 2.05616e-21
26 105 3.75454e-22
27 105 1.89636e-21
28 105 3.0802e-21
29 105 1.73358e-21
30 105 4.98902e-22
31 105 1.54866e-22
32 105 5.99589e-22
33 105 1.16485e-21
34 105 1.86915e-21
35 105 3.12209e-22
36 105 3.5436e-22
37 105 2.11541e-21
38 105 2.9437e-22
39 105 5.35108e-22
40 105 3.78998e-07
41 105 3.36541e-07
42 105 2.2289e-07
43 105 3.99343e-07
44 105 2.69782e-07
45 105 4.61844e-07
46 105 1.3449e-06
47 105 4.9228e-07
48 105 7.40992e-07
49 105 2.73273e-06
50 105 2.44999e-08
51 105 9.62059e-09
52 105 2.32421e-21
53 105 2.89911e-22
54 105 1.30423e-21
55 105 2.07652e-21
56 105 3.83963e-22
57 105 4.9032e-23
58 105 2.00196e-07
59 105 6.22271e-08
0 106 3.41749e-08
1 106 4.0179e-08
2 106 6.12247e-08
3 106 8.34535e-08
4 106 8.02686e-08
5 106 6.32159e-08
6 106 8.48206e-13
7 106 7.28903e-12
8 106 1.37262e-05
9 106 4.11156e-06
10 106 1.24875e-07
11 106 8.91491e-07
12 106 4.96787e-06
13 106 5.61329e-08
14 106 3.33568e-12
15 106 1.46008e-12
16 106 2.20098e-08
17 106 2.34042e-08
18 106 2.24091e-08
19 106 1.4896e-07
20 106 2.49272e-22
21 106 1.65735e-22
22 106 3.24555e-22
23 106 2.56815e-22
24 106 6.87753e-22
25 106 5.63108e-23
26 106 2.8295e-21
27 106 1.3997e-21
28 106 8.25343e-22
29 106 5.99783e-21
30 106 1.35828e-22
31 106 1.21745e-21
32 106 1.27902e-21
33 106 2.10391e-21
34 106 4.02286e-22
35 106 1.05512e-21
36 106 8.90157e-22
37 106 1.29443e-21
38 106 2.46821e-22
39 106 2.85783e-22
40 106 2.20444e-07
41 106 5.37727e-07
42 106 5.10517e-07
43 106 1.43737e-06
44 106 1.02252e-07
45 106 1.77117e-06
46 106 1.32226e-06
47 106 1.35866e-06
48 106 1.0348e-06
49 106 2.02388e-06
50 106 4.45731e-12
51 106 5.53641e-12
52 106 8.90685e-22
53 106 3.45506e-21
54 106 1.36888e-21
55 106 1.71637e-22
56 106 4.22204e-21
57 106 1.11517e-22
58 106 1.34897e-06
59 106 3.91671e-08
0 107 1.18099e-07
1 107 6.16359e-08
2 107 1.63186e-07
3 107 1.67501e-07
4 107 5.40811e-09
5 107 5.46383e-09
6 107 5.38056e-12
7 107 9.72798e-12
8 107 4.53547e-07
9 107 1.23208e-05
10 107 3.33204e-06
11 107 2.01112e-06
12 107 1.6298e-06
13 107 1.45753e-07
14 107 7.45019e-12
15 107 2.12066e-12
16 107 1.12187e-08
17 107 2.11538e-07
18 107 9.8075e-09
19 107 2.59276e-08
20 107 3.51638e-22
21 107 1.90099e-22
22 107 1.04137e-22
23 107 1.20449e-22
24 107 1.69617e-21
25 107 2.29587e-21
26 107 3.8562e-21
27 107 3.00833e-22
28 107 2.49893e-22
29 107 3.46489e-22
30 107 3.18678e-22
31 107 3.35596e-21
32 107 1.09324e-21
33 107 1.09907e-21
34 107 7.51422e-23
35 107 8.52778e-22
36 107 9.11836e-23
37 107 4.46165e-21
38 107 4.30489e-22
39 107 5.901e-22
40 107 3.41565e-07
41 107 1.85004e-06
42 107 6.4708e-07
43 107 3.70706e-07
44 107 6.83772e-07
45 107 6.54044e-07
46 107 1.06655e-07
47 107 5.72633e-06
48 107 5.24162e-07
49 107 4.09664e-07
50 107 4.3419e-13
51 107 2.64469e-12
52 107 1.7379e-21
53 107 6.6394e-22
54 107 1.17958e-21
55 107 9.74156e-22
56 107 3.93029e-21
57 107 5.00831e-22
58 107 3.24866e-07
59 107 6.67759e-07
0 108 3.92327e-08
1 108 2.33022e-07
2 108 2.51753e-06
3 108 8.9188e-06
4 108 4.83514e-06
5 108 4.48961e-06
6 108 1.12158e-06
7 108 7.35419e-06
8 108 1.18368e-08
9 108 5.30156e-08
10 108 8.47324e-07
11 108 5.82968e-07
12 108 1.26707e-07
13 108 1.42638e-06
14 108 9.51877e-07
15 108 8.34442e-07
16 108 3.63922e-09
17 108 1.82911e-09
18 108 1.94858e-09
19 108 6.99223e-09
20 108 1.79464e-21
21 108 1.95612e-21
22 108 1.39926e-21
23 108 3.59096e-22
24 108 2.19884e-23
25 108 2.58913e-21
26 108 2.68013e-21
27 108 5.90142e-22
28 108 2.76637e-21
29 108 1.78343e-21
30 108 8.25431e-22
31 108 4.48906e-22
32 108 2.57643e-21
33 108 1.02829e-21
34 108 1.73702e-21
35 108 2.36603e-21
36 108 1.22454e-21
37 108 6.43974e-22
38 108 1.95424e-21
39 108 1.28759e-21
40 108 2.2871e-07
41 108 3.50476e-07
42 108 3.649e-07
43 108 1.34985e-08
44 108 5.32172e-07
45 108 6.3945e-08
46 108 5.80897e-07
47 108 4.06321e-07
48 108 1.02724e-06
49 108 3.31894e-07
50 108 3.613e-06
51 108 6.48206e-06
52 108 1.49913e-21
53 108 6.06516e-21
54 108 1.38293e-21
55 108 1.12537e-21
56 108 5.33885e-21
57 108 8.28808e-22
58 108 2.34283e-08
59 108 3.43002e-07
0 109 1.04007e-07
1 109 9.95425e-08
2 109 7.32151e-07
3 109 2.07891e-05
4 109 9.9959e-07
5 109 1.92026e-07
6 109 7.23387e-06
7 109 2.91276e-06
8 109 2.87889e-08
9 109 1.37829e-08
10 109 1.95656e-06
11 109 1.51773e-07
12 109 1.93029e-07
13 109 9.8591e-08
14 109 5.34297e-07
15 109 1.60505e-06
16 109 7.5754e-09
17 109 4.73664e-11
18 109 3.7116e-10
19 109 3.65012e-09
20 109 5.71894e-21
21 109 2.38951e-21
22 109 7.18025e-22
23 109 1.04643e-21
24 109 2.56076e-22
25 109 4.29395e-22
26 109 1.08954e-21
27 109 1.27833e-21
28 109 1.72857e-21
29 109 4.87833e-21
30 109 1.39712e-22
31 109 2.97589e-22
32 109 1.19863e-21
33 109 1.10912e-20
34 109 9.38038e-22
35 109 9.09158e-23
36 109 1.45635e-21
37 109 2.46822e-21
38 109 1.18892e-21
39 109 7.94082e-22
40 109 6.66749e-07
41 109 8.05812e-07
42 109 2.16359e-07
43 109 1.68071e-07
44 109 2.53343e-07
45 109 1.36246e-07
46 109 2.3738e-07
47 109 3.16238e-06
48 109 1.11887e-06
49 109 1.31716e-07
50 109 4.72863e-06
51 109 7.35063e-06
52 109 5.30347e-22
53 109 1.21735e-20
54 109 1.15747e-21
55 109 1.27287e-22
56 109 3.40834e-21
57 109 1.8444e-21
58 109 9.31156e-08
59 109 1.52314e-07
0 110 6.68828e-08
1 110 1.52216e-07
2 110 1.24121e-05
3 110 1.04918e-06
4 110 2.26216e-06
5 110 9.87705e-06
6 110 4.84903e-06
7 110 4.98465e-07
8 110 2.50903e-08
9 110 2.48972e-08
10 110 1.92012e-07
11 110 2.34291e-07
12 110 7.02613e-07
13 110 1.66377e-06
14 110 4.37962e-07
15 110 6.92951e-07
16 110 4.19541e-10
17 110 4.81994e-09
18 110 5.51909e-09
19 110 4.30244e-09
20 110 2.1192e-21
21 110 3.48886e-22
22 110 9.90786e-22
23 110 1.88061e-21
24 110 8.67393e-22
25 110 6.13477e-22
26 110 3.84403e-23
27 110 2.89908e-21
28 110 2.42021e-21
29 110 1.0384e-21
30 110 2.52329e-22
31 110 1.99521e-21
32 110 2.10741e-21
33 110 1.465e-21
34 110 1.54529e-21
35 110 8.38953e-23
36 110 1.51124e-22
37 110 7.67311e-22
38 110 7.52519e-22
39 110 3.25496e-22
40 110 1.09608e-06
41 110 3.43293e-07
42 110 4.55554e-08
43 110 1.11194e-07
44 110 2.16014e-08
45 110 4.4028e-07
46 110 4.68943e-07
47 110 9.60122e-07
48 110 6.89122e-07
49 110 1.95025e-06
50 110 3.25215e-06
51 110 3.13328e-06
52 110 9.63143e-22
53 110 2.45414e-22
54 110 3.67917e-21
55 110 9.79308e-23
56 110 3.59259e-22
57 110 1.61779e-22
58 110 2.60194e-07
59 110 2.35887e-08
0 111 1.06958e-07
1 111 6.55885e-08
2 111 1.24471e-05
3 111 1.59272e-06
4 111 4.98545e-07
5 111 2.40689e-06
6 111 1.21634e-05
7 111 4.79023e-06
8 111 4.66716e-08
9 111 1.33931e-08
10 111 5.63097e-07
11 111 3.55434e-07
12 111 2.28246e-07
13 111 6.41382e-07
14 111 1.72104e-06
15 111 1.85416e-06
16 111 2.56539e-09
17 111 4.39833e-09
18 111 1.25825e-10
19 111 9.72762e-10
20 111 1.96561e-21
21 111 1.73041e-21
22 111 1.99711e-22
23 111 5.1677e-22
24 111 4.79663e-21
25 111 1.35664e-21
26 111 3.03638e-22
27 111 7.01411e-22
28 111 3.10936e-21
29 111 7.66036e-22
30 111 1.38819e-21
31 111 1.50032e-21
32 111 2.94609e-21
33 111 2.03489e-21
34 111 1.36155e-21
35 111 3.98438e-21
36 111 4.93351e-21
37 111 1.78773e-21
38 111 2.48727e-21
39 111 1.86857e-21
40 111 2.15687e-08
41 111 7.62014e-08
42 111 4.49621e-08
43 111 1.41859e-06
44 111 4.47583e-07
45 111 1.03778e-07
46 111 1.79644e-06
47 111 1.20133e-07
48 111 1.14242e-06
49 111 8.22106e-07
50 111 9.63593e-06
51 111 1.0574e-05
52 111 8.84709e-22
53 111 1.20707e-21
54 111 4.00614e-21
55 111 3.75893e-22
56 111 2.40968e-22
57 111 2.44879e-21
58 111 1.17009e-07
59 111 2.27782e-07
0 112 8.32828e-07
1 112 2.47371e-07
2 112 2.56163e-10
3 112 3.4561e-07
4 112 5.64017e-08
5 112 4.0547e-07
6 112 7.12347e-07
7 112 1.30594e-06
8 112 5.95853e-07
9 112 1.76104e-06
10 112 2.36716e-06
11 112 2.06716e-06
12 112 5.0874e-07
13 112 8.21787e-06
14 112 1.37806e-06
15 112 2.0687e-07
16 112 4.64149e-08
17 112 2.21758e-09
18 112 6.14315e-08
19 112 3.64281e-09
20 112 5.22421e-22
21 112 1.66501e-21
22 112 8.35369e-22
23 112 2.12141e-21
24 112 8.12187e-22
25 112 1.03618e-22
26 112 5.83795e-22
27 112 1.88576e-21
28 112 1.15733e-21
29 112 1.37172e-22
30 112 9.69459e-22
31 112 9.13827e-22
32 112 2.22064e-22
33 112 1.37581e-21
34 112 6.31044e-22
35 112 1.98926e-21
36 112 6.84669e-23
37 112 1.42275e-22
38 112 8.91685e-22
39 112 4.40224e-22
40 112 6.31535e-08
41 112 1.84975e-07
42 112 3.64941e-09
43 112 2.98644e-08
44 112 3.03388e-08
45 112 5.40738e-09
46 112 9.35158e-07
47 112 4.85534e-08
48 112 2.26307e-06
49 112 1.99753e-07
50 112 1.199e-07
51 112 4.66083e-09
52 112 1.62912e-21
53 112 2.6376e-21
54 112 2.90573e-21
55 112 2.1782e-22
56 112 1.87881e-22
57 112 6.68201e-22
58 112 9.16038e-09
59 112 5.81832e-08
0 113 5.76207e-07
1 113 4.85112e-07
2 113 5.03677e-07
3 113 4.14967e-07
4 113 1.87163e-07
5 113 7.67923e-07
6 113 2.31496e-07
7 113 1.4529e-06
8 113 1.73697e-07
9 113 1.88635e-06
10 113 4.26462e-06
11 113 5.84312e-08
12 113 3.29896e-06
13 113 2.30468e-06
14 113 9.95024e-07
15 113 3.2869e-07
16 113 2.26828e-08
17 113 3.87516e-08
18 113 8.49131e-08
19 113 2.79178e-08
20 113 5.68003e-22
21 113 3.36757e-21
22 113 2.15509e-22
23 113 9.62023e-22
24 113 4.9597e-22
25 113 2.11589e-22
26 113 1.30159e-21
27 113 5.36387e-22
28 113 1.44768e-21
29 113 6.64621e-22
30 113 1.16838e-22
31 113 1.28618e-21
32 113 1.99201e-21
33 113 6.25152e-23
34 113 2.10998e-22
35 113 6.00171e-23
36 113 7.80223e-22
37 113 5.88211e-23
38 113 4.80347e-23
39 113 8.5053e-23
40 113 1.53997e-08
41 113 3.39385e-07
42 113 8.16912e-08
43 113 1.99167e-07
44 113 2.38373e-08
45 113 5.74895e-09
46 113 1.96744e-06
47 113 9.63751e-07
48 113 2.28072e-06
49 113 3.18044e-07
50 113 5.975e-08
51 113 4.42335e-08
52 113 8.34591e-24
53 113 7.87075e-22
54 113 4.6164e-22
55 113 1.3541e-21
56 113 1.27987e-22
57 113 1.08896e-21
58 113 3.38346e-09
59 113 5.61174e-08
0 114 4.37777e-07
1 114 5.92973e-07
2 114 5.02325e-07
3 114 1.67812e-06
4 114 3.02188e-08
5 114 3.8609e-07
6 114 1.26862e-06
7 114 2.46604e-07
8 114 3.48953e-06
9 114 1.3005e-07
10 114 1.12064e-06
11 114 4.74774e-07
12 114 2.93686e-07
13 114 2.64511e-08
14 114 5.89607e-07
15 114 5.99756e-07
16 114 7.96965e-08
17 114 7.58448e-09
18 114 3.10425e-09
19 114 4.29401e-08
20 114 3.95582e-22
21 114 1.80587e-22
22 114 1.10536e-21
23 114 6.61171e-22
24 114 9.40045e-23
25 114 7.61253e-22
26 114 1.41185e-21
27 114 7.71821e-22
28 114 7.69047e-22
29 114 1.69349e-21
30 114 2.3043e-22
31 114 1.98281e-22
32 114 8.78348e-22
33 114 8.60471e-22
34 114 2.27467e-21
35 114 9.27249e-22
36 114 4.25628e-23
37 114 1.95439e-22
38 114 1.24487e-21
39 114 2.11442e-21
40 114 4.56973e-07
41 114 2.54648e-07
42 114 4.64571e-08
43 114 3.55094e-07
44 114 2.64857e-08
45 114 2.30314e-08
46 114 1.89141e-06
47 114 1.3972e-06
48 114 3.77402e-07
49 114 1.01191e-06
50 114 5.93135e-08
51 114 3.6156e-08
52 114 1.51761e-22
53 114 3.48567e-22
54 114 3.14447e-22
55 114 1.19407e-21
56 114 6.45651e-23
57 114 2.40223e-22
58 114 6.14488e-08
59 114 4.26919e-08
0 115 4.82934e-07
1 115 1.70352e-08
2 115 1.31524e-06
3 115 2.46837e-07
4 115 3.64587e-07
5 115 3.57549e-08
6 115 3.46437e-06
7 115 4.94762e-07
8 115 6.16848e-07
9 115 7.51809e-07
10 115 3.15765e-06
11 115 1.96901e-06
12 115 1.90352e-07
13 115 1.58443e-06
14 115 8.98506e-08
15 115 3.01414e-06
16 115 1.11899e-08
17 115 1.24677e-07
18 115 2.02301e-08
19 115 1.35271e-08
20 115 1.76292e-23
21 115 5.53106e-22
22 115 3.55671e-21
23 115 1.45311e-22
24 115 1.12851e-21
25 115 2.20234e-21
26 115 5.15988e-22
27 115 2.38082e-22
28 115 1.35591e-21
29 115 3.86913e-23
30 115 1.70738e-21
31 115 1.8082e-22
32 115 8.80663e-22
33 115 1.95489e-21
34 115 4.66388e-21
35 115 7.34663e-22
36 115 1.85608e-23
37 115 1.34044e-22
38 115 3.18497e-21
39 115 3.53967e-21
40 115 1.3534e-07
41 115 3.5244e-07
42 115 9.44309e-08
43 115 3.67077e-08
44 115 1.8296e-09
45 115 1.68919e-08
46 115 1.14505e-08
47 115 3.43983e-06
48 115 3.35195e-07
49 115 1.7162e-06
50 115 1.09621e-08
51 115 2.32408e-07
52 115 2.36636e-21
53 115 3.75316e-22
54 115 2.68048e-21
55 115 4.90839e-21
56 115 5.99672e-22
57 115 2.60329e-22
58 115 3.22546e-08
59 115 6.38131e-09
0 116 2.47912e-07
1 116 1.16306e-07
2 116 8.74954e-07
3 116 3.12951e-06
4 116 1.78332e-05
5 116 7.83038e-07
6 116 1.31826e-06
7 116 8.31436e-06
8 116 5.03478e-13
9 116 3.82657e-14
10 116 2.08472e-08
11 116 2.20255e-08
12 116 2.65105e-08
13 116 2.0854e-07
14 116 4.0738e-08
15 116 6.61972e-09
16 116 1.22717e-06
17 116 6.20429e-08
18 116 2.37741e-07
19 116 8.22354e-07
20 116 3.37723e-22
21 116 9.50641e-22
22 116 1.42108e-21
23 116 1.06408e-21
24 116 7.58103e-22
25 116 1.88161e-21
26 116 5.01421e-21
27 116 8.58159e-22
28 116 1.21756e-21
29 116 1.63172e-21
30 116 8.32281e-22
31 116 3.47617e-22
32 116 1.8082e-21
33 116 7.07718e-23
34 116 4.31088e-23
35 116 1.29131e-22
36 116 1.88514e-21
37 116 1.60853e-21
38 116 2.27726e-22
39 116 6.9825e-22
40 116 1.72436e-07
41 116 1.90563e-08
42 116 8.12934e-08
43 116 2.80276e-08
44 116 1.52363e-12
45 116 9.44552e-13
46 116 2.29912e-06
47 116 3.62607e-07
48 116 3.74204e-06
49 116 1.03553e-05
50 116 2.59611e-07
51 116 4.10753e-08
52 116 5.83537e-22
53 116 5.67475e-22
54 116 7.49401e-23
55 116 2.79818e-21
56 116 3.55532e-21
57 116 1.65006e-22
58 116 1.55382e-11
59 116 9.09038e-12
0 117 1.55335e-07
1 117 2.38601e-07
2 117 2.33729e-06
3 117 3.65884e-06
4 117 5.0813e-06
5 117 2.44092e-05
6 117 2.16279e-06
7 117 1.55015e-06
8 117 8.67407e-13
9 117 2.27669e-12
10 117 1.09386e-07
11 117 2.39578e-07
12 117 4.56598e-08
13 117 4.32881e-08
14 117 2.13417e-09
15 117 1.57336e-08
16 117 7.96891e-08
17 117 2.88691e-07
18 117 2.79831e-06
19 117 5.18515e-07
20 117 5.03906e-21
21 117 5.72703e-22
22 117 5.8522e-22
23 117 9.07543e-22
24 117 9.64325e-23
25 117 4.85735e-21
26 117 3.92159e-22
27 117 2.48961e-21
28 117 8.5291e-22
29 117 1.46691e-21
30 117 3.23924e-22
31 117 1.66066e-21
32 117 4.89281e-21
33 117 1.2e-21
34 117 3.7208e-21
35 117 1.85817e-21
36 117 1.30041e-22
37 117 4.51313e-22
38 117 1.16313e-21
39 117 4.21858e-22
40 117 8.62284e-08
41 117 2.14902e-08
42 117 1.71108e-07
43 117 1.99007e-07
44 117 9.50082e-12
45 117 3.67413e-12
46 117 8.12392e-06
47 117 1.60577e-06
48 117 1.24016e-05
49 117 4.17138e-06
50 117 2.46599e-09
51 117 1.1343e-07
52 117 6.68679e-21
53 117 7.05362e-22
54 117 4.40201e-21
55 117 1.12464e-21
56 117 4.07265e-22
57 117 2.63174e-21
58 117 8.88553e-12
59 117 5.14682e-11
0 118 6.26077e-08
1 118 3.54377e-08
2 118 1.45682e-07
3 118 4.79434e-07
4 118 7.97953e-08
5 118 4.21415e-08
6 118 6.48298e-13
7 118 7.29766e-13
8 118 4.38877e-07
9 118 5.42756e-07
10 118 4.75271e-08
11 118 2.42819e-08
12 118 1.26312e-07
13 118 3.3603e-09
14 118 6.31631e-13
15 118 6.63003e-13
16 118 1.12769e-11
17 118 6.46425e-11
18 118 1.8672e-12
19 118 4.55827e-11
20 118 3.97944e-22
21 118 5.5719e-22
22 118 9.31055e-22
23 118 3.94919e-22
24 118 5.82788e-22
25 118 5.86811e-22
26 118 1.9711e-21
27 118 5.51283e-22
28 118 1.04358e-21
29 118 2.01334e-21
30 118 6.01758e-22
31 118 4.3833e-22
32 118 2.64946e-22
33 118 3.45216e-22
34 118 6.92954e-22
35 118 1.02487e-21
36 118 1.91594e-21
37 118 5.25871e-22
38 118 4.94166e-22
39 118 1.84067e-22
40 118 5.42364e-08
41 118 2.25728e-07
42 118 4.07325e-08
43 118 7.77494e-08
44 118 1.92121e-06
45 118 3.33563e-07
46 118 9.16056e-09
47 118 7.19228e-08
48 118 1.18128e-10
49 118 7.98077e-09
50 118 1.0147e-11
51 118 3.1853e-12
52 118 3.15709e-21
53 118 1.03195e-21
54 118 1.15551e-22
55 118 2.90281e-21
56 118 2.25638e-22
57 118 6.90812e-23
58 118 1.57825e-07
59 118 9.33771e-07
0 119 3.20796e-08
1 119 2.59934e-08
2 119 2.88319e-07
3 119 4.40984e-09
4 119 8.64617e-08
5 119 9.04902e-08
6 119 8.27556e-14
7 119 1.31611e-12
8 119 1.2268e-06
9 119 1.38353e-06
10 119 3.82488e-08
11 119 4.80227e-08
12 119 3.84015e-08
13 119 1.70601e-09
14 119 9.86856e-14
15 119 5.56497e-13
16 119 2.61558e-12
17 119 2.98839e-11
18 119 1.11492e-11
19 119 2.25007e-11
20 119 8.15674e-22
21 119 3.84056e-23
22 119 6.45636e-21
23 119 6.17286e-22
24 119 5.74599e-23
25 119 1.74792e-21
26 119 3.9189e-21
27 119 2.14352e-21
28 119 6.70258e-22
29 119 3.08575e-22
30 119 1.16073e-21
31 119 6.30055e-23
32 119 4.21314e-24
33 119 1.64272e-21
34 119 7.84129e-22
35 119 1.08202e-21
36 119 1.58313e-21
37 119 3.85366e-21
38 119 3.85373e-22
39 119 2.02418e-21
40 119 4.88167e-09
41 119 4.3924e-08
42 119 9.1767e-08
43 119 1.22793e-07
44 119 1.06674e-07
45 119 5.873e-06
46 119 7.61929e-09
47 119 1.02094e-08
48 119 1.76391e-08
49 119 1.99157e-08
50 119 3.00255e-12
51 119 9.83789e-12
52 119 1.28868e-21
53 119 5.59771e-22
54 119 9.23479e-22
55 119 2.01388e-22
56 119 2.35324e-21
57 119 5.53851e-22
58 119 2.67402e-06
59 119 2.51728e-07
