0 60 3.66111e-12
1 60 1.89035e-12
2 60 9.2718e-11
3 60 6.58628e-12
4 60 2.99626e-11
5 60 2.0056e-11
6 60 5.69423e-11
7 60 2.09789e-11
8 60 2.43942e-06
9 60 4.96339e-05
10 60 3.38788e-10
11 60 3.212e-11
12 60 2.25148e-11
13 60 1.63543e-11
14 60 7.06495e-12
15 60 5.9679e-11
16 60 5.61777e-12
17 60 3.21392e-11
18 60 1.85097e-11
19 60 2.91748e-11
20 60 3.82181e-21
21 60 1.74655e-22
22 60 8.65335e-23
23 60 6.92281e-22
24 60 2.18973e-21
25 60 2.66008e-22
26 60 9.28649e-22
27 60 1.30828e-21
28 60 5.31052e-21
29 60 1.36038e-21
30 60 7.33225e-22
31 60 4.62877e-23
32 60 3.97732e-22
33 60 6.62389e-21
34 60 1.82249e-21
35 60 2.95218e-21
36 60 8.85312e-22
37 60 6.18835e-22
38 60 2.50798e-22
39 60 8.40107e-22
40 60 2.33589e-09
41 60 1.54467e-08
42 60 7.52546e-09
43 60 5.88263e-09
44 60 0.00234678
45 60 0.00382334
46 60 2.09337e-10
47 60 2.57027e-09
48 60 1.20367e-10
49 60 9.42777e-10
50 60 1.23717e-10
51 60 2.1409e-09
52 60 7.19546e-21
53 60 2.49432e-20
54 60 3.40457e-20
55 60 2.04605e-20
56 60 2.18082e-21
57 60 3.02635e-21
58 60 0.207516
59 60 0.237455
0 61 3.91799e-12
1 61 4.95671e-12
2 61 1.21998e-11
3 61 4.08665e-11
4 61 1.01015e-10
5 61 6.91902e-11
6 61 1.93804e-11
7 61 1.24724e-11
8 61 4.96895e-05
9 61 2.49631e-06
10 61 8.93189e-12
11 61 7.17459e-11
12 61 2.19149e-10
13 61 6.45199e-11
14 61 1.26835e-11
15 61 2.85598e-12
16 61 1.70724e-11
17 61 1.2716e-11
18 61 2.29078e-11
19 61 5.21993e-11
20 61 5.79061e-22
21 61 1.96315e-21
22 61 8.73917e-21
23 61 2.45596e-21
24 61 2.85028e-22
25 61 2.35792e-22
26 61 8.9879e-22
27 61 7.78566e-21
28 61 1.36051e-21
29 61 1.98215e-21
30 61 1.67392e-22
31 61 5.42765e-23
32 61 4.79896e-21
33 61 9.12402e-22
34 61 1.68898e-21
35 61 1.47632e-22
36 61 2.76023e-21
37 61 5.26569e-22
38 61 3.96418e-22
39 61 9.47956e-23
40 61 9.4621e-09
41 61 5.56024e-09
42 61 8.85626e-09
43 61 8.35027e-09
44 61 0.00383891
45 61 0.00233439
46 61 4.05945e-10
47 61 2.04211e-09
48 61 1.06291e-09
49 61 8.73631e-10
50 61 1.20466e-09
51 61 2.40322e-11
52 61 2.03002e-20
53 61 9.16057e-21
54 61 1.7082e-20
55 61 4.50469e-20
56 61 2.99679e-20
57 61 1.90384e-20
58 61 0.236841
59 61 0.208572
0 62 1.16435e-21
1 62 7.35173e-22
2 62 8.14567e-21
3 62 9.79231e-22
4 62 1.03702e-21
5 62 2.65497e-22
6 62 2.04823e-22
7 62 5.91315e-22
8 62 1.50793e-22
9 62 6.41584e-22
10 62 3.81663e-21
11 62 3.13858e-21
12 62 5.84586e-22
13 62 2.68414e-22
14 62 1.20521e-21
15 62 1.90543e-22
16 62 5.67894e-22
17 62 5.96583e-22
18 62 3.69378e-22
19 62 6.58218e-22
20 62 0.000504178
21 62 1.34704e-05
22 62 1.22841e-09
23 62 1.65339e-10
24 62 6.9638e-11
25 62 4.90513e-10
26 62 5.23011e-10
27 62 6.86553e-10
28 62 1.16227e-09
29 62 2.13384e-10
30 62 8.73484e-11
31 62 5.66499e-10
32 62 0.000132933
33 62 0.000146545
34 62 5.67809e-11
35 62 4.64908e-10
36 62 4.03967e-11
37 62 1.03656e-11
38 62 3.02912e-11
39 62 5.91938e-12
40 62 3.5262e-22
41 62 2.93338e-23
42 62 5.40664e-22
43 62 4.7857e-22
44 62 1.17633e-21
45 62 6.15128e-22
46 62 4.49535e-23
47 62 5.30965e-22
48 62 1.13363e-22
49 62 1.85024e-23
50 62 3.51437e-22
51 62 7.2e-22
52 62 0.00408818
53 62 0.00644368
54 62 6.46937e-09
55 62 5.72248e-09
56 62 5.27819e-09
57 62 1.1238e-09
58 62 9.30151e-21
59 62 1.16657e-20
0 63 1.4697e-21
1 63 6.83865e-22
2 63 1.91688e-21
3 63 5.73573e-22
4 63 1.64452e-21
5 63 9.48781e-22
6 63 1.39593e-22
7 63 1.22842e-22
8 63 1.24142e-21
9 63 3.53314e-23
10 63 4.19894e-21
11 63 1.61888e-21
12 63 4.43472e-22
13 63 1.70264e-22
14 63 6.12721e-22
15 63 3.90134e-22
16 63 3.25322e-22
17 63 1.49819e-23
18 63 5.68014e-22
19 63 2.24097e-22
20 63 1.33888e-05
21 63 0.000504031
22 63 1.00492e-11
23 63 7.13779e-10
24 63 8.2568e-10
25 63 1.01917e-10
26 63 5.55299e-10
27 63 1.72841e-10
28 63 2.33657e-09
29 63 1.51503e-09
30 63 5.11389e-10
31 63 1.80477e-11
32 63 0.000146121
33 63 0.000133403
34 63 3.1225e-10
35 63 1.12464e-10
36 63 2.44316e-11
37 63 7.59386e-11
38 63 9.22475e-12
39 63 2.28117e-11
40 63 2.93884e-22
41 63 1.56518e-22
42 63 1.15785e-21
43 63 7.68579e-22
44 63 2.30964e-22
45 63 5.40195e-23
46 63 4.5525e-23
47 63 7.08893e-22
48 63 1.32083e-21
49 63 5.18403e-23
50 63 2.45437e-22
51 63 2.5957e-22
52 63 0.00644291
53 63 0.00408939
54 63 6.22925e-09
55 63 1.56069e-09
56 63 1.40512e-09
57 63 5.99102e-09
58 63 8.32227e-22
59 63 1.39428e-20
0 64 2.7286e-21
1 64 2.04262e-22
2 64 5.69016e-22
3 64 1.31088e-21
4 64 2.83058e-21
5 64 3.18888e-22
6 64 1.73888e-21
7 64 6.55918e-22
8 64 3.66369e-21
9 64 3.78635e-22
10 64 5.78675e-21
11 64 1.44517e-21
12 64 1.65857e-21
13 64 4.16923e-22
14 64 3.09686e-22
15 64 1.40095e-21
16 64 7.71465e-22
17 64 7.04896e-22
18 64 1.36338e-21
19 64 3.57595e-22
20 64 1.40852e-10
21 64 1.01777e-10
22 64 4.78542e-05
23 64 2.64166e-05
24 64 0.000313437
25 64 4.14401e-05
26 64 8.31928e-05
27 64 6.54992e-05
28 64 2.61525e-05
29 64 0.000179272
30 64 2.24124e-10
31 64 1.08107e-09
32 64 2.00763e-10
33 64 2.93586e-11
34 64 2.03103e-05
35 64 9.977e-06
36 64 6.46806e-05
37 64 1.24533e-05
38 64 9.36123e-12
39 64 1.49134e-10
40 64 2.86713e-22
41 64 8.78707e-22
42 64 1.88347e-22
43 64 1.51711e-22
44 64 4.0963e-23
45 64 1.48988e-21
46 64 1.22207e-21
47 64 2.18291e-22
48 64 1.4836e-22
49 64 6.83344e-22
50 64 5.26115e-22
51 64 7.20822e-22
52 64 3.63811e-09
53 64 4.22654e-10
54 64 0.000822493
55 64 0.00676638
56 64 0.00126722
57 64 0.00240028
58 64 2.6671e-20
59 64 8.58094e-21
0 65 2.66744e-22
1 65 9.79359e-22
2 65 7.44634e-22
3 65 1.28591e-21
4 65 5.53831e-22
5 65 1.16004e-22
6 65 1.95314e-21
7 65 2.00732e-22
8 65 2.51539e-22
9 65 1.57536e-21
10 65 4.05091e-21
11 65 7.83583e-22
12 65 5.11019e-22
13 65 1.46504e-22
14 65 2.13852e-21
15 65 3.43404e-23
16 65 1.42164e-22
17 65 3.73833e-22
18 65 6.797e-22
19 65 2.48528e-22
20 65 2.92385e-13
21 65 3.64717e-11
22 65 0.000117328
23 65 2.85917e-05
24 65 1.64386e-05
25 65 0.000266316
26 65 0.000234449
27 65 4.94837e-05
28 65 5.77619e-05
29 65 1.20468e-05
30 65 4.34802e-10
31 65 1.22907e-09
32 65 7.68614e-10
33 65 2.30617e-10
34 65 5.30569e-06
35 65 2.66734e-05
36 65 1.15915e-05
37 65 6.39525e-05
38 65 1.21856e-10
39 65 1.09925e-11
40 65 1.62703e-22
41 65 6.87999e-22
42 65 3.08853e-23
43 65 9.60032e-22
44 65 2.95312e-22
45 65 1.64573e-22
46 65 1.20933e-23
47 65 4.7219e-23
48 65 3.8753e-22
49 65 4.2483e-22
50 65 1.02246e-21
51 65 1.18268e-22
52 65 1.84435e-08
53 65 2.12163e-09
54 65 0.00029497
55 65 0.000652308
56 65 0.00745113
57 65 0.00285297
58 65 6.42777e-21
59 65 2.14272e-21
0 66 5.86752e-22
1 66 2.75388e-22
2 66 1.98562e-21
3 66 7.52152e-22
4 66 9.59869e-21
5 66 1.72036e-21
6 66 2.93829e-22
7 66 2.31883e-23
8 66 5.41427e-22
9 66 2.68944e-21
10 66 2.92901e-21
11 66 3.91201e-22
12 66 9.08513e-23
13 66 8.65526e-22
14 66 5.35127e-22
15 66 1.71535e-22
16 66 1.83197e-22
17 66 6.73133e-22
18 66 7.82695e-22
19 66 2.07271e-22
20 66 2.52554e-10
21 66 8.66361e-11
22 66 0.000142905
23 66 0.000214939
24 66 5.33876e-05
25 66 1.6979e-05
26 66 2.6658e-06
27 66 0.000227785
28 66 6.66868e-05
29 66 5.83157e-05
30 66 4.16657e-10
31 66 2.89599e-09
32 66 2.74716e-10
33 66 7.08653e-11
34 66 3.30682e-05
35 66 4.0057e-05
36 66 1.38319e-05
37 66 2.06066e-05
38 66 3.95438e-11
39 66 2.7073e-10
40 66 1.91165e-24
41 66 7.73366e-22
42 66 6.33814e-22
43 66 4.03923e-23
44 66 9.41455e-23
45 66 5.33873e-22
46 66 3.40479e-22
47 66 1.48928e-21
48 66 1.08662e-21
49 66 1.97757e-22
50 66 8.15315e-23
51 66 1.54161e-22
52 66 5.60984e-09
53 66 7.92063e-09
54 66 0.0094721
55 66 0.00101125
56 66 0.000258051
57 66 0.000524574
58 66 1.0619e-20
59 66 2.11646e-20
0 67 2.79969e-23
1 67 4.62205e-22
2 67 6.97064e-21
3 67 2.23523e-22
4 67 9.38681e-22
5 67 5.77018e-22
6 67 1.33116e-22
7 67 2.02194e-21
8 67 1.63008e-22
9 67 2.76234e-22
10 67 9.18743e-22
11 67 1.74213e-21
12 67 1.33946e-22
13 67 1.31329e-22
14 67 1.51023e-22
15 67 9.35972e-22
16 67 1.24735e-21
17 67 1.00699e-22
18 67 6.09147e-22
19 67 1.67325e-21
20 67 4.88205e-11
21 67 5.18563e-11
22 67 0.000120323
23 67 0.000158848
24 67 4.57115e-05
25 67 0.00010412
26 67 3.33542e-05
27 67 1.13975e-05
28 67 0.000204478
29 67 0.000105304
30 67 2.606e-10
31 67 1.02845e-10
32 67 1.15989e-09
33 67 6.63503e-11
34 67 4.87688e-05
35 67 3.11115e-05
36 67 1.71015e-05
37 67 1.08158e-05
38 67 3.30877e-11
39 67 1.19786e-11
40 67 4.60546e-22
41 67 7.31419e-22
42 67 3.2494e-22
43 67 2.56601e-22
44 67 5.41855e-22
45 67 1.05298e-22
46 67 8.19684e-22
47 67 7.8866e-23
48 67 1.09534e-22
49 67 6.72099e-23
50 67 2.19571e-22
51 67 4.02346e-22
52 67 1.22808e-08
53 67 1.10503e-10
54 67 0.000669979
55 67 0.00282301
56 67 0.00226825
57 67 0.00550455
58 67 2.5327e-21
59 67 2.91387e-20
0 68 9.50092e-08
1 68 5.23576e-08
2 68 5.38798e-06
3 68 5.95506e-05
4 68 6.95288e-05
5 68 2.27223e-06
6 68 8.25903e-11
7 68 1.65909e-10
8 68 3.13833e-11
9 68 4.79768e-12
10 68 2.63362e-07
11 68 5.03749e-08
12 68 1.08038e-07
13 68 2.1737e-07
14 68 1.07669e-10
15 68 3.19328e-11
16 68 1.24294e-05
17 68 4.15513e-06
18 68 8.97967e-07
19 68 3.06859e-06
20 68 1.1202e-21
21 68 1.18696e-22
22 68 1.42762e-22
23 68 7.87852e-24
24 68 7.0555e-22
25 68 1.86007e-21
26 68 1.89716e-22
27 68 3.29525e-22
28 68 2.41309e-22
29 68 9.63768e-22
30 68 5.29695e-22
31 68 4.90143e-22
32 68 6.51162e-22
33 68 9.16712e-23
34 68 4.88395e-22
35 68 2.587e-22
36 68 1.37346e-21
37 68 2.67206e-22
38 68 2.44761e-21
39 68 1.69228e-22
40 68 1.183e-05
41 68 5.45186e-06
42 68 5.64153e-06
43 68 1.2226e-06
44 68 1.02542e-10
45 68 7.58777e-11
46 68 0.000299726
47 68 0.000201633
48 68 0.000215217
49 68 0.000180831
50 68 2.77984e-10
51 68 5.64159e-10
52 68 8.99351e-23
53 68 2.16038e-22
54 68 7.21333e-22
55 68 3.90476e-22
56 68 6.31928e-22
57 68 5.27305e-22
58 68 4.98158e-10
59 68 1.78581e-10
0 69 4.88981e-09
1 69 1.4385e-07
2 69 5.59313e-05
3 69 2.75787e-05
4 69 1.75726e-05
5 69 3.55733e-05
6 69 2.304e-12
7 69 5.40093e-11
8 69 4.1536e-12
9 69 2.96277e-12
10 69 1.1666e-07
11 69 1.35378e-07
12 69 2.73625e-08
13 69 3.54069e-07
14 69 8.85477e-11
15 69 8.9579e-11
16 69 3.60413e-06
17 69 7.62316e-06
18 69 6.43645e-06
19 69 2.84762e-06
20 69 1.78702e-21
21 69 4.7869e-22
22 69 1.04155e-21
23 69 3.17907e-22
24 69 5.68861e-22
25 69 1.55454e-21
26 69 2.01924e-21
27 69 3.50466e-22
28 69 2.61131e-22
29 69 1.87537e-22
30 69 3.28586e-23
31 69 5.34213e-23
32 69 1.31769e-21
33 69 3.42521e-22
34 69 3.50086e-23
35 69 3.29938e-22
36 69 5.74989e-22
37 69 4.74016e-23
38 69 2.03335e-22
39 69 1.0581e-21
40 69 8.79244e-06
41 69 6.69629e-06
42 69 7.51258e-06
43 69 1.27945e-06
44 69 2.51189e-10
45 69 2.46678e-11
46 69 0.000131677
47 69 0.000223882
48 69 0.000294751
49 69 0.000246417
50 69 2.40908e-11
51 69 1.97784e-10
52 69 1.48462e-21
53 69 4.0225e-22
54 69 6.98126e-23
55 69 1.40973e-22
56 69 2.30467e-21
57 69 5.41568e-22
58 69 6.22286e-11
59 69 2.70102e-10
0 70 6.26753e-08
1 70 1.47925e-07
2 70 9.89156e-06
3 70 2.40685e-05
4 70 2.53337e-05
5 70 7.73367e-05
6 70 1.40059e-11
7 70 1.38432e-10
8 70 2.1509e-12
9 70 2.09176e-12
10 70 2.71617e-08
11 70 2.97878e-07
12 70 2.63995e-07
13 70 4.84004e-08
14 70 7.39264e-11
15 70 2.06487e-11
16 70 2.84083e-06
17 70 7.97046e-07
18 70 6.41442e-06
19 70 1.05589e-05
20 70 1.40814e-21
21 70 5.66202e-22
22 70 1.19938e-21
23 70 9.12962e-24
24 70 5.17786e-22
25 70 2.07053e-21
26 70 1.67015e-23
27 70 2.94831e-23
28 70 3.06413e-22
29 70 4.45663e-22
30 70 1.68536e-22
31 70 5.14254e-23
32 70 2.71005e-21
33 70 8.16974e-22
34 70 2.65172e-21
35 70 7.74602e-22
36 70 7.33466e-22
37 70 7.37761e-22
38 70 7.67464e-22
39 70 3.09824e-23
40 70 2.79049e-06
41 70 8.2268e-06
42 70 9.9602e-06
43 70 3.34588e-06
44 70 2.15908e-10
45 70 1.07198e-10
46 70 5.69022e-05
47 70 0.000171106
48 70 0.000225558
49 70 0.000444763
50 70 9.05747e-10
51 70 2.41143e-10
52 70 1.67656e-21
53 70 2.03345e-21
54 70 3.19209e-22
55 70 9.31845e-23
56 70 5.25207e-22
57 70 1.49266e-21
58 70 2.03964e-10
59 70 9.69608e-11
0 71 2.0517e-07
1 71 2.44226e-08
2 71 6.54563e-05
3 71 2.54312e-05
4 71 2.43239e-05
5 71 2.142e-05
6 71 2.14653e-11
7 71 1.33079e-11
8 71 9.17521e-12
9 71 2.97782e-11
10 71 2.32987e-07
11 71 1.49954e-07
12 71 2.48256e-07
13 71 1.1596e-08
14 71 1.27564e-10
15 71 4.55756e-11
16 71 1.65536e-06
17 71 8.01326e-06
18 71 6.74797e-06
19 71 4.12961e-06
20 71 7.45498e-22
21 71 2.15021e-21
22 71 3.8237e-21
23 71 2.98432e-22
24 71 7.31564e-22
25 71 1.19252e-21
26 71 2.21623e-22
27 71 3.45268e-22
28 71 1.29568e-21
29 71 5.19669e-22
30 71 1.02912e-22
31 71 6.89881e-22
32 71 4.1881e-22
33 71 9.60087e-22
34 71 6.47886e-22
35 71 1.77055e-22
36 71 1.17043e-22
37 71 6.15924e-22
38 71 5.01525e-22
39 71 1.41182e-21
40 71 6.25897e-07
41 71 4.01752e-06
42 71 1.20249e-06
43 71 1.82582e-05
44 71 1.35869e-10
45 71 1.7837e-10
46 71 0.00040914
47 71 0.000301218
48 71 0.00016107
49 71 2.55368e-05
50 71 2.56046e-10
51 71 3.24148e-10
52 71 1.21689e-22
53 71 5.29454e-22
54 71 9.9399e-23
55 71 8.6156e-22
56 71 1.24699e-22
57 71 1.69553e-21
58 71 5.69572e-11
59 71 2.04722e-10
0 72 1.8953e-11
1 72 1.28384e-11
2 72 1.8247e-11
3 72 9.17198e-11
4 72 3.18647e-11
5 72 5.10836e-11
6 72 8.30959e-05
7 72 4.10051e-05
8 72 7.69273e-12
9 72 9.13291e-12
10 72 1.77581e-11
11 72 1.49093e-11
12 72 7.3497e-12
13 72 1.36258e-11
14 72 3.56293e-05
15 72 1.56123e-05
16 72 1.05629e-11
17 72 3.62403e-12
18 72 3.8024e-12
19 72 8.36895e-11
20 72 2.92883e-22
21 72 1.03023e-22
22 72 8.16122e-22
23 72 2.26542e-22
24 72 1.31028e-22
25 72 7.27998e-23
26 72 1.20462e-21
27 72 6.70317e-23
28 72 2.46822e-22
29 72 1.19298e-22
30 72 2.04793e-22
31 72 1.6261e-22
32 72 5.5793e-24
33 72 2.46227e-22
34 72 3.70692e-22
35 72 9.77985e-24
36 72 2.81089e-23
37 72 6.59361e-22
38 72 1.73018e-22
39 72 1.81399e-22
40 72 2.73789e-10
41 72 2.35821e-10
42 72 1.7249e-11
43 72 2.87293e-10
44 72 3.78875e-11
45 72 2.47811e-11
46 72 1.01134e-10
47 72 1.08136e-09
48 72 3.43203e-10
49 72 1.12623e-10
50 72 0.000830496
51 72 0.000147389
52 72 8.38276e-23
53 72 1.38872e-22
54 72 8.12355e-23
55 72 1.18028e-23
56 72 5.35039e-22
57 72 4.24695e-23
58 72 3.57566e-11
59 72 3.94658e-10
0 73 1.4079e-11
1 73 6.56981e-12
2 73 9.08921e-11
3 73 1.02903e-11
4 73 7.0732e-11
5 73 2.47926e-11
6 73 4.10567e-05
7 73 8.30418e-05
8 73 1.89008e-12
9 73 2.47016e-11
10 73 5.29585e-11
11 73 5.76782e-12
12 73 3.16656e-12
13 73 8.98457e-12
14 73 1.57266e-05
15 73 3.56333e-05
16 73 6.26509e-11
17 73 3.1328e-11
18 73 8.09957e-12
19 73 5.59278e-13
20 73 2.17713e-21
21 73 4.28003e-23
22 73 6.24259e-23
23 73 7.86707e-22
24 73 1.32259e-21
25 73 1.42987e-21
26 73 1.96277e-22
27 73 4.54812e-22
28 73 6.92639e-22
29 73 9.2377e-23
30 73 3.02858e-22
31 73 5.01921e-22
32 73 4.39291e-22
33 73 1.2077e-21
34 73 1.14263e-21
35 73 2.30889e-22
36 73 1.12547e-23
37 73 5.97929e-22
38 73 1.72579e-22
39 73 1.17742e-22
40 73 8.50453e-11
41 73 4.26127e-10
42 73 1.39546e-10
43 73 1.14418e-10
44 73 3.7082e-13
45 73 3.24642e-11
46 73 4.13742e-10
47 73 7.38852e-10
48 73 4.03853e-10
49 73 4.26146e-10
50 73 0.000148166
51 73 0.00083013
52 73 2.83256e-21
53 73 4.72988e-22
54 73 6.51588e-22
55 73 1.60071e-21
56 73 5.76958e-23
57 73 6.61986e-22
58 73 5.39311e-10
59 73 5.82142e-10
0 74 2.9552e-11
1 74 5.55704e-12
2 74 2.59283e-13
3 74 3.18214e-14
4 74 2.16831e-13
5 74 2.21223e-13
6 74 7.13321e-13
7 74 9.13131e-13
8 74 3.63633e-05
9 74 2.65684e-05
10 74 1.52375e-12
11 74 2.98931e-13
12 74 7.79745e-13
13 74 2.24464e-13
14 74 6.45435e-13
15 74 1.29726e-12
16 74 1.62179e-12
17 74 7.3493e-12
18 74 1.13858e-12
19 74 1.01578e-12
20 74 4.04209e-22
21 74 1.12003e-21
22 74 3.20811e-22
23 74 1.09922e-21
24 74 1.78028e-22
25 74 1.45549e-22
26 74 5.30193e-22
27 74 3.30661e-21
28 74 2.20842e-21
29 74 4.99197e-23
30 74 4.49059e-23
31 74 8.59217e-23
32 74 6.11106e-21
33 74 1.02325e-21
34 74 4.2321e-22
35 74 9.02884e-22
36 74 4.04914e-22
37 74 3.50245e-22
38 74 7.06795e-22
39 74 3.08488e-22
40 74 4.55683e-10
41 74 4.71865e-10
42 74 2.75835e-10
43 74 8.14591e-11
44 74 0.00172457
45 74 0.000115845
46 74 8.85578e-12
47 74 2.43878e-10
48 74 3.16519e-11
49 74 4.92482e-11
50 74 3.56242e-11
51 74 1.77075e-11
52 74 1.00504e-21
53 74 1.5332e-22
54 74 2.76417e-23
55 74 4.12604e-22
56 74 3.86039e-23
57 74 2.63027e-25
58 74 0.00028303
59 74 0.0020604
0 75 3.49786e-11
1 75 3.39597e-11
2 75 3.47078e-13
3 75 5.8629e-13
4 75 2.30782e-13
5 75 1.4416e-13
6 75 9.61073e-15
7 75 4.16003e-12
8 75 2.64612e-05
9 75 3.62529e-05
10 75 8.21386e-13
11 75 8.03043e-14
12 75 1.78356e-12
13 75 7.91253e-13
14 75 2.14376e-12
15 75 3.48345e-13
16 75 7.91887e-13
17 75 1.94164e-12
18 75 4.24014e-13
19 75 3.06571e-12
20 75 2.20235e-22
21 75 3.09926e-22
22 75 4.06658e-22
23 75 4.00858e-23
24 75 3.46317e-22
25 75 6.68536e-22
26 75 4.44821e-22
27 75 3.63962e-22
28 75 1.7829e-21
29 75 1.93873e-21
30 75 5.20933e-23
31 75 4.00121e-22
32 75 8.725e-22
33 75 2.95343e-21
34 75 6.79494e-22
35 75 6.95083e-22
36 75 7.47804e-22
37 75 6.3248e-22
38 75 6.86695e-22
39 75 1.17491e-22
40 75 1.65285e-12
41 75 1.85704e-10
42 75 3.92774e-10
43 75 4.07864e-10
44 75 0.000116658
45 75 0.00171693
46 75 1.81007e-11
47 75 1.15645e-10
48 75 3.63202e-11
49 75 6.41874e-11
50 75 3.85991e-11
51 75 8.12147e-11
52 75 7.46939e-22
53 75 2.20187e-22
54 75 4.71328e-23
55 75 2.27066e-22
56 75 2.02855e-22
57 75 2.19837e-22
58 75 0.00205111
59 75 0.000283717
0 76 5.40062e-06
1 76 8.67852e-06
2 76 2.75635e-07
3 76 1.89261e-06
4 76 6.25868e-09
5 76 4.86414e-07
6 76 2.84424e-12
7 76 5.83997e-13
8 76 9.20755e-12
9 76 1.12256e-11
10 76 2.86345e-06
11 76 1.37451e-06
12 76 3.2736e-06
13 76 2.11274e-06
14 76 9.72313e-11
15 76 2.09144e-11
16 76 3.46528e-07
17 76 6.19521e-08
18 76 6.89468e-08
19 76 1.62571e-07
20 76 1.60142e-23
21 76 1.36376e-23
22 76 3.11164e-22
23 76 1.69357e-22
24 76 2.87082e-22
25 76 7.13017e-23
26 76 1.43171e-21
27 76 7.32103e-22
28 76 9.23011e-22
29 76 4.96447e-22
30 76 4.36946e-22
31 76 3.24681e-22
32 76 1.53338e-22
33 76 1.33589e-22
34 76 2.63572e-23
35 76 4.34119e-23
36 76 1.37755e-22
37 76 1.37345e-23
38 76 3.6727e-22
39 76 1.86064e-23
40 76 8.79985e-05
41 76 0.000320706
42 76 0.000252308
43 76 0.000262364
44 76 3.79221e-11
45 76 2.16302e-11
46 76 2.41908e-05
47 76 1.10244e-05
48 76 2.34733e-07
49 76 6.03036e-06
50 76 4.06464e-10
51 76 4.87807e-11
52 76 8.60773e-24
53 76 3.16494e-22
54 76 5.79995e-23
55 76 1.75122e-22
56 76 6.82766e-22
57 76 7.8954e-22
58 76 2.03798e-10
59 76 2.85784e-09
0 77 1.29379e-05
1 77 3.47141e-06
2 77 1.88722e-06
3 77 9.14654e-08
4 77 3.72329e-07
5 77 3.02672e-07
6 77 5.88479e-12
7 77 6.46397e-12
8 77 7.72379e-12
9 77 5.16807e-11
10 77 3.29879e-06
11 77 4.70832e-06
12 77 3.84057e-07
13 77 1.27718e-06
14 77 1.43641e-11
15 77 1.62132e-14
16 77 2.50364e-08
17 77 4.57203e-07
18 77 5.48818e-08
19 77 1.07431e-07
20 77 2.00868e-23
21 77 3.69204e-23
22 77 4.94071e-22
23 77 1.1485e-22
24 77 1.47696e-23
25 77 5.29893e-23
26 77 6.63233e-22
27 77 3.17998e-23
28 77 1.43058e-22
29 77 4.14754e-22
30 77 2.68473e-22
31 77 3.31301e-22
32 77 7.9157e-23
33 77 6.55469e-22
34 77 4.1392e-23
35 77 4.06502e-23
36 77 2.90852e-22
37 77 4.51164e-23
38 77 2.90431e-22
39 77 5.98077e-23
40 77 0.000192611
41 77 0.000244157
42 77 0.000283681
43 77 0.00020459
44 77 2.04727e-11
45 77 6.27664e-11
46 77 9.87549e-07
47 77 1.64824e-05
48 77 5.12036e-06
49 77 1.89095e-05
50 77 8.7708e-11
51 77 3.08251e-11
52 77 6.43461e-23
53 77 8.91695e-23
54 77 1.03347e-22
55 77 1.85261e-22
56 77 1.57382e-22
57 77 4.23687e-24
58 77 2.76381e-09
59 77 3.3475e-09
0 78 4.68991e-06
1 78 7.12941e-06
2 78 3.58493e-07
3 78 6.29374e-07
4 78 4.39766e-07
5 78 1.23328e-06
6 78 2.13625e-12
7 78 3.26981e-12
8 78 6.51256e-12
9 78 5.06391e-12
10 78 2.7082e-06
11 78 2.66242e-06
12 78 4.15075e-06
13 78 1.14725e-07
14 78 2.52051e-12
15 78 9.16489e-11
16 78 6.90512e-09
17 78 1.04156e-07
18 78 3.06671e-07
19 78 2.22861e-07
20 78 1.0388e-21
21 78 3.69316e-22
22 78 6.2377e-23
23 78 6.54197e-23
24 78 7.73209e-23
25 78 1.6464e-22
26 78 4.31209e-23
27 78 6.73888e-22
28 78 5.74515e-22
29 78 4.71872e-22
30 78 8.34652e-23
31 78 2.15543e-22
32 78 4.70579e-22
33 78 5.27767e-22
34 78 6.0864e-23
35 78 7.86557e-23
36 78 5.16895e-22
37 78 2.66888e-22
38 78 1.05005e-22
39 78 3.3027e-22
40 78 0.000113063
41 78 0.000339607
42 78 0.000303183
43 78 0.000168198
44 78 3.71984e-11
45 78 9.87843e-13
46 78 9.62586e-06
47 78 1.21811e-05
48 78 1.34946e-05
49 78 6.16109e-06
50 78 1.78394e-11
51 78 4.49535e-10
52 78 2.9655e-22
53 78 9.89248e-22
54 78 1.79727e-22
55 78 7.6988e-22
56 78 3.46326e-23
57 78 8.18422e-22
58 78 1.76103e-10
59 78 2.33759e-09
0 79 3.01335e-07
1 79 3.94238e-06
2 79 1.3774e-07
3 79 4.7297e-08
4 79 1.83724e-06
5 79 6.40998e-07
6 79 1.66924e-11
7 79 4.72323e-11
8 79 1.79658e-11
9 79 1.10105e-12
10 79 7.47624e-07
11 79 9.15374e-07
12 79 1.86176e-06
13 79 6.08738e-06
14 79 1.31265e-10
15 79 3.90767e-11
16 79 2.63096e-07
17 79 1.85235e-08
18 79 2.0809e-07
19 79 1.43192e-07
20 79 7.16638e-22
21 79 1.08299e-21
22 79 2.86021e-22
23 79 2.35866e-22
24 79 7.59926e-22
25 79 5.99891e-22
26 79 2.65219e-22
27 79 7.303e-23
28 79 8.58556e-22
29 79 5.79051e-22
30 79 3.03735e-23
31 79 7.81128e-23
32 79 2.86926e-22
33 79 9.63754e-22
34 79 8.36739e-23
35 79 2.77151e-22
36 79 4.93007e-22
37 79 3.55272e-23
38 79 5.60208e-22
39 79 2.00786e-22
40 79 0.00053072
41 79 2.08949e-05
42 79 8.23022e-05
43 79 0.000288814
44 79 3.20305e-11
45 79 3.3084e-11
46 79 6.69176e-06
47 79 1.79083e-06
48 79 2.26148e-05
49 79 1.02789e-05
50 79 2.08651e-10
51 79 2.25308e-10
52 79 4.05792e-22
53 79 2.07302e-22
54 79 3.60632e-22
55 79 7.93634e-22
56 79 8.06255e-22
57 79 1.76401e-22
58 79 2.30901e-09
59 79 1.80744e-09
0 80 2.06725e-21
1 80 1.42364e-20
2 80 3.56681e-20
3 80 4.95809e-21
4 80 9.76255e-21
5 80 5.88311e-21
6 80 7.64515e-21
7 80 4.61073e-21
8 80 9.31952e-21
9 80 7.67335e-22
10 80 1.7126e-20
11 80 1.77721e-20
12 80 1.81546e-22
13 80 1.80607e-21
14 80 5.95261e-21
15 80 1.53228e-21
16 80 6.43817e-23
17 80 9.96846e-23
18 80 2.89121e-22
19 80 1.03896e-21
20 80 9.94004e-12
21 80 5.57558e-12
22 80 1.05846e-11
23 80 3.3979e-12
24 80 6.45938e-12
25 80 1.47296e-11
26 80 8.33717e-12
27 80 6.92949e-12
28 80 4.87023e-12
29 80 3.7092e-12
30 80 3.602e-06
31 80 3.07234e-06
32 80 3.41051e-12
33 80 3.19322e-12
34 80 2.63377e-11
35 80 1.9615e-11
36 80 5.65329e-11
37 80 7.50951e-12
38 80 0.000126199
39 80 2.09354e-06
40 80 1.90026e-22
41 80 2.01183e-22
42 80 2.71599e-22
43 80 5.09189e-22
44 80 2.2527e-21
45 80 5.35859e-22
46 80 1.25822e-23
47 80 1.71937e-22
48 80 2.93147e-21
49 80 4.76974e-22
50 80 1.44391e-21
51 80 7.82193e-22
52 80 1.23217e-11
53 80 3.33193e-11
54 80 4.55502e-11
55 80 2.65294e-11
56 80 9.29281e-11
57 80 3.74831e-11
58 80 3.11199e-22
59 80 1.28247e-21
0 81 9.63374e-21
1 81 4.92907e-21
2 81 2.04843e-20
3 81 2.30384e-21
4 81 2.69571e-21
5 81 3.43901e-22
6 81 9.52502e-21
7 81 2.19164e-20
8 81 5.18481e-21
9 81 1.06291e-20
10 81 1.32908e-21
11 81 7.02426e-22
12 81 2.32142e-22
13 81 1.28888e-21
14 81 2.6008e-21
15 81 1.74498e-21
16 81 7.79628e-22
17 81 6.83688e-22
18 81 1.60729e-21
19 81 2.51993e-21
20 81 6.52078e-12
21 81 1.52803e-11
22 81 9.282e-12
23 81 1.02692e-11
24 81 3.15181e-12
25 81 1.65632e-12
26 81 6.87167e-12
27 81 1.46547e-12
28 81 5.57604e-12
29 81 1.72666e-11
30 81 3.05997e-06
31 81 3.6354e-06
32 81 3.73363e-12
33 81 1.1114e-12
34 81 2.46368e-12
35 81 1.28013e-11
36 81 6.09988e-13
37 81 2.45388e-12
38 81 2.14977e-06
39 81 0.0001263
40 81 1.58708e-22
41 81 5.26428e-23
42 81 6.3089e-23
43 81 5.14221e-23
44 81 6.71063e-22
45 81 1.76809e-21
46 81 1.36466e-21
47 81 4.02388e-22
48 81 1.85716e-22
49 81 7.00477e-22
50 81 1.62995e-21
51 81 1.86869e-22
52 81 5.15026e-11
53 81 4.02571e-11
54 81 6.98213e-11
55 81 5.23108e-12
56 81 2.31795e-11
57 81 3.00565e-11
58 81 1.16863e-21
59 81 1.84968e-22
0 82 5.36811e-21
1 82 8.17501e-21
2 82 4.75361e-22
3 82 2.45116e-21
4 82 1.07474e-21
5 82 2.35771e-22
6 82 1.95588e-22
7 82 4.38919e-22
8 82 5.73933e-21
9 82 3.9887e-21
10 82 2.6599e-21
11 82 2.86932e-22
12 82 4.09481e-21
13 82 7.17252e-22
14 82 1.94755e-21
15 82 1.25194e-21
16 82 8.33185e-22
17 82 1.17063e-22
18 82 4.52169e-22
19 82 2.27994e-22
20 82 1.84168e-11
21 82 3.54563e-11
22 82 9.09264e-08
23 82 3.88794e-09
24 82 5.38969e-08
25 82 1.10974e-07
26 82 4.96492e-05
27 82 6.31439e-06
28 82 3.01003e-06
29 82 0.000120117
30 82 1.13312e-10
31 82 2.23786e-10
32 82 1.42209e-10
33 82 3.65226e-12
34 82 3.17702e-07
35 82 2.97313e-07
36 82 4.80521e-07
37 82 4.06835e-07
38 82 8.91399e-12
39 82 1.9674e-11
40 82 1.1302e-21
41 82 1.0244e-23
42 82 9.89706e-23
43 82 3.08767e-22
44 82 1.16311e-21
45 82 2.05483e-21
46 82 1.54215e-21
47 82 1.65306e-22
48 82 4.91445e-23
49 82 1.32304e-22
50 82 4.22047e-22
51 82 2.54835e-21
52 82 2.54396e-11
53 82 4.02256e-12
54 82 1.19034e-05
55 82 3.30726e-06
56 82 4.31363e-05
57 82 5.27281e-06
58 82 1.27288e-21
59 82 1.1562e-21
0 83 3.54142e-22
1 83 7.23511e-22
2 83 1.19938e-20
3 83 2.97196e-21
4 83 9.12336e-22
5 83 3.28248e-21
6 83 8.65038e-23
7 83 3.57764e-21
8 83 1.3088e-20
9 83 6.64621e-23
10 83 6.74141e-21
11 83 2.46813e-21
12 83 1.15314e-21
13 83 6.29e-22
14 83 5.30469e-22
15 83 1.60683e-21
16 83 1.19553e-21
17 83 3.90272e-22
18 83 2.57892e-22
19 83 3.14035e-22
20 83 7.94052e-11
21 83 5.9292e-11
22 83 4.86247e-08
23 83 1.61801e-07
24 83 4.89032e-08
25 83 1.07407e-08
26 83 2.77436e-05
27 83 2.64515e-05
28 83 0.000114235
29 83 1.14076e-05
30 83 9.76801e-11
31 83 4.0868e-11
32 83 6.12478e-10
33 83 6.66306e-11
34 83 1.54686e-07
35 83 9.86022e-07
36 83 3.55532e-07
37 83 5.40548e-08
38 83 5.4679e-12
39 83 6.63548e-12
40 83 2.42385e-22
41 83 2.89012e-22
42 83 1.12986e-22
43 83 3.79772e-22
44 83 2.28554e-21
45 83 2.16672e-21
46 83 1.92433e-21
47 83 1.53902e-22
48 83 3.15899e-21
49 83 7.30152e-22
50 83 3.6866e-22
51 83 1.01085e-22
52 83 3.09075e-10
53 83 2.88022e-11
54 83 1.97671e-05
55 83 1.30414e-05
56 83 5.57934e-06
57 83 2.56936e-05
58 83 8.57404e-22
59 83 1.70716e-21
0 84 2.17225e-20
1 84 4.14584e-21
2 84 1.9624e-21
3 84 2.29309e-20
4 84 8.74952e-23
5 84 2.72853e-21
6 84 5.73374e-21
7 84 3.93302e-21
8 84 2.37286e-21
9 84 3.1466e-21
10 84 1.62906e-21
11 84 4.61071e-21
12 84 1.87571e-21
13 84 1.24433e-21
14 84 3.33315e-22
15 84 4.53112e-22
16 84 7.61669e-22
17 84 6.56932e-22
18 84 1.2728e-21
19 84 5.00352e-23
20 84 1.84956e-11
21 84 5.85055e-11
22 84 1.07666e-07
23 84 9.42469e-08
24 84 4.23683e-08
25 84 1.93446e-08
26 84 4.3419e-05
27 84 0.000100426
28 84 7.04903e-06
29 84 2.84414e-05
30 84 1.48922e-10
31 84 4.20884e-10
32 84 4.42191e-10
33 84 1.02804e-10
34 84 1.01491e-06
35 84 1.72596e-08
36 84 2.86438e-07
37 84 1.94439e-07
38 84 1.30365e-11
39 84 2.74612e-11
40 84 1.79689e-22
41 84 1.21094e-22
42 84 7.8904e-22
43 84 9.0318e-22
44 84 2.19242e-21
45 84 1.67836e-21
46 84 1.96176e-22
47 84 1.10296e-22
48 84 2.68936e-22
49 84 2.90596e-23
50 84 3.29015e-22
51 84 2.65336e-21
52 84 2.57826e-10
53 84 4.55351e-11
54 84 2.40837e-05
55 84 2.15435e-07
56 84 1.04963e-05
57 84 2.89522e-05
58 84 4.90254e-22
59 84 1.55577e-21
0 85 1.58011e-20
1 85 1.57547e-23
2 85 1.1126e-22
3 85 1.02024e-20
4 85 3.07269e-21
5 85 1.59757e-21
6 85 2.87509e-23
7 85 4.90257e-22
8 85 2.34881e-21
9 85 3.83178e-21
10 85 1.98433e-21
11 85 9.80519e-22
12 85 1.25547e-21
13 85 3.75466e-22
14 85 1.6367e-21
15 85 1.45885e-22
16 85 6.37717e-22
17 85 5.40363e-22
18 85 1.00577e-21
19 85 6.60336e-23
20 85 4.00405e-11
21 85 7.72019e-12
22 85 2.32141e-08
23 85 6.75646e-09
24 85 1.18325e-07
25 85 1.19014e-07
26 85 5.84261e-05
27 85 4.62059e-05
28 85 5.55609e-05
29 85 1.93527e-05
30 85 5.16357e-11
31 85 5.06488e-10
32 85 1.15562e-10
33 85 1.02408e-11
34 85 6.04549e-08
35 85 2.30751e-07
36 85 3.63525e-07
37 85 8.58702e-07
38 85 4.15086e-12
39 85 2.32497e-11
40 85 3.726e-22
41 85 2.31709e-23
42 85 1.75747e-22
43 85 1.09598e-21
44 85 6.26109e-22
45 85 4.50399e-22
46 85 4.58883e-23
47 85 1.26174e-22
48 85 2.86578e-22
49 85 2.64463e-21
50 85 6.16078e-22
51 85 5.18917e-22
52 85 4.8573e-11
53 85 1.0158e-10
54 85 8.17168e-06
55 85 4.72761e-05
56 85 4.29781e-06
57 85 4.03959e-06
58 85 6.79801e-22
59 85 3.62412e-22
0 86 1.08725e-21
1 86 9.94454e-22
2 86 6.79004e-21
3 86 2.08679e-21
4 86 1.80269e-21
5 86 7.7002e-22
6 86 1.85115e-21
7 86 6.81851e-21
8 86 3.11991e-21
9 86 4.2064e-21
10 86 3.15374e-21
11 86 2.59215e-21
12 86 1.01565e-21
13 86 1.11254e-21
14 86 2.99109e-21
15 86 2.37363e-22
16 86 6.29767e-22
17 86 1.5996e-22
18 86 1.48856e-22
19 86 7.38088e-22
20 86 1.56242e-12
21 86 2.2787e-12
22 86 7.24465e-11
23 86 4.09938e-11
24 86 1.71796e-10
25 86 7.99251e-11
26 86 1.33338e-10
27 86 1.88803e-10
28 86 1.4894e-11
29 86 1.49424e-10
30 86 0.000104524
31 86 2.72374e-05
32 86 5.97734e-12
33 86 1.16336e-11
34 86 1.80599e-11
35 86 7.89489e-12
36 86 2.21029e-10
37 86 1.00152e-11
38 86 8.96723e-06
39 86 1.76288e-06
40 86 3.6647e-22
41 86 2.67116e-22
42 86 6.04748e-23
43 86 2.23931e-23
44 86 1.91636e-22
45 86 1.65622e-22
46 86 1.69945e-22
47 86 1.08021e-22
48 86 7.74798e-22
49 86 1.00648e-21
50 86 4.56432e-22
51 86 2.92629e-23
52 86 8.05335e-11
53 86 1.11546e-10
54 86 1.62627e-10
55 86 2.41592e-11
56 86 2.66242e-11
57 86 1.9738e-13
58 86 1.05346e-22
59 86 3.64985e-22
0 87 6.7873e-21
1 87 4.54396e-21
2 87 1.34761e-20
3 87 1.85384e-21
4 87 3.75485e-21
5 87 6.58694e-22
6 87 3.26547e-21
7 87 1.33111e-21
8 87 1.09053e-20
9 87 7.59576e-22
10 87 1.74136e-22
11 87 2.378e-21
12 87 4.61299e-21
13 87 7.44741e-22
14 87 3.02175e-21
15 87 8.86812e-23
16 87 1.86667e-22
17 87 2.55786e-21
18 87 5.24158e-22
19 87 8.96331e-23
20 87 4.54082e-12
21 87 1.62793e-12
22 87 4.00609e-11
23 87 6.48854e-11
24 87 1.02098e-10
25 87 3.62945e-11
26 87 8.48794e-11
27 87 1.81122e-10
28 87 2.57423e-11
29 87 2.26646e-11
30 87 2.72049e-05
31 87 0.0001047
32 87 1.08239e-11
33 87 6.61636e-12
34 87 3.11323e-11
35 87 1.37759e-11
36 87 6.67615e-12
37 87 7.26237e-11
38 87 1.76874e-06
39 87 8.96978e-06
40 87 2.12955e-22
41 87 1.95915e-22
42 87 5.29451e-22
43 87 3.65669e-23
44 87 9.07123e-23
45 87 5.16843e-23
46 87 1.48648e-22
47 87 1.35748e-22
48 87 3.89144e-22
49 87 7.80366e-22
50 87 3.0446e-22
51 87 5.54579e-22
52 87 1.3939e-11
53 87 9.5439e-11
54 87 2.38198e-10
55 87 1.03957e-11
56 87 9.34352e-11
57 87 1.21284e-10
58 87 2.2019e-22
59 87 4.47455e-22
0 88 1.0038e-20
1 88 6.84567e-22
2 88 3.40162e-21
3 88 1.38883e-21
4 88 9.73657e-23
5 88 8.01546e-22
6 88 3.34754e-21
7 88 2.61687e-21
8 88 6.4965e-21
9 88 9.43053e-22
10 88 1.36067e-21
11 88 2.31743e-21
12 88 1.62994e-21
13 88 2.92338e-21
14 88 2.90564e-21
15 88 1.96357e-21
16 88 1.25661e-21
17 88 6.49636e-22
18 88 1.17404e-22
19 88 2.72904e-21
20 88 4.6252e-05
21 88 9.91302e-06
22 88 1.06792e-10
23 88 1.425e-10
24 88 1.07249e-10
25 88 2.46354e-11
26 88 1.02354e-10
27 88 2.40055e-11
28 88 1.13856e-11
29 88 3.86324e-11
30 88 3.04437e-12
31 88 7.07034e-11
32 88 6.15703e-06
33 88 0.000214298
34 88 3.92635e-12
35 88 3.78626e-11
36 88 1.33287e-11
37 88 3.01873e-11
38 88 6.95139e-12
39 88 9.46208e-12
40 88 4.49744e-22
41 88 2.42652e-22
42 88 3.69026e-22
43 88 3.09073e-22
44 88 2.27836e-22
45 88 3.52883e-21
46 88 2.50955e-22
47 88 3.40854e-21
48 88 9.23819e-22
49 88 8.22308e-22
50 88 3.20291e-22
51 88 1.0092e-21
52 88 1.49757e-05
53 88 0.000179625
54 88 2.00989e-11
55 88 4.9079e-13
56 88 1.24925e-10
57 88 1.29147e-10
58 88 3.64889e-21
59 88 3.66546e-21
0 89 1.69071e-21
1 89 2.45403e-21
2 89 9.61571e-22
3 89 9.84478e-22
4 89 4.4684e-22
5 89 5.38086e-22
6 89 1.10142e-22
7 89 2.32413e-21
8 89 9.95821e-22
9 89 3.45116e-22
10 89 4.43351e-22
11 89 2.33328e-22
12 89 2.34046e-21
13 89 1.36683e-22
14 89 2.66968e-21
15 89 1.23774e-21
16 89 7.07366e-22
17 89 7.2008e-22
18 89 1.4837e-22
19 89 3.98111e-22
20 89 9.8858e-06
21 89 4.62095e-05
22 89 9.19822e-11
23 89 7.64933e-12
24 89 6.86406e-11
25 89 6.23951e-11
26 89 7.24676e-11
27 89 2.16417e-10
28 89 5.96316e-10
29 89 1.19308e-10
30 89 1.27754e-11
31 89 1.47289e-11
32 89 0.000214236
33 89 6.16213e-06
34 89 9.21926e-11
35 89 1.23396e-10
36 89 2.44767e-12
37 89 1.51588e-11
38 89 9.54962e-12
39 89 6.52977e-12
40 89 6.39814e-23
41 89 7.82383e-25
42 89 2.76684e-22
43 89 8.12067e-22
44 89 4.06084e-21
45 89 2.335e-21
46 89 2.50667e-21
47 89 6.61065e-22
48 89 1.15101e-22
49 89 1.64404e-22
50 89 1.58846e-21
51 89 2.29772e-21
52 89 0.000179625
53 89 1.49015e-05
54 89 3.9571e-10
55 89 1.75343e-10
56 89 9.2365e-11
57 89 7.49903e-10
58 89 3.24987e-21
59 89 3.08503e-21
0 90 3.64066e-22
1 90 2.45759e-21
2 90 1.21325e-20
3 90 1.77765e-20
4 90 2.65029e-21
5 90 9.33957e-22
6 90 7.29626e-22
7 90 1.35526e-21
8 90 1.42244e-21
9 90 8.16637e-22
10 90 4.52591e-22
11 90 1.32565e-22
12 90 1.14575e-21
13 90 2.21365e-22
14 90 1.33803e-21
15 90 9.52947e-22
16 90 2.85796e-22
17 90 1.33448e-21
18 90 4.81542e-23
19 90 1.22398e-22
20 90 1.85402e-11
21 90 9.79839e-12
22 90 1.46813e-06
23 90 2.20031e-06
24 90 3.30258e-06
25 90 5.3361e-06
26 90 1.84899e-06
27 90 1.3016e-07
28 90 2.90989e-06
29 90 5.67205e-07
30 90 1.12995e-10
31 90 4.82366e-11
32 90 9.96049e-11
33 90 9.2309e-11
34 90 3.0189e-05
35 90 6.90663e-05
36 90 3.70709e-05
37 90 4.10749e-05
38 90 1.03752e-12
39 90 1.0829e-11
40 90 5.01232e-22
41 90 6.38804e-22
42 90 2.01787e-22
43 90 2.59361e-22
44 90 3.13859e-22
45 90 5.7112e-22
46 90 1.67823e-21
47 90 5.22428e-23
48 90 6.58356e-22
49 90 8.6944e-22
50 90 3.92935e-22
51 90 8.48235e-23
52 90 5.24551e-11
53 90 3.97629e-12
54 90 2.4171e-05
55 90 2.68529e-05
56 90 1.17704e-05
57 90 2.01976e-06
58 90 2.66021e-21
59 90 2.92338e-22
0 91 5.90511e-21
1 91 3.16318e-22
2 91 5.0692e-22
3 91 2.03357e-21
4 91 1.39035e-21
5 91 3.13382e-21
6 91 1.27473e-21
7 91 7.76712e-22
8 91 2.18861e-22
9 91 1.13455e-21
10 91 1.18956e-21
11 91 2.74578e-22
12 91 4.90967e-21
13 91 2.18764e-21
14 91 2.93352e-22
15 91 1.05246e-21
16 91 4.59244e-22
17 91 6.09944e-23
18 91 4.26112e-22
19 91 1.04315e-21
20 91 1.18909e-11
21 91 1.18954e-12
22 91 5.34361e-06
23 91 1.36161e-06
24 91 4.97879e-06
25 91 6.72361e-07
26 91 1.67437e-06
27 91 1.98669e-06
28 91 9.02473e-07
29 91 8.85959e-07
30 91 7.54009e-10
31 91 7.48601e-12
32 91 6.85166e-12
33 91 4.17453e-11
34 91 1.67567e-06
35 91 5.30825e-05
36 91 0.000117976
37 91 4.76418e-06
38 91 3.74769e-12
39 91 5.78423e-12
40 91 1.57828e-22
41 91 1.17898e-22
42 91 2.1878e-22
43 91 1.17535e-22
44 91 7.31588e-22
45 91 5.93608e-21
46 91 8.5756e-24
47 91 6.1967e-22
48 91 3.49557e-22
49 91 2.93833e-22
50 91 8.18003e-22
51 91 4.0675e-22
52 91 9.39522e-11
53 91 1.69998e-10
54 91 3.9727e-06
55 91 3.08027e-05
56 91 2.88383e-05
57 91 1.2911e-06
58 91 4.59468e-21
59 91 3.4558e-22
0 92 3.08151e-21
1 92 5.75462e-21
2 92 6.00965e-21
3 92 1.52106e-21
4 92 8.42885e-21
5 92 4.02203e-23
6 92 5.39014e-21
7 92 3.89956e-21
8 92 1.30957e-21
9 92 6.90257e-21
10 92 1.25665e-20
11 92 1.35688e-20
12 92 5.12755e-22
13 92 2.99093e-22
14 92 2.36167e-22
15 92 1.32476e-21
16 92 1.25764e-21
17 92 2.79996e-22
18 92 3.21053e-22
19 92 2.82051e-22
20 92 1.72541e-11
21 92 3.29579e-12
22 92 1.55177e-07
23 92 4.1039e-06
24 92 2.03936e-06
25 92 5.94461e-06
26 92 1.4245e-06
27 92 3.26682e-06
28 92 4.48865e-08
29 92 7.58829e-07
30 92 1.78796e-10
31 92 5.14359e-11
32 92 7.8233e-11
33 92 7.90711e-11
34 92 2.28591e-05
35 92 2.33538e-05
36 92 3.65916e-06
37 92 0.000127224
38 92 6.83438e-12
39 92 5.35056e-12
40 92 1.10187e-21
41 92 2.50085e-22
42 92 3.76238e-24
43 92 3.03935e-23
44 92 1.74285e-22
45 92 1.33126e-21
46 92 1.17417e-22
47 92 8.00168e-22
48 92 8.92482e-23
49 92 5.35182e-22
50 92 2.85505e-22
51 92 4.30864e-22
52 92 2.9381e-11
53 92 1.9691e-10
54 92 3.48557e-05
55 92 6.423e-06
56 92 1.747e-05
57 92 6.38569e-06
58 92 1.4656e-21
59 92 1.56794e-21
0 93 3.6894e-22
1 93 6.57013e-23
2 93 1.1403e-20
3 93 8.76592e-21
4 93 2.7424e-21
5 93 1.71572e-22
6 93 7.90122e-21
7 93 1.58744e-21
8 93 4.17319e-21
9 93 2.86275e-21
10 93 8.87154e-21
11 93 3.89212e-21
12 93 2.66287e-22
13 93 7.60197e-22
14 93 1.96082e-22
15 93 1.08669e-23
16 93 5.66017e-22
17 93 1.04381e-21
18 93 1.33967e-21
19 93 4.33747e-22
20 93 8.38736e-12
21 93 6.48484e-11
22 93 5.34389e-06
23 93 4.58893e-06
24 93 2.01446e-06
25 93 3.35167e-07
26 93 4.59604e-07
27 93 1.12169e-07
28 93 1.66123e-06
29 93 3.32361e-06
30 93 1.44612e-10
31 93 2.86119e-11
32 93 2.82094e-10
33 93 9.92345e-11
34 93 0.000122601
35 93 3.18714e-05
36 93 1.88419e-05
37 93 4.05717e-06
38 93 2.60094e-12
39 93 5.71254e-12
40 93 1.31298e-23
41 93 1.89188e-23
42 93 1.44534e-22
43 93 3.26067e-23
44 93 3.5902e-22
45 93 1.01053e-22
46 93 4.20239e-22
47 93 4.82707e-22
48 93 1.86823e-22
49 93 1.13381e-23
50 93 3.1525e-23
51 93 1.70764e-22
52 93 8.73717e-12
53 93 1.08224e-11
54 93 1.92498e-06
55 93 9.31704e-07
56 93 6.71507e-06
57 93 5.55914e-05
58 93 5.22072e-22
59 93 1.01135e-21
0 94 3.54324e-21
1 94 1.6811e-21
2 94 4.07855e-21
3 94 1.37042e-21
4 94 5.84771e-21
5 94 2.25233e-22
6 94 4.93214e-21
7 94 2.56103e-21
8 94 2.35019e-21
9 94 2.37587e-21
10 94 6.55547e-21
11 94 6.17332e-21
12 94 8.42236e-22
13 94 2.90923e-21
14 94 1.02982e-21
15 94 1.2251e-21
16 94 1.10141e-21
17 94 3.11476e-22
18 94 9.9173e-22
19 94 3.50933e-22
20 94 6.08646e-06
21 94 0.000177641
22 94 2.32309e-11
23 94 1.24128e-10
24 94 1.18433e-10
25 94 8.56302e-12
26 94 1.52481e-12
27 94 2.67532e-11
28 94 9.31755e-11
29 94 3.8471e-11
30 94 4.97947e-12
31 94 5.92801e-11
32 94 1.04211e-06
33 94 5.36865e-07
34 94 2.22257e-11
35 94 2.9102e-11
36 94 3.6643e-11
37 94 4.22169e-11
38 94 1.36271e-12
39 94 8.98869e-12
40 94 1.81538e-22
41 94 1.53971e-23
42 94 7.46245e-23
43 94 2.5444e-23
44 94 1.48547e-21
45 94 1.3352e-22
46 94 1.11304e-22
47 94 2.23322e-23
48 94 1.73988e-22
49 94 6.53302e-23
50 94 1.82388e-22
51 94 5.13772e-22
52 94 7.7351e-05
53 94 4.8223e-05
54 94 3.04591e-11
55 94 1.33256e-11
56 94 2.37917e-11
57 94 7.778e-11
58 94 1.52772e-22
59 94 6.12203e-22
0 95 5.65469e-21
1 95 1.71914e-21
2 95 1.43662e-22
3 95 1.83346e-21
4 95 3.16235e-21
5 95 1.58276e-21
6 95 4.43523e-21
7 95 5.29687e-21
8 95 9.94307e-22
9 95 3.40292e-21
10 95 3.69113e-22
11 95 5.02401e-22
12 95 1.0506e-21
13 95 3.70615e-22
14 95 1.00347e-21
15 95 2.63708e-21
16 95 9.55838e-22
17 95 3.09876e-22
18 95 1.05931e-21
19 95 2.95555e-22
20 95 0.000177665
21 95 6.15346e-06
22 95 9.87726e-11
23 95 2.15882e-11
24 95 1.22121e-11
25 95 5.36395e-12
26 95 2.54363e-11
27 95 1.42666e-11
28 95 6.04373e-14
29 95 4.93889e-11
30 95 2.15679e-12
31 95 3.05518e-11
32 95 5.31154e-07
33 95 1.04426e-06
34 95 2.33536e-11
35 95 4.39626e-12
36 95 2.25585e-11
37 95 8.88489e-11
38 95 7.43694e-12
39 95 1.27848e-12
40 95 3.75539e-22
41 95 7.87862e-23
42 95 5.88157e-23
43 95 7.56327e-23
44 95 2.84026e-22
45 95 1.47799e-22
46 95 9.16305e-22
47 95 1.22352e-21
48 95 1.03352e-21
49 95 7.7142e-22
50 95 1.68983e-21
51 95 7.52325e-22
52 95 4.82945e-05
53 95 7.72919e-05
54 95 9.20168e-12
55 95 9.03745e-11
56 95 1.55496e-11
57 95 6.0422e-11
58 95 3.81509e-22
59 95 2.18374e-21
0 96 4.35813e-22
1 96 5.99483e-22
2 96 1.51721e-20
3 96 4.21458e-21
4 96 4.94848e-21
5 96 1.60937e-21
6 96 6.78964e-22
7 96 1.89367e-21
8 96 8.70682e-22
9 96 2.41426e-21
10 96 1.65726e-21
11 96 8.35036e-22
12 96 6.50588e-22
13 96 8.75281e-22
14 96 4.24215e-22
15 96 2.58609e-21
16 96 1.73524e-21
17 96 7.93011e-22
18 96 3.40637e-22
19 96 1.26766e-21
20 96 1.58567e-11
21 96 5.09597e-11
22 96 2.76642e-05
23 96 8.77165e-05
24 96 2.59648e-05
25 96 4.51802e-05
26 96 1.5138e-05
27 96 4.42685e-06
28 96 9.41276e-06
29 96 9.99196e-06
30 96 9.97632e-11
31 96 2.04827e-11
32 96 6.06407e-11
33 96 1.77334e-10
34 96 9.34137e-09
35 96 3.10658e-09
36 96 8.22767e-10
37 96 9.3636e-09
38 96 1.21766e-12
39 96 4.07435e-13
40 96 5.02007e-22
41 96 8.85267e-22
42 96 3.85676e-22
43 96 2.18147e-22
44 96 7.31206e-22
45 96 9.55578e-23
46 96 3.19613e-22
47 96 5.83513e-22
48 96 1.76974e-21
49 96 2.2567e-21
50 96 2.20674e-22
51 96 1.00003e-21
52 96 1.1549e-12
53 96 8.98683e-12
54 96 1.66651e-05
55 96 4.07566e-05
56 96 4.5074e-05
57 96 7.10263e-05
58 96 2.04297e-22
59 96 1.19887e-21
0 97 1.47476e-22
1 97 9.69158e-22
2 97 1.08194e-21
3 97 1.34271e-21
4 97 3.32798e-21
5 97 4.79676e-24
6 97 1.25294e-22
7 97 4.41143e-21
8 97 2.68569e-21
9 97 6.09362e-22
10 97 6.507e-21
11 97 2.35262e-21
12 97 2.20478e-22
13 97 8.1167e-22
14 97 4.73413e-22
15 97 7.51092e-23
16 97 4.13675e-22
17 97 9.3783e-23
18 97 7.64585e-22
19 97 3.67906e-22
20 97 8.47045e-11
21 97 1.13786e-10
22 97 7.30688e-06
23 97 2.55954e-05
24 97 5.57163e-05
25 97 9.86167e-05
26 97 2.26412e-05
27 97 2.38372e-06
28 97 4.83254e-06
29 97 9.09499e-06
30 97 4.76651e-10
31 97 5.34134e-11
32 97 6.47729e-11
33 97 5.61903e-11
34 97 2.38399e-09
35 97 2.93483e-09
36 97 1.85693e-08
37 97 3.10329e-09
38 97 1.53361e-12
39 97 2.87925e-13
40 97 5.42514e-22
41 97 3.05678e-22
42 97 1.00492e-22
43 97 5.89985e-22
44 97 1.31398e-22
45 97 3.79725e-22
46 97 1.32147e-21
47 97 5.82432e-22
48 97 5.27624e-22
49 97 9.57519e-22
50 97 7.11724e-22
51 97 6.06602e-22
52 97 1.1849e-11
53 97 1.61265e-11
54 97 9.26635e-06
55 97 5.72869e-06
56 97 0.000106971
57 97 5.22115e-05
58 97 8.13538e-22
59 97 1.19197e-22
0 98 2.0226e-21
1 98 2.19322e-22
2 98 5.62828e-21
3 98 4.47943e-21
4 98 4.20957e-21
5 98 9.84816e-22
6 98 3.56525e-21
7 98 1.01084e-20
8 98 1.39547e-20
9 98 3.72884e-21
10 98 1.39481e-20
11 98 2.17544e-21
12 98 7.85467e-24
13 98 1.30118e-21
14 98 9.15806e-22
15 98 1.26101e-21
16 98 7.01809e-23
17 98 4.28472e-22
18 98 6.0635e-22
19 98 3.92725e-22
20 98 1.26463e-12
21 98 2.23279e-10
22 98 3.55641e-06
23 98 5.74853e-05
24 98 0.000101918
25 98 2.39926e-05
26 98 1.13565e-06
27 98 2.48568e-05
28 98 1.09116e-05
29 98 1.96316e-06
30 98 3.05844e-10
31 98 4.87042e-10
32 98 1.20002e-11
33 98 1.99266e-11
34 98 4.24533e-09
35 98 5.21895e-09
36 98 5.56912e-09
37 98 9.4015e-09
38 98 4.77307e-13
39 98 1.97661e-13
40 98 1.82965e-21
41 98 1.9832e-22
42 98 1.38133e-22
43 98 2.99888e-22
44 98 6.22924e-22
45 98 3.58167e-21
46 98 4.64928e-22
47 98 5.95362e-22
48 98 1.41324e-21
49 98 3.95537e-23
50 98 4.00847e-22
51 98 2.57611e-22
52 98 1.10197e-11
53 98 3.08385e-13
54 98 9.55377e-05
55 98 6.18792e-05
56 98 4.77933e-06
57 98 1.14503e-05
58 98 4.96091e-21
59 98 1.85491e-21
0 99 6.36013e-21
1 99 1.38729e-21
2 99 7.3448e-21
3 99 1.9551e-21
4 99 6.29738e-23
5 99 6.2677e-22
6 99 3.77495e-22
7 99 5.31421e-21
8 99 1.25071e-20
9 99 2.5647e-22
10 99 2.80279e-21
11 99 1.73637e-21
12 99 3.91628e-22
13 99 1.91029e-22
14 99 2.81427e-22
15 99 8.09559e-23
16 99 6.72767e-22
17 99 1.46075e-22
18 99 4.0843e-23
19 99 6.29699e-23
20 99 4.31651e-10
21 99 1.87732e-11
22 99 0.00014874
23 99 1.6513e-05
24 99 3.2218e-06
25 99 1.89579e-05
26 99 8.52794e-08
27 99 7.23219e-06
28 99 1.35819e-05
29 99 1.77659e-05
30 99 1.19625e-11
31 99 2.57662e-10
32 99 1.1672e-10
33 99 9.26547e-11
34 99 9.13126e-09
35 99 1.22633e-08
36 99 7.93672e-10
37 99 1.87781e-09
38 99 1.01089e-12
39 99 2.24355e-13
40 99 7.80925e-23
41 99 7.39306e-23
42 99 5.95359e-22
43 99 3.66021e-22
44 99 7.04452e-22
45 99 1.21212e-21
46 99 2.37529e-22
47 99 5.45334e-22
48 99 1.33829e-22
49 99 5.4384e-22
50 99 1.05488e-21
51 99 6.59522e-22
52 99 2.82562e-11
53 99 1.85286e-11
54 99 5.23719e-05
55 99 6.50705e-05
56 99 1.7111e-05
57 99 3.91547e-05
58 99 1.87625e-21
59 99 4.57999e-22
0 100 1.12586e-11
1 100 7.93733e-12
2 100 2.15807e-12
3 100 2.77456e-13
4 100 4.03607e-13
5 100 2.71077e-12
6 100 8.91942e-08
7 100 3.62279e-08
8 100 2.08667e-13
9 100 3.77926e-13
10 100 2.43722e-12
11 100 2.1351e-12
12 100 6.26068e-13
13 100 4.74947e-12
14 100 1.86589e-05
15 100 1.42999e-05
16 100 2.23127e-12
17 100 1.66517e-11
18 100 2.61143e-12
19 100 5.83868e-12
20 100 1.47385e-21
21 100 1.78115e-21
22 100 4.86278e-22
23 100 9.64893e-22
24 100 1.15382e-21
25 100 2.72521e-21
26 100 2.62685e-21
27 100 1.51701e-22
28 100 1.43371e-21
29 100 4.53568e-22
30 100 3.37649e-22
31 100 2.05067e-21
32 100 9.15106e-22
33 100 6.17213e-22
34 100 1.74935e-21
35 100 2.98489e-22
36 100 1.31631e-21
37 100 1.41931e-22
38 100 1.49329e-22
39 100 1.67563e-21
40 100 1.51209e-11
41 100 1.44937e-12
42 100 1.29125e-11
43 100 6.66012e-12
44 100 5.62045e-12
45 100 2.21322e-12
46 100 5.95533e-12
47 100 7.07475e-12
48 100 1.09356e-12
49 100 1.75967e-11
50 100 4.00509e-06
51 100 1.27606e-06
52 100 6.61826e-22
53 100 1.22292e-21
54 100 6.04086e-22
55 100 1.29717e-21
56 100 1.31939e-21
57 100 2.69155e-21
58 100 1.11055e-11
59 100 1.92038e-11
0 101 2.33087e-12
1 101 5.65738e-12
2 101 4.4298e-12
3 101 1.11155e-12
4 101 1.13722e-12
5 101 5.72162e-13
6 101 3.49661e-08
7 101 9.03477e-08
8 101 6.03585e-14
9 101 1.54074e-13
10 101 6.2174e-14
11 101 4.12988e-12
12 101 1.58061e-12
13 101 2.58119e-12
14 101 1.43217e-05
15 101 1.86428e-05
16 101 6.65055e-12
17 101 1.72825e-11
18 101 1.5896e-12
19 101 9.20134e-12
20 101 1.58196e-21
21 101 2.82456e-22
22 101 5.59188e-21
23 101 1.61094e-21
24 101 3.00482e-21
25 101 5.44122e-22
26 101 4.43155e-22
27 101 2.81485e-21
28 101 1.11648e-21
29 101 1.98833e-22
30 101 1.09848e-21
31 101 1.4806e-22
32 101 9.65784e-22
33 101 1.09417e-21
34 101 3.3964e-21
35 101 1.3607e-21
36 101 6.45809e-24
37 101 1.45083e-21
38 101 3.20879e-22
39 101 4.10587e-22
40 101 2.27914e-12
41 101 3.09424e-13
42 101 2.25377e-11
43 101 1.06807e-11
44 101 5.48147e-13
45 101 2.76551e-12
46 101 1.58739e-11
47 101 3.9071e-12
48 101 1.70567e-11
49 101 3.08107e-13
50 101 1.283e-06
51 101 4.02207e-06
52 101 8.44408e-22
53 101 1.12951e-21
54 101 8.52129e-21
55 101 1.6011e-21
56 101 1.56334e-21
57 101 5.18167e-21
58 101 3.64476e-11
59 101 2.42669e-11
0 102 1.18138e-06
1 102 7.8274e-07
2 102 1.42918e-06
3 102 1.64471e-06
4 102 1.44768e-06
5 102 1.80167e-06
6 102 4.74886e-12
7 102 1.155e-11
8 102 6.21596e-13
9 102 3.18224e-13
10 102 1.94918e-07
11 102 6.18027e-07
12 102 7.48214e-08
13 102 3.98711e-08
14 102 3.73504e-11
15 102 4.43118e-11
16 102 5.08626e-06
17 102 1.14507e-05
18 102 1.11969e-05
19 102 6.42194e-06
20 102 9.9167e-23
21 102 1.16571e-21
22 102 7.44913e-22
23 102 2.08512e-22
24 102 9.68406e-22
25 102 2.66905e-21
26 102 9.61803e-22
27 102 5.17423e-22
28 102 2.03698e-21
29 102 2.3501e-21
30 102 6.71507e-22
31 102 2.38612e-21
32 102 2.90668e-21
33 102 7.64775e-22
34 102 1.1439e-21
35 102 1.22536e-21
36 102 4.30682e-22
37 102 1.36221e-21
38 102 3.57479e-22
39 102 1.18236e-21
40 102 2.38227e-08
41 102 2.23117e-07
42 102 2.96533e-07
43 102 4.43192e-08
44 102 8.55864e-13
45 102 1.56584e-12
46 102 1.11515e-06
47 102 2.12439e-06
48 102 5.88991e-06
49 102 3.66039e-06
50 102 5.11963e-11
51 102 4.55576e-11
52 102 2.00654e-21
53 102 1.09907e-21
54 102 6.46556e-22
55 102 2.1628e-21
56 102 2.50558e-21
57 102 8.98597e-22
58 102 4.32219e-11
59 102 2.23882e-12
0 103 2.16638e-07
1 103 2.49246e-07
2 103 1.20815e-06
3 103 1.0288e-06
4 103 7.26526e-08
5 103 4.02366e-06
6 103 1.28606e-11
7 103 5.53938e-12
8 103 1.73297e-13
9 103 8.9057e-13
10 103 6.06342e-07
11 103 2.29789e-07
12 103 7.73723e-08
13 103 1.62942e-08
14 103 4.93462e-12
15 103 7.87854e-11
16 103 6.43255e-06
17 103 7.99376e-06
18 103 1.70595e-05
19 103 2.67284e-06
20 103 3.31527e-22
21 103 1.08004e-21
22 103 6.05448e-21
23 103 2.46007e-21
24 103 7.3411e-22
25 103 1.03506e-21
26 103 9.79311e-22
27 103 2.32893e-21
28 103 1.77089e-21
29 103 4.43091e-22
30 103 6.3762e-22
31 103 4.62787e-22
32 103 2.03996e-22
33 103 1.34223e-21
34 103 3.28055e-22
35 103 3.1249e-21
36 103 1.15849e-21
37 103 8.25026e-22
38 103 3.39311e-22
39 103 1.52959e-21
40 103 3.16586e-08
41 103 1.35721e-07
42 103 1.92576e-07
43 103 2.10352e-07
44 103 5.22974e-13
45 103 1.15374e-12
46 103 5.06993e-06
47 103 4.28058e-06
48 103 2.77404e-06
49 103 6.32406e-07
50 103 1.38428e-11
51 103 4.60086e-11
52 103 8.86225e-22
53 103 1.62458e-21
54 103 2.04873e-21
55 103 2.26935e-21
56 103 7.61046e-21
57 103 6.03953e-23
58 103 1.74395e-11
59 103 1.09334e-10
0 104 1.45624e-06
1 104 6.61926e-07
2 104 3.62476e-06
3 104 1.74839e-06
4 104 6.3542e-07
5 104 3.33296e-07
6 104 9.79014e-12
7 104 1.62973e-11
8 104 1.11654e-12
9 104 2.23372e-12
10 104 3.98624e-08
11 104 4.2754e-08
12 104 2.74208e-07
13 104 5.72994e-07
14 104 5.84177e-11
15 104 1.57444e-11
16 104 1.88604e-05
17 104 1.26255e-05
18 104 7.94276e-07
19 104 1.86274e-06
20 104 6.77133e-23
21 104 3.64593e-22
22 104 1.08441e-21
23 104 1.45358e-22
24 104 2.8628e-22
25 104 1.12331e-22
26 104 2.24666e-21
27 104 3.60871e-22
28 104 4.70473e-22
29 104 5.55401e-21
30 104 9.93586e-23
31 104 9.31035e-22
32 104 4.37295e-22
33 104 3.75995e-22
34 104 9.28574e-23
35 104 4.61529e-22
36 104 8.27282e-23
37 104 6.95486e-22
38 104 6.8607e-22
39 104 5.52088e-22
40 104 4.12523e-07
41 104 8.54428e-10
42 104 3.04187e-08
43 104 1.27659e-07
44 104 2.31031e-12
45 104 2.29584e-12
46 104 6.104e-06
47 104 3.78154e-06
48 104 1.87047e-06
49 104 1.0242e-06
50 104 1.04577e-10
51 104 7.67373e-12
52 104 1.46852e-22
53 104 1.60432e-22
54 104 1.00942e-22
55 104 1.78929e-21
56 104 1.45069e-21
57 104 4.50324e-21
58 104 3.1533e-11
59 104 5.45829e-11
0 105 8.11137e-08
1 105 1.25017e-06
2 105 7.31483e-08
3 105 1.91917e-06
4 105 4.17257e-06
5 105 1.67504e-07
6 105 1.05054e-11
7 105 3.74741e-11
8 105 1.4279e-12
9 105 1.99316e-12
10 105 9.11817e-08
11 105 3.56726e-08
12 105 5.0035e-07
13 105 2.95977e-07
14 105 1.86231e-11
15 105 1.53586e-12
16 105 3.76267e-06
17 105 2.10295e-06
18 105 5.04187e-06
19 105 2.32111e-05
20 105 4.4713e-22
21 105 1.20764e-21
22 105 2.59641e-22
23 105 2.34993e-22
24 105 2.13998e-21
25 105 2.24219e-22
26 105 1.78014e-21
27 105 7.86915e-22
28 105 2.7077e-21
29 105 5.38068e-22
30 105 2.30639e-21
31 105 5.29432e-22
32 105 1.94811e-22
33 105 6.91676e-22
34 105 2.25318e-21
35 105 3.77581e-22
36 105 2.9546e-21
37 105 5.96979e-22
38 105 1.00177e-21
39 105 2.17066e-22
40 105 1.00976e-07
41 105 2.26937e-07
42 105 5.88798e-08
43 105 1.92171e-07
44 105 2.44717e-12
45 105 1.42016e-12
46 105 4.77435e-07
47 105 2.58512e-06
48 105 2.22319e-06
49 105 7.45045e-06
50 105 8.25713e-11
51 105 1.14615e-11
52 105 2.33574e-21
53 105 5.49621e-22
54 105 2.21736e-21
55 105 4.00491e-21
56 105 1.05877e-22
57 105 4.5196e-23
58 105 4.97405e-11
59 105 1.02755e-11
0 106 3.12762e-12
1 106 2.03757e-12
2 106 4.68073e-12
3 106 1.5663e-11
4 106 5.31068e-12
5 106 5.3098e-12
6 106 4.1751e-12
7 106 2.35318e-12
8 106 8.83206e-06
9 106 1.15359e-06
10 106 6.77939e-13
11 106 7.56323e-12
12 106 5.47517e-12
13 106 5.26395e-11
14 106 9.00344e-12
15 106 2.78683e-12
16 106 2.65012e-12
17 106 5.23971e-12
18 106 4.42631e-12
19 106 4.45101e-12
20 106 2.52583e-22
21 106 5.83954e-23
22 106 1.92901e-23
23 106 4.72823e-22
24 106 1.16834e-21
25 106 3.28153e-22
26 106 9.87828e-23
27 106 9.4326e-22
28 106 2.41194e-22
29 106 1.34954e-21
30 106 9.46147e-23
31 106 2.76179e-21
32 106 2.46942e-22
33 106 6.29733e-22
34 106 1.88477e-21
35 106 4.15681e-21
36 106 2.64466e-21
37 106 2.29112e-22
38 106 5.34443e-23
39 106 3.6301e-22
40 106 3.83497e-10
41 106 1.31404e-10
42 106 3.05688e-10
43 106 2.41113e-10
44 106 2.14009e-06
45 106 1.13116e-06
46 106 4.23444e-12
47 106 5.12038e-11
48 106 2.69966e-11
49 106 4.68418e-12
50 106 6.00496e-11
51 106 9.23284e-13
52 106 2.05191e-22
53 106 1.18558e-21
54 106 1.6881e-23
55 106 1.30716e-21
56 106 9.13286e-22
57 106 3.51492e-21
58 106 1.07164e-06
59 106 1.22716e-06
0 107 1.09817e-12
1 107 1.37446e-12
2 107 1.47262e-11
3 107 5.0882e-12
4 107 3.44846e-13
5 107 1.26674e-13
6 107 3.28199e-12
7 107 3.66897e-12
8 107 1.1632e-06
9 107 8.80867e-06
10 107 4.99546e-11
11 107 1.46556e-11
12 107 1.16856e-12
13 107 5.52236e-12
14 107 1.27401e-14
15 107 1.19961e-11
16 107 7.04981e-12
17 107 1.17356e-11
18 107 3.24535e-12
19 107 1.15717e-11
20 107 5.50511e-22
21 107 3.42859e-21
22 107 2.81617e-21
23 107 3.03959e-22
24 107 6.48912e-22
25 107 4.68755e-21
26 107 4.24983e-21
27 107 5.90866e-22
28 107 1.61165e-21
29 107 8.18645e-22
30 107 6.0268e-22
31 107 2.2977e-22
32 107 2.31244e-21
33 107 2.03838e-21
34 107 1.46848e-21
35 107 5.2932e-22
36 107 3.56049e-21
37 107 3.46358e-24
38 107 1.36017e-21
39 107 6.45877e-22
40 107 2.47485e-12
41 107 5.20432e-10
42 107 4.30749e-10
43 107 3.37869e-10
44 107 1.12598e-06
45 107 2.11724e-06
46 107 3.43116e-11
47 107 3.59145e-11
48 107 7.29523e-12
49 107 1.04214e-11
50 107 6.68694e-12
51 107 3.67861e-11
52 107 2.02587e-21
53 107 1.84567e-21
54 107 3.76959e-22
55 107 4.2253e-22
56 107 1.12674e-21
57 107 1.51301e-21
58 107 1.20519e-06
59 107 1.06063e-06
0 108 1.13592e-07
1 108 2.1516e-07
2 108 2.35262e-05
3 108 1.55879e-06
4 108 6.23927e-06
5 108 2.72553e-05
6 108 7.18657e-11
7 108 2.40669e-11
8 108 1.82901e-12
9 108 2.60737e-12
10 108 1.27933e-07
11 108 2.75938e-07
12 108 1.53645e-09
13 108 1.51511e-07
14 108 5.00725e-12
15 108 4.02029e-12
16 108 3.33752e-08
17 108 6.02162e-07
18 108 4.19546e-07
19 108 5.19564e-08
20 108 1.05881e-21
21 108 1.81675e-22
22 108 3.72583e-21
23 108 3.55482e-23
24 108 3.61204e-22
25 108 8.14145e-22
26 108 8.38928e-22
27 108 2.21199e-23
28 108 2.393e-21
29 108 1.55466e-22
30 108 5.95085e-22
31 108 8.17921e-22
32 108 2.75098e-21
33 108 2.03329e-23
34 108 1.74922e-23
35 108 1.68334e-21
36 108 8.11211e-22
37 108 2.12464e-22
38 108 4.69273e-22
39 108 7.64453e-22
40 108 6.00535e-07
41 108 1.97949e-07
42 108 5.86682e-07
43 108 7.32557e-08
44 108 1.54784e-12
45 108 5.71606e-13
46 108 5.12951e-07
47 108 1.47533e-05
48 108 1.05367e-05
49 108 7.75812e-06
50 108 1.91853e-13
51 108 7.35305e-12
52 108 4.52676e-21
53 108 5.56039e-22
54 108 7.27822e-22
55 108 1.69915e-21
56 108 2.65267e-21
57 108 4.13651e-21
58 108 7.21123e-12
59 108 3.20138e-12
0 109 4.30318e-07
1 109 1.40615e-07
2 109 3.22007e-05
3 109 7.43747e-06
4 109 5.33454e-06
5 109 1.36776e-05
6 109 1.66133e-11
7 109 4.62605e-11
8 109 5.31746e-12
9 109 2.1602e-12
10 109 2.5336e-07
11 109 9.56195e-08
12 109 1.47996e-07
13 109 6.01224e-08
14 109 4.91899e-12
15 109 5.09035e-12
16 109 4.09107e-07
17 109 2.2918e-07
18 109 2.91335e-07
19 109 1.79648e-07
20 109 2.59524e-22
21 109 5.20963e-21
22 109 7.19207e-22
23 109 4.61758e-21
24 109 4.75598e-22
25 109 1.16235e-20
26 109 7.05042e-22
27 109 2.52492e-21
28 109 3.92016e-21
29 109 1.53389e-21
30 109 2.31457e-22
31 109 4.02588e-22
32 109 1.20827e-21
33 109 2.80321e-21
34 109 5.09574e-21
35 109 2.12207e-21
36 109 8.52897e-22
37 109 1.66154e-21
38 109 1.72764e-22
39 109 1.12958e-21
40 109 6.65389e-08
41 109 1.16918e-07
42 109 8.21858e-08
43 109 1.19784e-06
44 109 6.55958e-13
45 109 4.25648e-12
46 109 2.49635e-05
47 109 9.2962e-07
48 109 4.51794e-06
49 109 3.14051e-06
50 109 1.43716e-11
51 109 1.06443e-12
52 109 3.69616e-21
53 109 2.83977e-21
54 109 5.19049e-22
55 109 2.5948e-21
56 109 1.93548e-21
57 109 8.97777e-21
58 109 1.25978e-13
59 109 1.21367e-13
0 110 4.5733e-07
1 110 4.59801e-07
2 110 1.87365e-06
3 110 4.2019e-05
4 110 9.75222e-06
5 110 4.86049e-06
6 110 5.60274e-11
7 110 2.09196e-11
8 110 3.67769e-13
9 110 1.31265e-12
10 110 1.49544e-07
11 110 1.07757e-07
12 110 6.39701e-08
13 110 2.31471e-07
14 110 6.88494e-12
15 110 9.78628e-12
16 110 5.71388e-07
17 110 2.20844e-07
18 110 2.98229e-07
19 110 2.13992e-08
20 110 4.06881e-21
21 110 1.24902e-21
22 110 3.2069e-21
23 110 6.49188e-22
24 110 4.93831e-22
25 110 1.38792e-21
26 110 2.79158e-23
27 110 1.18046e-21
28 110 1.30135e-22
29 110 2.56147e-21
30 110 1.39206e-21
31 110 8.66587e-22
32 110 9.04898e-22
33 110 3.50646e-22
34 110 6.34163e-22
35 110 5.73729e-22
36 110 4.62519e-21
37 110 1.59664e-22
38 110 1.21325e-21
39 110 2.93617e-22
40 110 7.63858e-07
41 110 3.51667e-07
42 110 2.20263e-07
43 110 1.32336e-07
44 110 1.59112e-12
45 110 1.31492e-12
46 110 5.45841e-06
47 110 1.00769e-05
48 110 1.66346e-05
49 110 1.40812e-06
50 110 1.14698e-11
51 110 9.92894e-13
52 110 9.36153e-22
53 110 1.01419e-21
54 110 2.51232e-21
55 110 1.114e-21
56 110 1.27113e-22
57 110 2.12836e-21
58 110 2.09858e-13
59 110 3.60798e-12
0 111 5.80024e-08
1 111 2.43339e-07
2 111 1.02555e-06
3 111 7.51251e-06
4 111 3.73376e-05
5 111 1.27959e-05
6 111 2.12015e-11
7 111 1.8639e-11
8 111 8.72891e-12
9 111 1.36593e-12
10 111 2.55732e-08
11 111 7.90357e-08
12 111 3.39036e-07
13 111 1.14262e-07
14 111 7.79519e-12
15 111 3.81529e-13
16 111 9.29043e-08
17 111 6.06185e-08
18 111 9.59983e-08
19 111 8.56796e-07
20 111 6.57014e-21
21 111 4.97615e-22
22 111 1.44711e-21
23 111 7.54779e-22
24 111 3.24665e-21
25 111 7.55839e-21
26 111 1.46428e-21
27 111 3.02853e-21
28 111 4.79411e-22
29 111 7.09737e-21
30 111 1.22922e-21
31 111 1.80697e-21
32 111 6.11877e-21
33 111 1.35679e-21
34 111 1.26082e-21
35 111 9.10211e-23
36 111 1.93561e-21
37 111 1.82657e-21
38 111 2.72349e-21
39 111 2.10681e-21
40 111 3.29724e-08
41 111 7.99449e-07
42 111 5.70262e-07
43 111 5.92307e-08
44 111 2.07535e-12
45 111 3.96715e-12
46 111 2.6155e-06
47 111 7.85935e-06
48 111 1.86583e-06
49 111 2.12514e-05
50 111 1.16485e-11
51 111 9.48128e-12
52 111 3.12558e-21
53 111 7.79444e-22
54 111 3.5343e-21
55 111 2.47842e-22
56 111 6.05424e-22
57 111 2.30862e-21
58 111 8.59523e-12
59 111 2.56344e-12
0 112 1.11878e-06
1 112 2.86327e-06
2 112 5.59639e-07
3 112 5.22122e-08
4 112 2.67058e-06
5 112 1.64559e-06
6 112 2.1314e-11
7 112 2.70323e-12
8 112 3.38679e-12
9 112 1.14399e-11
10 112 9.72948e-07
11 112 4.66715e-06
12 112 1.44166e-06
13 112 6.02939e-06
14 112 7.01042e-12
15 112 9.84717e-12
16 112 6.84878e-07
17 112 4.71468e-07
18 112 1.10553e-06
19 112 7.51813e-07
20 112 2.49789e-22
21 112 1.01215e-21
22 112 2.29505e-21
23 112 7.92201e-22
24 112 4.23786e-22
25 112 1.58184e-21
26 112 5.95644e-22
27 112 1.69754e-21
28 112 2.01727e-21
29 112 3.03305e-22
30 112 8.78785e-22
31 112 8.7358e-22
32 112 2.16996e-21
33 112 2.27546e-22
34 112 1.91111e-22
35 112 6.13173e-22
36 112 6.94346e-22
37 112 2.45408e-22
38 112 5.46236e-22
39 112 8.69182e-22
40 112 6.05886e-07
41 112 2.2637e-07
42 112 8.78429e-08
43 112 2.81049e-07
44 112 1.20134e-13
45 112 1.05932e-12
46 112 3.03438e-07
47 112 2.1895e-07
48 112 7.28137e-07
49 112 9.84885e-07
50 112 1.49934e-11
51 112 2.14431e-12
52 112 6.15855e-22
53 112 1.94509e-22
54 112 1.01355e-21
55 112 3.53267e-22
56 112 4.4631e-24
57 112 3.37103e-21
58 112 1.48802e-12
59 112 5.23323e-12
0 113 5.89785e-06
1 113 7.48136e-07
2 113 1.50755e-06
3 113 2.53747e-07
4 113 6.10937e-07
5 113 2.57532e-06
6 113 8.95037e-12
7 113 2.12366e-12
8 113 4.87592e-12
9 113 7.84008e-12
10 113 4.05376e-06
11 113 6.01887e-06
12 113 2.59473e-07
13 113 2.75922e-06
14 113 4.34464e-12
15 113 1.41702e-11
16 113 2.2988e-07
17 113 6.51635e-07
18 113 1.82643e-06
19 113 3.23505e-07
20 113 3.6599e-21
21 113 3.47527e-22
22 113 4.55005e-21
23 113 1.54307e-22
24 113 3.17654e-21
25 113 3.036e-21
26 113 2.14036e-21
27 113 1.94346e-23
28 113 1.36016e-21
29 113 1.08791e-22
30 113 4.2551e-22
31 113 4.36049e-23
32 113 1.86011e-21
33 113 1.11934e-21
34 113 9.68636e-22
35 113 1.30812e-21
36 113 2.41684e-22
37 113 2.24112e-23
38 113 2.04491e-22
39 113 2.82339e-22
40 113 2.18545e-07
41 113 4.01448e-07
42 113 1.52958e-07
43 113 4.31692e-07
44 113 3.12016e-12
45 113 4.99776e-12
46 113 4.29275e-07
47 113 2.17181e-07
48 113 1.02525e-06
49 113 5.40522e-07
50 113 1.17248e-11
51 113 1.24914e-11
52 113 1.6014e-21
53 113 1.35387e-21
54 113 1.21354e-21
55 113 5.4633e-22
56 113 8.73618e-22
57 113 2.73358e-22
58 113 9.35698e-12
59 113 3.50456e-12
0 114 2.19649e-06
1 114 2.73685e-06
2 114 1.52703e-06
3 114 2.22106e-06
4 114 7.81542e-07
5 114 4.56186e-07
6 114 9.70389e-12
7 114 1.7945e-12
8 114 8.26332e-12
9 114 2.90248e-12
10 114 3.84491e-07
11 114 5.38454e-07
12 114 1.11448e-05
13 114 1.0017e-06
14 114 1.01765e-11
15 114 4.13404e-12
16 114 4.94665e-07
17 114 5.8214e-07
18 114 3.05776e-08
19 114 1.93287e-06
20 114 3.60738e-22
21 114 7.75856e-22
22 114 6.94894e-22
23 114 2.08485e-21
24 114 2.50907e-22
25 114 5.81205e-22
26 114 1.5726e-21
27 114 1.15172e-21
28 114 4.25039e-22
29 114 3.00617e-22
30 114 2.35946e-21
31 114 1.04368e-21
32 114 7.42325e-22
33 114 6.48151e-22
34 114 7.61616e-22
35 114 6.94128e-23
36 114 1.00274e-21
37 114 3.52991e-22
38 114 6.43651e-22
39 114 3.59015e-21
40 114 2.83849e-07
41 114 2.27273e-07
42 114 2.00826e-07
43 114 4.75269e-07
44 114 8.04543e-13
45 114 7.81123e-12
46 114 6.50854e-07
47 114 7.2606e-07
48 114 1.61392e-07
49 114 6.80577e-07
50 114 1.55482e-11
51 114 5.25458e-12
52 114 1.24266e-21
53 114 5.65834e-22
54 114 3.16259e-22
55 114 1.59341e-22
56 114 5.14725e-22
57 114 9.80814e-23
58 114 3.61284e-12
59 114 1.14682e-12
0 115 5.92477e-07
1 115 3.45008e-06
2 115 1.38141e-06
3 115 2.44863e-06
4 115 8.69739e-07
5 115 2.55867e-07
6 115 6.93438e-13
7 115 7.53394e-12
8 115 1.74548e-11
9 115 2.31535e-12
10 115 7.67277e-06
11 115 1.88213e-06
12 115 2.22447e-07
13 115 3.32285e-06
14 115 1.9606e-11
15 115 7.96235e-12
16 115 1.61054e-06
17 115 1.33295e-06
18 115 5.72864e-08
19 115 2.34894e-08
20 115 2.50994e-23
21 115 5.9082e-23
22 115 1.1105e-21
23 115 2.59604e-22
24 115 2.30995e-21
25 115 1.07328e-21
26 115 3.2907e-21
27 115 2.88408e-22
28 115 5.64207e-22
29 115 1.85491e-21
30 115 4.63539e-22
31 115 8.37261e-22
32 115 2.1375e-21
33 115 2.56341e-21
34 115 2.51227e-22
35 115 1.41214e-21
36 115 1.02472e-21
37 115 1.10963e-21
38 115 9.6628e-22
39 115 6.40178e-21
40 115 1.09594e-07
41 115 3.37651e-07
42 115 7.30248e-07
43 115 9.66206e-09
44 115 3.99296e-13
45 115 5.45484e-12
46 115 8.50065e-07
47 115 1.06471e-06
48 115 3.02763e-07
49 115 1.16192e-08
50 115 3.82023e-11
51 115 2.83014e-11
52 115 1.38951e-21
53 115 9.10461e-22
54 115 1.13023e-21
55 115 2.85955e-21
56 115 1.19117e-21
57 115 6.62867e-22
58 115 2.6143e-12
59 115 6.72969e-12
0 116 7.31181e-13
1 116 1.36593e-12
2 116 2.89152e-13
3 116 2.94886e-11
4 116 5.26363e-12
5 116 3.19041e-11
6 116 4.76911e-05
7 116 1.75006e-05
8 116 6.11487e-13
9 116 1.00375e-12
10 116 3.26105e-13
11 116 4.5302e-13
12 116 2.96019e-13
13 116 3.16629e-12
14 116 7.55979e-06
15 116 5.33366e-06
16 116 2.54535e-12
17 116 1.37696e-12
18 116 2.2666e-12
19 116 3.28176e-12
20 116 9.04911e-23
21 116 4.61304e-22
22 116 5.39028e-21
23 116 6.53072e-22
24 116 4.14935e-22
25 116 1.94282e-21
26 116 4.12838e-22
27 116 8.22399e-23
28 116 1.12104e-21
29 116 8.93969e-22
30 116 3.57438e-22
31 116 7.86659e-22
32 116 3.54445e-24
33 116 1.85359e-21
34 116 1.32633e-23
35 116 2.16491e-22
36 116 3.55144e-24
37 116 5.17594e-22
38 116 2.17896e-22
39 116 1.49159e-21
40 116 1.57125e-12
41 116 1.29708e-12
42 116 2.79215e-13
43 116 4.1198e-13
44 116 9.24914e-12
45 116 2.16202e-12
46 116 7.69588e-12
47 116 1.46156e-11
48 116 3.93132e-12
49 116 1.85741e-12
50 116 2.85238e-05
51 116 1.53167e-05
52 116 1.05844e-21
53 116 1.91942e-21
54 116 9.8825e-22
55 116 6.614e-22
56 116 1.88383e-21
57 116 4.04484e-22
58 116 3.13761e-12
59 116 1.96092e-11
0 117 2.41477e-13
1 117 5.67513e-13
2 117 5.57853e-11
3 117 4.50219e-12
4 117 5.56866e-12
5 117 6.03949e-13
6 117 1.75066e-05
7 117 4.78001e-05
8 117 3.21212e-13
9 117 1.51817e-12
10 117 2.28788e-12
11 117 1.85005e-12
12 117 1.45002e-12
13 117 4.79e-12
14 117 5.33522e-06
15 117 7.56048e-06
16 117 2.83675e-14
17 117 1.15496e-11
18 117 2.12617e-13
19 117 1.25578e-12
20 117 7.2083e-21
21 117 7.96006e-23
22 117 1.03695e-22
23 117 4.74368e-21
24 117 1.59127e-21
25 117 6.53507e-22
26 117 1.01186e-21
27 117 2.93811e-21
28 117 1.14105e-21
29 117 3.03679e-21
30 117 1.99142e-21
31 117 4.65489e-22
32 117 9.12745e-22
33 117 4.05928e-21
34 117 3.48713e-21
35 117 2.31976e-21
36 117 1.00211e-21
37 117 1.51812e-21
38 117 1.08129e-21
39 117 3.06747e-22
40 117 1.1489e-12
41 117 1.18172e-12
42 117 4.70425e-12
43 117 1.73529e-12
44 117 3.75347e-12
45 117 3.02849e-12
46 117 1.84122e-12
47 117 8.29101e-12
48 117 2.52522e-12
49 117 2.16381e-11
50 117 1.53357e-05
51 117 2.85306e-05
52 117 2.26577e-21
53 117 6.04232e-21
54 117 2.72133e-21
55 117 4.71527e-21
56 117 7.3419e-22
57 117 9.54989e-22
58 117 4.24394e-12
59 117 8.3147e-12
0 118 1.28987e-13
1 118 6.50387e-13
2 118 8.75531e-13
3 118 1.73387e-12
4 118 4.46234e-13
5 118 1.68032e-13
6 118 1.78725e-14
7 118 3.04187e-12
8 118 2.29792e-08
9 118 1.88999e-08
10 118 1.02959e-11
11 118 7.25204e-12
12 118 6.74351e-12
13 118 7.33695e-13
14 118 4.12946e-12
15 118 1.79373e-12
16 118 1.07888e-13
17 118 7.22256e-13
18 118 1.01214e-13
19 118 9.9702e-13
20 118 1.60128e-21
21 118 3.84769e-22
22 118 6.78392e-21
23 118 2.32023e-22
24 118 1.83588e-21
25 118 9.3637e-22
26 118 5.50531e-22
27 118 3.0211e-22
28 118 5.14662e-22
29 118 1.64438e-21
30 118 5.31225e-22
31 118 4.90883e-22
32 118 1.67762e-21
33 118 3.17627e-22
34 118 3.57142e-22
35 118 4.49708e-22
36 118 6.6207e-22
37 118 1.91598e-22
38 118 3.71959e-22
39 118 2.20534e-22
40 118 1.3379e-11
41 118 8.82885e-11
42 118 1.89997e-10
43 118 3.29755e-10
44 118 1.21412e-07
45 118 1.0103e-05
46 118 1.75919e-11
47 118 5.21235e-12
48 118 1.13966e-11
49 118 9.44483e-12
50 118 2.44835e-11
51 118 2.25344e-11
52 118 3.48827e-21
53 118 3.68983e-22
54 118 2.9147e-23
55 118 2.89991e-21
56 118 2.78894e-22
57 118 7.8226e-22
58 118 3.51544e-06
59 118 1.51861e-07
0 119 4.98721e-14
1 119 1.79108e-13
2 119 2.88748e-13
3 119 2.13808e-12
4 119 2.23341e-14
5 119 1.63838e-12
6 119 5.30253e-13
7 119 2.0927e-13
8 119 1.95806e-08
9 119 2.3712e-08
10 119 1.20226e-11
11 119 1.06642e-12
12 119 1.26815e-11
13 119 3.67622e-12
14 119 2.51075e-13
15 119 8.92557e-14
16 119 3.43508e-13
17 119 2.1674e-12
18 119 4.09079e-13
19 119 3.77721e-13
20 119 4.29038e-22
21 119 4.07389e-22
22 119 1.48024e-21
23 119 7.24289e-22
24 119 4.74613e-22
25 119 2.33747e-22
26 119 1.7402e-21
27 119 1.59603e-21
28 119 2.59377e-21
29 119 4.91782e-21
30 119 1.00368e-22
31 119 2.93796e-22
32 119 2.16791e-21
33 119 1.64747e-21
34 119 1.23839e-21
35 119 5.30494e-22
36 119 9.24902e-22
37 119 3.0536e-22
38 119 8.51859e-22
39 119 1.53723e-21
40 119 2.34196e-10
41 119 3.2956e-10
42 119 1.89106e-10
43 119 3.29451e-11
44 119 1.01485e-05
45 119 1.18065e-07
46 119 2.22964e-12
47 119 1.82843e-11
48 119 1.42967e-11
49 119 7.90458e-12
50 119 4.25779e-12
51 119 1.11332e-12
52 119 8.11788e-22
53 119 6.15265e-23
54 119 7.0996e-22
55 119 1.73078e-21
56 119 6.18884e-22
57 119 2.28389e-21
58 119 1.57233e-07
59 119 3.50536e-06
