0 60 8.76158e-06
1 60 8.20603e-06
2 60 3.53119e-07
3 60 1.17982e-06
4 60 4.07307e-07
5 60 8.64675e-06
6 60 1.00032e-06
7 60 7.37763e-07
8 60 3.02814e-06
9 60 1.73046e-05
10 60 2.5131e-06
11 60 4.54984e-06
12 60 2.14936e-07
13 60 2.21525e-08
14 60 2.42982e-06
15 60 9.54748e-06
16 60 8.86511e-07
17 60 7.05945e-07
18 60 8.66437e-08
19 60 4.89199e-07
20 60 3.55469e-08
21 60 1.31481e-07
22 60 0.000136857
23 60 1.32554e-05
24 60 1.40271e-05
25 60 7.51619e-05
26 60 0.000106752
27 60 7.22608e-05
28 60 2.19065e-05
29 60 6.95606e-06
30 60 1.57145e-06
31 60 3.95479e-06
32 60 1.83051e-07
33 60 5.80968e-07
34 60 1.43665e-05
35 60 3.22008e-05
36 60 2.21913e-06
37 60 3.89973e-08
38 60 0.000467756
39 60 0.000542103
40 60 1.51207e-08
41 60 8.82019e-09
42 60 3.86974e-05
43 60 0.000729986
44 60 3.32381e-05
45 60 0.000320162
46 60 3.1e-08
47 60 9.37408e-08
48 60 2.42446e-05
49 60 1.36163e-05
50 60 0.000451466
51 60 0.000261911
52 60 0.000324137
53 60 0.0004618
54 60 0.0143622
55 60 0.00617058
56 60 0.00363049
57 60 0.00128254
58 60 0.0487914
59 60 0.392386
0 61 8.2059e-06
1 61 8.76127e-06
2 61 1.18029e-06
3 61 3.53026e-07
4 61 8.64844e-06
5 61 4.07646e-07
6 61 7.37715e-07
7 61 1.00097e-06
8 61 1.73051e-05
9 61 3.02834e-06
10 61 4.54985e-06
11 61 2.51312e-06
12 61 2.21694e-08
13 61 2.15171e-07
14 61 9.54765e-06
15 61 2.42979e-06
16 61 7.0598e-07
17 61 8.86579e-07
18 61 4.89637e-07
19 61 8.65073e-08
20 61 1.31474e-07
21 61 3.55103e-08
22 61 1.32596e-05
23 61 0.00013686
24 61 7.51631e-05
25 61 1.403e-05
26 61 7.22667e-05
27 61 0.000106753
28 61 6.95731e-06
29 61 2.19069e-05
30 61 3.95912e-06
31 61 1.5705e-06
32 61 5.81082e-07
33 61 1.83449e-07
34 61 3.22012e-05
35 61 1.43666e-05
36 61 3.90381e-08
37 61 2.21889e-06
38 61 0.000542084
39 61 0.000467831
40 61 8.76686e-09
41 61 1.53324e-08
42 61 0.000730018
43 61 3.87178e-05
44 61 0.000320172
45 61 3.32437e-05
46 61 9.29441e-08
47 61 2.96169e-08
48 61 1.36186e-05
49 61 2.42565e-05
50 61 0.000261919
51 61 0.00045147
52 61 0.000461789
53 61 0.00032448
54 61 0.00617049
55 61 0.0143628
56 61 0.00128239
57 61 0.00363092
58 61 0.392394
59 61 0.0488062
0 62 1.57096e-07
1 62 6.63098e-07
2 62 1.32839e-06
3 62 6.9428e-06
4 62 1.52813e-07
5 62 7.33379e-07
6 62 6.08701e-06
7 62 2.76727e-07
8 62 2.14075e-08
9 62 2.71533e-07
10 62 1.9877e-08
11 62 1.11723e-06
12 62 1.99638e-07
13 62 3.29358e-07
14 62 7.86071e-07
15 62 5.64909e-07
16 62 7.50848e-09
17 62 6.57086e-08
18 62 1.22634e-08
19 62 7.09305e-08
20 62 3.48465e-09
21 62 6.70074e-09
22 62 7.12882e-08
23 62 5.5781e-08
24 62 7.02664e-07
25 62 2.62206e-06
26 62 2.57677e-09
27 62 1.43627e-08
28 62 1.45014e-05
29 62 2.82807e-06
30 62 2.83941e-07
31 62 1.57069e-07
32 62 9.52077e-08
33 62 1.00274e-07
34 62 7.15711e-06
35 62 1.68874e-06
36 62 6.89651e-07
37 62 2.12812e-07
38 62 9.04567e-06
39 62 6.713e-06
40 62 1.76129e-07
41 62 2.50035e-08
42 62 3.40677e-06
43 62 5.06871e-06
44 62 0.000416414
45 62 0.000308564
46 62 2.43797e-07
47 62 8.28431e-07
48 62 2.1445e-07
49 62 9.87806e-07
50 62 6.27574e-05
51 62 3.96116e-06
52 62 1.21531e-06
53 62 4.86815e-06
54 62 1.92498e-07
55 62 3.16669e-07
56 62 0.000414815
57 62 0.000206299
58 62 0.000432048
59 62 0.000977374
0 63 6.63112e-07
1 63 1.57201e-07
2 63 6.94199e-06
3 63 1.32869e-06
4 63 7.33438e-07
5 63 1.52843e-07
6 63 2.7671e-07
7 63 6.08709e-06
8 63 2.71534e-07
9 63 2.14095e-08
10 63 1.11725e-06
11 63 1.98856e-08
12 63 3.29351e-07
13 63 1.99604e-07
14 63 5.64909e-07
15 63 7.86069e-07
16 63 6.57082e-08
17 63 7.5099e-09
18 63 7.10028e-08
19 63 1.22356e-08
20 63 6.70233e-09
21 63 3.49497e-09
22 63 5.58169e-08
23 63 7.13068e-08
24 63 2.62199e-06
25 63 7.02591e-07
26 63 1.4349e-08
27 63 2.57517e-09
28 63 2.82725e-06
29 63 1.45012e-05
30 63 1.56938e-07
31 63 2.83967e-07
32 63 1.00257e-07
33 63 9.4948e-08
34 63 1.68963e-06
35 63 7.15724e-06
36 63 2.12869e-07
37 63 6.89433e-07
38 63 6.71225e-06
39 63 9.04761e-06
40 63 2.50732e-08
41 63 1.75894e-07
42 63 5.06698e-06
43 63 3.40646e-06
44 63 0.000308554
45 63 0.000416408
46 63 8.28483e-07
47 63 2.43833e-07
48 63 9.87718e-07
49 63 2.1342e-07
50 63 3.96143e-06
51 63 6.27575e-05
52 63 4.86838e-06
53 63 1.21433e-06
54 63 3.16814e-07
55 63 1.91685e-07
56 63 0.000206317
57 63 0.000414774
58 63 0.000977405
59 63 0.000432107
0 64 8.71761e-06
1 64 2.0703e-06
2 64 6.04639e-07
3 64 1.6319e-07
4 64 5.9737e-06
5 64 1.00488e-06
6 64 1.23536e-08
7 64 1.47244e-08
8 64 2.65009e-06
9 64 2.07088e-07
10 64 1.79991e-06
11 64 9.6766e-08
12 64 2.16018e-07
13 64 1.6581e-07
14 64 1.23748e-06
15 64 1.16775e-06
16 64 3.46324e-07
17 64 6.6456e-08
18 64 5.75087e-08
19 64 5.95097e-09
20 64 1.97638e-07
21 64 1.18843e-07
22 64 1.13176e-06
23 64 2.18912e-06
24 64 3.48413e-07
25 64 1.37455e-07
26 64 8.07754e-06
27 64 1.48277e-06
28 64 4.37639e-08
29 64 1.55828e-07
30 64 9.50388e-07
31 64 1.33315e-06
32 64 2.27481e-06
33 64 2.39133e-06
34 64 6.36559e-06
35 64 1.758e-05
36 64 2.64215e-06
37 64 1.21826e-05
38 64 5.3221e-05
39 64 9.18667e-05
40 64 1.68573e-09
41 64 1.38833e-08
42 64 0.000471778
43 64 0.000307603
44 64 7.57167e-06
45 64 8.79913e-06
46 64 9.99605e-06
47 64 2.73131e-06
48 64 1.00996e-05
49 64 3.64272e-06
50 64 1.00838e-05
51 64 8.53889e-05
52 64 3.74964e-05
53 64 1.45423e-05
54 64 0.000173978
55 64 0.000118105
56 64 9.96918e-07
57 64 3.78612e-06
58 64 0.009977
59 64 0.00453877
0 65 2.06963e-06
1 65 8.71748e-06
2 65 1.63134e-07
3 65 6.04768e-07
4 65 1.00487e-06
5 65 5.97366e-06
6 65 1.47044e-08
7 65 1.23277e-08
8 65 2.0707e-07
9 65 2.65005e-06
10 65 9.67382e-08
11 65 1.79987e-06
12 65 1.65951e-07
13 65 2.16052e-07
14 65 1.16776e-06
15 65 1.23746e-06
16 65 6.64441e-08
17 65 3.46319e-07
18 65 5.97591e-09
19 65 5.74089e-08
20 65 1.1895e-07
21 65 1.97655e-07
22 65 2.18898e-06
23 65 1.13158e-06
24 65 1.3743e-07
25 65 3.48405e-07
26 65 1.4827e-06
27 65 8.07665e-06
28 65 1.55841e-07
29 65 4.37963e-08
30 65 1.3329e-06
31 65 9.52281e-07
32 65 2.39071e-06
33 65 2.27481e-06
34 65 1.75796e-05
35 65 6.36397e-06
36 65 1.21816e-05
37 65 2.64228e-06
38 65 9.18557e-05
39 65 5.32234e-05
40 65 1.39555e-08
41 65 1.66988e-09
42 65 0.000307594
43 65 0.000471764
44 65 8.79646e-06
45 65 7.56766e-06
46 65 2.72971e-06
47 65 9.99425e-06
48 65 3.64352e-06
49 65 1.00999e-05
50 65 8.53876e-05
51 65 1.00818e-05
52 65 1.45671e-05
53 65 3.74971e-05
54 65 0.000118065
55 65 0.000173982
56 65 3.78708e-06
57 65 9.96673e-07
58 65 0.00453831
59 65 0.00997672
0 66 2.35911e-08
1 66 5.34127e-09
2 66 2.98607e-07
3 66 1.37999e-07
4 66 1.35857e-07
5 66 1.98031e-09
6 66 5.03282e-08
7 66 1.28996e-07
8 66 4.17263e-08
9 66 3.55089e-10
10 66 5.20354e-08
11 66 6.48979e-09
12 66 4.44507e-05
13 66 8.41449e-05
14 66 3.07898e-07
15 66 2.75776e-07
16 66 2.78194e-09
17 66 9.07204e-10
18 66 2.22261e-06
19 66 5.13958e-07
20 66 5.81883e-08
21 66 7.92603e-09
22 66 8.36775e-09
23 66 8.22791e-08
24 66 9.42139e-09
25 66 1.53312e-10
26 66 2.50839e-06
27 66 1.76277e-06
28 66 8.53851e-09
29 66 1.51143e-07
30 66 9.67253e-06
31 66 1.26483e-05
32 66 1.68495e-06
33 66 3.47798e-07
34 66 5.03801e-07
35 66 8.35284e-07
36 66 6.03012e-08
37 66 4.40523e-07
38 66 2.11058e-07
39 66 1.16525e-07
40 66 7.55764e-07
41 66 1.52967e-06
42 66 3.18838e-06
43 66 5.44311e-07
44 66 1.29786e-06
45 66 4.89969e-07
46 66 2.3457e-05
47 66 7.31056e-07
48 66 3.18443e-05
49 66 1.61313e-05
50 66 8.85147e-07
51 66 7.09698e-06
52 66 0.00286053
53 66 0.000609444
54 66 0.000167577
55 66 0.000115556
56 66 1.01584e-05
57 66 1.54065e-05
58 66 3.77792e-05
59 66 2.71233e-06
0 67 5.32753e-09
1 67 2.35922e-08
2 67 1.37963e-07
3 67 2.98656e-07
4 67 1.96024e-09
5 67 1.3593e-07
6 67 1.29001e-07
7 67 5.03321e-08
8 67 3.53569e-10
9 67 4.17095e-08
10 67 6.4897e-09
11 67 5.20397e-08
12 67 8.41406e-05
13 67 4.44515e-05
14 67 2.75813e-07
15 67 3.07825e-07
16 67 9.09085e-10
17 67 2.78233e-09
18 67 5.13958e-07
19 67 2.2226e-06
20 67 7.92376e-09
21 67 5.81889e-08
22 67 8.22774e-08
23 67 8.36285e-09
24 67 1.54285e-10
25 67 9.42194e-09
26 67 1.76294e-06
27 67 2.50777e-06
28 67 1.51148e-07
29 67 8.60058e-09
30 67 1.26488e-05
31 67 9.67146e-06
32 67 3.47709e-07
33 67 1.68495e-06
34 67 8.35311e-07
35 67 5.03616e-07
36 67 4.40469e-07
37 67 6.03283e-08
38 67 1.18292e-07
39 67 2.10148e-07
40 67 1.52973e-06
41 67 7.5573e-07
42 67 5.44358e-07
43 67 3.18869e-06
44 67 4.89988e-07
45 67 1.29807e-06
46 67 7.31384e-07
47 67 2.34574e-05
48 67 1.61306e-05
49 67 3.18445e-05
50 67 7.09687e-06
51 67 8.84859e-07
52 67 0.0006093
53 67 0.00286058
54 67 0.000115531
55 67 0.000167588
56 67 1.54092e-05
57 67 1.01569e-05
58 67 2.72837e-06
59 67 3.77878e-05
0 68 1.9764e-06
1 68 1.49334e-07
2 68 1.38831e-07
3 68 2.55095e-07
4 68 5.18669e-07
5 68 6.63149e-07
6 68 6.74734e-07
7 68 9.98023e-07
8 68 9.07446e-06
9 68 5.9533e-06
10 68 1.61383e-06
11 68 3.61797e-07
12 68 1.16967e-07
13 68 1.47862e-08
14 68 9.87683e-09
15 68 1.84043e-06
16 68 2.1275e-05
17 68 2.28948e-06
18 68 2.58354e-09
19 68 6.69979e-09
20 68 1.26493e-07
21 68 5.84987e-08
22 68 1.08089e-07
23 68 8.33631e-08
24 68 3.82015e-08
25 68 2.88853e-08
26 68 6.96815e-07
27 68 3.48738e-07
28 68 3.49876e-08
29 68 1.14217e-07
30 68 2.19567e-10
31 68 3.08086e-07
32 68 6.84761e-08
33 68 7.23858e-08
34 68 7.22077e-09
35 68 1.38833e-07
36 68 4.74102e-06
37 68 1.29017e-06
38 68 2.58944e-06
39 68 8.83801e-07
40 68 5.21461e-08
41 68 3.62316e-08
42 68 2.81512e-05
43 68 6.04848e-05
44 68 8.70926e-06
45 68 3.34108e-05
46 68 3.05118e-07
47 68 2.67996e-07
48 68 2.07644e-06
49 68 1.02273e-07
50 68 3.70887e-06
51 68 1.77131e-05
52 68 7.94252e-06
53 68 9.89353e-07
54 68 2.42217e-05
55 68 6.39618e-08
56 68 5.82537e-06
57 68 1.029e-06
58 68 8.57622e-05
59 68 7.54802e-05
0 69 1.49389e-07
1 69 1.97656e-06
2 69 2.55084e-07
3 69 1.38836e-07
4 69 6.63231e-07
5 69 5.18694e-07
6 69 9.98034e-07
7 69 6.74886e-07
8 69 5.9541e-06
9 69 9.07488e-06
10 69 3.61875e-07
11 69 1.61391e-06
12 69 1.47786e-08
13 69 1.16946e-07
14 69 1.8406e-06
15 69 9.86939e-09
16 69 2.29013e-06
17 69 2.1276e-05
18 69 6.69997e-09
19 69 2.58362e-09
20 69 5.84857e-08
21 69 1.26436e-07
22 69 8.33566e-08
23 69 1.08079e-07
24 69 2.8876e-08
25 69 3.81901e-08
26 69 3.4888e-07
27 69 6.96848e-07
28 69 1.142e-07
29 69 3.49804e-08
30 69 3.07731e-07
31 69 2.09653e-10
32 69 7.24022e-08
33 69 6.85122e-08
34 69 1.38873e-07
35 69 7.23521e-09
36 69 1.29017e-06
37 69 4.74066e-06
38 69 8.83771e-07
39 69 2.58996e-06
40 69 3.62258e-08
41 69 5.22717e-08
42 69 6.04893e-05
43 69 2.81545e-05
44 69 3.3412e-05
45 69 8.71008e-06
46 69 2.6823e-07
47 69 3.05332e-07
48 69 1.02291e-07
49 69 2.07651e-06
50 69 1.77142e-05
51 69 3.70976e-06
52 69 9.8919e-07
53 69 7.94145e-06
54 69 6.39979e-08
55 69 2.42242e-05
56 69 1.02929e-06
57 69 5.82397e-06
58 69 7.54865e-05
59 69 8.57709e-05
0 70 1.26464e-06
1 70 9.16595e-07
2 70 1.27006e-06
3 70 1.44154e-07
4 70 8.31042e-07
5 70 9.46803e-07
6 70 3.08014e-08
7 70 5.47705e-07
8 70 2.93891e-06
9 70 2.32953e-06
10 70 6.46743e-07
11 70 2.94824e-07
12 70 1.03561e-06
13 70 3.05436e-07
14 70 2.24643e-09
15 70 2.22631e-09
16 70 5.47646e-06
17 70 2.02683e-06
18 70 8.61651e-08
19 70 3.66678e-08
20 70 4.70011e-09
21 70 1.95557e-08
22 70 9.51705e-06
23 70 2.43533e-06
24 70 5.25729e-06
25 70 1.08259e-05
26 70 8.98847e-06
27 70 2.20597e-07
28 70 4.44712e-06
29 70 3.10572e-06
30 70 5.6335e-07
31 70 6.84918e-07
32 70 2.84007e-08
33 70 3.42103e-07
34 70 2.99666e-06
35 70 7.9657e-06
36 70 5.91716e-07
37 70 7.5261e-07
38 70 1.0479e-06
39 70 1.09357e-05
40 70 3.10937e-08
41 70 5.80974e-07
42 70 1.11499e-05
43 70 4.33345e-05
44 70 7.7303e-06
45 70 3.63387e-05
46 70 1.59392e-07
47 70 3.20157e-07
48 70 1.98953e-06
49 70 8.96934e-07
50 70 2.06276e-08
51 70 2.59425e-08
52 70 3.17221e-05
53 70 4.69745e-05
54 70 0.00026417
55 70 0.000256227
56 70 7.29938e-05
57 70 0.000310551
58 70 0.000123532
59 70 0.000389629
0 71 9.16244e-07
1 71 1.26455e-06
2 71 1.44133e-07
3 71 1.27013e-06
4 71 9.46809e-07
5 71 8.31045e-07
6 71 5.47838e-07
7 71 3.08062e-08
8 71 2.32936e-06
9 71 2.93855e-06
10 71 2.94792e-07
11 71 6.46712e-07
12 71 3.05475e-07
13 71 1.03563e-06
14 71 2.22749e-09
15 71 2.23703e-09
16 71 2.02647e-06
17 71 5.47624e-06
18 71 3.66887e-08
19 71 8.60691e-08
20 71 1.95663e-08
21 71 4.70278e-09
22 71 2.43475e-06
23 71 9.51631e-06
24 71 1.08255e-05
25 71 5.25709e-06
26 71 2.20405e-07
27 71 8.98746e-06
28 71 3.10569e-06
29 71 4.44702e-06
30 71 6.84883e-07
31 71 5.6387e-07
32 71 3.41938e-07
33 71 2.83595e-08
34 71 7.96578e-06
35 71 2.99701e-06
36 71 7.52685e-07
37 71 5.91715e-07
38 71 1.09337e-05
39 71 1.04821e-06
40 71 5.8096e-07
41 71 3.10947e-08
42 71 4.33324e-05
43 71 1.11468e-05
44 71 3.63372e-05
45 71 7.72795e-06
46 71 3.20487e-07
47 71 1.59663e-07
48 71 8.98042e-07
49 71 1.98985e-06
50 71 2.59199e-08
51 71 2.05973e-08
52 71 4.69778e-05
53 71 3.17226e-05
54 71 0.000256174
55 71 0.000264171
56 71 0.000310546
57 71 7.29951e-05
58 71 0.000389601
59 71 0.000123513
0 72 1.51282e-06
1 72 3.26242e-07
2 72 5.66454e-07
3 72 3.22449e-07
4 72 6.39117e-08
5 72 1.34846e-07
6 72 2.33038e-07
7 72 1.2916e-06
8 72 7.11004e-07
9 72 6.52394e-07
10 72 3.14415e-07
11 72 9.44633e-08
12 72 1.1226e-07
13 72 7.795e-09
14 72 1.54735e-08
15 72 7.63818e-08
16 72 1.97084e-06
17 72 2.36475e-07
18 72 3.83209e-09
19 72 3.32889e-09
20 72 2.21338e-08
21 72 4.19045e-08
22 72 9.23596e-06
23 72 2.43924e-06
24 72 5.94068e-06
25 72 8.39782e-06
26 72 6.94465e-06
27 72 4.50463e-07
28 72 4.37593e-06
29 72 5.41421e-06
30 72 3.31157e-09
31 72 1.99381e-09
32 72 2.63443e-07
33 72 1.33633e-06
34 72 7.21952e-08
35 72 8.50734e-07
36 72 6.67435e-06
37 72 2.97613e-06
38 72 9.07024e-07
39 72 1.76087e-06
40 72 7.30754e-09
41 72 1.35976e-08
42 72 6.58299e-06
43 72 4.91923e-05
44 72 4.49439e-07
45 72 6.80752e-06
46 72 7.06631e-07
47 72 1.20456e-06
48 72 5.43139e-07
49 72 8.05323e-08
50 72 3.21836e-07
51 72 9.25472e-07
52 72 5.87342e-06
53 72 3.94757e-06
54 72 0.000286542
55 72 6.27145e-05
56 72 0.000331578
57 72 0.000303754
58 72 2.9755e-05
59 72 9.00804e-05
0 73 3.26202e-07
1 73 1.51286e-06
2 73 3.22243e-07
3 73 5.66661e-07
4 73 1.34825e-07
5 73 6.39359e-08
6 73 1.29157e-06
7 73 2.33092e-07
8 73 6.52401e-07
9 73 7.10996e-07
10 73 9.44669e-08
11 73 3.14413e-07
12 73 7.78713e-09
13 73 1.1227e-07
14 73 7.63821e-08
15 73 1.5476e-08
16 73 2.36459e-07
17 73 1.97086e-06
18 73 3.3301e-09
19 73 3.83064e-09
20 73 4.18774e-08
21 73 2.2157e-08
22 73 2.43928e-06
23 73 9.23594e-06
24 73 8.39785e-06
25 73 5.94063e-06
26 73 4.5046e-07
27 73 6.94464e-06
28 73 5.41401e-06
29 73 4.37617e-06
30 73 1.99015e-09
31 73 3.2936e-09
32 73 1.33621e-06
33 73 2.63524e-07
34 73 8.50726e-07
35 73 7.21937e-08
36 73 2.97627e-06
37 73 6.67421e-06
38 73 1.76102e-06
39 73 9.0688e-07
40 73 1.35948e-08
41 73 7.31399e-09
42 73 4.91923e-05
43 73 6.58321e-06
44 73 6.80736e-06
45 73 4.49637e-07
46 73 1.20456e-06
47 73 7.06616e-07
48 73 8.02681e-08
49 73 5.43366e-07
50 73 9.25482e-07
51 73 3.21844e-07
52 73 3.94851e-06
53 73 5.8724e-06
54 73 6.27149e-05
55 73 0.000286542
56 73 0.000303794
57 73 0.000331539
58 73 9.00803e-05
59 73 2.97555e-05
0 74 2.88959e-09
1 74 1.11043e-06
2 74 2.83213e-07
3 74 2.37228e-07
4 74 1.64294e-08
5 74 3.76991e-08
6 74 1.28899e-07
7 74 2.8856e-08
8 74 1.61566e-07
9 74 6.90195e-07
10 74 1.42434e-08
11 74 2.29844e-07
12 74 3.00236e-07
13 74 1.34336e-06
14 74 2.73704e-07
15 74 2.85893e-08
16 74 5.16887e-09
17 74 4.80994e-07
18 74 7.64117e-07
19 74 6.663e-07
20 74 1.1581e-09
21 74 3.80542e-09
22 74 1.15354e-06
23 74 8.50451e-07
24 74 4.29484e-08
25 74 1.11388e-07
26 74 3.59672e-07
27 74 1.22808e-06
28 74 2.14873e-06
29 74 3.42532e-07
30 74 1.4783e-06
31 74 4.19357e-08
32 74 1.16955e-05
33 74 1.28363e-05
34 74 2.67979e-06
35 74 7.0331e-08
36 74 3.59596e-08
37 74 5.31234e-08
38 74 1.84684e-06
39 74 3.50589e-06
40 74 9.02809e-06
41 74 5.75788e-06
42 74 4.00418e-06
43 74 3.01937e-06
44 74 1.45309e-06
45 74 5.12616e-07
46 74 1.01314e-06
47 74 2.32398e-06
48 74 2.42356e-07
49 74 2.86752e-05
50 74 3.77991e-06
51 74 1.49283e-07
52 74 3.8061e-07
53 74 6.75307e-06
54 74 4.87772e-06
55 74 0.000116355
56 74 3.30739e-08
57 74 1.29788e-07
58 74 3.18383e-05
59 74 5.74828e-05
0 75 1.11043e-06
1 75 2.88699e-09
2 75 2.37313e-07
3 75 2.83039e-07
4 75 3.77049e-08
5 75 1.64537e-08
6 75 2.89381e-08
7 75 1.28879e-07
8 75 6.9019e-07
9 75 1.61565e-07
10 75 2.29834e-07
11 75 1.42228e-08
12 75 1.34323e-06
13 75 3.00235e-07
14 75 2.865e-08
15 75 2.73534e-07
16 75 4.80987e-07
17 75 5.1659e-09
18 75 6.66272e-07
19 75 7.6419e-07
20 75 3.7966e-09
21 75 1.1587e-09
22 75 8.50464e-07
23 75 1.15354e-06
24 75 1.11392e-07
25 75 4.29456e-08
26 75 1.22812e-06
27 75 3.59657e-07
28 75 3.42479e-07
29 75 2.14845e-06
30 75 4.20803e-08
31 75 1.4777e-06
32 75 1.28374e-05
33 75 1.16955e-05
34 75 7.03412e-08
35 75 2.68e-06
36 75 5.31319e-08
37 75 3.59586e-08
38 75 3.50626e-06
39 75 1.84681e-06
40 75 5.75773e-06
41 75 9.02812e-06
42 75 3.01931e-06
43 75 4.00416e-06
44 75 5.12695e-07
45 75 1.45341e-06
46 75 2.32357e-06
47 75 1.01272e-06
48 75 2.8676e-05
49 75 2.42336e-07
50 75 1.49112e-07
51 75 3.77962e-06
52 75 6.75122e-06
53 75 3.80945e-07
54 75 0.000116351
55 75 4.87923e-06
56 75 1.29605e-07
57 75 3.3056e-08
58 75 5.74837e-05
59 75 3.18395e-05
0 76 1.75594e-06
1 76 6.68944e-07
2 76 2.83321e-08
3 76 7.965e-08
4 76 1.20194e-07
5 76 5.75719e-07
6 76 1.05008e-07
7 76 1.08137e-07
8 76 4.67034e-08
9 76 9.23457e-08
10 76 6.9283e-08
11 76 5.81608e-08
12 76 1.99606e-05
13 76 8.36596e-07
14 76 3.86293e-08
15 76 6.28254e-07
16 76 1.30807e-07
17 76 3.84482e-08
18 76 6.27363e-07
19 76 4.17209e-06
20 76 8.14425e-07
21 76 1.19701e-06
22 76 9.90728e-09
23 76 2.4521e-09
24 76 1.65269e-07
25 76 4.16442e-07
26 76 1.5466e-06
27 76 9.07663e-07
28 76 1.97521e-07
29 76 1.59383e-07
30 76 3.2717e-06
31 76 3.06741e-05
32 76 9.99792e-07
33 76 1.67815e-06
34 76 3.67311e-09
35 76 7.0088e-09
36 76 8.04715e-07
37 76 3.60666e-08
38 76 1.24133e-06
39 76 1.0809e-06
40 76 5.14706e-06
41 76 3.50685e-06
42 76 1.28763e-08
43 76 6.7152e-09
44 76 1.70147e-07
45 76 2.33276e-06
46 76 1.36414e-05
47 76 4.22705e-05
48 76 2.78643e-07
49 76 6.54522e-08
50 76 1.95145e-07
51 76 2.75782e-07
52 76 0.000285221
53 76 0.000160791
54 76 3.29407e-05
55 76 4.54647e-06
56 76 2.11088e-05
57 76 4.39845e-06
58 76 1.92779e-06
59 76 7.13829e-06
0 77 6.68838e-07
1 77 1.75562e-06
2 77 7.96716e-08
3 77 2.83248e-08
4 77 5.76025e-07
5 77 1.2032e-07
6 77 1.08131e-07
7 77 1.05085e-07
8 77 9.23766e-08
9 77 4.67183e-08
10 77 5.8194e-08
11 77 6.93048e-08
12 77 8.36917e-07
13 77 1.99617e-05
14 77 6.28567e-07
15 77 3.86127e-08
16 77 3.8457e-08
17 77 1.30825e-07
18 77 4.17222e-06
19 77 6.2733e-07
20 77 1.19703e-06
21 77 8.14483e-07
22 77 2.46224e-09
23 77 9.91597e-09
24 77 4.16411e-07
25 77 1.6523e-07
26 77 9.06918e-07
27 77 1.5464e-06
28 77 1.59345e-07
29 77 1.97495e-07
30 77 3.06778e-05
31 77 3.27175e-06
32 77 1.678e-06
33 77 9.99093e-07
34 77 7.0179e-09
35 77 3.66555e-09
36 77 3.60635e-08
37 77 8.04832e-07
38 77 1.08114e-06
39 77 1.23872e-06
40 77 3.50682e-06
41 77 5.14734e-06
42 77 6.73991e-09
43 77 1.29994e-08
44 77 2.33264e-06
45 77 1.7013e-07
46 77 4.22728e-05
47 77 1.36436e-05
48 77 6.53982e-08
49 77 2.78461e-07
50 77 2.7601e-07
51 77 1.95309e-07
52 77 0.000160794
53 77 0.000285246
54 77 4.54645e-06
55 77 3.29382e-05
56 77 4.39892e-06
57 77 2.11059e-05
58 77 7.13461e-06
59 77 1.92347e-06
0 78 1.2947e-06
1 78 2.36466e-06
2 78 7.12877e-08
3 78 2.91943e-07
4 78 2.25225e-06
5 78 1.45809e-06
6 78 2.70693e-08
7 78 7.17181e-09
8 78 1.19805e-07
9 78 1.44579e-07
10 78 1.19174e-09
11 78 5.3441e-09
12 78 8.98009e-09
13 78 7.93587e-08
14 78 7.03811e-08
15 78 5.71701e-08
16 78 8.14453e-09
17 78 2.83958e-08
18 78 3.78479e-08
19 78 7.10445e-08
20 78 6.21391e-09
21 78 1.63514e-09
22 78 1.44366e-09
23 78 7.40864e-09
24 78 1.58078e-08
25 78 6.79203e-09
26 78 3.8074e-08
27 78 2.54243e-06
28 78 3.22883e-06
29 78 4.79327e-06
30 78 3.29251e-09
31 78 8.14004e-10
32 78 5.67743e-07
33 78 4.398e-08
34 78 3.66999e-07
35 78 9.5192e-08
36 78 9.02802e-09
37 78 1.1358e-08
38 78 0.000328749
39 78 4.86157e-05
40 78 3.17908e-07
41 78 3.40624e-08
42 78 1.39346e-06
43 78 2.48847e-07
44 78 3.68799e-07
45 78 4.913e-08
46 78 2.51797e-06
47 78 1.11612e-06
48 78 6.26958e-08
49 78 1.08678e-07
50 78 1.41893e-07
51 78 8.32222e-08
52 78 2.3588e-07
53 78 2.59344e-07
54 78 7.94486e-07
55 78 1.22485e-06
56 78 2.66412e-07
57 78 8.93244e-08
58 78 0.000205972
59 78 5.5043e-05
0 79 2.36468e-06
1 79 1.2949e-06
2 79 2.92019e-07
3 79 7.12647e-08
4 79 1.45827e-06
5 79 2.25229e-06
6 79 7.17433e-09
7 79 2.7074e-08
8 79 1.44586e-07
9 79 1.19807e-07
10 79 5.34555e-09
11 79 1.19193e-09
12 79 7.9381e-08
13 79 8.82028e-09
14 79 5.71331e-08
15 79 7.03918e-08
16 79 2.8397e-08
17 79 8.14718e-09
18 79 7.10929e-08
19 79 3.78283e-08
20 79 1.63486e-09
21 79 6.21635e-09
22 79 7.4128e-09
23 79 1.44637e-09
24 79 6.79159e-09
25 79 1.5808e-08
26 79 2.54223e-06
27 79 3.80733e-08
28 79 4.79335e-06
29 79 3.22886e-06
30 79 8.26918e-10
31 79 3.29752e-09
32 79 4.39719e-08
33 79 5.67704e-07
34 79 9.51651e-08
35 79 3.66999e-07
36 79 1.13596e-08
37 79 9.02248e-09
38 79 4.86074e-05
39 79 0.000328778
40 79 3.40399e-08
41 79 3.17987e-07
42 79 2.48953e-07
43 79 1.39352e-06
44 79 4.91872e-08
45 79 3.68834e-07
46 79 1.11636e-06
47 79 2.51814e-06
48 79 1.08671e-07
49 79 6.25812e-08
50 79 8.31936e-08
51 79 1.41877e-07
52 79 2.59858e-07
53 79 2.34387e-07
54 79 1.22519e-06
55 79 7.9316e-07
56 79 8.92279e-08
57 79 2.66667e-07
58 79 5.5049e-05
59 79 0.000205983
0 80 1.53341e-07
1 80 2.66975e-08
2 80 5.66583e-09
3 80 1.44489e-08
4 80 9.30649e-08
5 80 4.61463e-08
6 80 1.06304e-08
7 80 1.01233e-08
8 80 2.46915e-10
9 80 1.92836e-10
10 80 5.36044e-08
11 80 2.35399e-08
12 80 1.44753e-08
13 80 1.07749e-08
14 80 5.93037e-10
15 80 7.44378e-09
16 80 1.04804e-06
17 80 3.70621e-07
18 80 3.88302e-09
19 80 1.1555e-08
20 80 1.8406e-09
21 80 5.28925e-11
22 80 5.16889e-08
23 80 2.2218e-07
24 80 1.48379e-06
25 80 3.02281e-07
26 80 1.25826e-07
27 80 2.2472e-07
28 80 9.29116e-08
29 80 6.97363e-07
30 80 2.09283e-07
31 80 1.64653e-06
32 80 2.15085e-06
33 80 4.4116e-07
34 80 5.41517e-06
35 80 1.53907e-05
36 80 1.61072e-08
37 80 1.57386e-08
38 80 1.41714e-08
39 80 6.83444e-10
40 80 1.011e-07
41 80 3.48359e-08
42 80 5.35839e-06
43 80 2.90455e-06
44 80 1.84649e-06
45 80 1.54124e-06
46 80 6.71498e-07
47 80 1.89074e-07
48 80 2.60222e-07
49 80 6.13954e-08
50 80 3.68429e-08
51 80 1.53912e-07
52 80 9.50988e-07
53 80 4.66303e-08
54 80 1.03923e-05
55 80 1.26113e-06
56 80 2.55185e-05
57 80 2.3093e-06
58 80 4.62108e-07
59 80 1.05647e-07
0 81 2.6712e-08
1 81 1.53376e-07
2 81 1.44412e-08
3 81 5.66713e-09
4 81 4.61521e-08
5 81 9.30688e-08
6 81 1.01251e-08
7 81 1.06377e-08
8 81 1.94414e-10
9 81 2.47505e-10
10 81 2.35371e-08
11 81 5.36021e-08
12 81 1.07746e-08
13 81 1.44744e-08
14 81 7.45676e-09
15 81 5.92699e-10
16 81 3.70604e-07
17 81 1.04801e-06
18 81 1.15035e-08
19 81 3.88626e-09
20 81 5.33347e-11
21 81 1.84281e-09
22 81 2.22224e-07
23 81 5.17195e-08
24 81 3.0224e-07
25 81 1.48374e-06
26 81 2.24822e-07
27 81 1.25857e-07
28 81 6.97308e-07
29 81 9.2881e-08
30 81 1.64633e-06
31 81 2.09259e-07
32 81 4.41175e-07
33 81 2.15091e-06
34 81 1.53919e-05
35 81 5.41571e-06
36 81 1.57421e-08
37 81 1.61513e-08
38 81 6.83311e-10
39 81 1.41823e-08
40 81 3.48363e-08
41 81 1.01102e-07
42 81 2.90482e-06
43 81 5.35862e-06
44 81 1.54134e-06
45 81 1.84653e-06
46 81 1.88953e-07
47 81 6.71379e-07
48 81 6.14294e-08
49 81 2.60316e-07
50 81 1.53974e-07
51 81 3.68888e-08
52 81 4.66496e-08
53 81 9.51077e-07
54 81 1.26132e-06
55 81 1.03943e-05
56 81 2.30945e-06
57 81 2.5517e-05
58 81 1.05712e-07
59 81 4.62201e-07
0 82 3.12849e-07
1 82 1.2572e-07
2 82 2.02923e-08
3 82 1.33842e-08
4 82 6.91017e-08
5 82 1.81255e-07
6 82 1.25967e-08
7 82 6.30593e-08
8 82 1.77582e-09
9 82 1.33321e-09
10 82 1.17561e-06
11 82 4.98587e-07
12 82 1.31487e-07
13 82 4.56909e-09
14 82 1.23824e-07
15 82 3.78983e-07
16 82 6.10686e-09
17 82 1.50377e-09
18 82 1.76012e-08
19 82 1.43341e-08
20 82 4.03434e-09
21 82 1.15774e-08
22 82 5.00128e-06
23 82 7.24946e-07
24 82 1.13391e-06
25 82 2.97469e-06
26 82 2.05287e-06
27 82 1.39782e-07
28 82 1.32064e-07
29 82 9.35168e-08
30 82 4.79757e-07
31 82 1.44794e-06
32 82 3.4649e-07
33 82 3.43099e-06
34 82 3.54145e-06
35 82 2.53917e-05
36 82 9.89492e-06
37 82 3.54092e-06
38 82 2.03329e-07
39 82 5.7949e-07
40 82 1.53533e-10
41 82 4.78117e-09
42 82 7.19543e-07
43 82 1.08167e-05
44 82 1.01392e-07
45 82 6.70025e-06
46 82 1.668e-07
47 82 5.20423e-07
48 82 6.21796e-07
49 82 1.22781e-07
50 82 4.41871e-06
51 82 8.15898e-06
52 82 4.5427e-06
53 82 4.10151e-06
54 82 4.74665e-05
55 82 1.65147e-05
56 82 1.23469e-06
57 82 1.31059e-06
58 82 4.18896e-06
59 82 1.95256e-05
0 83 1.25685e-07
1 83 3.12876e-07
2 83 1.3375e-08
3 83 2.03024e-08
4 83 1.81249e-07
5 83 6.91122e-08
6 83 6.30461e-08
7 83 1.26076e-08
8 83 1.33385e-09
9 83 1.77346e-09
10 83 4.98582e-07
11 83 1.17562e-06
12 83 4.57192e-09
13 83 1.31486e-07
14 83 3.79033e-07
15 83 1.23765e-07
16 83 1.50387e-09
17 83 6.10727e-09
18 83 1.42871e-08
19 83 1.76632e-08
20 83 1.15703e-08
21 83 4.04349e-09
22 83 7.24949e-07
23 83 5.00122e-06
24 83 2.97468e-06
25 83 1.13395e-06
26 83 1.39879e-07
27 83 2.05276e-06
28 83 9.35196e-08
29 83 1.32061e-07
30 83 1.44784e-06
31 83 4.79905e-07
32 83 3.4309e-06
33 83 3.46541e-07
34 83 2.53922e-05
35 83 3.54074e-06
36 83 3.54051e-06
37 83 9.89525e-06
38 83 5.79421e-07
39 83 2.03395e-07
40 83 4.76526e-09
41 83 1.57109e-10
42 83 1.08168e-05
43 83 7.19398e-07
44 83 6.70033e-06
45 83 1.01384e-07
46 83 5.20435e-07
47 83 1.66799e-07
48 83 1.22803e-07
49 83 6.21774e-07
50 83 8.159e-06
51 83 4.41866e-06
52 83 4.10162e-06
53 83 4.54264e-06
54 83 1.65115e-05
55 83 4.74692e-05
56 83 1.31033e-06
57 83 1.23495e-06
58 83 1.95254e-05
59 83 4.18911e-06
0 84 2.77578e-07
1 84 1.75311e-07
2 84 6.37885e-09
3 84 3.52818e-09
4 84 1.08996e-07
5 84 7.14808e-07
6 84 1.42144e-09
7 84 7.3745e-09
8 84 3.43369e-07
9 84 8.80457e-07
10 84 4.10575e-07
11 84 4.11267e-07
12 84 4.22568e-07
13 84 1.85524e-08
14 84 7.80076e-09
15 84 3.01614e-08
16 84 3.63788e-07
17 84 1.45548e-07
18 84 1.72682e-08
19 84 3.96026e-08
20 84 2.23451e-07
21 84 1.10839e-06
22 84 1.43181e-05
23 84 6.85831e-07
24 84 2.74076e-08
25 84 1.13444e-07
26 84 8.15505e-08
27 84 1.88188e-08
28 84 1.0524e-08
29 84 9.1271e-10
30 84 1.14054e-06
31 84 3.13308e-06
32 84 6.1901e-08
33 84 1.18142e-06
34 84 3.19178e-09
35 84 4.0057e-09
36 84 9.2112e-08
37 84 1.19377e-08
38 84 1.05852e-08
39 84 1.0483e-08
40 84 6.82197e-07
41 84 1.18226e-06
42 84 1.71041e-07
43 84 3.19013e-05
44 84 5.93128e-08
45 84 2.3086e-08
46 84 8.00123e-08
47 84 5.21758e-07
48 84 2.63484e-07
49 84 7.61075e-08
50 84 3.42052e-07
51 84 3.69248e-07
52 84 3.37994e-06
53 84 4.38905e-06
54 84 8.05942e-06
55 84 3.47268e-06
56 84 2.34019e-07
57 84 3.23783e-07
58 84 2.56169e-06
59 84 2.24294e-05
0 85 1.75278e-07
1 85 2.77663e-07
2 85 3.51988e-09
3 85 6.39025e-09
4 85 7.14796e-07
5 85 1.09011e-07
6 85 7.37499e-09
7 85 1.42218e-09
8 85 8.804e-07
9 85 3.43375e-07
10 85 4.11278e-07
11 85 4.10573e-07
12 85 1.85489e-08
13 85 4.22576e-07
14 85 3.01387e-08
15 85 7.81408e-09
16 85 1.45546e-07
17 85 3.63824e-07
18 85 3.95985e-08
19 85 1.72714e-08
20 85 1.10838e-06
21 85 2.23478e-07
22 85 6.85881e-07
23 85 1.43182e-05
24 85 1.13423e-07
25 85 2.74817e-08
26 85 1.8847e-08
27 85 8.15457e-08
28 85 9.12443e-10
29 85 1.05265e-08
30 85 3.13295e-06
31 85 1.14064e-06
32 85 1.18139e-06
33 85 6.19324e-08
34 85 4.00818e-09
35 85 3.19601e-09
36 85 1.19542e-08
37 85 9.20913e-08
38 85 1.04748e-08
39 85 1.0609e-08
40 85 1.18216e-06
41 85 6.82341e-07
42 85 3.19018e-05
43 85 1.71093e-07
44 85 2.30955e-08
45 85 5.94287e-08
46 85 5.21739e-07
47 85 7.99853e-08
48 85 7.61014e-08
49 85 2.63492e-07
50 85 3.69206e-07
51 85 3.42042e-07
52 85 4.38907e-06
53 85 3.37995e-06
54 85 3.47229e-06
55 85 8.0602e-06
56 85 3.2401e-07
57 85 2.33818e-07
58 85 2.24296e-05
59 85 2.56241e-06
0 86 1.72548e-07
1 86 3.25248e-09
2 86 6.84812e-07
3 86 5.73731e-07
4 86 2.46142e-07
5 86 1.18108e-07
6 86 2.18672e-07
7 86 1.10768e-06
8 86 5.08305e-07
9 86 1.18912e-07
10 86 6.25442e-07
11 86 4.58305e-08
12 86 8.44602e-08
13 86 2.22596e-08
14 86 3.3439e-09
15 86 2.99929e-08
16 86 2.62311e-07
17 86 1.57652e-09
18 86 1.00245e-09
19 86 7.69343e-10
20 86 2.02297e-08
21 86 2.22412e-08
22 86 2.22821e-07
23 86 2.97683e-07
24 86 1.40779e-05
25 86 6.07699e-06
26 86 1.1017e-08
27 86 3.0698e-09
28 86 1.94101e-07
29 86 9.40482e-07
30 86 8.66362e-09
31 86 4.85558e-10
32 86 6.19041e-11
33 86 3.21823e-09
34 86 3.51487e-09
35 86 6.09774e-08
36 86 9.82158e-07
37 86 6.72808e-07
38 86 5.31017e-07
39 86 3.39427e-07
40 86 1.07852e-08
41 86 1.76699e-08
42 86 3.77059e-07
43 86 4.3431e-07
44 86 1.28838e-05
45 86 4.3993e-05
46 86 1.98377e-07
47 86 5.69725e-08
48 86 3.14904e-06
49 86 1.32383e-08
50 86 3.79187e-08
51 86 7.40466e-07
52 86 5.03188e-07
53 86 2.86363e-08
54 86 4.75005e-09
55 86 9.90722e-10
56 86 1.95185e-05
57 86 9.58935e-06
58 86 2.18493e-05
59 86 1.40793e-05
0 87 3.24656e-09
1 87 1.72568e-07
2 87 5.73516e-07
3 87 6.8493e-07
4 87 1.181e-07
5 87 2.46149e-07
6 87 1.10761e-06
7 87 2.18879e-07
8 87 1.18886e-07
9 87 5.08306e-07
10 87 4.58267e-08
11 87 6.25441e-07
12 87 2.22592e-08
13 87 8.44591e-08
14 87 2.99967e-08
15 87 3.34268e-09
16 87 1.57748e-09
17 87 2.62315e-07
18 87 7.68435e-10
19 87 1.00283e-09
20 87 2.22387e-08
21 87 2.02378e-08
22 87 2.97756e-07
23 87 2.22772e-07
24 87 6.077e-06
25 87 1.40779e-05
26 87 3.07784e-09
27 87 1.10153e-08
28 87 9.40472e-07
29 87 1.94103e-07
30 87 4.88346e-10
31 87 8.67284e-09
32 87 3.23069e-09
33 87 6.04075e-11
34 87 6.09665e-08
35 87 3.51408e-09
36 87 6.72825e-07
37 87 9.82114e-07
38 87 3.39387e-07
39 87 5.31112e-07
40 87 1.76739e-08
41 87 1.07745e-08
42 87 4.34337e-07
43 87 3.77126e-07
44 87 4.39931e-05
45 87 1.28838e-05
46 87 5.697e-08
47 87 1.98376e-07
48 87 1.32603e-08
49 87 3.14875e-06
50 87 7.40483e-07
51 87 3.79243e-08
52 87 2.86522e-08
53 87 5.03146e-07
54 87 9.82308e-10
55 87 4.74607e-09
56 87 9.58988e-06
57 87 1.95176e-05
58 87 1.40798e-05
59 87 2.18503e-05
0 88 7.51208e-08
1 88 1.272e-06
2 88 2.29668e-07
3 88 1.0693e-07
4 88 1.81354e-07
5 88 6.04897e-07
6 88 7.48501e-08
7 88 6.27676e-08
8 88 4.44149e-08
9 88 2.03504e-07
10 88 3.52682e-08
11 88 1.67443e-07
12 88 5.9811e-08
13 88 8.6979e-08
14 88 3.4457e-09
15 88 1.23833e-09
16 88 1.58052e-08
17 88 1.10306e-07
18 88 2.06497e-09
19 88 9.71917e-10
20 88 5.62875e-08
21 88 7.31838e-07
22 88 1.16952e-05
23 88 3.1641e-06
24 88 8.43281e-08
25 88 3.86345e-07
26 88 1.53693e-06
27 88 1.76319e-06
28 88 9.7146e-08
29 88 1.8896e-09
30 88 3.07203e-06
31 88 4.66852e-07
32 88 1.99573e-08
33 88 7.21422e-08
34 88 6.98208e-06
35 88 1.40561e-06
36 88 8.97125e-07
37 88 7.54471e-07
38 88 3.0486e-07
39 88 1.75591e-06
40 88 1.26707e-06
41 88 1.59009e-06
42 88 1.40385e-05
43 88 2.72057e-05
44 88 5.62706e-07
45 88 7.64021e-07
46 88 1.66919e-06
47 88 1.07391e-05
48 88 8.87209e-09
49 88 9.11215e-08
50 88 5.96329e-10
51 88 1.44359e-11
52 88 2.56003e-09
53 88 9.40298e-08
54 88 4.1399e-06
55 88 3.83031e-05
56 88 2.14155e-07
57 88 5.55218e-07
58 88 3.7163e-06
59 88 1.94798e-05
0 89 1.27196e-06
1 89 7.51069e-08
2 89 1.06914e-07
3 89 2.2972e-07
4 89 6.04954e-07
5 89 1.81574e-07
6 89 6.27719e-08
7 89 7.48463e-08
8 89 2.03484e-07
9 89 4.43474e-08
10 89 1.6745e-07
11 89 3.52755e-08
12 89 8.69543e-08
13 89 5.9807e-08
14 89 1.23692e-09
15 89 3.45238e-09
16 89 1.10331e-07
17 89 1.58173e-08
18 89 9.68118e-10
19 89 2.08166e-09
20 89 7.31878e-07
21 89 5.62875e-08
22 89 3.16402e-06
23 89 1.1695e-05
24 89 3.86428e-07
25 89 8.4444e-08
26 89 1.76322e-06
27 89 1.53703e-06
28 89 1.89789e-09
29 89 9.71714e-08
30 89 4.67006e-07
31 89 3.07097e-06
32 89 7.20849e-08
33 89 1.99711e-08
34 89 1.40552e-06
35 89 6.98172e-06
36 89 7.54174e-07
37 89 8.97182e-07
38 89 1.756e-06
39 89 3.04836e-07
40 89 1.58988e-06
41 89 1.26712e-06
42 89 2.7206e-05
43 89 1.40393e-05
44 89 7.64076e-07
45 89 5.62827e-07
46 89 1.07385e-05
47 89 1.66861e-06
48 89 9.11051e-08
49 89 8.86893e-09
50 89 1.39701e-11
51 89 5.95741e-10
52 89 9.39369e-08
53 89 2.56795e-09
54 89 3.83023e-05
55 89 4.13997e-06
56 89 5.55497e-07
57 89 2.14044e-07
58 89 1.94797e-05
59 89 3.71627e-06
0 90 3.37904e-07
1 90 1.3075e-06
2 90 2.51629e-07
3 90 3.44706e-07
4 90 4.6507e-09
5 90 1.99806e-07
6 90 5.31834e-07
7 90 2.35171e-07
8 90 8.36041e-10
9 90 6.40261e-08
10 90 3.28074e-10
11 90 2.73652e-09
12 90 1.55283e-06
13 90 8.26124e-07
14 90 2.38229e-07
15 90 2.51468e-07
16 90 2.39367e-08
17 90 6.07956e-08
18 90 5.94036e-07
19 90 2.19764e-06
20 90 6.06598e-09
21 90 1.045e-07
22 90 2.06856e-07
23 90 1.59346e-08
24 90 1.50639e-08
25 90 5.46219e-07
26 90 9.79818e-07
27 90 1.2182e-06
28 90 1.1626e-08
29 90 3.45788e-10
30 90 7.29382e-06
31 90 5.15866e-06
32 90 4.15529e-07
33 90 2.3539e-06
34 90 1.19121e-06
35 90 7.35742e-07
36 90 4.9029e-07
37 90 7.30617e-08
38 90 7.7373e-07
39 90 1.58557e-06
40 90 5.81752e-07
41 90 3.22655e-07
42 90 2.25893e-10
43 90 9.4792e-09
44 90 1.27278e-06
45 90 3.4148e-06
46 90 8.47126e-07
47 90 3.2237e-05
48 90 9.05359e-06
49 90 1.76807e-05
50 90 2.17359e-06
51 90 2.68905e-07
52 90 4.01159e-06
53 90 2.09094e-05
54 90 2.68479e-06
55 90 4.13148e-06
56 90 1.55008e-07
57 90 1.23591e-07
58 90 2.66173e-07
59 90 4.59054e-06
0 91 1.30753e-06
1 91 3.37815e-07
2 91 3.44837e-07
3 91 2.51517e-07
4 91 1.99872e-07
5 91 4.62685e-09
6 91 2.3517e-07
7 91 5.31869e-07
8 91 6.40119e-08
9 91 8.40574e-10
10 91 2.73659e-09
11 91 3.27995e-10
12 91 8.26084e-07
13 91 1.55295e-06
14 91 2.51506e-07
15 91 2.38206e-07
16 91 6.07958e-08
17 91 2.39255e-08
18 91 2.19755e-06
19 91 5.94095e-07
20 91 1.045e-07
21 91 6.06369e-09
22 91 1.59291e-08
23 91 2.06849e-07
24 91 5.46215e-07
25 91 1.50389e-08
26 91 1.218e-06
27 91 9.79853e-07
28 91 3.49869e-10
29 91 1.16229e-08
30 91 5.15989e-06
31 91 7.29312e-06
32 91 2.35397e-06
33 91 4.1549e-07
34 91 7.35875e-07
35 91 1.19117e-06
36 91 7.30241e-08
37 91 4.90351e-07
38 91 1.58584e-06
39 91 7.73271e-07
40 91 3.22585e-07
41 91 5.81864e-07
42 91 9.45751e-09
43 91 2.31132e-10
44 91 3.41459e-06
45 91 1.2728e-06
46 91 3.22375e-05
47 91 8.47636e-07
48 91 1.76807e-05
49 91 9.05384e-06
50 91 2.6887e-07
51 91 2.17358e-06
52 91 2.09086e-05
53 91 4.01351e-06
54 91 4.13199e-06
55 91 2.68382e-06
56 91 1.23854e-07
57 91 1.54642e-07
58 91 4.5904e-06
59 91 2.65934e-07
0 92 7.06985e-08
1 92 5.08473e-07
2 92 4.96913e-07
3 92 9.56739e-07
4 92 3.27812e-07
5 92 2.93187e-07
6 92 2.31658e-07
7 92 1.90453e-08
8 92 4.62961e-08
9 92 1.01893e-07
10 92 6.18839e-09
11 92 4.30084e-08
12 92 4.80554e-08
13 92 6.87935e-07
14 92 7.78462e-08
15 92 1.47355e-08
16 92 1.32698e-08
17 92 3.50363e-07
18 92 2.29861e-09
19 92 6.41528e-10
20 92 1.35258e-06
21 92 1.13285e-06
22 92 1.22643e-07
23 92 2.47528e-07
24 92 4.28998e-08
25 92 3.92957e-08
26 92 1.83869e-08
27 92 2.56981e-07
28 92 4.89102e-07
29 92 2.62776e-07
30 92 7.30411e-06
31 92 1.0556e-06
32 92 3.36381e-06
33 92 1.18489e-06
34 92 6.39869e-08
35 92 1.77005e-09
36 92 1.91026e-08
37 92 3.21409e-08
38 92 9.44663e-08
39 92 8.60817e-08
40 92 3.90987e-07
41 92 1.05257e-07
42 92 2.3424e-06
43 92 6.10817e-07
44 92 1.47622e-08
45 92 1.74063e-09
46 92 1.87879e-05
47 92 1.53129e-05
48 92 1.35667e-06
49 92 2.81272e-05
50 92 2.039e-07
51 92 3.0051e-08
52 92 3.20271e-06
53 92 8.30052e-06
54 92 3.17312e-08
55 92 1.08511e-07
56 92 1.21822e-07
57 92 1.7017e-07
58 92 3.39939e-08
59 92 3.47834e-08
0 93 5.08541e-07
1 93 7.06434e-08
2 93 9.56812e-07
3 93 4.96871e-07
4 93 2.9321e-07
5 93 3.27781e-07
6 93 1.90995e-08
7 93 2.3159e-07
8 93 1.01893e-07
9 93 4.62922e-08
10 93 4.30073e-08
11 93 6.18781e-09
12 93 6.87938e-07
13 93 4.80567e-08
14 93 1.47421e-08
15 93 7.78363e-08
16 93 3.50353e-07
17 93 1.32749e-08
18 93 6.4241e-10
19 93 2.29631e-09
20 93 1.13288e-06
21 93 1.35256e-06
22 93 2.47526e-07
23 93 1.22636e-07
24 93 3.92947e-08
25 93 4.29007e-08
26 93 2.56898e-07
27 93 1.84933e-08
28 93 2.62845e-07
29 93 4.89047e-07
30 93 1.05584e-06
31 93 7.3039e-06
32 93 1.18517e-06
33 93 3.36354e-06
34 93 1.75857e-09
35 93 6.39959e-08
36 93 3.21541e-08
37 93 1.90874e-08
38 93 8.59868e-08
39 93 9.45444e-08
40 93 1.05213e-07
41 93 3.91023e-07
42 93 6.10829e-07
43 93 2.34233e-06
44 93 1.73481e-09
45 93 1.47658e-08
46 93 1.5313e-05
47 93 1.87879e-05
48 93 2.8128e-05
49 93 1.356e-06
50 93 3.0049e-08
51 93 2.03897e-07
52 93 8.30024e-06
53 93 3.20304e-06
54 93 1.0865e-07
55 93 3.15663e-08
56 93 1.69884e-07
57 93 1.22093e-07
58 93 3.47489e-08
59 93 3.39882e-08
0 94 9.48678e-08
1 94 2.33407e-07
2 94 1.4456e-06
3 94 5.30785e-07
4 94 5.26193e-07
5 94 1.12096e-07
6 94 5.84552e-07
7 94 5.69844e-07
8 94 1.08791e-07
9 94 4.30191e-08
10 94 1.93944e-09
11 94 1.84388e-09
12 94 6.00744e-08
13 94 9.28895e-07
14 94 4.64313e-06
15 94 4.53362e-07
16 94 1.15745e-10
17 94 7.51966e-11
18 94 4.34881e-07
19 94 8.56726e-08
20 94 1.17537e-07
21 94 5.45049e-08
22 94 2.84888e-09
23 94 1.50888e-08
24 94 3.63478e-09
25 94 1.75765e-09
26 94 2.88463e-07
27 94 6.35782e-07
28 94 3.07343e-06
29 94 4.58386e-06
30 94 7.06108e-07
31 94 1.00282e-07
32 94 2.59042e-07
33 94 9.53991e-08
34 94 1.33419e-07
35 94 2.54815e-08
36 94 6.77355e-11
37 94 3.86464e-09
38 94 1.80663e-06
39 94 1.92921e-06
40 94 7.76754e-08
41 94 1.21189e-07
42 94 1.1921e-08
43 94 1.30183e-09
44 94 2.93258e-06
45 94 2.02712e-07
46 94 1.55212e-06
47 94 3.93247e-07
48 94 3.21388e-08
49 94 9.90044e-08
50 94 6.20104e-08
51 94 5.62212e-08
52 94 1.36976e-06
53 94 2.13093e-06
54 94 8.61241e-09
55 94 5.22324e-08
56 94 5.18567e-07
57 94 2.24915e-06
58 94 4.14226e-06
59 94 1.04137e-06
0 95 2.33311e-07
1 95 9.48455e-08
2 95 5.30709e-07
3 95 1.44593e-06
4 95 1.12069e-07
5 95 5.26126e-07
6 95 5.69888e-07
7 95 5.84545e-07
8 95 4.30147e-08
9 95 1.08783e-07
10 95 1.84412e-09
11 95 1.93978e-09
12 95 9.28941e-07
13 95 6.00715e-08
14 95 4.53355e-07
15 95 4.6432e-06
16 95 7.51683e-11
17 95 1.15931e-10
18 95 8.56954e-08
19 95 4.34772e-07
20 95 5.45067e-08
21 95 1.17537e-07
22 95 1.50848e-08
23 95 2.84412e-09
24 95 1.75702e-09
25 95 3.63466e-09
26 95 6.35727e-07
27 95 2.8823e-07
28 95 4.58404e-06
29 95 3.07381e-06
30 95 1.00289e-07
31 95 7.06147e-07
32 95 9.52331e-08
33 95 2.59022e-07
34 95 2.54695e-08
35 95 1.33379e-07
36 95 3.86624e-09
37 95 6.77307e-11
38 95 1.9284e-06
39 95 1.80669e-06
40 95 1.21031e-07
41 95 7.76922e-08
42 95 1.29307e-09
43 95 1.19098e-08
44 95 2.02714e-07
45 95 2.93258e-06
46 95 3.93312e-07
47 95 1.5522e-06
48 95 9.91155e-08
49 95 3.21925e-08
50 95 5.62383e-08
51 95 6.20316e-08
52 95 2.13139e-06
53 95 1.36985e-06
54 95 5.23468e-08
55 95 8.6322e-09
56 95 2.2493e-06
57 95 5.18532e-07
58 95 1.04089e-06
59 95 4.14189e-06
0 96 1.80083e-06
1 96 1.07625e-06
2 96 5.09675e-07
3 96 1.83489e-07
4 96 2.31183e-06
5 96 2.54622e-08
6 96 1.24258e-07
7 96 3.1914e-07
8 96 9.4532e-08
9 96 5.54663e-09
10 96 5.04924e-08
11 96 1.33775e-08
12 96 1.23026e-07
13 96 3.67077e-07
14 96 1.10791e-06
15 96 4.74637e-07
16 96 9.80931e-09
17 96 6.40295e-09
18 96 3.68128e-07
19 96 4.11663e-08
20 96 2.41469e-08
21 96 7.99756e-09
22 96 3.18057e-09
23 96 3.2461e-08
24 96 7.39927e-10
25 96 3.2467e-10
26 96 7.02744e-06
27 96 6.30104e-06
28 96 1.95436e-08
29 96 8.3808e-08
30 96 9.77144e-07
31 96 6.16513e-07
32 96 2.01446e-07
33 96 5.84877e-08
34 96 7.6097e-08
35 96 5.86238e-08
36 96 4.56263e-10
37 96 1.87105e-08
38 96 3.72403e-05
39 96 3.43544e-05
40 96 1.09703e-08
41 96 2.77789e-08
42 96 3.30522e-06
43 96 3.85912e-07
44 96 7.11209e-09
45 96 9.60803e-10
46 96 2.24826e-07
47 96 1.9016e-08
48 96 1.34345e-07
49 96 1.37987e-07
50 96 1.57343e-07
51 96 4.9304e-07
52 96 7.70415e-07
53 96 3.97668e-07
54 96 9.48312e-07
55 96 1.36476e-06
56 96 1.3133e-10
57 96 2.17066e-11
58 96 1.85981e-05
59 96 2.25142e-06
0 97 1.07591e-06
1 97 1.80078e-06
2 97 1.8344e-07
3 97 5.09796e-07
4 97 2.54469e-08
5 97 2.31177e-06
6 97 3.19205e-07
7 97 1.24249e-07
8 97 5.55336e-09
9 97 9.4548e-08
10 97 1.33778e-08
11 97 5.04922e-08
12 97 3.67361e-07
13 97 1.23105e-07
14 97 4.74625e-07
15 97 1.10797e-06
16 97 6.40478e-09
17 97 9.81045e-09
18 97 4.12085e-08
19 97 3.67969e-07
20 97 7.98334e-09
21 97 2.41455e-08
22 97 3.24578e-08
23 97 3.17585e-09
24 97 3.23173e-10
25 97 7.39491e-10
26 97 6.30094e-06
27 97 7.02639e-06
28 97 8.38236e-08
29 97 1.95909e-08
30 97 6.16451e-07
31 97 9.77579e-07
32 97 5.84531e-08
33 97 2.01459e-07
34 97 5.86229e-08
35 97 7.60832e-08
36 97 1.87132e-08
37 97 4.55818e-10
38 97 3.43501e-05
39 97 3.72413e-05
40 97 2.77271e-08
41 97 1.09791e-08
42 97 3.85867e-07
43 97 3.30515e-06
44 97 9.54979e-10
45 97 7.09889e-09
46 97 1.91294e-08
47 97 2.24945e-07
48 97 1.38e-07
49 97 1.34343e-07
50 97 4.93052e-07
51 97 1.57363e-07
52 97 3.98848e-07
53 97 7.70492e-07
54 97 1.36402e-06
55 97 9.48437e-07
56 97 2.0633e-11
57 97 1.32757e-10
58 97 2.25053e-06
59 97 1.85975e-05
0 98 4.57724e-09
1 98 1.00758e-08
2 98 1.24496e-07
3 98 1.44265e-07
4 98 7.74047e-09
5 98 1.36084e-09
6 98 5.29248e-08
7 98 4.50853e-08
8 98 1.22211e-06
9 98 1.60134e-07
10 98 2.67369e-07
11 98 1.4136e-07
12 98 9.13881e-10
13 98 3.73012e-09
14 98 6.14092e-09
15 98 1.27094e-08
16 98 1.42062e-07
17 98 9.22388e-08
18 98 2.91726e-09
19 98 2.36643e-09
20 98 1.9111e-08
21 98 4.71531e-10
22 98 9.06492e-09
23 98 3.21787e-08
24 98 2.13867e-07
25 98 1.42492e-09
26 98 3.50127e-09
27 98 1.219e-08
28 98 4.09891e-09
29 98 6.01141e-08
30 98 1.59689e-07
31 98 2.30332e-07
32 98 3.38787e-08
33 98 6.93507e-09
34 98 1.11071e-07
35 98 1.23898e-07
36 98 1.97934e-07
37 98 5.67655e-07
38 98 1.78096e-08
39 98 1.89858e-09
40 98 2.09971e-08
41 98 1.90214e-08
42 98 1.01754e-07
43 98 3.72468e-08
44 98 3.45752e-06
45 98 5.7694e-07
46 98 6.61259e-08
47 98 4.08385e-09
48 98 4.95967e-08
49 98 3.82534e-08
50 98 5.11691e-08
51 98 7.3786e-08
52 98 1.13763e-10
53 98 1.16166e-09
54 98 3.71773e-08
55 98 2.34111e-08
56 98 4.87977e-07
57 98 3.17279e-07
58 98 1.00431e-06
59 98 9.5489e-09
0 99 1.00715e-08
1 99 4.57731e-09
2 99 1.44245e-07
3 99 1.24508e-07
4 99 1.3626e-09
5 99 7.74121e-09
6 99 4.50896e-08
7 99 5.29261e-08
8 99 1.60157e-07
9 99 1.22212e-06
10 99 1.4138e-07
11 99 2.67369e-07
12 99 3.72927e-09
13 99 9.14151e-10
14 99 1.27108e-08
15 99 6.14077e-09
16 99 9.22403e-08
17 99 1.42064e-07
18 99 2.36245e-09
19 99 2.91957e-09
20 99 4.69608e-10
21 99 1.91159e-08
22 99 3.2183e-08
23 99 9.05191e-09
24 99 1.42562e-09
25 99 2.13853e-07
26 99 1.2189e-08
27 99 3.50168e-09
28 99 6.01117e-08
29 99 4.09952e-09
30 99 2.30349e-07
31 99 1.5969e-07
32 99 6.94732e-09
33 99 3.38744e-08
34 99 1.23911e-07
35 99 1.11068e-07
36 99 5.67643e-07
37 99 1.97955e-07
38 99 1.8985e-09
39 99 1.78095e-08
40 99 1.90185e-08
41 99 2.10035e-08
42 99 3.71989e-08
43 99 1.01751e-07
44 99 5.769e-07
45 99 3.45748e-06
46 99 4.08419e-09
47 99 6.61275e-08
48 99 3.82569e-08
49 99 4.95899e-08
50 99 7.37932e-08
51 99 5.11692e-08
52 99 1.16233e-09
53 99 1.14013e-10
54 99 2.34154e-08
55 99 3.71663e-08
56 99 3.17294e-07
57 99 4.87945e-07
58 99 9.56267e-09
59 99 1.00434e-06
