0 96 3.81536e-19
1 96 2.5152e-19
2 96 1.01814e-06
3 96 2.10931e-06
4 96 8.16954e-06
5 96 5.41096e-07
6 96 1.75337e-06
7 96 1.30459e-07
8 96 3.97412e-05
9 96 2.10229e-06
10 96 5.63712e-05
11 96 6.24762e-06
12 96 4.71566e-19
13 96 1.4414e-20
14 96 1.19396e-05
15 96 1.18877e-05
16 96 1.01704e-06
17 96 2.88455e-06
18 96 1.53433e-19
19 96 6.59677e-20
20 96 6.32952e-19
21 96 7.50429e-19
22 96 7.05298e-20
23 96 5.97877e-19
24 96 1.90057e-19
25 96 5.94847e-21
26 96 8.40245e-07
27 96 4.69388e-07
28 96 2.05172e-06
29 96 2.89182e-06
30 96 4.15647e-06
31 96 2.31821e-06
32 96 2.56822e-19
33 96 6.97655e-19
34 96 5.91373e-19
35 96 3.21917e-19
36 96 1.2795e-19
37 96 1.78444e-20
38 96 6.283e-19
39 96 2.04649e-20
40 96 5.10427e-20
41 96 5.10536e-19
42 96 3.78033e-19
43 96 1.75264e-19
44 96 1.01186e-19
45 96 3.31571e-20
46 96 1.74103e-20
47 96 5.05112e-21
48 96 4.7755e-20
49 96 2.53097e-20
50 96 2.82038e-19
51 96 8.49673e-19
52 96 7.15973e-20
53 96 1.97684e-19
54 96 1.15802e-19
55 96 7.57406e-21
56 96 1.11796e-05
57 96 0.000169966
58 96 7.44478e-05
59 96 0.000197543
60 96 0.00163976
61 96 0.000106208
62 96 0.00042017
63 96 0.00111315
64 96 2.17411e-05
65 96 0.000905478
66 96 2.8537e-19
67 96 3.81121e-20
68 96 6.26846e-05
69 96 8.01362e-05
70 96 0.000315341
71 96 3.16575e-05
72 96 0.000487088
73 96 6.88176e-05
74 96 1.88304e-19
75 96 9.87206e-20
76 96 3.75249e-19
77 96 2.0983e-20
78 96 8.09139e-19
79 96 3.50288e-19
80 96 3.46824e-20
81 96 1.06748e-18
82 96 1.06303e-18
83 96 4.75927e-19
84 96 9.92448e-19
85 96 1.08468e-19
86 96 5.64525e-20
87 96 2.92602e-18
88 96 0.00910554
89 96 0.00678425
90 96 0.171129
91 96 0.0422156
92 96 0.0179172
93 96 0.06315
94 96 8.81277e-19
95 96 1.1899e-18
0 97 3.32953e-18
1 97 8.88062e-19
2 97 1.19063e-06
3 97 4.67489e-06
4 97 1.90177e-06
5 97 1.57138e-06
6 97 1.46869e-06
7 97 2.85314e-06
8 97 1.01565e-05
9 97 6.34006e-06
10 97 8.7298e-06
11 97 5.16326e-05
12 97 5.07639e-19
13 97 2.23078e-19
14 97 1.08652e-06
15 97 8.43988e-06
16 97 1.09027e-06
17 97 9.78515e-06
18 97 4.7604e-20
19 97 1.13986e-19
20 97 1.46938e-19
21 97 5.75786e-20
22 97 1.25511e-20
23 97 1.12824e-19
24 97 1.24681e-19
25 97 8.62242e-21
26 97 1.31138e-06
27 97 1.14483e-06
28 97 3.17457e-07
29 97 2.74144e-07
30 97 3.48005e-06
31 97 4.32941e-06
32 97 6.34266e-21
33 97 3.14944e-19
34 97 2.82901e-20
35 97 6.23336e-19
36 97 6.70577e-20
37 97 1.57703e-20
38 97 1.06833e-18
39 97 1.92988e-19
40 97 3.64912e-19
41 97 3.56287e-20
42 97 1.38366e-20
43 97 1.95158e-19
44 97 2.39454e-19
45 97 9.09173e-20
46 97 1.75707e-19
47 97 1.39771e-19
48 97 3.22587e-19
49 97 3.0434e-19
50 97 1.0368e-19
51 97 4.68286e-20
52 97 1.04925e-19
53 97 2.89619e-19
54 97 9.70692e-20
55 97 2.63308e-20
56 97 3.73885e-05
57 97 0.00030235
58 97 0.000567977
59 97 0.000122983
60 97 0.000408888
61 97 0.000384879
62 97 0.000224786
63 97 0.00043953
64 97 0.000935679
65 97 0.000210367
66 97 1.99564e-19
67 97 4.76968e-20
68 97 0.000109316
69 97 0.000158544
70 97 0.000258219
71 97 0.000237636
72 97 2.48748e-05
73 97 0.00014359
74 97 1.14814e-20
75 97 1.23355e-19
76 97 8.33913e-20
77 97 9.0562e-20
78 97 2.47372e-19
79 97 1.25776e-18
80 97 2.84233e-20
81 97 4.71894e-19
82 97 1.57968e-18
83 97 1.44904e-18
84 97 1.02846e-18
85 97 6.56095e-19
86 97 1.51939e-19
87 97 1.7677e-19
88 97 0.0121885
89 97 0.0176128
90 97 0.00332999
91 97 0.0552992
92 97 0.020305
93 97 0.137682
94 97 1.09195e-18
95 97 2.94468e-18
0 98 4.27818e-18
1 98 1.0315e-17
2 98 6.52658e-18
3 98 1.61767e-18
4 98 1.70351e-18
5 98 8.9859e-18
6 98 3.19796e-18
7 98 1.70899e-18
8 98 7.25723e-19
9 98 3.25602e-18
10 98 1.13567e-18
11 98 8.44469e-19
12 98 4.01207e-18
13 98 4.77627e-19
14 98 5.89398e-19
15 98 3.09542e-20
16 98 6.24261e-19
17 98 4.00474e-19
18 98 1.7297e-05
19 98 8.44485e-05
20 98 4.16497e-06
21 98 1.38266e-05
22 98 3.62949e-06
23 98 1.14687e-06
24 98 1.77383e-19
25 98 3.36758e-20
26 98 7.49031e-20
27 98 1.3167e-20
28 98 2.52304e-19
29 98 1.28856e-19
30 98 4.98771e-20
31 98 9.23275e-20
32 98 2.19075e-05
33 98 6.54565e-06
34 98 1.42101e-07
35 98 2.51759e-06
36 98 2.07434e-07
37 98 7.27268e-06
38 98 6.85504e-06
39 98 3.1973e-05
40 98 6.57847e-06
41 98 5.60354e-05
42 98 5.45545e-20
43 98 2.86679e-20
44 98 2.05386e-07
45 98 3.52059e-07
46 98 1.02858e-08
47 98 7.80154e-09
48 98 2.98745e-09
49 98 4.9091e-09
50 98 8.74608e-20
51 98 1.7703e-20
52 98 4.83907e-06
53 98 7.87991e-07
54 98 8.40006e-06
55 98 1.75109e-06
56 98 2.36935e-20
57 98 1.50397e-19
58 98 5.05455e-19
59 98 4.14153e-20
60 98 5.39643e-19
61 98 1.09624e-19
62 98 6.45094e-20
63 98 2.57712e-19
64 98 1.79755e-19
65 98 8.35714e-20
66 98 9.82424e-20
67 98 5.51591e-21
68 98 4.47995e-20
69 98 3.4843e-20
70 98 2.61405e-19
71 98 1.58388e-20
72 98 6.16548e-19
73 98 1.29933e-19
74 98 3.0427e-22
75 98 1.8545e-20
76 98 0.000184023
77 98 0.000244044
78 98 2.04403e-05
79 98 0.000101635
80 98 0.000173442
81 98 0.000115945
82 98 0.00013571
83 98 0.000159549
84 98 0.000734265
85 98 0.000106891
86 98 1.67398e-19
87 98 4.6693e-20
88 98 1.70155e-20
89 98 5.26824e-19
90 98 4.31668e-19
91 98 2.11853e-18
92 98 8.08271e-19
93 98 4.61693e-19
94 98 0.087591
95 98 0.125961
0 99 8.07827e-18
1 99 6.55701e-18
2 99 1.34232e-18
3 99 7.56061e-18
4 99 4.34987e-18
5 99 1.83053e-18
6 99 2.72201e-18
7 99 6.65311e-19
8 99 3.93867e-18
9 99 2.07115e-18
10 99 3.26577e-18
11 99 1.10232e-18
12 99 2.60338e-18
13 99 3.60227e-18
14 99 9.44745e-20
15 99 2.13686e-20
16 99 4.7298e-19
17 99 1.70804e-20
18 99 2.2532e-06
19 99 1.43814e-06
20 99 3.05238e-05
21 99 1.20825e-05
22 99 2.80375e-06
23 99 1.69343e-05
24 99 6.26007e-20
25 99 2.11641e-19
26 99 1.71717e-19
27 99 1.77386e-20
28 99 8.16615e-20
29 99 4.97275e-20
30 99 4.17573e-20
31 99 1.71334e-19
32 99 6.34759e-07
33 99 3.97525e-07
34 99 8.88341e-06
35 99 7.14976e-06
36 99 5.16383e-06
37 99 6.56832e-06
38 99 3.34605e-05
39 99 0.000103387
40 99 4.68853e-05
41 99 9.40398e-05
42 99 4.17607e-20
43 99 3.96495e-20
44 99 5.42278e-09
45 99 1.48014e-08
46 99 1.40192e-08
47 99 3.64713e-08
48 99 1.74967e-08
49 99 3.16298e-09
50 99 4.78586e-20
51 99 1.10775e-20
52 99 1.08727e-05
53 99 6.21261e-06
54 99 1.56538e-05
55 99 1.04655e-05
56 99 3.84897e-20
57 99 4.4302e-20
58 99 1.9131e-19
59 99 3.08248e-19
60 99 2.11072e-19
61 99 8.9627e-20
62 99 2.41483e-21
63 99 3.84507e-20
64 99 4.34807e-20
65 99 1.30653e-19
66 99 2.72764e-19
67 99 4.31659e-19
68 99 1.38614e-19
69 99 2.58589e-20
70 99 1.07582e-19
71 99 6.48954e-20
72 99 1.17625e-19
73 99 9.65257e-21
74 99 9.07743e-21
75 99 5.91754e-20
76 99 1.54702e-05
77 99 0.000317402
78 99 0.000924521
79 99 0.000249034
80 99 1.26818e-06
81 99 9.23083e-06
82 99 0.00162229
83 99 0.000242416
84 99 0.000689734
85 99 0.000557346
86 99 2.37797e-19
87 99 1.94505e-19
88 99 5.97615e-20
89 99 3.22664e-19
90 99 7.87737e-19
91 99 6.18386e-19
92 99 7.18504e-19
93 99 1.1525e-19
94 99 0.00598672
95 99 0.00176096
0 100 6.17558e-17
1 100 3.64065e-17
2 100 1.45049e-18
3 100 5.17366e-19
4 100 6.6553e-18
5 100 2.83348e-18
6 100 3.34022e-18
7 100 5.95469e-18
8 100 2.87066e-18
9 100 8.58503e-18
10 100 1.01313e-17
11 100 1.90893e-18
12 100 6.01668e-18
13 100 2.18021e-18
14 100 4.02469e-19
15 100 3.56132e-19
16 100 5.66466e-19
17 100 1.2984e-18
18 100 2.64791e-06
19 100 3.98184e-06
20 100 3.01366e-06
21 100 2.01656e-05
22 100 2.26978e-05
23 100 3.32337e-06
24 100 9.86555e-19
25 100 4.67465e-20
26 100 1.24287e-18
27 100 8.83186e-20
28 100 5.26755e-19
29 100 3.70681e-21
30 100 5.79782e-20
31 100 7.8951e-21
32 100 7.35393e-07
33 100 4.97779e-07
34 100 5.39143e-06
35 100 9.62919e-06
36 100 1.89726e-06
37 100 5.13205e-06
38 100 1.38612e-05
39 100 2.00923e-05
40 100 0.000121007
41 100 3.38657e-05
42 100 0.000332759
43 100 0.000107557
44 100 1.31668e-07
45 100 1.07149e-07
46 100 5.11184e-06
47 100 1.15037e-06
48 100 3.24891e-06
49 100 1.36287e-05
50 100 6.19822e-05
51 100 0.000140589
52 100 2.29323e-05
53 100 6.39505e-07
54 100 7.88072e-06
55 100 4.8142e-06
56 100 1.01836e-19
57 100 6.05104e-20
58 100 2.20476e-19
59 100 1.97809e-20
60 100 9.8845e-20
61 100 1.4478e-20
62 100 1.31902e-20
63 100 2.78449e-20
64 100 4.60655e-20
65 100 5.9125e-20
66 100 2.87993e-19
67 100 4.21953e-20
68 100 1.95336e-19
69 100 1.14418e-19
70 100 7.29459e-21
71 100 1.75236e-20
72 100 3.57664e-19
73 100 1.5612e-19
74 100 1.69064e-19
75 100 7.31611e-21
76 100 0.000789617
77 100 4.11742e-06
78 100 8.35976e-05
79 100 0.000336571
80 100 1.20011e-05
81 100 2.46951e-07
82 100 0.000955203
83 100 6.59369e-05
84 100 0.00115106
85 100 0.000391003
86 100 0.00310876
87 100 0.00336872
88 100 8.68573e-21
89 100 5.98716e-20
90 100 3.3496e-19
91 100 6.82811e-19
92 100 2.91976e-19
93 100 2.17736e-19
94 100 0.000933835
95 100 0.00967084
0 101 5.49688e-18
1 101 2.35881e-17
2 101 1.24031e-17
3 101 5.03356e-18
4 101 3.00942e-17
5 101 1.83638e-18
6 101 4.6005e-18
7 101 1.41249e-19
8 101 6.3237e-18
9 101 1.24031e-19
10 101 2.16441e-18
11 101 3.87484e-19
12 101 5.19416e-18
13 101 6.72466e-20
14 101 4.72649e-18
15 101 7.95737e-19
16 101 2.40179e-19
17 101 2.32455e-19
18 101 2.30235e-05
19 101 1.07204e-05
20 101 2.47365e-05
21 101 5.29374e-06
22 101 3.6564e-06
23 101 1.35566e-05
24 101 5.26853e-19
25 101 2.04056e-19
26 101 4.49586e-20
27 101 1.17565e-19
28 101 3.43593e-19
29 101 1.96721e-20
30 101 2.57709e-20
31 101 5.6436e-20
32 101 6.11357e-07
33 101 5.66522e-06
34 101 9.57395e-06
35 101 3.94218e-06
36 101 1.06691e-05
37 101 3.33357e-07
38 101 0.000148942
39 101 2.04061e-05
40 101 4.752e-05
41 101 1.67081e-06
42 101 1.41918e-05
43 101 6.8637e-05
44 101 9.15058e-07
45 101 3.00465e-07
46 101 9.99871e-06
47 101 2.32557e-06
48 101 5.04818e-06
49 101 5.67618e-07
50 101 3.158e-05
51 101 6.52623e-06
52 101 1.34497e-06
53 101 3.1969e-05
54 101 2.5358e-06
55 101 6.70916e-06
56 101 3.40643e-19
57 101 2.79904e-19
58 101 7.56292e-20
59 101 8.81137e-20
60 101 1.94645e-19
61 101 4.45564e-21
62 101 6.38676e-20
63 101 1.08121e-19
64 101 1.45268e-19
65 101 3.15019e-19
66 101 3.52393e-20
67 101 2.32046e-19
68 101 4.6877e-19
69 101 1.37596e-20
70 101 3.47469e-20
71 101 1.16124e-19
72 101 1.21738e-19
73 101 6.06711e-20
74 101 2.97151e-20
75 101 1.04544e-19
76 101 0.000194624
77 101 9.79117e-05
78 101 0.000414863
79 101 0.000492678
80 101 1.144e-05
81 101 5.08999e-05
82 101 0.000110287
83 101 0.0015147
84 101 0.000316093
85 101 0.000961182
86 101 0.000820212
87 101 0.000398281
88 101 3.88191e-19
89 101 9.3515e-19
90 101 4.17265e-20
91 101 2.26734e-19
92 101 1.23585e-18
93 101 8.01706e-21
94 101 0.0450116
95 101 0.00896379
0 102 3.44241e-18
1 102 4.39149e-17
2 102 8.83779e-18
3 102 2.16227e-18
4 102 5.39245e-17
5 102 3.28586e-18
6 102 8.72191e-18
7 102 4.07935e-18
8 102 1.29977e-17
9 102 9.54489e-18
10 102 1.29116e-17
11 102 1.30712e-18
12 102 2.82905e-17
13 102 2.75184e-20
14 102 1.24651e-17
15 102 1.21291e-18
16 102 4.86595e-19
17 102 2.82821e-19
18 102 1.75921e-05
19 102 5.85719e-06
20 102 1.72288e-06
21 102 2.98786e-06
22 102 1.20237e-05
23 102 5.78962e-05
24 102 1.36895e-18
25 102 4.42673e-19
26 102 5.88904e-19
27 102 3.07424e-19
28 102 5.59683e-19
29 102 6.90921e-21
30 102 6.75381e-20
31 102 4.17736e-20
32 102 3.38945e-06
33 102 9.72258e-07
34 102 8.21497e-06
35 102 1.37704e-05
36 102 6.99126e-06
37 102 6.30542e-06
38 102 8.32123e-06
39 102 5.62868e-05
40 102 0.000152598
41 102 8.91039e-05
42 102 3.81266e-06
43 102 6.62291e-05
44 102 2.15013e-07
45 102 6.29676e-07
46 102 1.73851e-06
47 102 7.67682e-06
48 102 8.13739e-06
49 102 1.46306e-05
50 102 3.08659e-05
51 102 1.3575e-06
52 102 6.47243e-06
53 102 2.51845e-06
54 102 3.05251e-05
55 102 1.95893e-05
56 102 9.64599e-20
57 102 6.60717e-20
58 102 4.43508e-19
59 102 4.45129e-19
60 102 1.44819e-19
61 102 4.13661e-19
62 102 6.27034e-21
63 102 2.59509e-19
64 102 8.68597e-20
65 102 3.11046e-19
66 102 1.3701e-19
67 102 4.31414e-19
68 102 1.23799e-19
69 102 3.54237e-19
70 102 2.80135e-19
71 102 4.23401e-20
72 102 4.18234e-19
73 102 5.82819e-20
74 102 8.21413e-20
75 102 2.09984e-20
76 102 0.000540568
77 102 7.05925e-05
78 102 0.000227974
79 102 0.00102254
80 102 3.94157e-05
81 102 3.90546e-06
82 102 6.65109e-05
83 102 0.000307411
84 102 0.00233873
85 102 0.00141444
86 102 0.000920602
87 102 0.00010978
88 102 2.41703e-18
89 102 4.58251e-20
90 102 4.80461e-19
91 102 4.81582e-20
92 102 1.76389e-19
93 102 5.60678e-19
94 102 0.00142447
95 102 0.036084
0 103 3.63929e-18
1 103 5.15278e-18
2 103 2.55473e-18
3 103 1.81517e-18
4 103 9.12653e-18
5 103 3.77747e-18
6 103 8.14364e-19
7 103 9.52333e-19
8 103 4.40918e-18
9 103 2.65885e-19
10 103 5.0704e-18
11 103 7.4662e-19
12 103 7.38087e-19
13 103 9.05846e-19
14 103 6.37812e-19
15 103 1.07581e-18
16 103 1.82957e-19
17 103 6.26973e-19
18 103 5.68036e-06
19 103 4.95989e-06
20 103 4.01725e-06
21 103 6.2881e-07
22 103 3.52001e-05
23 103 5.65346e-06
24 103 7.32261e-19
25 103 1.05226e-19
26 103 2.30087e-19
27 103 5.27859e-20
28 103 1.23227e-20
29 103 1.28333e-19
30 103 6.5021e-20
31 103 1.14806e-20
32 103 3.57208e-07
33 103 1.62194e-06
34 103 3.67316e-06
35 103 1.54755e-06
36 103 1.4495e-05
37 103 2.14691e-06
38 103 0.00012632
39 103 2.48697e-05
40 103 3.55689e-05
41 103 4.52207e-06
42 103 9.26569e-05
43 103 0.000180836
44 103 2.60566e-07
45 103 1.22716e-07
46 103 8.41521e-06
47 103 2.15406e-06
48 103 5.10672e-06
49 103 4.15152e-06
50 103 3.61693e-05
51 103 8.96537e-05
52 103 7.58316e-06
53 103 2.41417e-05
54 103 2.36256e-06
55 103 2.9336e-06
56 103 1.03591e-19
57 103 1.89861e-19
58 103 2.11422e-20
59 103 1.42806e-19
60 103 8.48996e-20
61 103 9.70551e-20
62 103 7.21544e-20
63 103 9.09268e-21
64 103 1.18824e-19
65 103 1.32158e-19
66 103 2.72578e-19
67 103 7.58677e-20
68 103 3.24432e-19
69 103 1.78998e-19
70 103 1.04578e-19
71 103 7.37415e-20
72 103 3.31919e-19
73 103 1.67498e-19
74 103 1.47012e-19
75 103 6.8048e-20
76 103 0.000278164
77 103 0.000477431
78 103 3.51663e-05
79 103 0.000346205
80 103 2.45698e-07
81 103 1.94115e-05
82 103 0.000797183
83 103 0.00133098
84 103 7.04725e-05
85 103 0.000367245
86 103 0.00069578
87 103 0.00332757
88 103 9.89188e-19
89 103 8.4686e-19
90 103 9.57954e-19
91 103 3.25161e-21
92 103 2.99045e-19
93 103 6.69439e-20
94 103 0.0167785
95 103 0.000241226
0 104 1.39538e-06
1 104 1.60018e-06
2 104 5.89998e-06
3 104 2.29639e-07
4 104 5.99916e-06
5 104 3.32563e-06
6 104 2.32802e-07
7 104 1.02985e-05
8 104 2.59464e-07
9 104 3.78521e-08
10 104 2.77726e-07
11 104 2.11989e-06
12 104 1.27712e-07
13 104 9.09435e-07
14 104 7.42207e-09
15 104 7.29243e-07
16 104 4.88565e-07
17 104 1.42068e-08
18 104 6.46867e-20
19 104 3.35914e-19
20 104 1.40511e-18
21 104 6.37406e-19
22 104 2.77409e-19
23 104 2.2091e-19
24 104 2.2629e-05
25 104 1.31589e-05
26 104 1.91811e-06
27 104 1.50068e-07
28 104 1.31767e-08
29 104 4.44534e-09
30 104 2.70399e-08
31 104 4.28155e-08
32 104 2.26073e-19
33 104 1.20331e-19
34 104 8.38195e-20
35 104 2.40318e-20
36 104 6.08659e-20
37 104 2.204e-20
38 104 2.86563e-20
39 104 2.12651e-20
40 104 3.18813e-20
41 104 1.53083e-19
42 104 3.81657e-20
43 104 1.55569e-20
44 104 6.7268e-20
45 104 1.19599e-20
46 104 1.69522e-20
47 104 1.85718e-20
48 104 1.20946e-20
49 104 4.47245e-22
50 104 2.30526e-20
51 104 1.90694e-20
52 104 4.40447e-20
53 104 4.15044e-21
54 104 1.59326e-20
55 104 5.44749e-21
56 104 7.5941e-05
57 104 1.53822e-05
58 104 2.30761e-05
59 104 1.01659e-05
60 104 1.16145e-05
61 104 8.84557e-06
62 104 1.09189e-05
63 104 5.16627e-05
64 104 1.79014e-05
65 104 1.42382e-06
66 104 6.9278e-06
67 104 1.97015e-05
68 104 2.87274e-07
69 104 2.97223e-06
70 104 1.45515e-05
71 104 3.09594e-05
72 104 1.93058e-05
73 104 4.99203e-05
74 104 4.15966e-05
75 104 0.000117907
76 104 1.00279e-20
77 104 1.17517e-20
78 104 2.3819e-20
79 104 3.65937e-20
80 104 7.22551e-20
81 104 1.37058e-20
82 104 3.45462e-21
83 104 3.95742e-20
84 104 5.67268e-20
85 104 9.15551e-21
86 104 2.12092e-20
87 104 3.84213e-20
88 104 0.000529761
89 104 0.00165017
90 104 8.73767e-05
91 104 0.000754251
92 104 0.000111472
93 104 0.000114336
94 104 6.20811e-20
95 104 6.63605e-20
0 105 1.884e-06
1 105 1.10193e-07
2 105 5.93276e-06
3 105 7.17448e-08
4 105 9.78379e-07
5 105 6.92183e-06
6 105 7.822e-06
7 105 3.1636e-07
8 105 2.53151e-08
9 105 1.4894e-06
10 105 2.65396e-07
11 105 3.60392e-07
12 105 1.78505e-07
13 105 5.11935e-07
14 105 1.07263e-06
15 105 9.90771e-08
16 105 1.37988e-07
17 105 7.0829e-07
18 105 2.79217e-19
19 105 7.53782e-20
20 105 1.11499e-18
21 105 2.43921e-19
22 105 3.63086e-19
23 105 6.63917e-20
24 105 6.19878e-07
25 105 2.32047e-05
26 105 1.90838e-06
27 105 1.17574e-07
28 105 2.02959e-08
29 105 1.88504e-08
30 105 6.20495e-08
31 105 3.57416e-08
32 105 4.23778e-20
33 105 1.07805e-20
34 105 2.48207e-20
35 105 9.19882e-20
36 105 2.50158e-20
37 105 3.9422e-20
38 105 3.37975e-20
39 105 1.53509e-20
40 105 1.91284e-21
41 105 4.15146e-20
42 105 7.89826e-21
43 105 7.09779e-20
44 105 3.97974e-20
45 105 1.51648e-19
46 105 9.20807e-21
47 105 4.71222e-20
48 105 5.36597e-20
49 105 9.69715e-21
50 105 1.04849e-20
51 105 7.81291e-21
52 105 2.43989e-21
53 105 3.09436e-20
54 105 1.42949e-20
55 105 3.69116e-21
56 105 6.79994e-05
57 105 2.14595e-05
58 105 7.43963e-05
59 105 1.94616e-05
60 105 9.17829e-06
61 105 4.19554e-06
62 105 1.95918e-05
63 105 1.09171e-05
64 105 2.09203e-05
65 105 2.15074e-05
66 105 1.62446e-05
67 105 1.48295e-06
68 105 5.32535e-07
69 105 2.66042e-06
70 105 9.23608e-06
71 105 3.82872e-05
72 105 1.82615e-05
73 105 3.39781e-05
74 105 2.39354e-05
75 105 8.22485e-05
76 105 3.10151e-20
77 105 6.84005e-20
78 105 2.74395e-20
79 105 3.4214e-20
80 105 1.19443e-20
81 105 2.24036e-20
82 105 4.301e-21
83 105 4.49497e-20
84 105 2.03258e-21
85 105 8.03483e-22
86 105 7.07789e-20
87 105 1.87169e-20
88 105 0.000835603
89 105 0.00129983
90 105 0.000390459
91 105 0.000260216
92 105 0.000426136
93 105 0.00079485
94 105 3.2476e-19
95 105 1.28378e-19
0 106 1.12246e-06
1 106 3.22552e-07
2 106 3.93208e-06
3 106 1.72491e-06
4 106 1.25498e-06
5 106 8.46144e-07
6 106 1.80006e-06
7 106 1.81493e-06
8 106 2.63122e-07
9 106 3.54263e-08
10 106 2.40362e-07
11 106 4.23831e-07
12 106 3.25884e-07
13 106 1.74412e-07
14 106 2.18929e-07
15 106 1.86623e-06
16 106 3.83393e-07
17 106 1.83653e-06
18 106 1.41936e-19
19 106 6.36356e-20
20 106 2.51831e-18
21 106 2.21686e-20
22 106 1.45222e-19
23 106 7.08653e-20
24 106 1.06282e-06
25 106 1.62006e-05
26 106 7.33406e-07
27 106 1.17529e-06
28 106 2.27355e-07
29 106 4.00937e-08
30 106 1.86675e-08
31 106 5.54998e-09
32 106 1.92345e-19
33 106 1.29253e-19
34 106 1.1697e-19
35 106 5.98027e-20
36 106 6.72361e-20
37 106 1.87058e-20
38 106 4.83808e-20
39 106 3.09775e-20
40 106 3.05461e-20
41 106 1.15517e-19
42 106 3.81949e-21
43 106 7.31366e-21
44 106 1.02263e-19
45 106 8.6991e-20
46 106 9.85947e-20
47 106 2.35322e-20
48 106 2.5412e-21
49 106 6.65311e-21
50 106 1.0843e-21
51 106 5.20286e-21
52 106 3.3273e-20
53 106 1.71605e-20
54 106 1.38397e-20
55 106 2.91536e-20
56 106 8.01931e-05
57 106 4.08823e-06
58 106 1.87662e-05
59 106 8.54884e-05
60 106 0.00010383
61 106 1.53332e-06
62 106 3.04552e-06
63 106 6.00857e-06
64 106 9.20444e-06
65 106 1.73706e-06
66 106 1.2661e-05
67 106 1.84527e-07
68 106 1.60244e-06
69 106 1.40572e-06
70 106 5.40257e-06
71 106 9.33268e-06
72 106 4.15903e-07
73 106 1.19178e-05
74 106 4.3343e-05
75 106 3.35987e-05
76 106 5.96078e-20
77 106 7.1388e-20
78 106 1.27997e-19
79 106 1.05267e-19
80 106 4.02878e-20
81 106 5.75291e-20
82 106 8.46514e-20
83 106 2.1073e-20
84 106 5.31489e-20
85 106 1.24803e-20
86 106 2.43163e-20
87 106 1.20536e-21
88 106 0.000817037
89 106 0.0011948
90 106 3.06035e-05
91 106 0.00107785
92 106 0.000455754
93 106 0.00240324
94 106 4.57427e-19
95 106 8.47788e-19
0 107 9.876e-07
1 107 2.14214e-07
2 107 3.08205e-06
3 107 9.1763e-06
4 107 1.0316e-05
5 107 3.837e-06
6 107 1.3617e-06
7 107 4.07431e-06
8 107 3.86412e-07
9 107 3.81801e-07
10 107 1.87289e-06
11 107 7.91448e-08
12 107 2.42607e-07
13 107 1.73494e-07
14 107 1.22105e-06
15 107 9.68648e-08
16 107 2.80667e-07
17 107 2.28145e-08
18 107 2.01098e-19
19 107 4.70601e-20
20 107 6.35294e-19
21 107 7.99978e-19
22 107 4.32773e-20
23 107 1.35661e-19
24 107 3.1582e-06
25 107 1.11999e-05
26 107 1.47817e-07
27 107 3.98822e-06
28 107 3.98116e-08
29 107 3.98265e-08
30 107 2.4755e-08
31 107 1.00021e-08
32 107 1.32635e-19
33 107 1.50898e-20
34 107 7.56406e-21
35 107 3.0674e-20
36 107 2.08086e-20
37 107 5.20565e-20
38 107 5.49195e-20
39 107 3.71729e-20
40 107 1.11234e-20
41 107 1.91177e-21
42 107 1.54112e-20
43 107 1.10138e-20
44 107 9.88418e-20
45 107 2.13315e-20
46 107 7.42298e-20
47 107 1.23037e-20
48 107 2.7579e-20
49 107 1.30372e-20
50 107 2.84749e-20
51 107 1.47259e-19
52 107 5.50642e-20
53 107 1.47492e-20
54 107 4.17435e-22
55 107 4.38939e-21
56 107 9.07664e-05
57 107 9.1866e-05
58 107 3.59183e-05
59 107 1.56236e-05
60 107 8.82787e-06
61 107 5.20805e-06
62 107 2.92143e-05
63 107 2.38428e-05
64 107 1.60331e-05
65 107 7.45925e-06
66 107 8.7126e-06
67 107 1.97106e-06
68 107 6.21592e-06
69 107 3.02583e-07
70 107 2.64714e-05
71 107 1.75122e-05
72 107 5.8253e-05
73 107 5.9961e-06
74 107 2.60786e-05
75 107 3.7914e-05
76 107 3.50895e-20
77 107 2.25051e-20
78 107 4.09267e-20
79 107 4.60658e-20
80 107 9.11418e-20
81 107 8.06244e-20
82 107 2.09067e-20
83 107 1.02132e-19
84 107 1.71446e-21
85 107 1.75084e-21
86 107 4.33385e-20
87 107 2.24818e-20
88 107 0.00334242
89 107 0.00101712
90 107 0.000669162
91 107 0.000661829
92 107 2.43777e-05
93 107 3.34581e-05
94 107 1.27252e-18
95 107 3.23584e-19
0 108 1.20228e-06
1 108 5.82667e-06
2 108 6.69073e-18
3 108 5.88697e-18
4 108 2.05856e-06
5 108 1.90257e-05
6 108 4.53199e-06
7 108 1.13242e-05
8 108 1.44599e-06
9 108 1.70016e-06
10 108 9.27792e-07
11 108 1.39022e-06
12 108 2.14263e-06
13 108 5.15494e-07
14 108 2.02879e-07
15 108 8.08927e-07
16 108 1.58901e-06
17 108 1.97365e-06
18 108 1.33567e-18
19 108 1.9073e-20
20 108 7.93318e-19
21 108 1.69298e-18
22 108 7.43036e-20
23 108 1.92324e-21
24 108 6.00093e-05
25 108 8.2207e-06
26 108 4.46703e-19
27 108 3.95629e-19
28 108 1.28463e-07
29 108 4.37797e-07
30 108 1.56411e-07
31 108 6.1281e-07
32 108 1.14612e-19
33 108 6.79451e-20
34 108 3.33324e-20
35 108 4.66688e-20
36 108 6.71054e-20
37 108 3.41296e-20
38 108 9.19109e-21
39 108 2.76183e-20
40 108 1.70589e-21
41 108 7.11613e-20
42 108 6.15656e-20
43 108 1.88806e-20
44 108 2.38019e-20
45 108 8.39668e-20
46 108 1.7022e-20
47 108 2.56515e-20
48 108 5.27224e-20
49 108 3.66207e-20
50 108 1.91304e-20
51 108 1.56477e-20
52 108 7.92642e-20
53 108 2.47483e-20
54 108 3.09697e-20
55 108 2.24463e-20
56 108 4.65267e-20
57 108 3.30767e-21
58 108 1.40013e-06
59 108 1.30231e-05
60 108 2.48476e-06
61 108 7.76454e-05
62 108 4.33535e-05
63 108 1.80657e-05
64 108 1.40797e-06
65 108 3.85044e-06
66 108 1.23748e-05
67 108 4.91283e-05
68 108 4.19832e-20
69 108 2.69931e-21
70 108 1.33935e-06
71 108 8.15554e-06
72 108 1.74722e-05
73 108 0.000150157
74 108 0.000237846
75 108 7.64717e-05
76 108 7.02716e-21
77 108 4.32538e-20
78 108 9.09542e-20
79 108 1.01353e-20
80 108 6.23672e-20
81 108 2.69121e-22
82 108 2.60025e-20
83 108 9.52129e-20
84 108 1.17401e-19
85 108 1.84739e-19
86 108 3.02325e-20
87 108 4.49514e-21
88 108 4.96869e-20
89 108 3.08012e-20
90 108 0.000334695
91 108 0.000679145
92 108 0.00115331
93 108 0.000209178
94 108 2.12342e-19
95 108 3.50258e-19
0 109 4.43225e-07
1 109 1.11164e-05
2 109 1.40486e-17
3 109 1.4803e-17
4 109 1.32838e-05
5 109 3.04228e-06
6 109 5.77094e-06
7 109 6.81785e-06
8 109 9.95226e-07
9 109 4.87466e-09
10 109 3.14121e-06
11 109 1.35739e-07
12 109 3.75055e-06
13 109 6.20915e-07
14 109 5.8138e-07
15 109 2.62953e-07
16 109 2.7216e-06
17 109 1.47014e-08
18 109 8.38684e-20
19 109 1.60196e-19
20 109 1.51228e-18
21 109 2.29032e-18
22 109 7.51772e-20
23 109 6.77341e-20
24 109 0.000101991
25 109 1.02175e-05
26 109 7.16465e-19
27 109 2.54827e-19
28 109 6.32993e-08
29 109 4.98739e-07
30 109 3.24707e-07
31 109 1.58594e-07
32 109 5.59051e-20
33 109 7.16474e-20
34 109 2.70338e-19
35 109 2.83988e-20
36 109 4.65858e-20
37 109 5.36932e-20
38 109 3.7203e-19
39 109 6.80527e-20
40 109 1.68553e-19
41 109 1.07386e-20
42 109 7.7973e-20
43 109 2.44414e-21
44 109 1.65079e-19
45 109 2.01245e-20
46 109 1.027e-19
47 109 1.00115e-19
48 109 7.15914e-22
49 109 1.91202e-21
50 109 1.29945e-19
51 109 9.39436e-21
52 109 1.59964e-21
53 109 4.20413e-20
54 109 1.04589e-21
55 109 8.34274e-21
56 109 3.4203e-20
57 109 3.69863e-20
58 109 1.56506e-05
59 109 2.59424e-05
60 109 1.34971e-06
61 109 3.10685e-05
62 109 2.02896e-05
63 109 1.16113e-05
64 109 9.47458e-06
65 109 1.0816e-05
66 109 1.81422e-05
67 109 8.30036e-05
68 109 2.03237e-20
69 109 1.74642e-20
70 109 2.41724e-05
71 109 8.77625e-06
72 109 9.64792e-05
73 109 9.21473e-06
74 109 0.000457249
75 109 5.96676e-05
76 109 1.49313e-19
77 109 5.80237e-20
78 109 6.10588e-20
79 109 4.46841e-20
80 109 4.86104e-20
81 109 1.7703e-19
82 109 6.35869e-20
83 109 1.97599e-19
84 109 5.45149e-20
85 109 3.23622e-20
86 109 3.38845e-20
87 109 4.6587e-21
88 109 4.25761e-20
89 109 3.6969e-19
90 109 0.000459877
91 109 5.9603e-05
92 109 0.00125512
93 109 8.54573e-05
94 109 6.53737e-20
95 109 8.50655e-19
0 110 1.15057e-17
1 110 7.0282e-18
2 110 3.41706e-06
3 110 9.03538e-06
4 110 5.46881e-06
5 110 1.23891e-06
6 110 5.64738e-06
7 110 4.50261e-06
8 110 4.3349e-06
9 110 3.55118e-06
10 110 1.48297e-05
11 110 1.35268e-05
12 110 1.13161e-17
13 110 4.63226e-19
14 110 5.90239e-06
15 110 4.77862e-06
16 110 1.04846e-06
17 110 8.43414e-06
18 110 6.95528e-19
19 110 4.88383e-20
20 110 5.83624e-19
21 110 6.46134e-19
22 110 9.43835e-20
23 110 3.48238e-19
24 110 7.80732e-19
25 110 3.62389e-19
26 110 1.51603e-06
27 110 9.41821e-07
28 110 1.71516e-07
29 110 8.10427e-07
30 110 3.17311e-06
31 110 7.25187e-07
32 110 1.29088e-19
33 110 1.36026e-19
34 110 2.57069e-19
35 110 6.47504e-20
36 110 3.5727e-21
37 110 3.6716e-20
38 110 5.73634e-20
39 110 1.19948e-21
40 110 1.14822e-20
41 110 4.55639e-21
42 110 1.58994e-19
43 110 8.02554e-20
44 110 1.52598e-19
45 110 7.10633e-20
46 110 9.69943e-20
47 110 3.4066e-20
48 110 1.00057e-20
49 110 4.07308e-20
50 110 5.13896e-20
51 110 4.46766e-21
52 110 1.25048e-21
53 110 5.35679e-21
54 110 1.21796e-20
55 110 1.92796e-20
56 110 4.75822e-06
57 110 3.0302e-05
58 110 4.44858e-05
59 110 1.69388e-05
60 110 2.00156e-05
61 110 3.4551e-05
62 110 4.25771e-05
63 110 1.62358e-05
64 110 8.77019e-05
65 110 6.07363e-05
66 110 6.47749e-21
67 110 2.24957e-20
68 110 1.38555e-05
69 110 2.68801e-05
70 110 3.02381e-05
71 110 2.65649e-05
72 110 1.5219e-05
73 110 5.82674e-06
74 110 8.30793e-21
75 110 1.15049e-20
76 110 2.58198e-20
77 110 2.37959e-20
78 110 1.3042e-21
79 110 8.37503e-20
80 110 4.37991e-20
81 110 5.47394e-20
82 110 1.11967e-20
83 110 3.94369e-22
84 110 7.11992e-21
85 110 6.6562e-20
86 110 1.01959e-20
87 110 7.12687e-20
88 110 5.39518e-07
89 110 8.7614e-07
90 110 6.19638e-06
91 110 1.90628e-06
92 110 1.98599e-06
93 110 2.1073e-05
94 110 5.31483e-20
95 110 1.08627e-20
0 111 4.49642e-17
1 111 3.52844e-17
2 111 1.37353e-06
3 111 5.67891e-06
4 111 1.59627e-05
5 111 3.25639e-06
6 111 1.20911e-06
7 111 1.84645e-06
8 111 1.88171e-05
9 111 3.65954e-07
10 111 1.53764e-05
11 111 1.3329e-05
12 111 2.19517e-17
13 111 9.4481e-18
14 111 6.76534e-06
15 111 1.49897e-05
16 111 1.00086e-06
17 111 3.88697e-06
18 111 3.78765e-19
19 111 4.92543e-19
20 111 2.37507e-18
21 111 1.14573e-20
22 111 2.51841e-19
23 111 4.63127e-20
24 111 3.38628e-19
25 111 2.05396e-19
26 111 6.83601e-07
27 111 7.0841e-07
28 111 1.1827e-06
29 111 9.99231e-07
30 111 1.19191e-06
31 111 3.07458e-06
32 111 5.42023e-19
33 111 3.62563e-19
34 111 1.18791e-19
35 111 1.97831e-19
36 111 2.08372e-20
37 111 1.24181e-22
38 111 3.19513e-19
39 111 2.27356e-20
40 111 2.77138e-20
41 111 2.72349e-20
42 111 2.8995e-20
43 111 9.84926e-20
44 111 2.64652e-19
45 111 1.0396e-19
46 111 1.58172e-20
47 111 7.34624e-20
48 111 4.60707e-21
49 111 1.86477e-20
50 111 5.48916e-21
51 111 3.90189e-20
52 111 2.61095e-20
53 111 3.9559e-20
54 111 6.42051e-22
55 111 3.40504e-20
56 111 3.62283e-07
57 111 1.94941e-05
58 111 4.89799e-06
59 111 7.70029e-06
60 111 0.000137466
61 111 3.19924e-06
62 111 3.00745e-05
63 111 0.000158667
64 111 2.01475e-05
65 111 6.4959e-05
66 111 2.65454e-20
67 111 7.73445e-21
68 111 1.28677e-05
69 111 1.02029e-05
70 111 3.58978e-05
71 111 4.48664e-06
72 111 4.38142e-05
73 111 1.86655e-05
74 111 6.15483e-21
75 111 1.1395e-20
76 111 4.7298e-20
77 111 2.79381e-20
78 111 5.4189e-21
79 111 5.71515e-20
80 111 2.09679e-20
81 111 3.75563e-19
82 111 1.59677e-20
83 111 4.14584e-20
84 111 6.5563e-21
85 111 3.93878e-20
86 111 1.60429e-20
87 111 1.0624e-20
88 111 4.93894e-07
89 111 3.07866e-07
90 111 1.84985e-05
91 111 1.18971e-05
92 111 3.42442e-06
93 111 7.35498e-06
94 111 4.5283e-19
95 111 2.45952e-20
0 112 3.77958e-06
1 112 2.89603e-06
2 112 9.75523e-07
3 112 1.14756e-06
4 112 5.41534e-06
5 112 7.09182e-07
6 112 3.46189e-06
7 112 4.84261e-06
8 112 1.02565e-06
9 112 1.21401e-07
10 112 2.56891e-07
11 112 3.90744e-07
12 112 2.18571e-07
13 112 2.89839e-06
14 112 1.59414e-06
15 112 2.46273e-07
16 112 1.82567e-06
17 112 2.49127e-06
18 112 4.30321e-20
19 112 8.93072e-20
20 112 1.29261e-19
21 112 1.71502e-19
22 112 3.74753e-20
23 112 2.79249e-23
24 112 4.10158e-07
25 112 3.4108e-07
26 112 8.82679e-07
27 112 2.1433e-06
28 112 4.04514e-07
29 112 1.23424e-06
30 112 3.02315e-07
31 112 3.42641e-07
32 112 3.59927e-20
33 112 7.02376e-21
34 112 2.54235e-20
35 112 2.39776e-19
36 112 5.47046e-20
37 112 1.24807e-20
38 112 9.85189e-21
39 112 6.61158e-21
40 112 2.59292e-20
41 112 5.07342e-21
42 112 2.18916e-20
43 112 3.24054e-20
44 112 3.98495e-21
45 112 5.34262e-20
46 112 1.36933e-20
47 112 5.09362e-20
48 112 1.25384e-20
49 112 8.70473e-21
50 112 2.26618e-20
51 112 4.38984e-21
52 112 3.10715e-21
53 112 1.99608e-20
54 112 1.26428e-20
55 112 4.00412e-21
56 112 3.91788e-06
57 112 7.12909e-07
58 112 4.17905e-06
59 112 3.6948e-06
60 112 1.18915e-06
61 112 5.52846e-06
62 112 5.26784e-05
63 112 8.46295e-06
64 112 2.09911e-05
65 112 3.17247e-05
66 112 2.67172e-05
67 112 5.31308e-05
68 112 3.50431e-05
69 112 3.97938e-05
70 112 7.78562e-05
71 112 4.23594e-05
72 112 6.1754e-05
73 112 2.52284e-05
74 112 8.63166e-07
75 112 3.69983e-06
76 112 1.1915e-19
77 112 8.00886e-21
78 112 4.77761e-20
79 112 6.69903e-20
80 112 2.44817e-20
81 112 7.91729e-20
82 112 2.81845e-20
83 112 2.2684e-20
84 112 6.64646e-21
85 112 1.27704e-20
86 112 1.4968e-20
87 112 3.20875e-20
88 112 4.96457e-05
89 112 0.000184268
90 112 0.000305038
91 112 4.73233e-05
92 112 0.000622736
93 112 6.89197e-05
94 112 3.9932e-22
95 112 7.3184e-20
0 113 1.66163e-05
1 113 1.58482e-06
2 113 9.92499e-07
3 113 4.58847e-06
4 113 6.40155e-06
5 113 3.41503e-06
6 113 3.40861e-06
7 113 1.61156e-05
8 113 9.2863e-08
9 113 1.80815e-07
10 113 8.05696e-07
11 113 4.07411e-07
12 113 3.69844e-07
13 113 8.12856e-06
14 113 4.13076e-06
15 113 1.80066e-07
16 113 5.55604e-06
17 113 5.49791e-07
18 113 3.76565e-19
19 113 1.3832e-19
20 113 1.99924e-19
21 113 2.72473e-19
22 113 1.82332e-19
23 113 2.30522e-19
24 113 4.42037e-07
25 113 1.60622e-06
26 113 6.86871e-07
27 113 7.26753e-06
28 113 2.13253e-07
29 113 1.44772e-06
30 113 1.79707e-07
31 113 1.62735e-06
32 113 8.16654e-20
33 113 1.83582e-20
34 113 1.71446e-19
35 113 6.79148e-21
36 113 3.26497e-19
37 113 1.85608e-19
38 113 3.09803e-20
39 113 4.98991e-21
40 113 5.11929e-20
41 113 6.96172e-21
42 113 1.77469e-20
43 113 2.13271e-21
44 113 1.11303e-21
45 113 9.86005e-21
46 113 6.05964e-20
47 113 6.96132e-21
48 113 6.01868e-20
49 113 1.94316e-20
50 113 1.56252e-20
51 113 1.19481e-20
52 113 1.41362e-20
53 113 5.17105e-20
54 113 9.92762e-22
55 113 1.11548e-20
56 113 7.025e-06
57 113 5.14796e-06
58 113 2.90761e-06
59 113 4.76665e-06
60 113 3.72093e-06
61 113 4.41147e-06
62 113 5.46138e-06
63 113 1.59464e-06
64 113 1.53249e-05
65 113 1.67414e-06
66 113 0.000145477
67 113 7.22291e-05
68 113 0.000135659
69 113 6.10646e-05
70 113 3.58595e-05
71 113 0.000192802
72 113 0.00021842
73 113 2.13869e-05
74 113 5.18893e-07
75 113 1.19221e-05
76 113 2.82123e-20
77 113 5.81216e-20
78 113 8.70114e-20
79 113 8.62594e-22
80 113 1.43701e-20
81 113 1.62595e-20
82 113 1.1845e-19
83 113 4.41836e-20
84 113 4.18636e-21
85 113 2.96557e-20
86 113 3.00407e-20
87 113 2.51706e-21
88 113 0.000234331
89 113 0.000380558
90 113 0.000337088
91 113 0.000563225
92 113 9.38833e-05
93 113 0.00013486
94 113 8.46562e-20
95 113 1.60243e-19
0 114 6.38968e-06
1 114 2.45469e-06
2 114 4.75877e-07
3 114 2.05337e-06
4 114 1.07131e-05
5 114 2.01056e-06
6 114 1.4743e-06
7 114 9.83853e-07
8 114 6.39341e-07
9 114 6.02648e-07
10 114 2.56786e-07
11 114 1.86336e-08
12 114 3.01528e-06
13 114 1.11431e-06
14 114 3.18213e-06
15 114 1.11262e-06
16 114 2.95295e-06
17 114 1.86684e-07
18 114 7.15516e-20
19 114 8.4721e-20
20 114 3.27751e-18
21 114 2.4838e-19
22 114 9.81807e-20
23 114 1.96672e-19
24 114 2.21112e-07
25 114 7.74188e-07
26 114 9.87671e-07
27 114 2.6172e-06
28 114 3.69711e-07
29 114 2.02296e-07
30 114 1.75386e-06
31 114 3.98246e-07
32 114 2.9671e-19
33 114 6.80829e-20
34 114 4.92416e-20
35 114 7.3223e-20
36 114 9.22366e-21
37 114 1.99999e-20
38 114 1.71637e-19
39 114 4.25809e-22
40 114 1.13114e-19
41 114 5.49067e-20
42 114 2.94441e-20
43 114 1.10404e-19
44 114 2.39149e-20
45 114 1.18219e-19
46 114 1.22365e-20
47 114 2.72753e-20
48 114 2.7198e-20
49 114 4.2815e-20
50 114 2.74121e-20
51 114 1.1365e-20
52 114 1.33137e-20
53 114 2.29013e-20
54 114 1.4166e-20
55 114 3.61895e-22
56 114 3.56454e-07
57 114 5.16023e-06
58 114 9.56209e-06
59 114 6.16582e-06
60 114 1.32154e-07
61 114 7.57555e-07
62 114 3.37781e-06
63 114 2.02897e-05
64 114 3.20529e-05
65 114 5.08084e-05
66 114 8.99065e-05
67 114 1.58825e-05
68 114 7.79674e-05
69 114 1.11863e-05
70 114 0.00011075
71 114 1.62371e-05
72 114 0.000113188
73 114 2.79349e-06
74 114 3.45337e-06
75 114 2.59205e-06
76 114 5.32917e-21
77 114 1.81492e-20
78 114 6.57781e-21
79 114 8.22959e-20
80 114 3.14482e-21
81 114 1.29984e-19
82 114 1.40594e-21
83 114 3.10422e-20
84 114 1.70906e-19
85 114 4.25174e-20
86 114 1.18444e-19
87 114 1.3008e-20
88 114 0.000253349
89 114 2.5314e-05
90 114 0.000521051
91 114 0.000108255
92 114 0.000508887
93 114 5.05086e-05
94 114 1.89253e-19
95 114 9.35445e-20
0 115 2.57456e-06
1 115 5.30623e-06
2 115 1.17451e-05
3 115 6.4455e-07
4 115 3.43778e-06
5 115 1.84668e-05
6 115 4.43685e-06
7 115 2.04007e-06
8 115 8.19064e-08
9 115 5.79238e-07
10 115 2.33626e-08
11 115 7.46149e-07
12 115 2.82255e-06
13 115 8.57117e-07
14 115 4.47627e-07
15 115 4.91256e-06
16 115 2.48904e-08
17 115 4.51645e-06
18 115 1.92507e-19
19 115 1.80949e-19
20 115 1.26447e-18
21 115 1.50743e-18
22 115 8.17777e-19
23 115 2.94357e-19
24 115 3.36306e-07
25 115 5.50557e-07
26 115 1.24144e-05
27 115 5.24427e-06
28 115 7.40401e-07
29 115 4.49057e-07
30 115 3.44343e-07
31 115 1.75033e-06
32 115 1.4926e-19
33 115 2.93326e-19
34 115 3.20539e-20
35 115 2.48523e-20
36 115 1.50657e-20
37 115 5.30654e-21
38 115 3.30194e-19
39 115 1.2506e-20
40 115 6.65841e-20
41 115 9.01325e-20
42 115 4.86974e-20
43 115 1.25227e-19
44 115 2.55651e-19
45 115 6.23008e-21
46 115 5.22182e-21
47 115 1.49044e-20
48 115 7.14711e-20
49 115 5.34792e-20
50 115 5.27567e-20
51 115 3.12365e-21
52 115 6.76191e-21
53 115 4.24544e-20
54 115 8.00051e-21
55 115 2.83356e-20
56 115 2.34084e-05
57 115 3.61541e-06
58 115 3.05043e-06
59 115 3.72716e-06
60 115 9.84625e-07
61 115 7.01675e-06
62 115 7.12303e-06
63 115 8.08275e-06
64 115 1.22721e-06
65 115 3.2807e-06
66 115 6.44224e-05
67 115 2.9841e-05
68 115 0.000182418
69 115 0.000254306
70 115 7.47703e-05
71 115 3.20343e-05
72 115 2.61657e-05
73 115 0.000318201
74 115 4.60226e-06
75 115 7.84516e-07
76 115 7.94987e-20
77 115 1.47618e-19
78 115 1.24101e-19
79 115 8.12653e-20
80 115 2.9152e-19
81 115 1.39223e-19
82 115 1.99901e-19
83 115 5.50682e-21
84 115 2.43856e-20
85 115 9.51386e-20
86 115 2.76064e-20
87 115 8.46006e-20
88 115 0.000751248
89 115 0.000613795
90 115 0.00034492
91 115 0.000309559
92 115 0.000156671
93 115 0.000244426
94 115 1.46087e-20
95 115 5.1636e-19
0 116 1.55175e-16
1 116 5.14733e-17
2 116 1.81154e-17
3 116 1.30708e-17
4 116 1.11672e-16
5 116 6.31227e-17
6 116 4.03075e-18
7 116 6.65166e-19
8 116 1.9498e-17
9 116 2.69537e-17
10 116 1.9208e-17
11 116 2.3901e-18
12 116 2.12571e-17
13 116 1.34721e-17
14 116 2.35062e-17
15 116 2.227e-18
16 116 2.22128e-18
17 116 1.40259e-18
18 116 5.66749e-19
19 116 4.29341e-19
20 116 8.13357e-08
21 116 4.41779e-07
22 116 4.48883e-08
23 116 3.12623e-07
24 116 3.17437e-19
25 116 1.06416e-19
26 116 1.85263e-19
27 116 2.43946e-19
28 116 1.33164e-18
29 116 2.27251e-20
30 116 2.34228e-19
31 116 1.04248e-19
32 116 4.12499e-19
33 116 7.58022e-20
34 116 4.93663e-07
35 116 3.64887e-07
36 116 2.53804e-07
37 116 2.68992e-07
38 116 6.77586e-06
39 116 3.12657e-05
40 116 2.5052e-05
41 116 3.52226e-05
42 116 9.05663e-07
43 116 2.92227e-06
44 116 1.26833e-19
45 116 7.74687e-20
46 116 1.82204e-09
47 116 2.97058e-08
48 116 8.11907e-08
49 116 5.38837e-09
50 116 1.32957e-06
51 116 2.5618e-07
52 116 2.3351e-06
53 116 1.43053e-06
54 116 6.35117e-06
55 116 2.28538e-05
56 116 2.93336e-20
57 116 1.16465e-20
58 116 1.27167e-20
59 116 9.42005e-22
60 116 7.72209e-22
61 116 2.09936e-20
62 116 6.36911e-20
63 116 6.14001e-21
64 116 1.54708e-20
65 116 8.87617e-21
66 116 1.39314e-20
67 116 4.16707e-21
68 116 1.2595e-20
69 116 7.82201e-22
70 116 3.26179e-21
71 116 5.845e-21
72 116 2.19675e-20
73 116 7.4559e-21
74 116 4.20293e-21
75 116 9.73107e-22
76 116 2.50619e-07
77 116 3.8058e-06
78 116 3.12442e-06
79 116 5.63724e-06
80 116 1.04659e-20
81 116 3.11907e-20
82 116 7.13139e-05
83 116 0.000177025
84 116 9.77988e-05
85 116 0.000328485
86 116 9.78706e-06
87 116 3.97148e-06
88 116 4.71328e-20
89 116 8.41174e-20
90 116 2.16734e-21
91 116 1.4072e-20
92 116 5.7843e-21
93 116 5.92886e-21
94 116 2.61439e-20
95 116 7.66518e-21
0 117 9.93933e-19
1 117 1.53037e-17
2 117 3.46882e-17
3 117 2.13704e-17
4 117 2.54233e-17
5 117 7.71279e-18
6 117 1.26957e-17
7 117 1.52924e-18
8 117 1.86035e-17
9 117 6.24387e-18
10 117 3.24573e-18
11 117 1.18457e-18
12 117 3.15893e-17
13 117 1.8859e-18
14 117 5.61856e-18
15 117 1.27524e-18
16 117 2.56979e-18
17 117 2.97843e-19
18 117 2.84922e-19
19 117 8.24772e-20
20 117 4.91574e-08
21 117 2.95877e-08
22 117 3.27642e-07
23 117 4.46781e-08
24 117 2.43756e-19
25 117 5.38052e-19
26 117 1.19534e-18
27 117 2.17181e-19
28 117 2.11699e-19
29 117 7.54724e-20
30 117 3.06815e-19
31 117 6.63014e-21
32 117 3.02241e-19
33 117 7.88305e-21
34 117 4.28828e-07
35 117 8.63117e-08
36 117 1.86769e-07
37 117 5.62925e-09
38 117 1.87976e-05
39 117 1.55008e-06
40 117 2.19296e-05
41 117 8.08124e-06
42 117 9.37951e-06
43 117 8.36666e-06
44 117 7.99927e-20
45 117 8.27754e-21
46 117 8.71355e-09
47 117 2.29149e-09
48 117 1.83068e-08
49 117 3.11836e-08
50 117 4.87684e-06
51 117 2.47465e-06
52 117 5.74074e-06
53 117 5.31598e-06
54 117 1.90059e-06
55 117 3.93054e-06
56 117 9.22708e-21
57 117 1.11713e-20
58 117 1.95332e-20
59 117 1.10849e-21
60 117 6.96653e-21
61 117 5.99645e-20
62 117 6.96257e-21
63 117 2.10489e-21
64 117 2.50128e-20
65 117 2.92001e-21
66 117 3.83749e-23
67 117 2.94718e-20
68 117 1.46479e-20
69 117 1.15128e-20
70 117 2.98335e-20
71 117 1.17452e-20
72 117 1.36288e-20
73 117 3.02648e-21
74 117 4.96037e-21
75 117 1.51355e-21
76 117 2.22905e-06
77 117 1.50772e-06
78 117 2.46834e-06
79 117 3.60427e-07
80 117 2.9672e-21
81 117 7.13611e-21
82 117 0.000133907
83 117 0.00011739
84 117 4.09245e-05
85 117 5.33263e-05
86 117 3.90741e-05
87 117 2.471e-05
88 117 1.80775e-20
89 117 1.0162e-20
90 117 3.60509e-21
91 117 1.11197e-20
92 117 1.15225e-19
93 117 1.61443e-20
94 117 1.34222e-20
95 117 2.08847e-21
0 118 2.15256e-17
1 118 5.95958e-18
2 118 1.47051e-17
3 118 1.75348e-17
4 118 2.78894e-18
5 118 1.77114e-17
6 118 5.13805e-18
7 118 1.41699e-18
8 118 2.93521e-17
9 118 6.07952e-18
10 118 1.4629e-17
11 118 4.59789e-18
12 118 1.15867e-17
13 118 1.15664e-18
14 118 1.29428e-18
15 118 1.74958e-18
16 118 1.66705e-18
17 118 1.23648e-18
18 118 2.9567e-06
19 118 8.18387e-07
20 118 3.11283e-06
21 118 1.30529e-06
22 118 6.26428e-07
23 118 4.7269e-06
24 118 6.72473e-19
25 118 1.38532e-18
26 118 6.2283e-19
27 118 1.17126e-19
28 118 2.07514e-19
29 118 3.78141e-19
30 118 5.6702e-19
31 118 9.56795e-21
32 118 2.04929e-06
33 118 9.4047e-06
34 118 6.28313e-06
35 118 1.38986e-06
36 118 4.68171e-06
37 118 8.12842e-06
38 118 5.7632e-07
39 118 1.01972e-07
40 118 1.21263e-07
41 118 2.88071e-08
42 118 3.07164e-08
43 118 2.24991e-08
44 118 5.1157e-06
45 118 2.31326e-06
46 118 8.20934e-07
47 118 5.1103e-07
48 118 1.51023e-08
49 118 6.67187e-07
50 118 3.17027e-06
51 118 2.69411e-06
52 118 2.58032e-06
53 118 2.10119e-06
54 118 3.6116e-07
55 118 1.24081e-07
56 118 1.37628e-20
57 118 5.72336e-21
58 118 1.09128e-19
59 118 2.1378e-20
60 118 1.14587e-20
61 118 2.55113e-20
62 118 7.75387e-21
63 118 1.53132e-20
64 118 2.60517e-20
65 118 3.13846e-22
66 118 1.78387e-20
67 118 2.14264e-20
68 118 2.31701e-20
69 118 2.90079e-20
70 118 1.2296e-20
71 118 1.7711e-21
72 118 1.53894e-20
73 118 3.18206e-21
74 118 6.37447e-20
75 118 2.33013e-21
76 118 9.64635e-05
77 118 4.34502e-05
78 118 6.91893e-05
79 118 3.2277e-05
80 118 3.24221e-05
81 118 5.41126e-05
82 118 2.67514e-05
83 118 3.39099e-08
84 118 3.0094e-05
85 118 3.86989e-06
86 118 7.72252e-06
87 118 3.28806e-06
88 118 3.01633e-21
89 118 6.82282e-20
90 118 2.62595e-21
91 118 3.27769e-21
92 118 1.38584e-20
93 118 4.21175e-22
94 118 8.76623e-05
95 118 5.07974e-05
0 119 6.0332e-18
1 119 1.0223e-17
2 119 3.69903e-17
3 119 2.66734e-17
4 119 4.6733e-18
5 119 1.39839e-17
6 119 4.66265e-17
7 119 9.78475e-18
8 119 1.45798e-17
9 119 1.57219e-17
10 119 4.94469e-18
11 119 7.7366e-18
12 119 3.54616e-17
13 119 8.49875e-18
14 119 3.54285e-18
15 119 9.55389e-19
16 119 4.32392e-18
17 119 8.41311e-20
18 119 1.1655e-06
19 119 3.47991e-07
20 119 3.67231e-06
21 119 7.14443e-07
22 119 6.57791e-07
23 119 2.74306e-06
24 119 5.69169e-19
25 119 1.25805e-18
26 119 2.57703e-19
27 119 8.08165e-19
28 119 9.51357e-19
29 119 5.92912e-19
30 119 1.7393e-20
31 119 1.36045e-19
32 119 3.5852e-06
33 119 1.00686e-06
34 119 1.88278e-06
35 119 1.83156e-05
36 119 1.24707e-05
37 119 1.27214e-06
38 119 1.85562e-07
39 119 1.07255e-08
40 119 8.43525e-08
41 119 4.82272e-07
42 119 4.87635e-08
43 119 1.07298e-07
44 119 7.19805e-07
45 119 2.25857e-06
46 119 3.09154e-07
47 119 1.8007e-07
48 119 1.27685e-07
49 119 5.56714e-07
50 119 5.4347e-06
51 119 1.17634e-05
52 119 1.17066e-06
53 119 9.46336e-07
54 119 3.01815e-06
55 119 1.88983e-07
56 119 3.42011e-20
57 119 1.15355e-20
58 119 4.92379e-21
59 119 3.98219e-21
60 119 1.91547e-20
61 119 2.02546e-20
62 119 1.49256e-20
63 119 2.93058e-20
64 119 1.62936e-20
65 119 2.38538e-20
66 119 4.07653e-20
67 119 1.52993e-21
68 119 3.35512e-20
69 119 1.52157e-20
70 119 2.55958e-20
71 119 1.73245e-21
72 119 1.29505e-20
73 119 2.35986e-20
74 119 6.04618e-21
75 119 3.19207e-21
76 119 0.000118241
77 119 2.60458e-05
78 119 1.85168e-05
79 119 6.19727e-05
80 119 3.10804e-05
81 119 3.61257e-06
82 119 2.92155e-05
83 119 2.3192e-05
84 119 3.31825e-05
85 119 1.63315e-05
86 119 6.59263e-06
87 119 2.56974e-05
88 119 3.86603e-20
89 119 1.70666e-20
90 119 1.3215e-20
91 119 9.24365e-21
92 119 1.60417e-20
93 119 2.68546e-20
94 119 2.51234e-06
95 119 5.29981e-05
0 120 5.11744e-17
1 120 9.95466e-18
2 120 8.41827e-19
3 120 9.29474e-18
4 120 8.71084e-17
5 120 7.96395e-18
6 120 7.0377e-18
7 120 9.20496e-19
8 120 4.14614e-18
9 120 1.73197e-17
10 120 1.29689e-18
11 120 5.25662e-19
12 120 1.62897e-17
13 120 6.36363e-20
14 120 1.20899e-17
15 120 2.73876e-19
16 120 1.05963e-18
17 120 1.63783e-19
18 120 6.13089e-08
19 120 1.05318e-06
20 120 1.04273e-06
21 120 2.99149e-06
22 120 7.44651e-06
23 120 7.89376e-06
24 120 1.0854e-18
25 120 3.78117e-19
26 120 3.666e-19
27 120 6.85078e-20
28 120 6.51931e-19
29 120 8.19387e-20
30 120 1.1105e-19
31 120 4.0049e-20
32 120 1.42601e-06
33 120 1.95547e-06
34 120 2.27913e-05
35 120 1.4709e-06
36 120 6.12216e-06
37 120 6.66706e-06
38 120 8.93137e-09
39 120 3.78545e-07
40 120 1.04863e-07
41 120 3.65328e-07
42 120 1.32536e-08
43 120 2.26971e-08
44 120 1.48718e-06
45 120 7.0601e-07
46 120 1.10949e-06
47 120 9.79518e-07
48 120 1.27274e-07
49 120 1.0239e-06
50 120 1.61247e-06
51 120 2.34931e-06
52 120 1.32155e-06
53 120 7.68089e-07
54 120 9.72807e-07
55 120 2.49025e-06
56 120 6.75181e-20
57 120 8.90791e-21
58 120 4.91068e-20
59 120 5.72593e-21
60 120 1.48383e-19
61 120 4.21424e-21
62 120 3.83e-20
63 120 6.08385e-20
64 120 1.28743e-20
65 120 3.38311e-21
66 120 5.40699e-20
67 120 8.3208e-21
68 120 1.51303e-20
69 120 6.77178e-22
70 120 6.32707e-20
71 120 2.50987e-20
72 120 7.94963e-20
73 120 4.33468e-21
74 120 9.56339e-21
75 120 6.23949e-22
76 120 0.00010442
77 120 3.47677e-05
78 120 4.19767e-05
79 120 0.000332187
80 120 9.04315e-06
81 120 1.65038e-05
82 120 2.49336e-06
83 120 5.41403e-05
84 120 7.89907e-06
85 120 4.98738e-05
86 120 3.14284e-06
87 120 4.29554e-06
88 120 2.31078e-20
89 120 4.52042e-21
90 120 8.13561e-20
91 120 7.26348e-20
92 120 1.09759e-19
93 120 9.99693e-20
94 120 2.96482e-05
95 120 1.12281e-05
0 121 1.33626e-17
1 121 1.94125e-17
2 121 8.92699e-18
3 121 7.98704e-18
4 121 5.35286e-18
5 121 1.82673e-18
6 121 1.71095e-17
7 121 8.53832e-18
8 121 2.7407e-17
9 121 1.51001e-17
10 121 1.64136e-18
11 121 2.81433e-18
12 121 7.34295e-18
13 121 2.14578e-18
14 121 1.31141e-18
15 121 2.75438e-18
16 121 1.73115e-19
17 121 1.60898e-19
18 121 3.81695e-07
19 121 1.60737e-07
20 121 5.71674e-06
21 121 7.98297e-08
22 121 1.16214e-05
23 121 9.38801e-07
24 121 1.05289e-18
25 121 3.92716e-20
26 121 2.69681e-19
27 121 2.63351e-20
28 121 1.51476e-19
29 121 3.16283e-19
30 121 3.56272e-19
31 121 1.1098e-19
32 121 6.8898e-07
33 121 9.5681e-07
34 121 6.56291e-06
35 121 1.0159e-06
36 121 4.36752e-06
37 121 1.12121e-05
38 121 1.92884e-07
39 121 6.45437e-07
40 121 1.06978e-07
41 121 2.28024e-08
42 121 8.3222e-08
43 121 1.54605e-08
44 121 4.3436e-07
45 121 6.33084e-07
46 121 7.40165e-07
47 121 1.58629e-06
48 121 6.14745e-07
49 121 6.69333e-07
50 121 5.04748e-06
51 121 5.82737e-06
52 121 2.19998e-06
53 121 1.67056e-06
54 121 2.63116e-07
55 121 1.62004e-06
56 121 6.66986e-20
57 121 9.98003e-21
58 121 1.11615e-20
59 121 1.04873e-20
60 121 1.33324e-20
61 121 5.39654e-21
62 121 2.50966e-21
63 121 8.12108e-21
64 121 7.9416e-21
65 121 4.79604e-20
66 121 8.3649e-21
67 121 4.85031e-20
68 121 9.17548e-21
69 121 5.84251e-20
70 121 1.53336e-20
71 121 3.2651e-20
72 121 1.4409e-21
73 121 4.79385e-21
74 121 3.67621e-21
75 121 4.92969e-21
76 121 0.000191785
77 121 0.000137488
78 121 3.03163e-05
79 121 9.26524e-05
80 121 4.84307e-07
81 121 1.19496e-05
82 121 4.54211e-05
83 121 2.16292e-06
84 121 2.06225e-05
85 121 2.49906e-06
86 121 1.3491e-05
87 121 6.92693e-06
88 121 3.0736e-20
89 121 1.11871e-20
90 121 9.11613e-21
91 121 5.49036e-21
92 121 2.07454e-20
93 121 2.13231e-20
94 121 1.73737e-05
95 121 2.52116e-06
0 122 4.65221e-17
1 122 9.59445e-18
2 122 4.74843e-18
3 122 2.37663e-17
4 122 1.13366e-17
5 122 6.94699e-17
6 122 3.6746e-18
7 122 7.04789e-18
8 122 1.06008e-17
9 122 1.74104e-17
10 122 5.48289e-18
11 122 3.7189e-18
12 122 2.39613e-20
13 122 1.27826e-17
14 122 5.07067e-18
15 122 3.84828e-19
16 122 1.18557e-18
17 122 1.04651e-18
18 122 2.47671e-19
19 122 1.21282e-18
20 122 3.81133e-07
21 122 3.01801e-06
22 122 1.37962e-07
23 122 3.0461e-06
24 122 1.04792e-19
25 122 6.37292e-19
26 122 1.00783e-18
27 122 1.1401e-19
28 122 2.84507e-19
29 122 3.60191e-19
30 122 1.06035e-20
31 122 1.01899e-19
32 122 4.82709e-20
33 122 1.00499e-19
34 122 2.43093e-06
35 122 2.70857e-06
36 122 3.24794e-06
37 122 2.48782e-06
38 122 4.38849e-08
39 122 1.22136e-07
40 122 7.9575e-08
41 122 1.41085e-07
42 122 1.85487e-07
43 122 3.57592e-07
44 122 5.28111e-22
45 122 1.35138e-19
46 122 8.88533e-08
47 122 6.5538e-07
48 122 1.22291e-06
49 122 3.00775e-07
50 122 2.53245e-05
51 122 5.62666e-06
52 122 1.28897e-05
53 122 1.0095e-06
54 122 1.77486e-05
55 122 4.90026e-05
56 122 3.30242e-20
57 122 9.32043e-21
58 122 3.96236e-21
59 122 1.32781e-23
60 122 4.02877e-22
61 122 5.51256e-21
62 122 2.92802e-21
63 122 1.92869e-21
64 122 9.46334e-21
65 122 7.45327e-21
66 122 2.42691e-20
67 122 8.19656e-21
68 122 3.38821e-20
69 122 4.92288e-21
70 122 1.21624e-21
71 122 2.81587e-21
72 122 5.28789e-20
73 122 1.53867e-21
74 122 8.67208e-21
75 122 3.08621e-20
76 122 5.7015e-06
77 122 3.67104e-05
78 122 2.59964e-05
79 122 5.82946e-05
80 122 3.70334e-20
81 122 5.68825e-21
82 122 1.65988e-05
83 122 1.41007e-05
84 122 1.022e-05
85 122 4.62623e-05
86 122 8.23406e-05
87 122 3.00621e-05
88 122 3.55276e-21
89 122 5.37148e-20
90 122 2.6551e-20
91 122 3.05122e-21
92 122 7.7642e-21
93 122 1.86836e-20
94 122 3.64979e-21
95 122 8.83038e-21
0 123 6.40116e-18
1 123 5.88727e-19
2 123 7.80657e-19
3 123 9.02834e-18
4 123 4.97642e-17
5 123 3.4528e-17
6 123 1.80661e-17
7 123 1.61645e-17
8 123 4.46587e-17
9 123 6.17577e-18
10 123 4.96273e-19
11 123 2.16338e-18
12 123 2.94814e-17
13 123 1.91954e-19
14 123 1.69535e-17
15 123 1.5821e-18
16 123 7.84101e-19
17 123 3.30021e-18
18 123 1.13792e-18
19 123 3.57064e-19
20 123 7.73058e-07
21 123 1.1512e-06
22 123 3.15704e-06
23 123 1.14198e-07
24 123 5.24582e-19
25 123 6.82141e-19
26 123 8.20534e-19
27 123 6.56041e-20
28 123 1.63423e-18
29 123 2.02404e-19
30 123 9.78712e-20
31 123 7.6751e-20
32 123 3.34017e-19
33 123 9.83876e-20
34 123 6.16213e-06
35 123 1.49437e-06
36 123 8.56019e-07
37 123 7.02968e-08
38 123 7.51199e-08
39 123 3.05711e-08
40 123 1.39052e-07
41 123 6.04277e-08
42 123 4.91948e-07
43 123 3.85956e-07
44 123 1.80448e-19
45 123 2.50742e-20
46 123 1.5051e-07
47 123 7.1585e-08
48 123 1.03763e-06
49 123 5.30122e-07
50 123 3.09148e-05
51 123 1.91187e-05
52 123 1.04834e-05
53 123 1.85162e-05
54 123 6.13359e-06
55 123 2.85166e-05
56 123 8.31481e-21
57 123 4.7098e-21
58 123 2.44177e-21
59 123 3.07382e-20
60 123 2.30975e-20
61 123 4.02209e-21
62 123 1.94084e-20
63 123 2.63886e-20
64 123 2.50999e-20
65 123 6.24134e-22
66 123 1.85838e-21
67 123 2.89643e-21
68 123 5.68141e-21
69 123 1.15895e-20
70 123 6.01827e-21
71 123 4.4458e-21
72 123 4.27966e-21
73 123 6.48626e-20
74 123 1.7053e-20
75 123 1.38358e-22
76 123 2.3299e-05
77 123 2.54329e-05
78 123 3.94127e-05
79 123 1.18501e-05
80 123 3.88193e-22
81 123 2.74928e-21
82 123 1.47799e-05
83 123 3.0916e-05
84 123 1.0991e-05
85 123 1.21174e-05
86 123 0.000102981
87 123 7.87215e-05
88 123 1.30382e-19
89 123 1.63947e-20
90 123 2.76741e-20
91 123 4.37643e-20
92 123 6.46773e-21
93 123 7.23834e-21
94 123 8.64996e-21
95 123 9.18032e-20
0 124 1.71045e-17
1 124 1.36332e-16
2 124 7.14538e-18
3 124 1.64797e-17
4 124 2.84296e-17
5 124 7.76445e-17
6 124 1.89817e-18
7 124 1.05442e-17
8 124 4.15082e-18
9 124 9.43945e-18
10 124 1.2309e-17
11 124 1.24396e-18
12 124 3.12438e-17
13 124 8.06236e-21
14 124 6.09078e-18
15 124 2.32698e-19
16 124 4.08753e-18
17 124 3.36527e-19
18 124 6.12877e-07
19 124 2.56509e-06
20 124 1.79601e-06
21 124 4.79673e-06
22 124 5.03878e-07
23 124 2.34704e-06
24 124 2.57099e-18
25 124 2.33221e-21
26 124 1.07646e-18
27 124 1.36809e-19
28 124 1.55902e-18
29 124 2.16149e-19
30 124 1.39896e-19
31 124 6.89286e-20
32 124 1.07094e-06
33 124 2.50717e-07
34 124 7.53478e-07
35 124 7.19981e-08
36 124 6.28355e-07
37 124 4.60148e-06
38 124 4.58173e-07
39 124 2.65681e-06
40 124 1.42097e-07
41 124 2.22658e-06
42 124 6.94263e-20
43 124 2.12118e-20
44 124 2.48065e-06
45 124 4.77379e-06
46 124 5.40356e-07
47 124 1.07408e-05
48 124 6.26415e-06
49 124 2.98977e-06
50 124 1.95743e-21
51 124 2.57788e-20
52 124 1.15454e-06
53 124 5.79339e-07
54 124 4.74283e-06
55 124 2.90352e-06
56 124 1.67213e-21
57 124 8.43645e-21
58 124 1.49962e-19
59 124 1.28489e-20
60 124 5.96483e-20
61 124 6.09275e-21
62 124 1.43269e-20
63 124 5.9577e-20
64 124 2.24598e-20
65 124 3.59645e-21
66 124 1.54325e-20
67 124 4.38968e-20
68 124 1.25257e-20
69 124 1.31596e-20
70 124 1.12211e-20
71 124 3.83812e-21
72 124 9.75124e-21
73 124 2.46369e-20
74 124 2.47651e-21
75 124 4.87639e-22
76 124 1.16343e-05
77 124 3.25798e-05
78 124 1.55911e-05
79 124 1.64833e-06
80 124 0.000277551
81 124 0.000130207
82 124 2.06256e-06
83 124 4.0469e-07
84 124 1.38091e-05
85 124 4.73154e-06
86 124 4.21861e-22
87 124 3.91621e-21
88 124 9.84458e-21
89 124 4.56771e-20
90 124 7.71965e-20
91 124 2.06729e-20
92 124 1.06114e-20
93 124 6.8692e-20
94 124 0.000258617
95 124 0.000532165
0 125 9.02725e-17
1 125 7.00344e-18
2 125 3.03762e-17
3 125 3.27139e-17
4 125 6.56897e-17
5 125 2.76116e-17
6 125 1.50006e-17
7 125 7.31659e-18
8 125 3.39166e-17
9 125 2.29869e-17
10 125 3.72118e-17
11 125 1.73647e-18
12 125 2.60955e-17
13 125 2.5576e-17
14 125 3.34929e-18
15 125 2.76066e-18
16 125 5.0063e-18
17 125 7.03339e-19
18 125 4.15586e-07
19 125 1.95309e-06
20 125 6.50757e-06
21 125 1.40522e-06
22 125 1.03607e-06
23 125 1.98112e-06
24 125 1.14117e-18
25 125 3.58801e-19
26 125 2.2913e-18
27 125 3.73194e-20
28 125 3.03686e-19
29 125 3.28476e-19
30 125 2.92337e-19
31 125 4.24744e-19
32 125 6.92617e-07
33 125 2.92472e-07
34 125 2.35708e-06
35 125 3.25977e-06
36 125 1.2228e-06
37 125 1.68698e-07
38 125 7.99553e-07
39 125 1.56604e-06
40 125 1.52582e-06
41 125 2.45532e-06
42 125 8.69042e-20
43 125 2.10551e-20
44 125 2.13991e-06
45 125 3.26713e-06
46 125 1.0545e-05
47 125 9.45171e-06
48 125 3.07852e-06
49 125 6.9182e-07
50 125 2.61474e-20
51 125 6.54848e-21
52 125 4.23612e-06
53 125 1.82254e-06
54 125 3.50995e-06
55 125 1.28796e-06
56 125 3.88275e-21
57 125 1.98589e-20
58 125 6.87314e-21
59 125 3.99705e-20
60 125 8.80072e-20
61 125 5.76435e-20
62 125 2.40155e-20
63 125 9.10564e-21
64 125 1.722e-20
65 125 1.38524e-21
66 125 2.48392e-20
67 125 8.236e-21
68 125 5.88769e-20
69 125 1.78984e-20
70 125 5.22505e-20
71 125 2.62041e-20
72 125 1.5178e-20
73 125 4.45812e-21
74 125 2.56819e-21
75 125 2.75012e-21
76 125 1.22626e-06
77 125 3.61448e-06
78 125 4.5327e-05
79 125 2.0958e-05
80 125 0.000137064
81 125 0.000166856
82 125 1.66928e-05
83 125 3.88368e-06
84 125 1.38292e-06
85 125 2.3549e-06
86 125 1.75595e-20
87 125 1.73369e-20
88 125 2.09937e-20
89 125 1.23457e-20
90 125 6.8106e-20
91 125 2.74823e-20
92 125 8.37412e-20
93 125 1.36351e-20
94 125 0.000325003
95 125 0.000264401
0 126 6.56759e-17
1 126 1.35123e-17
2 126 3.98266e-17
3 126 1.76103e-17
4 126 6.90107e-17
5 126 1.63588e-17
6 126 1.9444e-17
7 126 3.49339e-18
8 126 2.12581e-17
9 126 6.24494e-17
10 126 1.97104e-18
11 126 3.89804e-18
12 126 1.31677e-17
13 126 1.4489e-18
14 126 8.16352e-18
15 126 2.66765e-18
16 126 7.3157e-19
17 126 6.94548e-19
18 126 1.12026e-08
19 126 1.28548e-07
20 126 2.84964e-06
21 126 2.02277e-06
22 126 1.9859e-07
23 126 2.23936e-06
24 126 1.59439e-18
25 126 4.02654e-19
26 126 8.959e-19
27 126 5.10445e-19
28 126 1.31084e-18
29 126 5.10462e-19
30 126 2.16109e-20
31 126 2.30225e-19
32 126 8.62557e-08
33 126 4.73433e-07
34 126 5.25334e-07
35 126 5.40659e-06
36 126 3.53642e-06
37 126 2.69602e-06
38 126 1.5151e-06
39 126 1.95213e-06
40 126 1.68028e-06
41 126 2.6519e-07
42 126 5.06146e-07
43 126 1.81443e-07
44 126 2.13981e-06
45 126 9.75078e-08
46 126 2.01275e-05
47 126 1.51259e-05
48 126 5.9545e-06
49 126 2.13557e-05
50 126 7.96562e-07
51 126 4.54462e-07
52 126 3.72338e-05
53 126 6.02232e-06
54 126 4.80556e-06
55 126 6.00096e-06
56 126 1.83202e-20
57 126 5.44277e-22
58 126 8.04864e-21
59 126 1.11369e-20
60 126 5.49309e-21
61 126 6.54259e-21
62 126 5.01048e-21
63 126 1.28115e-20
64 126 2.62102e-20
65 126 1.24771e-20
66 126 1.3082e-20
67 126 4.29359e-20
68 126 7.87914e-20
69 126 6.22583e-20
70 126 6.34591e-21
71 126 2.42458e-20
72 126 3.32426e-20
73 126 1.2458e-20
74 126 1.23833e-20
75 126 7.56408e-21
76 126 1.63557e-05
77 126 2.137e-05
78 126 6.22579e-05
79 126 1.42998e-05
80 126 7.23705e-06
81 126 7.55378e-06
82 126 5.04708e-05
83 126 1.13869e-05
84 126 9.93492e-06
85 126 6.78077e-06
86 126 1.28527e-05
87 126 3.52982e-06
88 126 1.83337e-20
89 126 5.61642e-20
90 126 2.77022e-20
91 126 1.021e-19
92 126 4.2865e-20
93 126 8.10635e-21
94 126 1.59107e-05
95 126 7.76666e-06
0 127 2.56878e-17
1 127 1.364e-16
2 127 4.97264e-18
3 127 6.1097e-18
4 127 8.51974e-17
5 127 5.25028e-17
6 127 3.06218e-18
7 127 1.33979e-18
8 127 5.94178e-18
9 127 4.96235e-17
10 127 4.75809e-18
11 127 1.27355e-17
12 127 1.68888e-17
13 127 4.7945e-18
14 127 9.85219e-18
15 127 2.43531e-18
16 127 3.77145e-18
17 127 3.12935e-18
18 127 2.52048e-07
19 127 2.41241e-07
20 127 6.22174e-07
21 127 2.76674e-06
22 127 1.98914e-06
23 127 1.02155e-06
24 127 1.22589e-18
25 127 1.39413e-18
26 127 2.05864e-18
27 127 1.43641e-19
28 127 2.72938e-19
29 127 9.58013e-19
30 127 1.92077e-19
31 127 9.64756e-20
32 127 5.41315e-07
33 127 1.43425e-06
34 127 3.56544e-06
35 127 4.86472e-06
36 127 7.00922e-07
37 127 4.21954e-07
38 127 3.76046e-06
39 127 7.88611e-07
40 127 1.00888e-06
41 127 8.986e-07
42 127 5.76397e-07
43 127 1.00459e-07
44 127 6.1091e-06
45 127 1.78808e-06
46 127 1.68385e-06
47 127 2.2483e-06
48 127 4.7394e-06
49 127 2.39997e-05
50 127 2.59757e-09
51 127 1.2289e-06
52 127 1.72352e-05
53 127 1.35237e-05
54 127 1.25525e-05
55 127 1.8839e-05
56 127 1.64051e-20
57 127 1.83995e-20
58 127 2.79898e-20
59 127 2.05775e-20
60 127 1.15225e-22
61 127 7.23025e-21
62 127 2.143e-20
63 127 3.85574e-20
64 127 3.72539e-21
65 127 4.10042e-20
66 127 6.14678e-20
67 127 2.36595e-20
68 127 3.97937e-20
69 127 6.26531e-21
70 127 2.01984e-20
71 127 3.3408e-21
72 127 4.92739e-20
73 127 6.27956e-21
74 127 9.77316e-21
75 127 2.88587e-20
76 127 4.03529e-05
77 127 2.82006e-05
78 127 2.02758e-06
79 127 1.38046e-05
80 127 3.99845e-05
81 127 1.22234e-05
82 127 5.65552e-05
83 127 4.21018e-06
84 127 9.93505e-06
85 127 2.01309e-05
86 127 8.38828e-07
87 127 1.5288e-05
88 127 1.59238e-21
89 127 6.11487e-21
90 127 3.24124e-22
91 127 2.96472e-20
92 127 5.86234e-20
93 127 1.89659e-20
94 127 2.74418e-05
95 127 5.61332e-05
0 128 1.56895e-17
1 128 8.48947e-17
2 128 3.52572e-18
3 128 1.2675e-17
4 128 3.38417e-17
5 128 5.68178e-17
6 128 2.19613e-17
7 128 4.2014e-18
8 128 9.14142e-18
9 128 3.47368e-17
10 128 7.62216e-18
11 128 1.51362e-17
12 128 1.69456e-17
13 128 3.00716e-18
14 128 8.60968e-19
15 128 4.49334e-18
16 128 1.03089e-18
17 128 1.8946e-18
18 128 5.63624e-07
19 128 1.0479e-08
20 128 1.481e-07
21 128 1.3781e-06
22 128 3.09307e-06
23 128 3.69101e-07
24 128 3.78643e-18
25 128 5.76006e-19
26 128 1.88458e-18
27 128 1.36758e-19
28 128 6.589e-19
29 128 5.96408e-19
30 128 9.71112e-20
31 128 3.73836e-19
32 128 1.26483e-06
33 128 1.03438e-06
34 128 5.33137e-06
35 128 8.54256e-07
36 128 5.27807e-06
37 128 1.9831e-06
38 128 1.19136e-07
39 128 4.54553e-07
40 128 2.97605e-06
41 128 1.18733e-06
42 128 5.37988e-08
43 128 1.29371e-08
44 128 2.41419e-06
45 128 6.77675e-06
46 128 3.05243e-05
47 128 2.70613e-05
48 128 4.04326e-06
49 128 3.40441e-07
50 128 2.3921e-08
51 128 9.75004e-08
52 128 7.97444e-06
53 128 7.34515e-06
54 128 1.38507e-05
55 128 2.20808e-05
56 128 5.43825e-21
57 128 2.76607e-20
58 128 7.0699e-20
59 128 1.00542e-20
60 128 5.10287e-20
61 128 5.90977e-20
62 128 2.16108e-20
63 128 5.00619e-21
64 128 1.33825e-20
65 128 7.88383e-22
66 128 2.6273e-20
67 128 1.09189e-20
68 128 1.55598e-20
69 128 3.0537e-21
70 128 1.8544e-20
71 128 1.65271e-20
72 128 2.00443e-20
73 128 1.27444e-20
74 128 2.57676e-21
75 128 6.00474e-21
76 128 9.02443e-06
77 128 6.08099e-05
78 128 2.68823e-06
79 128 9.66141e-06
80 128 1.97912e-05
81 128 4.09696e-05
82 128 3.9978e-06
83 128 1.40265e-05
84 128 9.18796e-06
85 128 3.07429e-05
86 128 5.63796e-07
87 128 1.02626e-06
88 128 4.89531e-20
89 128 4.37753e-20
90 128 6.04143e-22
91 128 1.05827e-20
92 128 5.85536e-20
93 128 6.98748e-21
94 128 5.31427e-05
95 128 4.4124e-05
0 129 1.42469e-17
1 129 1.44348e-17
2 129 1.11005e-18
3 129 6.29596e-19
4 129 2.02556e-17
5 129 2.81102e-19
6 129 1.18364e-19
7 129 3.87674e-18
8 129 6.6852e-18
9 129 4.13743e-18
10 129 6.12632e-18
11 129 2.53561e-18
12 129 4.99157e-18
13 129 4.94905e-18
14 129 1.27745e-18
15 129 7.11654e-19
16 129 8.86573e-19
17 129 2.18061e-19
18 129 8.26629e-08
19 129 9.39625e-08
20 129 4.32933e-06
21 129 2.49674e-06
22 129 2.16721e-07
23 129 9.06669e-07
24 129 8.31533e-20
25 129 3.45284e-19
26 129 3.7582e-19
27 129 3.26719e-19
28 129 5.86288e-19
29 129 1.39457e-19
30 129 1.31268e-19
31 129 2.23603e-21
32 129 1.45544e-07
33 129 5.61815e-07
34 129 6.32665e-07
35 129 6.67274e-07
36 129 4.25238e-06
37 129 3.26072e-07
38 129 1.78118e-06
39 129 2.73318e-06
40 129 9.10027e-08
41 129 2.08559e-06
42 129 4.22786e-07
43 129 1.1934e-06
44 129 1.90953e-06
45 129 9.18095e-07
46 129 4.0641e-07
47 129 1.32904e-05
48 129 6.09059e-07
49 129 4.91128e-06
50 129 1.41011e-06
51 129 1.53042e-06
52 129 4.41765e-06
53 129 2.75913e-05
54 129 2.01661e-05
55 129 7.25816e-06
56 129 3.48552e-21
57 129 2.46996e-20
58 129 4.16705e-21
59 129 2.45234e-20
60 129 3.00991e-20
61 129 3.71635e-20
62 129 1.21758e-21
63 129 9.95379e-21
64 129 4.0051e-20
65 129 2.12666e-20
66 129 3.28513e-21
67 129 6.83259e-21
68 129 1.9898e-20
69 129 4.53545e-21
70 129 8.75837e-21
71 129 1.02398e-20
72 129 1.66443e-20
73 129 5.33395e-21
74 129 3.66865e-21
75 129 1.59017e-21
76 129 4.83699e-05
77 129 2.39958e-05
78 129 2.59078e-05
79 129 2.53547e-06
80 129 1.66051e-07
81 129 1.85273e-05
82 129 3.90636e-06
83 129 4.97738e-05
84 129 4.45867e-05
85 129 8.15287e-06
86 129 1.73242e-05
87 129 2.11831e-05
88 129 8.99517e-20
89 129 3.14764e-20
90 129 2.48715e-21
91 129 4.47393e-20
92 129 2.41972e-21
93 129 6.41161e-20
94 129 2.97696e-05
95 129 1.54915e-07
0 130 7.02842e-17
1 130 1.64575e-17
2 130 1.49879e-17
3 130 4.30073e-18
4 130 1.50749e-16
5 130 3.23184e-17
6 130 7.23279e-18
7 130 7.84145e-18
8 130 3.45118e-18
9 130 4.74503e-18
10 130 2.03703e-17
11 130 1.36385e-17
12 130 6.7326e-17
13 130 3.06556e-18
14 130 1.06016e-17
15 130 8.72989e-19
16 130 1.57754e-18
17 130 7.80308e-19
18 130 1.93037e-07
19 130 1.25846e-06
20 130 4.4524e-06
21 130 8.37577e-07
22 130 5.53546e-07
23 130 2.05248e-06
24 130 2.01153e-18
25 130 6.86187e-19
26 130 2.08237e-19
27 130 4.23578e-19
28 130 2.35059e-18
29 130 4.33187e-19
30 130 4.14513e-20
31 130 1.86673e-19
32 130 4.60042e-08
33 130 6.12106e-08
34 130 4.99684e-07
35 130 4.7215e-07
36 130 2.94381e-07
37 130 2.42519e-07
38 130 3.79574e-06
39 130 1.04829e-05
40 130 7.32202e-06
41 130 1.6571e-05
42 130 5.91062e-20
43 130 7.65369e-22
44 130 4.07453e-06
45 130 2.48261e-06
46 130 1.0855e-05
47 130 2.76741e-05
48 130 1.00378e-05
49 130 1.07716e-06
50 130 6.14083e-20
51 130 5.58068e-21
52 130 7.66629e-09
53 130 4.48852e-09
54 130 1.51208e-08
55 130 7.37885e-09
56 130 7.25808e-20
57 130 1.60169e-21
58 130 7.73543e-20
59 130 8.98806e-21
60 130 2.95361e-20
61 130 1.14165e-20
62 130 1.00421e-20
63 130 1.15173e-20
64 130 2.24008e-20
65 130 4.16479e-20
66 130 3.15606e-20
67 130 4.51095e-21
68 130 5.25196e-20
69 130 2.18029e-20
70 130 1.55199e-20
71 130 2.34629e-20
72 130 7.88781e-20
73 130 9.1571e-21
74 130 4.80916e-22
75 130 1.11349e-20
76 130 2.24254e-07
77 130 5.21846e-06
78 130 2.36692e-05
79 130 7.77811e-06
80 130 3.02365e-06
81 130 9.35228e-06
82 130 4.46027e-05
83 130 6.64243e-06
84 130 1.81726e-05
85 130 1.45211e-05
86 130 1.42048e-20
87 130 3.99857e-21
88 130 1.881e-20
89 130 8.82504e-22
90 130 1.65949e-21
91 130 2.46994e-20
92 130 7.91203e-21
93 130 1.34617e-20
94 130 3.97358e-05
95 130 9.80696e-06
0 131 8.28472e-18
1 131 1.20204e-16
2 131 1.7446e-17
3 131 3.99237e-19
4 131 9.27887e-18
5 131 6.85992e-18
6 131 2.05296e-18
7 131 8.28726e-18
8 131 3.31236e-18
9 131 1.94243e-17
10 131 5.92953e-18
11 131 8.69426e-18
12 131 1.11923e-17
13 131 2.80732e-18
14 131 3.09899e-18
15 131 1.06306e-18
16 131 6.98636e-19
17 131 7.3068e-19
18 131 3.24048e-06
19 131 1.38254e-05
20 131 7.50338e-08
21 131 2.54397e-06
22 131 2.86093e-07
23 131 3.07398e-07
24 131 5.30845e-19
25 131 4.22878e-19
26 131 1.41095e-19
27 131 2.60296e-19
28 131 5.98867e-19
29 131 2.01793e-19
30 131 1.66174e-19
31 131 4.59761e-21
32 131 9.99693e-07
33 131 2.60871e-07
34 131 5.71533e-09
35 131 6.91905e-08
36 131 6.39231e-09
37 131 5.32532e-07
38 131 1.91348e-06
39 131 8.68594e-06
40 131 2.49174e-07
41 131 4.68161e-06
42 131 2.14942e-20
43 131 3.74552e-20
44 131 2.64526e-05
45 131 5.06423e-05
46 131 6.62092e-06
47 131 4.1592e-06
48 131 4.69082e-06
49 131 4.72685e-06
50 131 5.52173e-21
51 131 6.7562e-21
52 131 5.32066e-09
53 131 1.29798e-09
54 131 4.76149e-09
55 131 2.71906e-09
56 131 3.82445e-22
57 131 3.67113e-21
58 131 9.88982e-20
59 131 2.41298e-23
60 131 7.63653e-20
61 131 6.78596e-20
62 131 1.41888e-21
63 131 5.95512e-20
64 131 9.37558e-20
65 131 2.97178e-20
66 131 1.23812e-20
67 131 4.05402e-20
68 131 2.9761e-20
69 131 7.34839e-22
70 131 3.32529e-21
71 131 5.18066e-20
72 131 1.36569e-20
73 131 3.11772e-20
74 131 5.56569e-21
75 131 3.47314e-21
76 131 4.81008e-06
77 131 8.94998e-06
78 131 1.77463e-07
79 131 1.07125e-06
80 131 8.89581e-05
81 131 5.65507e-05
82 131 4.2654e-06
83 131 4.53117e-06
84 131 2.1411e-05
85 131 3.94303e-06
86 131 7.19711e-21
87 131 1.68666e-20
88 131 3.14644e-20
89 131 4.53795e-22
90 131 2.40619e-20
91 131 1.04907e-19
92 131 3.49895e-20
93 131 1.9806e-20
94 131 0.000227525
95 131 0.000354969
0 132 4.3967e-17
1 132 3.03377e-17
2 132 1.28399e-17
3 132 5.57481e-18
4 132 1.82512e-17
5 132 1.1702e-17
6 132 1.41675e-17
7 132 7.32694e-20
8 132 1.37533e-17
9 132 1.62172e-18
10 132 4.99908e-18
11 132 1.67191e-20
12 132 2.82716e-18
13 132 1.80501e-18
14 132 4.01617e-18
15 132 1.81569e-18
16 132 1.63861e-18
17 132 1.76371e-19
18 132 1.9379e-06
19 132 1.13901e-06
20 132 2.31783e-07
21 132 3.12568e-07
22 132 1.33504e-06
23 132 2.51787e-07
24 132 6.23437e-20
25 132 9.04899e-19
26 132 1.5872e-19
27 132 2.38814e-19
28 132 1.18264e-19
29 132 3.97022e-19
30 132 1.83483e-19
31 132 1.18723e-19
32 132 1.5884e-06
33 132 2.08035e-06
34 132 1.1748e-06
35 132 1.69927e-06
36 132 1.64457e-07
37 132 1.7591e-06
38 132 1.86952e-07
39 132 1.16193e-07
40 132 4.59849e-06
41 132 2.1357e-07
42 132 2.73109e-05
43 132 2.2833e-05
44 132 8.26209e-07
45 132 1.16864e-06
46 132 1.37092e-05
47 132 1.11317e-06
48 132 4.57478e-06
49 132 1.81701e-06
50 132 1.89583e-06
51 132 6.1233e-06
52 132 2.68452e-07
53 132 5.91058e-07
54 132 4.95485e-07
55 132 2.20431e-07
56 132 1.3593e-20
57 132 2.68467e-20
58 132 6.77933e-21
59 132 1.45703e-20
60 132 2.19803e-21
61 132 1.18631e-20
62 132 2.64388e-20
63 132 4.27091e-20
64 132 7.77216e-21
65 132 1.77992e-20
66 132 7.48247e-21
67 132 1.80152e-22
68 132 2.19901e-21
69 132 2.33036e-20
70 132 2.4113e-20
71 132 1.95338e-20
72 132 6.17266e-21
73 132 3.92619e-21
74 132 1.41072e-20
75 132 3.92589e-21
76 132 4.20669e-07
77 132 9.07246e-06
78 132 5.06519e-06
79 132 4.10511e-08
80 132 2.02376e-06
81 132 6.43049e-05
82 132 4.07394e-07
83 132 5.99779e-07
84 132 7.32999e-07
85 132 8.56197e-07
86 132 1.4715e-05
87 132 3.72433e-05
88 132 3.88704e-20
89 132 3.36939e-20
90 132 9.39759e-20
91 132 3.34736e-20
92 132 1.19628e-20
93 132 1.47406e-20
94 132 0.000174648
95 132 2.14661e-05
0 133 2.7469e-17
1 133 4.20421e-17
2 133 8.03599e-17
3 133 1.48574e-18
4 133 1.61035e-17
5 133 5.2501e-18
6 133 1.74212e-18
7 133 1.10771e-17
8 133 1.2774e-17
9 133 2.33781e-17
10 133 1.79952e-18
11 133 5.92139e-18
12 133 6.51058e-18
13 133 4.2394e-19
14 133 1.23349e-17
15 133 7.06233e-20
16 133 5.04224e-18
17 133 9.2942e-21
18 133 1.51263e-06
19 133 1.14333e-06
20 133 5.12049e-06
21 133 3.28752e-06
22 133 7.47477e-07
23 133 4.30992e-06
24 133 2.10042e-19
25 133 8.73714e-19
26 133 7.14184e-19
27 133 3.02474e-19
28 133 1.45761e-18
29 133 2.03167e-19
30 133 3.30962e-20
31 133 1.07957e-20
32 133 3.23399e-07
33 133 2.84344e-06
34 133 1.05114e-07
35 133 1.57669e-07
36 133 5.3481e-07
37 133 5.52384e-07
38 133 1.06553e-05
39 133 4.85058e-06
40 133 2.78967e-05
41 133 2.4261e-06
42 133 1.61847e-05
43 133 2.5055e-05
44 133 1.47735e-06
45 133 2.44586e-07
46 133 1.58425e-06
47 133 4.75009e-06
48 133 1.1345e-07
49 133 7.08726e-06
50 133 2.04145e-06
51 133 4.55369e-06
52 133 2.00156e-07
53 133 2.56179e-07
54 133 7.86414e-08
55 133 6.54034e-08
56 133 4.62559e-20
57 133 9.12172e-20
58 133 3.95246e-21
59 133 2.34177e-20
60 133 2.05429e-21
61 133 5.91932e-20
62 133 4.91205e-20
63 133 5.63036e-21
64 133 7.44796e-21
65 133 8.31182e-20
66 133 1.72524e-20
67 133 4.83563e-20
68 133 7.80059e-21
69 133 6.97345e-20
70 133 3.26228e-20
71 133 3.01539e-21
72 133 2.71009e-20
73 133 1.39732e-20
74 133 7.83781e-21
75 133 2.44799e-21
76 133 9.8921e-06
77 133 2.55786e-06
78 133 2.97386e-06
79 133 1.04926e-05
80 133 2.88648e-05
81 133 2.83897e-05
82 133 6.81594e-07
83 133 3.98892e-06
84 133 2.43863e-06
85 133 9.54298e-06
86 133 1.23037e-05
87 133 3.04283e-05
88 133 3.45466e-20
89 133 5.92388e-20
90 133 1.95716e-21
91 133 4.12339e-20
92 133 8.99668e-20
93 133 4.10602e-20
94 133 9.84887e-05
95 133 7.07957e-05
0 134 4.52534e-17
1 134 3.37592e-19
2 134 4.61139e-17
3 134 3.22359e-17
4 134 3.52434e-17
5 134 2.47276e-17
6 134 3.47742e-17
7 134 1.37528e-18
8 134 4.80196e-17
9 134 2.71404e-18
10 134 8.23888e-18
11 134 3.3836e-18
12 134 2.85875e-18
13 134 4.99166e-18
14 134 6.69514e-18
15 134 5.38592e-18
16 134 1.91278e-18
17 134 5.76043e-19
18 134 8.03399e-07
19 134 1.80131e-10
20 134 6.65829e-07
21 134 1.60299e-06
22 134 1.27378e-05
23 134 3.41248e-06
24 134 5.76353e-19
25 134 9.15842e-19
26 134 1.98559e-18
27 134 4.15954e-19
28 134 3.44139e-20
29 134 3.71882e-19
30 134 2.98818e-19
31 134 7.86479e-20
32 134 5.97153e-07
33 134 3.60996e-07
34 134 2.15879e-06
35 134 9.44372e-08
36 134 1.56824e-07
37 134 1.31109e-07
38 134 2.3561e-05
39 134 3.72884e-06
40 134 1.90699e-05
41 134 1.33647e-05
42 134 2.44725e-05
43 134 4.21474e-07
44 134 1.15521e-07
45 134 4.05464e-07
46 134 1.90505e-07
47 134 1.20974e-05
48 134 2.70793e-06
49 134 4.84799e-07
50 134 9.59416e-07
51 134 3.02169e-06
52 134 1.60318e-07
53 134 8.16012e-08
54 134 2.84078e-07
55 134 2.70263e-07
56 134 1.30363e-19
57 134 2.58935e-20
58 134 7.48297e-21
59 134 2.88599e-20
60 134 2.43944e-20
61 134 9.4522e-21
62 134 6.27339e-21
63 134 8.37747e-21
64 134 5.76499e-20
65 134 5.4014e-21
66 134 1.32838e-20
67 134 1.90192e-20
68 134 4.32323e-20
69 134 8.52929e-20
70 134 3.99814e-20
71 134 1.31045e-21
72 134 4.22657e-20
73 134 2.02914e-20
74 134 1.93287e-20
75 134 1.1221e-20
76 134 7.46108e-06
77 134 2.77879e-06
78 134 1.21238e-05
79 134 1.85348e-05
80 134 8.18394e-06
81 134 9.13878e-06
82 134 2.96232e-06
83 134 6.61015e-06
84 134 8.88193e-06
85 134 1.54553e-06
86 134 1.04336e-05
87 134 1.53611e-05
88 134 4.62976e-20
89 134 7.107e-20
90 134 1.92216e-20
91 134 6.64786e-21
92 134 1.7479e-20
93 134 4.3397e-21
94 134 2.05189e-05
95 134 3.06992e-05
0 135 7.17338e-17
1 135 3.39217e-17
2 135 4.45669e-18
3 135 1.58012e-17
4 135 1.6104e-16
5 135 1.4388e-17
6 135 2.20085e-17
7 135 6.76392e-18
8 135 2.46792e-17
9 135 3.25091e-17
10 135 9.20089e-18
11 135 4.9626e-18
12 135 4.72103e-17
13 135 3.98852e-18
14 135 1.47518e-17
15 135 2.70107e-19
16 135 1.36484e-20
17 135 7.63772e-19
18 135 2.0325e-06
19 135 9.95221e-07
20 135 1.19076e-06
21 135 4.35339e-08
22 135 4.96806e-07
23 135 8.05804e-06
24 135 2.05703e-18
25 135 7.14287e-19
26 135 1.4148e-18
27 135 1.01164e-19
28 135 2.97537e-18
29 135 3.7936e-19
30 135 3.11659e-20
31 135 8.96668e-20
32 135 1.68469e-06
33 135 1.92542e-06
34 135 2.50761e-07
35 135 6.14491e-07
36 135 2.10304e-06
37 135 2.23032e-06
38 135 1.03296e-05
39 135 8.64223e-06
40 135 2.877e-06
41 135 3.54786e-06
42 135 5.68693e-06
43 135 2.19966e-05
44 135 1.10005e-06
45 135 8.62912e-07
46 135 5.38229e-06
47 135 1.63325e-07
48 135 1.70375e-06
49 135 6.78022e-06
50 135 4.37629e-06
51 135 5.09136e-08
52 135 7.15312e-07
53 135 2.47697e-07
54 135 4.71747e-08
55 135 2.26132e-07
56 135 2.91057e-20
57 135 2.26413e-20
58 135 3.75099e-20
59 135 5.41658e-20
60 135 9.66387e-21
61 135 7.62564e-20
62 135 1.16002e-20
63 135 1.25411e-20
64 135 4.37456e-20
65 135 9.35296e-22
66 135 2.96531e-20
67 135 4.88286e-21
68 135 7.93482e-21
69 135 2.17539e-20
70 135 2.29312e-20
71 135 1.05822e-21
72 135 1.64404e-20
73 135 5.05397e-21
74 135 2.26023e-20
75 135 9.23296e-21
76 135 1.9004e-05
77 135 5.55642e-07
78 135 1.13736e-06
79 135 1.64989e-05
80 135 5.55009e-05
81 135 9.7675e-06
82 135 4.32999e-07
83 135 2.51712e-06
84 135 2.02837e-06
85 135 8.40255e-07
86 135 2.74278e-05
87 135 1.2574e-06
88 135 2.82195e-20
89 135 7.17153e-21
90 135 8.9866e-21
91 135 4.61485e-20
92 135 9.32456e-21
93 135 1.87838e-20
94 135 3.46557e-05
95 135 0.000158324
0 136 6.16752e-07
1 136 4.14446e-06
2 136 7.05399e-18
3 136 4.79984e-19
4 136 2.7513e-08
5 136 4.64711e-07
6 136 6.09269e-08
7 136 2.60993e-07
8 136 5.14704e-07
9 136 9.24538e-07
10 136 1.41569e-07
11 136 8.5226e-07
12 136 1.81871e-06
13 136 3.97139e-07
14 136 2.36919e-07
15 136 1.87459e-06
16 136 1.34682e-06
17 136 3.43804e-06
18 136 1.36393e-19
19 136 1.79752e-20
20 136 5.30309e-19
21 136 1.01855e-20
22 136 9.07576e-20
23 136 1.6739e-20
24 136 2.61275e-06
25 136 2.93281e-07
26 136 5.621e-19
27 136 1.58873e-20
28 136 7.59453e-08
29 136 1.5229e-07
30 136 2.78792e-08
31 136 2.31926e-07
32 136 2.30967e-20
33 136 5.31558e-21
34 136 5.8045e-20
35 136 8.85886e-21
36 136 2.73819e-20
37 136 5.5741e-22
38 136 9.81669e-21
39 136 6.98572e-21
40 136 9.93747e-21
41 136 7.90634e-21
42 136 3.77309e-20
43 136 2.46554e-20
44 136 1.18977e-20
45 136 7.17314e-21
46 136 3.5577e-21
47 136 2.96662e-21
48 136 9.53393e-22
49 136 8.49007e-21
50 136 1.53932e-20
51 136 8.38621e-22
52 136 4.23366e-21
53 136 1.0263e-20
54 136 1.30807e-20
55 136 4.59292e-21
56 136 1.51657e-21
57 136 5.31972e-21
58 136 2.71417e-10
59 136 4.98499e-08
60 136 8.03431e-09
61 136 1.55837e-07
62 136 2.0176e-05
63 136 1.49172e-05
64 136 1.8775e-07
65 136 8.90455e-07
66 136 7.86941e-06
67 136 3.49185e-05
68 136 9.69056e-21
69 136 8.90798e-21
70 136 1.07436e-07
71 136 4.56787e-07
72 136 1.74124e-07
73 136 8.16735e-06
74 136 2.53654e-05
75 136 6.71682e-06
76 136 1.6173e-21
77 136 9.74509e-21
78 136 3.07974e-20
79 136 7.6285e-21
80 136 7.43273e-21
81 136 2.77403e-21
82 136 1.42194e-21
83 136 1.40527e-20
84 136 1.66692e-20
85 136 3.20569e-21
86 136 7.05924e-21
87 136 2.08185e-20
88 136 8.80308e-21
89 136 1.33288e-21
90 136 1.43796e-06
91 136 1.86474e-06
92 136 2.35444e-06
93 136 7.05478e-07
94 136 1.53773e-20
95 136 1.42686e-20
0 137 7.0711e-08
1 137 2.93408e-06
2 137 1.04039e-17
3 137 2.2799e-18
4 137 4.00201e-07
5 137 1.50495e-07
6 137 2.26298e-07
7 137 2.44764e-07
8 137 8.60273e-07
9 137 3.58001e-08
10 137 2.15023e-06
11 137 7.20932e-09
12 137 1.21128e-06
13 137 1.87146e-07
14 137 1.25862e-06
15 137 1.69421e-07
16 137 6.87328e-06
17 137 3.53643e-07
18 137 7.4537e-20
19 137 3.45248e-20
20 137 4.11616e-19
21 137 3.95862e-19
22 137 1.98011e-19
23 137 9.67925e-20
24 137 1.64291e-06
25 137 1.91081e-07
26 137 1.21963e-19
27 137 7.90344e-21
28 137 1.26968e-08
29 137 2.80623e-07
30 137 1.94517e-07
31 137 1.24655e-07
32 137 6.06836e-20
33 137 1.04305e-21
34 137 3.95079e-20
35 137 1.82616e-20
36 137 1.30158e-19
37 137 3.07898e-21
38 137 8.33192e-21
39 137 1.53381e-20
40 137 7.22216e-21
41 137 1.30834e-20
42 137 9.80639e-21
43 137 1.49766e-20
44 137 2.81882e-20
45 137 1.06576e-20
46 137 2.72728e-20
47 137 7.01035e-21
48 137 1.98631e-20
49 137 1.0337e-20
50 137 8.49747e-21
51 137 2.66009e-20
52 137 8.16807e-21
53 137 2.57661e-21
54 137 1.05262e-20
55 137 1.67666e-20
56 137 1.86351e-21
57 137 8.98961e-21
58 137 4.85401e-08
59 137 6.1698e-08
60 137 2.94269e-09
61 137 1.55381e-07
62 137 2.34953e-05
63 137 5.44678e-06
64 137 7.27974e-06
65 137 9.1735e-06
66 137 5.22519e-06
67 137 2.17782e-05
68 137 1.38184e-20
69 137 2.38343e-21
70 137 1.51508e-06
71 137 6.20054e-07
72 137 7.07305e-06
73 137 1.96849e-06
74 137 1.83934e-05
75 137 1.85363e-06
76 137 7.4234e-22
77 137 9.33605e-21
78 137 5.72113e-20
79 137 1.41477e-20
80 137 8.51722e-21
81 137 1.89819e-20
82 137 3.4153e-21
83 137 6.29008e-21
84 137 3.50966e-21
85 137 6.13373e-22
86 137 3.08661e-21
87 137 1.21119e-20
88 137 1.60135e-22
89 137 2.55432e-21
90 137 1.25307e-06
91 137 6.37238e-07
92 137 5.80241e-06
93 137 2.92388e-07
94 137 2.98598e-21
95 137 2.236e-20
0 138 2.5164e-07
1 138 2.17145e-08
2 138 1.19271e-06
3 138 5.68732e-07
4 138 1.0259e-06
5 138 4.58847e-07
6 138 2.39716e-06
7 138 5.04849e-06
8 138 3.01576e-09
9 138 1.41586e-07
10 138 7.63572e-07
11 138 3.39745e-07
12 138 5.18872e-09
13 138 8.28716e-08
14 138 3.72873e-07
15 138 3.10385e-09
16 138 3.38054e-08
17 138 8.75698e-08
18 138 4.68058e-20
19 138 5.87032e-19
20 138 1.19558e-20
21 138 2.95326e-20
22 138 2.73793e-19
23 138 3.22099e-19
24 138 1.11308e-07
25 138 2.7214e-07
26 138 1.35369e-06
27 138 1.35187e-06
28 138 1.0857e-06
29 138 7.07397e-07
30 138 6.72887e-07
31 138 2.97356e-07
32 138 1.75704e-20
33 138 1.48698e-21
34 138 9.13607e-20
35 138 9.43154e-22
36 138 1.08517e-20
37 138 2.07573e-20
38 138 3.81559e-21
39 138 3.13979e-20
40 138 1.26678e-20
41 138 3.17623e-20
42 138 4.20683e-21
43 138 5.9175e-21
44 138 6.20957e-21
45 138 3.34027e-20
46 138 1.60715e-20
47 138 4.55863e-20
48 138 3.49623e-20
49 138 2.01188e-20
50 138 5.38772e-21
51 138 2.40237e-21
52 138 9.44528e-22
53 138 3.27547e-21
54 138 2.82042e-21
55 138 4.9544e-21
56 138 4.3182e-06
57 138 1.91817e-07
58 138 5.2866e-07
59 138 1.25776e-06
60 138 5.79732e-07
61 138 3.8241e-08
62 138 3.87723e-07
63 138 1.16186e-05
64 138 8.85858e-06
65 138 1.66911e-06
66 138 1.26683e-07
67 138 8.40274e-08
68 138 4.94376e-06
69 138 1.12996e-05
70 138 2.08548e-06
71 138 3.04785e-05
72 138 1.62108e-06
73 138 1.30445e-06
74 138 8.94003e-08
75 138 1.58073e-05
76 138 1.97479e-20
77 138 2.37724e-21
78 138 2.40925e-20
79 138 2.42753e-21
80 138 8.70588e-21
81 138 1.45323e-20
82 138 4.85733e-21
83 138 1.09569e-21
84 138 1.03358e-20
85 138 1.02962e-20
86 138 4.7509e-21
87 138 4.24146e-21
88 138 3.36128e-06
89 138 1.89242e-05
90 138 9.49235e-07
91 138 2.47923e-06
92 138 4.0898e-06
93 138 9.6723e-07
94 138 1.99782e-20
95 138 1.01376e-20
0 139 2.83596e-08
1 139 8.96756e-08
2 139 6.16217e-07
3 139 2.11336e-07
4 139 2.10833e-06
5 139 1.19855e-06
6 139 5.63864e-06
7 139 4.47268e-07
8 139 5.18447e-07
9 139 9.17137e-08
10 139 9.58214e-07
11 139 7.42898e-08
12 139 2.34209e-08
13 139 1.46027e-08
14 139 4.75473e-08
15 139 3.83301e-08
16 139 3.01931e-07
17 139 1.13467e-07
18 139 1.23802e-18
19 139 1.56772e-19
20 139 2.62531e-19
21 139 1.29771e-19
22 139 1.42786e-19
23 139 2.69161e-19
24 139 8.80039e-08
25 139 7.75702e-08
26 139 8.15159e-07
27 139 4.55952e-07
28 139 3.99505e-06
29 139 1.94217e-06
30 139 2.04202e-06
31 139 3.77005e-07
32 139 2.06439e-21
33 139 1.34344e-20
34 139 2.14574e-20
35 139 6.37865e-21
36 139 1.42698e-20
37 139 1.19335e-20
38 139 1.50407e-19
39 139 1.48348e-20
40 139 1.18976e-20
41 139 1.16585e-20
42 139 9.14248e-21
43 139 6.04908e-21
44 139 7.32887e-20
45 139 7.13582e-21
46 139 4.89976e-21
47 139 6.66781e-20
48 139 5.38901e-21
49 139 1.08034e-20
50 139 1.3115e-20
51 139 2.64351e-20
52 139 2.16817e-21
53 139 8.62537e-21
54 139 2.83687e-21
55 139 4.96073e-21
56 139 1.99116e-06
57 139 1.27713e-07
58 139 2.1251e-06
59 139 2.20391e-07
60 139 2.07936e-08
61 139 3.49804e-07
62 139 6.93094e-06
63 139 1.11592e-05
64 139 5.84512e-07
65 139 8.1431e-06
66 139 4.42794e-08
67 139 4.67064e-08
68 139 1.32459e-06
69 139 6.30678e-06
70 139 2.07403e-05
71 139 5.83349e-06
72 139 8.28618e-06
73 139 7.54349e-06
74 139 5.29359e-06
75 139 1.57067e-06
76 139 1.12751e-20
77 139 7.86195e-22
78 139 6.45426e-21
79 139 4.38882e-22
80 139 3.04852e-21
81 139 2.86997e-20
82 139 1.24651e-20
83 139 4.1265e-20
84 139 2.48326e-21
85 139 7.11546e-21
86 139 1.91207e-21
87 139 2.52916e-21
88 139 8.62709e-07
89 139 9.60736e-06
90 139 4.06206e-06
91 139 4.91773e-06
92 139 3.69967e-06
93 139 1.33701e-05
94 139 1.32594e-20
95 139 1.93864e-21
0 140 2.92796e-08
1 140 2.82353e-08
2 140 6.28215e-07
3 140 1.56139e-06
4 140 6.6807e-07
5 140 2.3225e-06
6 140 2.18591e-06
7 140 2.02432e-06
8 140 4.21177e-07
9 140 5.75122e-07
10 140 4.94734e-07
11 140 1.09223e-06
12 140 8.05364e-09
13 140 1.04748e-08
14 140 2.03121e-08
15 140 4.23203e-08
16 140 2.05209e-07
17 140 1.34954e-07
18 140 2.8483e-19
19 140 3.64638e-19
20 140 1.17784e-18
21 140 7.56416e-19
22 140 7.76927e-19
23 140 1.52826e-19
24 140 2.34956e-08
25 140 5.71826e-08
26 140 1.38492e-06
27 140 1.9783e-06
28 140 1.79475e-06
29 140 1.2339e-06
30 140 2.21915e-06
31 140 2.73419e-06
32 140 4.24961e-19
33 140 1.15673e-20
34 140 9.15791e-20
35 140 5.02993e-20
36 140 2.19014e-20
37 140 2.51966e-20
38 140 2.99438e-20
39 140 6.74933e-20
40 140 8.82113e-20
41 140 1.60936e-20
42 140 6.48029e-20
43 140 2.29396e-20
44 140 3.407e-20
45 140 7.89872e-21
46 140 6.99812e-20
47 140 4.27934e-20
48 140 7.66815e-21
49 140 1.07869e-20
50 140 2.27477e-20
51 140 7.13783e-21
52 140 5.39257e-21
53 140 1.42593e-21
54 140 5.78568e-21
55 140 2.77701e-21
56 140 3.06337e-07
57 140 5.29996e-06
58 140 3.23588e-07
59 140 4.40481e-07
60 140 1.59587e-08
61 140 1.16609e-06
62 140 5.18225e-06
63 140 6.26597e-06
64 140 2.98848e-05
65 140 1.96281e-06
66 140 3.02956e-08
67 140 1.40383e-08
68 140 1.58416e-05
69 140 4.35006e-06
70 140 4.88193e-07
71 140 8.00305e-06
72 140 5.82569e-06
73 140 1.47539e-05
74 140 1.88269e-06
75 140 1.46199e-06
76 140 5.55831e-20
77 140 6.61109e-21
78 140 5.70011e-21
79 140 9.25342e-21
80 140 1.2942e-20
81 140 9.78125e-21
82 140 1.89219e-21
83 140 7.35222e-21
84 140 3.59717e-20
85 140 6.09153e-21
86 140 2.04541e-20
87 140 2.47319e-21
88 140 2.50392e-05
89 140 2.66332e-06
90 140 4.27592e-06
91 140 1.2971e-05
92 140 2.89487e-07
93 140 5.74794e-06
94 140 1.47379e-20
95 140 2.45363e-20
0 141 8.10074e-08
1 141 2.3105e-08
2 141 2.94876e-06
3 141 8.59923e-07
4 141 1.49809e-06
5 141 2.73054e-06
6 141 1.02195e-06
7 141 5.76318e-07
8 141 4.28161e-07
9 141 6.77036e-07
10 141 7.19395e-08
11 141 9.36791e-07
12 141 2.22748e-08
13 141 1.1265e-08
14 141 8.51787e-08
15 141 2.03727e-07
16 141 1.20842e-08
17 141 3.0655e-08
18 141 2.78868e-19
19 141 2.48868e-19
20 141 4.19039e-18
21 141 3.04214e-19
22 141 2.86584e-20
23 141 9.13502e-20
24 141 1.0764e-08
25 141 1.35281e-07
26 141 2.57067e-06
27 141 3.27946e-06
28 141 4.81127e-06
29 141 1.27531e-07
30 141 2.14239e-07
31 141 3.06335e-07
32 141 5.66656e-19
33 141 2.24179e-21
34 141 4.00759e-19
35 141 6.32438e-20
36 141 1.45297e-20
37 141 1.0368e-20
38 141 5.09231e-21
39 141 2.47882e-20
40 141 2.44439e-21
41 141 5.63056e-21
42 141 2.20526e-20
43 141 6.10472e-20
44 141 9.76332e-21
45 141 2.31149e-20
46 141 6.40167e-20
47 141 6.41551e-20
48 141 7.8839e-21
49 141 5.71885e-22
50 141 1.13308e-19
51 141 5.89948e-20
52 141 3.14843e-20
53 141 8.51401e-22
54 141 2.40114e-21
55 141 1.17324e-20
56 141 8.84953e-06
57 141 9.02325e-07
58 141 4.57176e-07
59 141 7.25658e-07
60 141 1.71355e-07
61 141 1.73258e-07
62 141 8.03598e-06
63 141 1.40309e-05
64 141 1.50895e-06
65 141 1.23823e-05
66 141 7.84644e-08
67 141 1.78969e-09
68 141 2.06988e-05
69 141 1.44236e-05
70 141 9.33043e-07
71 141 7.62264e-06
72 141 5.69785e-06
73 141 8.00377e-06
74 141 3.40796e-06
75 141 2.64666e-06
76 141 1.73332e-20
77 141 1.65435e-20
78 141 1.77109e-20
79 141 1.61628e-21
80 141 5.64859e-21
81 141 8.08017e-21
82 141 2.45084e-20
83 141 8.77462e-21
84 141 2.19368e-20
85 141 3.77004e-21
86 141 1.72583e-20
87 141 4.3927e-21
88 141 2.6904e-05
89 141 2.12831e-05
90 141 1.31019e-06
91 141 4.21198e-06
92 141 3.45285e-07
93 141 9.72099e-06
94 141 8.31423e-20
95 141 3.56819e-20
0 142 2.8786e-17
1 142 1.90159e-18
2 142 1.88716e-07
3 142 6.59153e-07
4 142 2.03795e-08
5 142 3.2835e-08
6 142 3.81106e-08
7 142 7.24583e-08
8 142 1.17064e-07
9 142 2.18255e-07
10 142 2.63159e-07
11 142 1.28114e-06
12 142 5.95659e-18
13 142 1.76154e-18
14 142 6.27566e-12
15 142 1.1706e-11
16 142 3.29372e-12
17 142 1.92174e-11
18 142 4.37162e-19
19 142 1.94969e-19
20 142 2.93312e-19
21 142 3.20448e-19
22 142 1.03439e-19
23 142 6.54837e-20
24 142 4.10419e-20
25 142 4.61192e-21
26 142 7.4865e-07
27 142 5.93667e-07
28 142 2.84537e-08
29 142 1.16663e-07
30 142 1.05871e-06
31 142 1.17862e-06
32 142 2.71853e-21
33 142 5.40535e-20
34 142 1.11095e-20
35 142 1.25184e-20
36 142 4.97816e-22
37 142 3.91756e-21
38 142 6.44521e-21
39 142 1.3384e-20
40 142 2.85964e-21
41 142 3.15577e-21
42 142 4.07862e-22
43 142 6.37642e-22
44 142 3.68604e-20
45 142 1.56991e-21
46 142 3.1671e-20
47 142 6.38259e-21
48 142 3.66006e-20
49 142 2.01951e-20
50 142 1.48778e-20
51 142 1.82374e-21
52 142 7.75625e-23
53 142 6.78542e-21
54 142 1.17323e-21
55 142 6.36853e-21
56 142 1.5067e-06
57 142 1.26784e-05
58 142 1.14355e-05
59 142 3.84933e-06
60 142 3.26882e-06
61 142 7.83043e-06
62 142 1.56464e-06
63 142 1.87509e-06
64 142 8.29469e-06
65 142 1.47205e-06
66 142 1.90784e-20
67 142 1.69555e-21
68 142 6.33171e-06
69 142 9.57605e-06
70 142 6.63439e-08
71 142 9.90453e-08
72 142 3.80655e-09
73 142 4.17111e-08
74 142 8.00272e-22
75 142 1.58336e-20
76 142 4.09391e-21
77 142 1.22477e-20
78 142 5.13401e-21
79 142 8.76838e-21
80 142 2.11968e-20
81 142 1.7336e-20
82 142 3.91272e-21
83 142 9.33382e-21
84 142 1.43977e-21
85 142 4.05457e-21
86 142 2.31894e-21
87 142 1.48261e-20
88 142 3.87962e-09
89 142 5.42014e-09
90 142 9.09751e-10
91 142 1.40803e-08
92 142 3.98651e-09
93 142 3.44121e-08
94 142 3.16201e-21
95 142 1.21427e-20
0 143 1.25718e-17
1 143 2.73536e-19
2 143 7.54725e-08
3 143 1.52304e-07
4 143 2.31674e-07
5 143 2.0032e-08
6 143 4.25269e-08
7 143 2.21112e-09
8 143 1.33639e-06
9 143 2.76571e-08
10 143 1.63313e-06
11 143 4.04827e-07
12 143 9.8786e-18
13 143 1.32263e-18
14 143 2.45366e-11
15 143 3.63481e-11
16 143 1.68741e-12
17 143 1.07307e-11
18 143 1.36693e-19
19 143 3.93372e-19
20 143 1.94085e-18
21 143 8.77371e-19
22 143 4.96387e-19
23 143 1.44032e-19
24 143 3.09835e-19
25 143 1.99401e-19
26 143 2.24322e-07
27 143 1.36287e-07
28 143 7.71806e-07
29 143 9.52734e-07
30 143 1.52074e-06
31 143 1.06681e-06
32 143 2.06304e-19
33 143 1.10934e-20
34 143 1.33876e-19
35 143 1.64509e-19
36 143 2.39705e-20
37 143 1.69835e-20
38 143 1.18465e-19
39 143 4.60892e-20
40 143 1.46827e-20
41 143 6.88322e-21
42 143 9.7164e-20
43 143 1.2815e-20
44 143 1.38487e-19
45 143 2.32262e-23
46 143 2.18505e-20
47 143 1.20718e-20
48 143 4.8762e-22
49 143 1.4396e-20
50 143 6.16407e-21
51 143 2.96486e-20
52 143 4.93488e-21
53 143 5.41603e-21
54 143 3.98655e-21
55 143 2.33333e-20
56 143 1.71264e-07
57 143 3.6395e-06
58 143 2.16207e-06
59 143 2.93492e-06
60 143 4.00927e-05
61 143 2.56389e-06
62 143 4.03931e-06
63 143 1.1616e-05
64 143 2.42352e-08
65 143 8.22342e-06
66 143 2.13264e-20
67 143 1.23671e-20
68 143 2.12059e-06
69 143 2.15297e-06
70 143 1.50545e-07
71 143 2.78622e-09
72 143 1.89789e-07
73 143 3.86095e-08
74 143 2.63142e-22
75 143 1.6689e-21
76 143 8.35001e-20
77 143 5.7554e-21
78 143 5.61311e-21
79 143 2.9545e-20
80 143 1.66039e-20
81 143 1.14125e-21
82 143 1.68101e-21
83 143 1.26744e-22
84 143 9.90509e-21
85 143 4.02874e-21
86 143 2.20474e-20
87 143 9.69655e-21
88 143 1.6188e-09
89 143 8.7955e-10
90 143 5.0305e-08
91 143 1.45465e-08
92 143 7.23415e-09
93 143 2.45447e-08
94 143 2.71907e-20
95 143 8.3113e-21
