0 96 3.50617e-19
1 96 6.9305e-19
2 96 8.19337e-20
3 96 3.76757e-19
4 96 9.25801e-20
5 96 9.49515e-19
6 96 1.18026e-19
7 96 6.62661e-19
8 96 1.81128e-19
9 96 9.25502e-19
10 96 2.54555e-20
11 96 1.50751e-19
12 96 8.36435e-20
13 96 1.27817e-20
14 96 1.63049e-20
15 96 1.11057e-19
16 96 7.8127e-20
17 96 1.04044e-20
18 96 2.95407e-08
19 96 9.95302e-08
20 96 1.60677e-07
21 96 1.69334e-07
22 96 2.51147e-07
23 96 2.23455e-07
24 96 2.59422e-20
25 96 1.99761e-21
26 96 4.86545e-20
27 96 1.56285e-20
28 96 2.82411e-20
29 96 2.78441e-20
30 96 1.42537e-20
31 96 3.21836e-20
32 96 3.67958e-05
33 96 1.42112e-05
34 96 1.35818e-08
35 96 3.45445e-07
36 96 7.26699e-07
37 96 3.65572e-07
38 96 1.32428e-06
39 96 3.52855e-06
40 96 5.43764e-07
41 96 4.1649e-07
42 96 2.49487e-20
43 96 1.48451e-20
44 96 1.36405e-05
45 96 2.52061e-05
46 96 5.55466e-08
47 96 1.07364e-07
48 96 7.44615e-08
49 96 2.79949e-09
50 96 4.36414e-20
51 96 1.29296e-20
52 96 1.85715e-07
53 96 7.14647e-07
54 96 1.74004e-07
55 96 2.59716e-07
56 96 1.09702e-19
57 96 1.46706e-19
58 96 1.07026e-19
59 96 1.27876e-19
60 96 2.69185e-20
61 96 2.64067e-21
62 96 5.4282e-21
63 96 5.08322e-21
64 96 1.53623e-19
65 96 1.19408e-19
66 96 4.07431e-20
67 96 1.10825e-20
68 96 9.81802e-20
69 96 1.82163e-19
70 96 1.56622e-19
71 96 1.60835e-20
72 96 8.96597e-20
73 96 2.73471e-21
74 96 4.836e-21
75 96 1.66264e-20
76 96 1.68056e-05
77 96 0.000112163
78 96 3.34999e-05
79 96 2.77999e-05
80 96 0.00193287
81 96 0.0028389
82 96 1.797e-05
83 96 6.32168e-05
84 96 1.32514e-05
85 96 1.43159e-05
86 96 2.4127e-20
87 96 1.64312e-20
88 96 1.0694e-19
89 96 8.42696e-19
90 96 3.2596e-20
91 96 1.33905e-19
92 96 1.22809e-19
93 96 2.03967e-19
94 96 0.2831
95 96 0.20843
0 97 5.23418e-18
1 97 5.68069e-20
2 97 8.18864e-19
3 97 3.99073e-19
4 97 7.74229e-18
5 97 5.61932e-19
6 97 1.12517e-19
7 97 1.85259e-19
8 97 1.00707e-18
9 97 3.35414e-19
10 97 6.42532e-22
11 97 1.07412e-18
12 97 9.88401e-19
13 97 1.57441e-19
14 97 3.06689e-19
15 97 1.98463e-19
16 97 1.7052e-19
17 97 2.82415e-20
18 97 3.3721e-08
19 97 7.80177e-08
20 97 8.61432e-08
21 97 7.16212e-07
22 97 3.1312e-08
23 97 3.10199e-08
24 97 1.91915e-19
25 97 5.66548e-20
26 97 1.02547e-19
27 97 2.67071e-20
28 97 1.37528e-20
29 97 1.41254e-20
30 97 2.37767e-21
31 97 3.58166e-20
32 97 4.88133e-07
33 97 4.36694e-05
34 97 3.30768e-07
35 97 1.46998e-07
36 97 9.80741e-08
37 97 9.83813e-07
38 97 1.13285e-06
39 97 3.30339e-06
40 97 2.83131e-07
41 97 1.52772e-06
42 97 4.23464e-20
43 97 1.5956e-19
44 97 3.25055e-05
45 97 1.12469e-06
46 97 1.20198e-08
47 97 3.13073e-08
48 97 1.4785e-07
49 97 6.69255e-08
50 97 4.70519e-20
51 97 1.73167e-20
52 97 5.89261e-07
53 97 3.15221e-08
54 97 2.51228e-07
55 97 5.61676e-07
56 97 1.26282e-19
57 97 5.26715e-19
58 97 1.31272e-19
59 97 9.68656e-21
60 97 7.74885e-20
61 97 5.85132e-20
62 97 5.69662e-20
63 97 4.28929e-20
64 97 5.33572e-21
65 97 1.33055e-19
66 97 1.83043e-19
67 97 7.2695e-20
68 97 4.54157e-20
69 97 5.9698e-20
70 97 1.07633e-19
71 97 2.46202e-20
72 97 4.76058e-19
73 97 1.56729e-20
74 97 4.18209e-20
75 97 1.41755e-20
76 97 8.60876e-05
77 97 6.84998e-05
78 97 2.02332e-05
79 97 2.96531e-05
80 97 0.00100426
81 97 0.00312675
82 97 3.49877e-05
83 97 1.09635e-05
84 97 5.13428e-05
85 97 1.95798e-05
86 97 5.43522e-20
87 97 1.26553e-19
88 97 1.97051e-18
89 97 7.1152e-20
90 97 7.29677e-20
91 97 2.1025e-19
92 97 1.17432e-18
93 97 5.67777e-20
94 97 0.372343
95 97 0.0531819
0 98 9.06946e-19
1 98 7.15306e-19
2 98 1.48146e-06
3 98 3.45441e-07
4 98 3.24153e-08
5 98 7.01921e-07
6 98 2.45248e-08
7 98 5.29439e-07
8 98 1.08494e-06
9 98 2.39811e-06
10 98 1.06167e-06
11 98 6.47877e-06
12 98 1.26368e-19
13 98 4.09116e-20
14 98 1.15342e-07
15 98 5.6517e-07
16 98 6.65636e-08
17 98 1.92866e-06
18 98 8.90491e-20
19 98 2.5754e-20
20 98 8.109e-20
21 98 1.52294e-20
22 98 8.49693e-20
23 98 3.57107e-21
24 98 3.11035e-20
25 98 1.05224e-20
26 98 6.73708e-08
27 98 1.33201e-09
28 98 2.97646e-07
29 98 8.38978e-08
30 98 1.3321e-07
31 98 4.63657e-07
32 98 1.74473e-21
33 98 4.5448e-21
34 98 6.13778e-21
35 98 9.74097e-22
36 98 1.29571e-20
37 98 3.51775e-22
38 98 6.91285e-20
39 98 2.74051e-22
40 98 3.14183e-20
41 98 2.50489e-22
42 98 1.09928e-20
43 98 2.73993e-20
44 98 1.55211e-20
45 98 2.05638e-20
46 98 1.35757e-20
47 98 6.39057e-22
48 98 1.30113e-20
49 98 6.09411e-21
50 98 8.41304e-21
51 98 6.81239e-21
52 98 1.07941e-23
53 98 2.61668e-20
54 98 1.6957e-21
55 98 3.62134e-20
56 98 1.8459e-05
57 98 2.20546e-05
58 98 2.46614e-05
59 98 5.57925e-05
60 98 7.86546e-06
61 98 0.000111339
62 98 7.37075e-05
63 98 5.00998e-05
64 98 3.13462e-06
65 98 8.04674e-06
66 98 1.80569e-20
67 98 2.14803e-20
68 98 3.56586e-08
69 98 2.02955e-07
70 98 1.10483e-05
71 98 2.98615e-06
72 98 2.55233e-06
73 98 6.06439e-05
74 98 1.11991e-20
75 98 1.00399e-20
76 98 5.98314e-22
77 98 2.13345e-20
78 98 4.85569e-20
79 98 1.49076e-20
80 98 4.27765e-21
81 98 4.51768e-20
82 98 3.15314e-20
83 98 7.33322e-20
84 98 4.86627e-20
85 98 3.10293e-20
86 98 3.05303e-20
87 98 1.75253e-21
88 98 1.51971e-05
89 98 2.08261e-05
90 98 0.000740708
91 98 0.00226925
92 98 0.00143994
93 98 0.0028145
94 98 9.36935e-21
95 98 1.78199e-20
0 99 5.07053e-19
1 99 7.60849e-20
2 99 1.05805e-07
3 99 7.0601e-07
4 99 4.0996e-07
5 99 9.76933e-07
6 99 1.22161e-07
7 99 3.92867e-07
8 99 6.97979e-06
9 99 3.22112e-06
10 99 4.80185e-07
11 99 5.59295e-06
12 99 2.70862e-20
13 99 6.31367e-19
14 99 1.23499e-07
15 99 2.90182e-06
16 99 3.59826e-07
17 99 5.65056e-07
18 99 2.87714e-21
19 99 2.92038e-20
20 99 2.12905e-20
21 99 2.50005e-20
22 99 7.35678e-20
23 99 3.80078e-20
24 99 2.47947e-20
25 99 3.77651e-21
26 99 4.85971e-09
27 99 2.56694e-08
28 99 3.45841e-07
29 99 9.25283e-08
30 99 2.23606e-07
31 99 7.82457e-07
32 99 8.55519e-21
33 99 2.59843e-21
34 99 1.54092e-20
35 99 2.03571e-20
36 99 5.58605e-21
37 99 1.40276e-20
38 99 1.25228e-19
39 99 1.62966e-20
40 99 5.39399e-21
41 99 1.24202e-20
42 99 2.29301e-20
43 99 8.74457e-21
44 99 1.69555e-20
45 99 3.59574e-21
46 99 7.18302e-23
47 99 1.02908e-20
48 99 1.99999e-20
49 99 2.37148e-20
50 99 1.54453e-20
51 99 1.76111e-21
52 99 3.79575e-21
53 99 3.1708e-20
54 99 1.06554e-20
55 99 2.23797e-21
56 99 2.13601e-06
57 99 1.58669e-05
58 99 3.80168e-05
59 99 2.01446e-05
60 99 0.000179687
61 99 5.69083e-05
62 99 2.231e-06
63 99 5.88655e-05
64 99 0.00010879
65 99 2.93977e-05
66 99 1.04823e-21
67 99 4.8824e-21
68 99 9.95885e-08
69 99 6.44332e-09
70 99 3.49451e-05
71 99 3.36832e-05
72 99 6.7068e-06
73 99 3.86811e-05
74 99 1.06276e-20
75 99 1.33923e-20
76 99 2.76053e-20
77 99 1.3204e-20
78 99 8.71443e-21
79 99 3.96305e-20
80 99 1.13559e-19
81 99 3.84986e-20
82 99 3.48675e-20
83 99 5.24944e-20
84 99 2.502e-20
85 99 2.80003e-20
86 99 1.70356e-21
87 99 6.7763e-20
88 99 1.43089e-05
89 99 1.69854e-06
90 99 0.000279301
91 99 0.00599586
92 99 0.000930494
93 99 0.00351881
94 99 8.92734e-20
95 99 5.90264e-19
0 100 6.47392e-07
1 100 2.45923e-07
2 100 4.38761e-07
3 100 5.77903e-07
4 100 2.62515e-07
5 100 3.54487e-08
6 100 1.74238e-07
7 100 5.72395e-08
8 100 4.52254e-06
9 100 5.38729e-08
10 100 2.16778e-06
11 100 4.20754e-06
12 100 7.56505e-08
13 100 7.80897e-07
14 100 2.331e-07
15 100 4.45523e-07
16 100 5.09302e-07
17 100 1.25793e-06
18 100 5.93275e-20
19 100 9.95636e-21
20 100 1.22936e-19
21 100 8.07397e-20
22 100 6.97181e-20
23 100 2.61453e-20
24 100 5.53903e-07
25 100 1.27011e-06
26 100 7.37889e-08
27 100 3.29933e-07
28 100 2.38409e-07
29 100 8.58247e-09
30 100 2.80489e-07
31 100 5.15476e-07
32 100 3.18238e-20
33 100 4.43688e-20
34 100 3.31338e-20
35 100 1.35926e-21
36 100 1.17604e-21
37 100 4.51788e-21
38 100 7.51574e-21
39 100 2.15063e-20
40 100 1.01117e-20
41 100 6.9362e-21
42 100 9.83301e-21
43 100 2.48622e-22
44 100 6.54494e-21
45 100 8.34322e-21
46 100 3.90051e-20
47 100 2.03702e-20
48 100 5.31591e-21
49 100 2.95634e-21
50 100 2.56849e-20
51 100 7.29117e-21
52 100 8.19583e-21
53 100 4.02023e-21
54 100 7.30641e-21
55 100 7.65088e-21
56 100 5.41173e-05
57 100 1.21364e-05
58 100 6.78091e-05
59 100 1.45226e-05
60 100 5.82842e-05
61 100 8.19274e-06
62 100 3.16005e-05
63 100 7.78838e-05
64 100 2.3142e-05
65 100 5.58973e-05
66 100 2.1693e-05
67 100 1.54348e-05
68 100 2.25111e-05
69 100 1.24595e-05
70 100 1.16465e-05
71 100 1.73887e-07
72 100 2.75837e-06
73 100 1.2094e-07
74 100 2.46995e-06
75 100 1.09334e-05
76 100 3.82499e-21
77 100 7.29851e-20
78 100 1.85071e-20
79 100 3.67664e-21
80 100 8.49087e-20
81 100 6.39925e-21
82 100 5.12737e-20
83 100 6.70561e-21
84 100 4.91156e-21
85 100 3.97307e-21
86 100 2.08591e-21
87 100 1.11288e-21
88 100 0.000791586
89 100 0.00123962
90 100 0.00169315
91 100 0.000310704
92 100 0.000379994
93 100 0.00233707
94 100 3.13833e-20
95 100 7.18618e-19
0 101 1.10939e-08
1 101 6.29048e-07
2 101 1.96225e-06
3 101 4.08844e-07
4 101 1.05073e-07
5 101 9.47362e-08
6 101 4.0419e-07
7 101 2.33947e-08
8 101 4.27019e-06
9 101 5.17622e-08
10 101 2.31821e-07
11 101 1.6339e-06
12 101 5.40921e-07
13 101 7.2871e-08
14 101 9.30521e-08
15 101 5.73195e-07
16 101 3.9686e-07
17 101 3.46202e-07
18 101 9.86982e-20
19 101 1.10163e-20
20 101 4.92478e-20
21 101 1.48962e-19
22 101 4.41632e-20
23 101 1.93455e-20
24 101 1.11127e-06
25 101 1.95797e-07
26 101 6.35935e-07
27 101 3.05636e-07
28 101 9.86933e-08
29 101 2.16024e-07
30 101 4.68069e-08
31 101 2.37931e-07
32 101 2.79736e-20
33 101 2.77256e-20
34 101 2.88529e-20
35 101 2.68638e-20
36 101 8.10988e-21
37 101 2.46058e-20
38 101 1.13179e-21
39 101 5.8935e-20
40 101 4.96546e-20
41 101 2.5283e-22
42 101 1.57323e-21
43 101 6.01986e-21
44 101 1.0103e-20
45 101 2.05817e-20
46 101 8.71887e-21
47 101 7.8526e-22
48 101 2.31864e-20
49 101 1.7544e-20
50 101 6.33016e-20
51 101 2.75865e-22
52 101 1.37991e-20
53 101 6.14822e-21
54 101 2.50214e-21
55 101 1.12853e-22
56 101 0.000150872
57 101 3.64604e-06
58 101 6.07651e-05
59 101 1.87044e-06
60 101 4.4517e-05
61 101 1.08722e-05
62 101 5.63435e-05
63 101 2.45448e-05
64 101 1.38241e-05
65 101 1.19509e-05
66 101 6.42756e-06
67 101 2.01778e-05
68 101 1.58297e-05
69 101 6.57295e-05
70 101 1.62724e-06
71 101 1.79667e-06
72 101 1.29972e-06
73 101 4.26207e-06
74 101 9.07654e-06
75 101 5.28141e-07
76 101 2.33792e-20
77 101 1.10185e-20
78 101 9.70517e-23
79 101 5.90182e-20
80 101 5.35397e-20
81 101 2.13323e-22
82 101 3.42901e-20
83 101 2.01929e-22
84 101 8.27178e-21
85 101 3.06359e-20
86 101 1.55714e-20
87 101 1.87187e-20
88 101 0.000704369
89 101 0.00403286
90 101 0.000125513
91 101 0.000598374
92 101 0.00190817
93 101 7.35224e-05
94 101 3.2252e-20
95 101 2.75454e-19
0 102 3.07315e-07
1 102 1.62063e-08
2 102 1.07674e-06
3 102 1.40639e-06
4 102 6.50278e-07
5 102 1.30829e-08
6 102 2.9549e-07
7 102 1.05173e-07
8 102 6.65513e-07
9 102 1.85501e-06
10 102 7.8753e-06
11 102 1.53827e-06
12 102 1.1988e-07
13 102 1.90323e-07
14 102 1.25598e-07
15 102 1.40596e-07
16 102 1.44585e-06
17 102 7.3093e-08
18 102 1.55214e-20
19 102 6.26934e-21
20 102 9.41803e-20
21 102 6.32607e-20
22 102 3.12089e-20
23 102 1.17464e-19
24 102 8.80044e-08
25 102 5.72573e-07
26 102 1.27189e-07
27 102 8.58874e-07
28 102 6.46117e-08
29 102 4.16086e-07
30 102 6.47756e-08
31 102 2.19223e-07
32 102 2.07882e-20
33 102 3.71436e-20
34 102 1.28448e-20
35 102 2.63428e-20
36 102 1.90788e-21
37 102 3.54541e-21
38 102 1.28625e-19
39 102 2.356e-20
40 102 2.65024e-20
41 102 2.87648e-20
42 102 9.81557e-22
43 102 2.90185e-20
44 102 1.04554e-20
45 102 1.83748e-20
46 102 4.77525e-21
47 102 1.87359e-21
48 102 6.53125e-21
49 102 1.61346e-20
50 102 2.86841e-20
51 102 1.85433e-20
52 102 3.18755e-20
53 102 3.40983e-21
54 102 4.42679e-21
55 102 1.36954e-20
56 102 0.000111489
57 102 5.03312e-05
58 102 3.7025e-05
59 102 3.99738e-05
60 102 0.000111793
61 102 4.77004e-05
62 102 5.33113e-05
63 102 3.18215e-05
64 102 1.84138e-05
65 102 3.91302e-05
66 102 1.14333e-05
67 102 2.01275e-06
68 102 7.35143e-05
69 102 1.1899e-05
70 102 6.7728e-08
71 102 2.63981e-06
72 102 1.5362e-05
73 102 1.91698e-07
74 102 1.14143e-06
75 102 3.71266e-06
76 102 1.73868e-20
77 102 2.28096e-20
78 102 6.54659e-21
79 102 2.34353e-20
80 102 2.09963e-20
81 102 7.58235e-21
82 102 2.11445e-20
83 102 1.06276e-19
84 102 1.03309e-19
85 102 1.26097e-22
86 102 2.01299e-20
87 102 1.36744e-20
88 102 0.00346313
89 102 0.00149795
90 102 0.0014167
91 102 0.00151003
92 102 0.00213214
93 102 0.000241536
94 102 1.69642e-19
95 102 1.71981e-19
0 103 1.40868e-08
1 103 8.36871e-08
2 103 3.99065e-07
3 103 2.35986e-06
4 103 4.04551e-08
5 103 2.08513e-07
6 103 2.97974e-07
7 103 1.6418e-07
8 103 1.48128e-06
9 103 3.71755e-06
10 103 6.98781e-07
11 103 1.74645e-06
12 103 6.24699e-08
13 103 3.12786e-08
14 103 1.20369e-06
15 103 6.53257e-07
16 103 2.01955e-09
17 103 4.42915e-08
18 103 2.73187e-20
19 103 3.15009e-20
20 103 3.23219e-20
21 103 1.25867e-20
22 103 1.82858e-20
23 103 1.29128e-21
24 103 1.29257e-07
25 103 7.03803e-08
26 103 4.86066e-07
27 103 6.09518e-07
28 103 4.04265e-07
29 103 4.19479e-08
30 103 3.51664e-07
31 103 1.11079e-08
32 103 1.80997e-20
33 103 1.00664e-21
34 103 1.52812e-20
35 103 2.36789e-20
36 103 1.69493e-21
37 103 1.60444e-20
38 103 3.09709e-20
39 103 9.17021e-21
40 103 3.2433e-20
41 103 4.22302e-21
42 103 1.90655e-20
43 103 7.03688e-21
44 103 1.38502e-21
45 103 2.97874e-21
46 103 4.55319e-21
47 103 1.34079e-20
48 103 1.29692e-20
49 103 9.2169e-21
50 103 3.73056e-21
51 103 5.26914e-20
52 103 8.63603e-21
53 103 1.09366e-21
54 103 4.49351e-21
55 103 2.61788e-20
56 103 6.34422e-06
57 103 0.000173449
58 103 8.83228e-05
59 103 3.51122e-06
60 103 1.83842e-05
61 103 2.46126e-05
62 103 2.63609e-08
63 103 2.34497e-05
64 103 0.000104732
65 103 1.49938e-05
66 103 1.55675e-06
67 103 2.50687e-06
68 103 5.2533e-05
69 103 4.23669e-05
70 103 4.1695e-06
71 103 4.59018e-06
72 103 5.97009e-09
73 103 1.97801e-06
74 103 1.20702e-06
75 103 2.59969e-07
76 103 1.96693e-21
77 103 1.08519e-20
78 103 1.50245e-20
79 103 8.70762e-21
80 103 1.68193e-20
81 103 1.17201e-20
82 103 3.51091e-21
83 103 1.08881e-20
84 103 4.98241e-20
85 103 1.51497e-20
86 103 8.47926e-22
87 103 2.07078e-20
88 103 0.00308335
89 103 0.00242874
90 103 0.000923305
91 103 0.00134986
92 103 0.000535018
93 103 0.000508696
94 103 1.98196e-19
95 103 2.16007e-19
0 104 2.89979e-18
1 104 3.51536e-19
2 104 4.84436e-18
3 104 2.17561e-19
4 104 8.14723e-18
5 104 2.77179e-18
6 104 9.38149e-20
7 104 2.47373e-19
8 104 2.27932e-18
9 104 9.87886e-19
10 104 1.28503e-18
11 104 6.02402e-21
12 104 1.14416e-18
13 104 1.01656e-18
14 104 1.05378e-18
15 104 2.82855e-20
16 104 3.26636e-19
17 104 4.56447e-20
18 104 4.72389e-08
19 104 1.88007e-07
20 104 8.54751e-08
21 104 6.55408e-08
22 104 3.61878e-08
23 104 2.87031e-08
24 104 7.0062e-20
25 104 3.69488e-20
26 104 5.6602e-20
27 104 1.81647e-20
28 104 8.77856e-20
29 104 4.24304e-22
30 104 7.35435e-21
31 104 2.64214e-22
32 104 9.12898e-08
33 104 2.12063e-08
34 104 3.69949e-07
35 104 2.54515e-07
36 104 3.11525e-08
37 104 4.95822e-07
38 104 3.13221e-05
39 104 6.46221e-07
40 104 6.19628e-07
41 104 7.16349e-06
42 104 5.95507e-05
43 104 7.81446e-06
44 104 2.47268e-07
45 104 5.02517e-07
46 104 9.5864e-07
47 104 1.26083e-06
48 104 8.83001e-08
49 104 1.36615e-06
50 104 4.78175e-06
51 104 7.83126e-06
52 104 8.58626e-08
53 104 6.90069e-06
54 104 2.09454e-06
55 104 2.40202e-06
56 104 6.90195e-21
57 104 6.91873e-21
58 104 5.80597e-21
59 104 4.62998e-21
60 104 3.55616e-21
61 104 2.5749e-21
62 104 1.40379e-20
63 104 5.59613e-22
64 104 2.42792e-20
65 104 6.7183e-22
66 104 1.56303e-21
67 104 1.97894e-20
68 104 2.16519e-21
69 104 2.07958e-20
70 104 3.49478e-21
71 104 4.24258e-21
72 104 3.23677e-21
73 104 5.1167e-21
74 104 2.59526e-21
75 104 1.3871e-21
76 104 6.40454e-07
77 104 5.46256e-07
78 104 8.38365e-07
79 104 1.61686e-07
80 104 8.88485e-07
81 104 4.91321e-07
82 104 2.90584e-05
83 104 0.000160109
84 104 0.000135099
85 104 0.000161379
86 104 0.000349473
87 104 0.000252443
88 104 1.59231e-20
89 104 1.80615e-20
90 104 2.56621e-20
91 104 1.32751e-23
92 104 1.25662e-21
93 104 3.83979e-21
94 104 6.82224e-06
95 104 1.2318e-05
0 105 1.89457e-18
1 105 9.70856e-18
2 105 1.3387e-18
3 105 4.98343e-19
4 105 1.03617e-17
5 105 3.05903e-19
6 105 5.95551e-19
7 105 8.25183e-19
8 105 1.31572e-19
9 105 1.64797e-19
10 105 7.49916e-19
11 105 1.04741e-18
12 105 8.00106e-19
13 105 1.29292e-19
14 105 9.29324e-19
15 105 1.91102e-20
16 105 3.65358e-20
17 105 9.45663e-20
18 105 4.48025e-08
19 105 9.25292e-08
20 105 4.47317e-09
21 105 8.95107e-09
22 105 1.11308e-07
23 105 6.0859e-08
24 105 1.55746e-19
25 105 6.60912e-22
26 105 1.10392e-19
27 105 4.89089e-20
28 105 3.98325e-20
29 105 9.79474e-21
30 105 1.9857e-20
31 105 3.97745e-21
32 105 5.9387e-08
33 105 6.28603e-09
34 105 1.57719e-07
35 105 3.4794e-07
36 105 4.95024e-07
37 105 2.60006e-07
38 105 1.27321e-05
39 105 1.24376e-05
40 105 1.28915e-06
41 105 4.44083e-06
42 105 1.3989e-06
43 105 3.34554e-05
44 105 8.91993e-08
45 105 3.4851e-07
46 105 1.39857e-06
47 105 7.0736e-07
48 105 3.95944e-07
49 105 5.15684e-07
50 105 5.54889e-06
51 105 9.7701e-07
52 105 1.12059e-06
53 105 3.99413e-06
54 105 4.22646e-06
55 105 1.96116e-06
56 105 1.79126e-20
57 105 1.84711e-21
58 105 6.20699e-21
59 105 5.09847e-21
60 105 4.8084e-21
61 105 9.97917e-22
62 105 1.24451e-20
63 105 1.21923e-21
64 105 9.27565e-21
65 105 1.11356e-21
66 105 2.51996e-21
67 105 5.44947e-21
68 105 4.16289e-20
69 105 1.14735e-20
70 105 1.06184e-20
71 105 9.61379e-21
72 105 3.98587e-21
73 105 4.97812e-21
74 105 9.50531e-21
75 105 7.17071e-21
76 105 6.66804e-07
77 105 6.42081e-07
78 105 2.59687e-07
79 105 2.28001e-07
80 105 5.22383e-07
81 105 2.8312e-07
82 105 9.85746e-05
83 105 0.000170706
84 105 0.000140873
85 105 1.55359e-05
86 105 0.00021144
87 105 9.99881e-05
88 105 1.94259e-21
89 105 1.79826e-20
90 105 1.03916e-22
91 105 9.10435e-22
92 105 1.36789e-21
93 105 1.21954e-20
94 105 3.4244e-06
95 105 7.7493e-06
0 106 9.29065e-18
1 106 1.36733e-18
2 106 1.45369e-18
3 106 6.76019e-19
4 106 3.93307e-18
5 106 1.30899e-18
6 106 4.3992e-19
7 106 3.1196e-19
8 106 1.15297e-18
9 106 3.10324e-19
10 106 9.57886e-19
11 106 7.81019e-20
12 106 1.46772e-18
13 106 6.31046e-19
14 106 3.3642e-19
15 106 8.99552e-20
16 106 5.53161e-20
17 106 3.18266e-20
18 106 4.94013e-07
19 106 1.08257e-06
20 106 4.23967e-08
21 106 6.11287e-08
22 106 1.32148e-08
23 106 1.01964e-07
24 106 5.27817e-20
25 106 4.39697e-21
26 106 5.25791e-20
27 106 8.40803e-21
28 106 9.33971e-20
29 106 1.19765e-20
30 106 1.86343e-20
31 106 1.71276e-21
32 106 2.37541e-07
33 106 5.1639e-07
34 106 1.41284e-07
35 106 4.10714e-07
36 106 1.91691e-07
37 106 4.22262e-07
38 106 7.22816e-06
39 106 2.97144e-05
40 106 2.04227e-06
41 106 1.03037e-06
42 106 4.52589e-06
43 106 1.11439e-05
44 106 4.06829e-06
45 106 9.56653e-07
46 106 7.41251e-08
47 106 2.02847e-07
48 106 2.80483e-06
49 106 6.02658e-07
50 106 1.02244e-06
51 106 1.91147e-06
52 106 4.43902e-06
53 106 4.18725e-06
54 106 6.02231e-08
55 106 3.0357e-06
56 106 4.0523e-21
57 106 7.82614e-21
58 106 1.15896e-20
59 106 3.28755e-21
60 106 1.98141e-22
61 106 1.60795e-21
62 106 2.82114e-22
63 106 7.03872e-21
64 106 1.04325e-20
65 106 2.37271e-20
66 106 1.79e-20
67 106 5.08981e-20
68 106 1.32493e-20
69 106 5.10562e-21
70 106 2.57272e-22
71 106 1.25918e-20
72 106 3.09553e-21
73 106 1.54184e-20
74 106 6.69303e-21
75 106 9.63727e-21
76 106 3.79722e-07
77 106 5.93142e-07
78 106 4.21687e-09
79 106 1.21596e-06
80 106 7.63646e-06
81 106 1.61078e-06
82 106 0.000136343
83 106 0.00026794
84 106 3.66715e-06
85 106 8.45403e-05
86 106 3.45212e-05
87 106 0.00010549
88 106 2.02678e-20
89 106 5.72347e-20
90 106 1.75554e-20
91 106 4.53554e-20
92 106 1.29831e-20
93 106 1.17604e-20
94 106 3.89853e-05
95 106 8.92898e-05
0 107 2.64426e-18
1 107 2.82046e-18
2 107 1.4801e-18
3 107 3.90211e-19
4 107 6.13083e-18
5 107 3.19843e-19
6 107 6.61925e-19
7 107 1.86181e-19
8 107 3.58215e-19
9 107 2.88245e-19
10 107 6.08138e-20
11 107 1.98769e-19
12 107 1.22224e-18
13 107 4.05658e-19
14 107 6.9762e-19
15 107 6.86322e-20
16 107 1.45161e-20
17 107 5.93549e-20
18 107 1.7415e-06
19 107 7.16683e-08
20 107 6.45385e-09
21 107 1.24915e-07
22 107 2.69275e-08
23 107 1.24347e-08
24 107 1.05266e-19
25 107 5.91144e-20
26 107 1.30029e-20
27 107 8.8588e-21
28 107 2.49703e-20
29 107 1.47031e-20
30 107 2.33805e-21
31 107 9.44576e-21
32 107 6.08717e-07
33 107 2.58353e-07
34 107 5.52419e-07
35 107 3.48676e-07
36 107 1.47827e-07
37 107 2.5318e-07
38 107 8.29173e-06
39 107 8.69816e-06
40 107 6.79206e-06
41 107 9.63622e-06
42 107 1.38294e-05
43 107 2.82836e-06
44 107 7.71354e-07
45 107 5.00766e-06
46 107 1.19168e-06
47 107 8.54846e-07
48 107 1.1412e-06
49 107 4.91036e-07
50 107 3.58261e-07
51 107 2.76063e-06
52 107 7.79671e-07
53 107 1.75567e-06
54 107 5.04265e-07
55 107 5.68751e-06
56 107 1.24867e-20
57 107 6.30862e-21
58 107 1.84869e-20
59 107 2.7672e-20
60 107 5.2033e-21
61 107 5.4252e-22
62 107 8.80505e-21
63 107 5.57923e-21
64 107 1.43664e-21
65 107 6.6467e-22
66 107 1.23918e-20
67 107 5.87162e-21
68 107 1.28925e-21
69 107 3.5911e-21
70 107 1.25061e-21
71 107 4.24031e-21
72 107 1.37463e-20
73 107 1.47333e-20
74 107 9.09608e-21
75 107 3.79206e-20
76 107 1.28936e-09
77 107 1.43192e-06
78 107 5.52146e-07
79 107 2.04671e-07
80 107 3.86312e-06
81 107 6.77181e-06
82 107 3.74623e-05
83 107 1.87542e-05
84 107 6.06449e-05
85 107 0.000264243
86 107 3.67574e-05
87 107 0.000112082
88 107 6.95955e-21
89 107 3.85635e-20
90 107 3.36489e-21
91 107 1.70623e-20
92 107 4.22182e-20
93 107 3.3937e-20
94 107 7.09596e-05
95 107 7.65652e-05
0 108 8.24358e-19
1 108 2.114e-18
2 108 6.05819e-19
3 108 2.27995e-20
4 108 1.81839e-18
5 108 3.17976e-19
6 108 2.53707e-19
7 108 9.33025e-19
8 108 9.94778e-19
9 108 4.62385e-19
10 108 7.84919e-19
11 108 4.67491e-19
12 108 3.1074e-18
13 108 2.95213e-20
14 108 1.75579e-20
15 108 1.18931e-19
16 108 3.62061e-19
17 108 1.21163e-21
18 108 7.42871e-20
19 108 3.57625e-20
20 108 2.56547e-08
21 108 6.28036e-08
22 108 3.49567e-07
23 108 2.72448e-07
24 108 3.27562e-20
25 108 2.29923e-20
26 108 9.19096e-21
27 108 2.39336e-20
28 108 8.99302e-20
29 108 2.39406e-20
30 108 1.15814e-20
31 108 7.51939e-21
32 108 1.6097e-20
33 108 3.17736e-21
34 108 1.373e-06
35 108 1.33837e-06
36 108 5.92032e-08
37 108 3.8869e-07
38 108 2.24531e-07
39 108 2.38534e-06
40 108 4.70193e-05
41 108 6.05435e-06
42 108 8.10492e-08
43 108 5.59752e-07
44 108 5.9425e-22
45 108 9.65848e-21
46 108 5.39669e-08
47 108 4.64007e-08
48 108 4.21407e-07
49 108 6.42013e-07
50 108 2.93223e-05
51 108 6.70369e-06
52 108 3.7346e-07
53 108 2.08434e-08
54 108 3.31211e-07
55 108 8.90255e-07
56 108 1.73452e-21
57 108 1.48365e-21
58 108 3.94753e-21
59 108 6.42217e-21
60 108 7.63164e-22
61 108 5.28244e-21
62 108 1.17525e-20
63 108 5.74448e-21
64 108 2.37808e-21
65 108 1.58174e-20
66 108 1.827e-21
67 108 1.09812e-20
68 108 1.05885e-20
69 108 1.64683e-21
70 108 2.37351e-21
71 108 4.66039e-21
72 108 1.22014e-21
73 108 1.95654e-20
74 108 3.50536e-22
75 108 8.79709e-21
76 108 7.03863e-06
77 108 3.00525e-06
78 108 3.2482e-06
79 108 6.77728e-06
80 108 8.69103e-21
81 108 5.66375e-21
82 108 2.22278e-05
83 108 3.12975e-05
84 108 0.000147292
85 108 0.00025996
86 108 7.46038e-05
87 108 4.18134e-05
88 108 5.44322e-21
89 108 6.54887e-22
90 108 7.58066e-21
91 108 4.86714e-20
92 108 2.3949e-20
93 108 2.34696e-20
94 108 6.77291e-21
95 108 3.98935e-20
0 109 1.70102e-18
1 109 1.53219e-18
2 109 7.32332e-19
3 109 1.80293e-18
4 109 2.67847e-18
5 109 1.68296e-18
6 109 2.60351e-18
7 109 5.90473e-19
8 109 1.16949e-18
9 109 1.02734e-18
10 109 1.87888e-18
11 109 3.47417e-19
12 109 5.08992e-19
13 109 6.55684e-19
14 109 2.58685e-19
15 109 5.68831e-20
16 109 2.28683e-20
17 109 8.67652e-20
18 109 1.13681e-19
19 109 9.43101e-21
20 109 3.04469e-07
21 109 8.86435e-08
22 109 2.12312e-07
23 109 4.48599e-07
24 109 6.77067e-20
25 109 1.30966e-20
26 109 3.11797e-20
27 109 2.93455e-20
28 109 1.12745e-20
29 109 6.66137e-20
30 109 2.055e-20
31 109 1.22705e-21
32 109 2.25458e-20
33 109 7.02951e-21
34 109 1.22818e-06
35 109 1.60035e-06
36 109 1.74045e-06
37 109 1.17951e-07
38 109 1.67443e-05
39 109 1.3988e-06
40 109 3.72652e-06
41 109 6.07397e-05
42 109 2.1519e-07
43 109 6.64206e-08
44 109 3.37014e-21
45 109 2.53625e-21
46 109 6.07451e-07
47 109 8.30779e-07
48 109 2.26176e-08
49 109 2.65693e-07
50 109 2.48457e-07
51 109 1.55838e-05
52 109 3.75812e-07
53 109 2.71605e-07
54 109 1.68632e-06
55 109 6.33369e-08
56 109 2.70715e-20
57 109 4.61378e-22
58 109 3.13201e-22
59 109 5.44148e-22
60 109 1.41256e-20
61 109 9.57673e-23
62 109 5.69528e-21
63 109 2.51845e-20
64 109 6.6533e-21
65 109 3.10773e-20
66 109 9.57965e-22
67 109 4.53793e-21
68 109 6.6491e-21
69 109 3.53228e-20
70 109 6.69367e-21
71 109 4.96572e-21
72 109 2.34077e-21
73 109 7.8251e-21
74 109 2.28844e-21
75 109 2.83328e-21
76 109 2.20529e-06
77 109 4.15649e-06
78 109 1.33894e-05
79 109 1.00227e-05
80 109 1.18699e-21
81 109 6.91558e-21
82 109 0.000310966
83 109 8.65242e-05
84 109 0.000253265
85 109 3.28322e-05
86 109 5.16991e-07
87 109 5.06445e-05
88 109 3.38903e-21
89 109 2.41917e-21
90 109 2.23211e-20
91 109 6.99574e-21
92 109 4.58922e-20
93 109 1.78517e-20
94 109 7.66849e-21
95 109 3.3084e-20
0 110 1.69625e-18
1 110 1.32836e-18
2 110 1.56857e-18
3 110 7.41637e-19
4 110 1.32111e-18
5 110 1.81021e-18
6 110 3.83755e-20
7 110 3.69603e-19
8 110 1.59847e-19
9 110 1.94048e-18
10 110 5.80042e-19
11 110 1.40888e-19
12 110 1.37036e-18
13 110 2.7964e-19
14 110 2.04841e-19
15 110 2.39633e-19
16 110 2.09279e-19
17 110 1.10653e-20
18 110 4.95577e-06
19 110 1.67348e-05
20 110 2.56332e-08
21 110 5.16541e-08
22 110 1.1579e-08
23 110 1.37844e-09
24 110 2.20902e-21
25 110 7.81426e-21
26 110 6.00857e-20
27 110 5.42261e-21
28 110 2.60937e-20
29 110 3.23078e-20
30 110 7.14211e-21
31 110 2.14583e-20
32 110 1.29337e-05
33 110 6.33556e-05
34 110 1.76992e-07
35 110 2.00602e-08
36 110 5.78715e-08
37 110 4.27079e-07
38 110 1.62434e-08
39 110 5.23488e-09
40 110 1.19548e-10
41 110 1.45994e-08
42 110 1.41827e-20
43 110 1.99706e-20
44 110 2.90445e-05
45 110 6.89605e-06
46 110 1.67622e-08
47 110 1.49211e-07
48 110 7.27293e-08
49 110 8.54119e-08
50 110 7.70234e-23
51 110 2.58449e-21
52 110 3.36874e-08
53 110 4.13929e-08
54 110 5.44581e-08
55 110 3.40506e-08
56 110 1.42959e-20
57 110 4.47076e-20
58 110 4.07875e-20
59 110 1.95571e-20
60 110 3.34138e-21
61 110 6.76023e-21
62 110 1.31188e-20
63 110 1.78361e-20
64 110 2.25634e-20
65 110 3.53778e-21
66 110 1.90902e-21
67 110 4.0123e-21
68 110 1.09097e-20
69 110 1.85514e-20
70 110 3.8346e-21
71 110 1.10638e-20
72 110 3.43403e-20
73 110 5.16513e-21
74 110 8.22758e-21
75 110 1.41251e-22
76 110 6.37048e-06
77 110 4.88041e-06
78 110 5.11072e-06
79 110 3.11453e-06
80 110 0.000186562
81 110 0.00146549
82 110 1.33981e-06
83 110 8.78128e-07
84 110 6.42816e-06
85 110 2.54257e-06
86 110 1.66798e-20
87 110 1.78598e-20
88 110 2.69173e-20
89 110 3.60065e-21
90 110 1.71374e-20
91 110 2.03856e-20
92 110 5.43543e-20
93 110 5.30823e-22
94 110 0.00218625
95 110 9.15229e-05
0 111 2.3311e-18
1 111 2.5948e-18
2 111 5.92398e-19
3 111 8.42616e-19
4 111 4.54338e-18
5 111 2.93342e-19
6 111 1.27201e-19
7 111 1.33686e-18
8 111 1.04839e-18
9 111 6.34505e-19
10 111 1.80085e-19
11 111 1.34352e-19
12 111 1.74328e-18
13 111 1.62599e-19
14 111 5.22938e-19
15 111 2.89423e-20
16 111 6.42618e-20
17 111 5.93908e-20
18 111 3.17621e-06
19 111 6.08812e-06
20 111 7.755e-09
21 111 6.81379e-08
22 111 2.66306e-08
23 111 3.30455e-08
24 111 1.27738e-19
25 111 1.40474e-20
26 111 9.69306e-20
27 111 8.95256e-21
28 111 8.53837e-20
29 111 5.93674e-21
30 111 2.59903e-20
31 111 2.92185e-20
32 111 2.97211e-05
33 111 2.86305e-06
34 111 1.81768e-08
35 111 2.59044e-07
36 111 4.09589e-07
37 111 3.37719e-07
38 111 2.21006e-09
39 111 4.60742e-08
40 111 6.09057e-09
41 111 1.98606e-12
42 111 9.82089e-22
43 111 6.72598e-21
44 111 3.61262e-06
45 111 1.17381e-05
46 111 9.32115e-08
47 111 7.64957e-08
48 111 2.89115e-07
49 111 2.80753e-08
50 111 1.12242e-21
51 111 7.07981e-22
52 111 8.09274e-08
53 111 6.89617e-08
54 111 8.43137e-09
55 111 8.74289e-08
56 111 1.70486e-20
57 111 4.28212e-21
58 111 8.35013e-21
59 111 1.95879e-20
60 111 1.30291e-20
61 111 4.14068e-21
62 111 1.98877e-21
63 111 1.68501e-20
64 111 1.53851e-20
65 111 6.14526e-21
66 111 4.69118e-21
67 111 9.01844e-21
68 111 6.36513e-21
69 111 1.26193e-20
70 111 9.26156e-22
71 111 4.78943e-21
72 111 3.85039e-21
73 111 1.75394e-21
74 111 2.94986e-21
75 111 7.16984e-22
76 111 6.33247e-06
77 111 1.74238e-05
78 111 1.52304e-06
79 111 3.97848e-06
80 111 0.000591262
81 111 0.000114353
82 111 5.23136e-06
83 111 8.32642e-06
84 111 1.58691e-06
85 111 1.66334e-06
86 111 1.63589e-22
87 111 1.56552e-21
88 111 8.76631e-21
89 111 8.66344e-21
90 111 3.9116e-21
91 111 2.20009e-20
92 111 2.5724e-21
93 111 1.98025e-20
94 111 0.000137069
95 111 0.000835798
0 112 9.09434e-19
1 112 6.43602e-19
2 112 2.21976e-18
3 112 8.04987e-19
4 112 2.86753e-18
5 112 2.95568e-18
6 112 5.94696e-19
7 112 4.87365e-20
8 112 2.37279e-18
9 112 1.56613e-18
10 112 1.3389e-19
11 112 1.24638e-19
12 112 4.16624e-19
13 112 6.0256e-21
14 112 7.33073e-19
15 112 3.15818e-19
16 112 2.12255e-20
17 112 1.75718e-20
18 112 6.61123e-09
19 112 8.60537e-09
20 112 1.60946e-06
21 112 6.38261e-06
22 112 9.42035e-06
23 112 3.55315e-06
24 112 2.21292e-19
25 112 4.52948e-22
26 112 6.91789e-20
27 112 1.02859e-20
28 112 9.13294e-21
29 112 2.22758e-20
30 112 7.84688e-20
31 112 9.21126e-21
32 112 8.69851e-08
33 112 3.62944e-06
34 112 7.42595e-06
35 112 5.88459e-07
36 112 1.5193e-05
37 112 3.61555e-06
38 112 3.35351e-08
39 112 1.38732e-08
40 112 2.71683e-07
41 112 1.62632e-07
42 112 1.25457e-07
43 112 3.25321e-08
44 112 7.26537e-08
45 112 3.85203e-09
46 112 7.11284e-07
47 112 2.59739e-06
48 112 1.68183e-06
49 112 8.0374e-07
50 112 1.7675e-08
51 112 7.76316e-07
52 112 4.35218e-08
53 112 6.96895e-07
54 112 1.35103e-08
55 112 4.06121e-07
56 112 2.16947e-21
57 112 1.15664e-21
58 112 1.33476e-20
59 112 5.44602e-21
60 112 6.19394e-21
61 112 1.99177e-21
62 112 3.93937e-22
63 112 3.09592e-20
64 112 2.10536e-20
65 112 4.06289e-21
66 112 1.14531e-20
67 112 1.51412e-21
68 112 2.40835e-21
69 112 8.02006e-21
70 112 2.514e-21
71 112 9.89486e-21
72 112 7.31898e-21
73 112 4.56434e-21
74 112 1.62895e-20
75 112 6.72041e-22
76 112 0.000164974
77 112 2.1883e-05
78 112 8.79466e-06
79 112 0.000700218
80 112 1.02494e-06
81 112 1.55643e-06
82 112 2.21611e-06
83 112 2.412e-06
84 112 8.943e-07
85 112 4.57791e-06
86 112 5.60852e-09
87 112 7.27148e-08
88 112 2.53313e-21
89 112 1.64427e-21
90 112 2.84159e-20
91 112 4.44302e-20
92 112 1.76208e-22
93 112 2.38957e-20
94 112 2.56934e-05
95 112 1.01436e-05
0 113 2.43706e-19
1 113 2.34043e-18
2 113 7.69915e-18
3 113 3.29743e-19
4 113 3.72939e-18
5 113 1.51205e-18
6 113 1.27596e-18
7 113 5.10638e-19
8 113 2.13016e-19
9 113 6.25905e-19
10 113 1.08206e-19
11 113 1.3844e-19
12 113 2.00726e-18
13 113 1.37052e-19
14 113 3.12389e-19
15 113 2.33336e-20
16 113 8.46286e-20
17 113 2.54322e-21
18 113 3.86521e-08
19 113 9.63963e-09
20 113 1.17252e-07
21 113 2.56166e-06
22 113 2.22966e-06
23 113 1.05072e-06
24 113 3.23705e-20
25 113 2.59597e-20
26 113 2.16311e-20
27 113 1.40463e-20
28 113 1.47004e-20
29 113 4.77953e-20
30 113 2.05867e-20
31 113 4.64393e-21
32 113 8.57859e-06
33 113 3.21595e-06
34 113 9.64604e-07
35 113 2.81313e-06
36 113 5.20218e-06
37 113 2.22852e-05
38 113 2.62649e-08
39 113 1.89068e-07
40 113 8.01946e-08
41 113 5.13892e-09
42 113 4.37815e-08
43 113 3.71952e-08
44 113 6.73188e-08
45 113 1.75482e-07
46 113 1.19732e-06
47 113 1.14942e-06
48 113 1.58712e-06
49 113 4.79288e-08
50 113 9.68135e-08
51 113 3.10145e-07
52 113 3.30042e-07
53 113 5.01156e-07
54 113 1.25781e-07
55 113 8.01501e-07
56 113 1.4409e-21
57 113 1.16582e-21
58 113 2.4399e-20
59 113 3.71365e-21
60 113 3.30804e-21
61 113 2.08559e-22
62 113 1.34803e-20
63 113 1.85139e-22
64 113 5.65057e-21
65 113 6.73271e-22
66 113 7.40445e-21
67 113 5.52771e-21
68 113 1.10441e-21
69 113 7.40576e-23
70 113 2.62141e-21
71 113 8.36789e-22
72 113 3.50404e-22
73 113 1.93828e-22
74 113 1.43324e-20
75 113 1.82797e-21
76 113 1.51017e-05
77 113 0.000363428
78 113 1.31741e-05
79 113 2.21543e-05
80 113 7.13393e-06
81 113 1.05837e-06
82 113 8.00977e-07
83 113 3.43258e-06
84 113 1.08677e-06
85 113 3.48097e-06
86 113 1.13576e-08
87 113 2.87868e-08
88 113 1.0864e-20
89 113 4.73789e-21
90 113 1.2588e-21
91 113 1.38112e-20
92 113 3.9445e-21
93 113 1.8979e-21
94 113 8.42499e-06
95 113 0.000105308
0 114 6.46302e-19
1 114 3.80281e-20
2 114 9.22905e-19
3 114 5.40741e-19
4 114 5.43664e-19
5 114 1.09531e-18
6 114 7.27348e-20
7 114 1.78423e-20
8 114 5.28841e-19
9 114 2.03113e-19
10 114 6.43214e-20
11 114 1.62681e-20
12 114 7.6539e-20
13 114 1.17199e-19
14 114 6.367e-19
15 114 1.48545e-19
16 114 8.91889e-21
17 114 2.33277e-21
18 114 7.59597e-09
19 114 1.87488e-08
20 114 1.74977e-05
21 114 1.22146e-06
22 114 1.95597e-07
23 114 1.13199e-06
24 114 1.3474e-20
25 114 3.5667e-21
26 114 3.88266e-20
27 114 4.386e-20
28 114 2.96473e-20
29 114 1.43545e-20
30 114 2.66382e-21
31 114 3.36946e-20
32 114 3.97579e-06
33 114 2.45853e-06
34 114 2.47922e-06
35 114 9.93509e-07
36 114 1.13123e-05
37 114 2.25012e-06
38 114 1.98751e-07
39 114 3.82575e-08
40 114 7.63636e-08
41 114 2.73198e-07
42 114 6.69221e-08
43 114 9.90469e-08
44 114 5.19883e-08
45 114 8.04678e-08
46 114 1.49332e-06
47 114 1.08767e-06
48 114 1.0739e-06
49 114 6.90974e-07
50 114 1.9192e-07
51 114 6.42179e-07
52 114 3.60516e-07
53 114 6.51061e-08
54 114 5.07175e-07
55 114 4.73316e-08
56 114 1.46448e-20
57 114 3.12717e-21
58 114 2.4982e-20
59 114 1.62618e-20
60 114 2.16646e-20
61 114 7.46839e-21
62 114 9.59833e-21
63 114 9.47394e-21
64 114 5.83555e-21
65 114 8.82517e-21
66 114 2.07858e-21
67 114 3.49806e-21
68 114 7.9593e-22
69 114 1.84003e-20
70 114 2.82807e-20
71 114 1.59474e-20
72 114 2.87609e-21
73 114 2.77602e-21
74 114 2.68584e-21
75 114 8.30852e-21
76 114 0.000203371
77 114 3.82578e-05
78 114 0.00036503
79 114 0.000151729
80 114 1.06857e-06
81 114 3.40061e-06
82 114 6.64735e-06
83 114 3.56141e-06
84 114 1.26531e-06
85 114 2.97317e-07
86 114 8.79945e-09
87 114 7.34802e-08
88 114 2.42754e-20
89 114 1.08877e-21
90 114 2.73893e-20
91 114 5.49453e-21
92 114 6.85393e-21
93 114 2.61844e-20
94 114 4.5367e-05
95 114 1.66783e-05
0 115 3.76574e-19
1 115 6.19967e-19
2 115 1.15566e-18
3 115 3.44612e-19
4 115 2.40471e-18
5 115 2.40844e-19
6 115 1.65191e-18
7 115 6.80877e-19
8 115 1.78035e-18
9 115 7.3231e-19
10 115 1.24867e-18
11 115 2.7124e-19
12 115 3.51112e-19
13 115 5.05715e-20
14 115 6.77288e-19
15 115 1.04534e-19
16 115 3.37735e-20
17 115 7.43582e-20
18 115 8.35253e-09
19 115 7.38972e-10
20 115 1.66365e-06
21 115 4.65926e-07
22 115 6.16353e-06
23 115 5.19187e-06
24 115 8.18242e-20
25 115 3.98037e-20
26 115 7.28431e-22
27 115 5.41631e-21
28 115 1.07435e-20
29 115 2.00522e-20
30 115 3.48643e-20
31 115 5.04906e-21
32 115 7.4907e-07
33 115 1.47139e-06
34 115 4.47843e-06
35 115 1.25209e-06
36 115 2.43659e-07
37 115 1.67053e-06
38 115 7.69594e-08
39 115 1.04093e-07
40 115 4.36025e-07
41 115 1.3094e-07
42 115 2.56315e-07
43 115 1.74273e-07
44 115 2.27733e-08
45 115 2.29367e-08
46 115 5.95186e-07
47 115 1.13605e-07
48 115 4.76315e-07
49 115 6.57767e-07
50 115 1.64567e-06
51 115 5.18305e-07
52 115 4.71237e-07
53 115 1.75651e-07
54 115 4.78937e-07
55 115 1.04011e-07
56 115 5.76842e-21
57 115 1.96603e-20
58 115 5.56401e-22
59 115 3.21511e-20
60 115 2.01247e-20
61 115 1.33993e-20
62 115 1.69722e-21
63 115 6.90437e-21
64 115 4.18974e-21
65 115 1.38443e-20
66 115 1.77523e-21
67 115 2.11896e-22
68 115 1.56287e-21
69 115 4.90651e-21
70 115 1.59495e-21
71 115 3.67929e-20
72 115 2.90221e-21
73 115 5.17581e-22
74 115 9.23773e-23
75 115 1.27685e-20
76 115 0.000176322
77 115 4.29992e-05
78 115 0.000149999
79 115 3.28278e-05
80 115 5.92611e-07
81 115 9.49682e-07
82 115 3.62276e-06
83 115 8.30609e-07
84 115 7.95428e-06
85 115 3.30126e-06
86 115 1.92054e-07
87 115 2.14112e-08
88 115 3.29183e-21
89 115 7.35413e-21
90 115 6.79378e-20
91 115 1.48931e-20
92 115 2.84323e-21
93 115 6.574e-21
94 115 1.20095e-05
95 115 9.40201e-06
0 116 3.03591e-10
1 116 3.12088e-09
2 116 2.61988e-19
3 116 1.55125e-18
4 116 4.24584e-07
5 116 1.12535e-07
6 116 6.82339e-07
7 116 1.82152e-07
8 116 4.92335e-08
9 116 1.22643e-08
10 116 5.65337e-08
11 116 1.34106e-08
12 116 1.37575e-10
13 116 4.63022e-12
14 116 4.49826e-07
15 116 4.61503e-08
16 116 5.04143e-07
17 116 3.89875e-08
18 116 1.78016e-19
19 116 8.12093e-21
20 116 7.10551e-20
21 116 1.13625e-19
22 116 3.65921e-20
23 116 1.3123e-20
24 116 1.10764e-05
25 116 3.93094e-06
26 116 9.45922e-20
27 116 1.05828e-20
28 116 3.31662e-07
29 116 6.79952e-07
30 116 2.73503e-06
31 116 1.35869e-07
32 116 7.16872e-22
33 116 2.84248e-22
34 116 1.67092e-21
35 116 1.90454e-22
36 116 6.19476e-21
37 116 8.33079e-21
38 116 6.51339e-21
39 116 1.56616e-20
40 116 1.65991e-21
41 116 1.2102e-20
42 116 1.6572e-21
43 116 7.7123e-22
44 116 1.24795e-20
45 116 1.00638e-21
46 116 7.78887e-21
47 116 2.52802e-21
48 116 4.25265e-22
49 116 4.62412e-21
50 116 6.50821e-22
51 116 2.13951e-21
52 116 2.18828e-22
53 116 3.56576e-22
54 116 1.10392e-21
55 116 1.16199e-21
56 116 1.66454e-21
57 116 5.25826e-21
58 116 1.23452e-06
59 116 3.17655e-07
60 116 3.18453e-08
61 116 4.86478e-07
62 116 1.09593e-06
63 116 3.63882e-07
64 116 2.89899e-07
65 116 6.17414e-07
66 116 1.1359e-07
67 116 1.85611e-07
68 116 2.67092e-21
69 116 1.4201e-21
70 116 2.129e-06
71 116 2.01582e-06
72 116 2.14656e-06
73 116 5.40531e-07
74 116 8.70214e-05
75 116 1.22471e-06
76 116 3.23265e-21
77 116 1.65069e-20
78 116 6.1169e-21
79 116 6.64718e-21
80 116 5.98969e-21
81 116 4.79513e-21
82 116 3.84403e-21
83 116 1.88663e-20
84 116 1.44935e-20
85 116 1.42122e-21
86 116 1.25124e-21
87 116 1.70115e-21
88 116 3.68907e-21
89 116 2.19606e-22
90 116 8.49777e-06
91 116 1.76723e-07
92 116 2.03481e-05
93 116 1.58225e-06
94 116 8.79079e-21
95 116 6.62231e-21
0 117 4.08539e-09
1 117 1.31375e-09
2 117 1.1738e-18
3 117 5.57488e-19
4 117 6.3102e-07
5 117 1.04277e-07
6 117 1.83345e-07
7 117 2.0086e-07
8 117 8.59731e-09
9 117 2.37791e-08
10 117 7.1077e-08
11 117 1.5328e-09
12 117 9.96734e-11
13 117 1.24574e-10
14 117 3.53377e-07
15 117 2.01206e-07
16 117 2.72513e-07
17 117 2.86455e-09
18 117 1.51501e-19
19 117 1.95633e-20
20 117 1.824e-19
21 117 1.03428e-19
22 117 1.21651e-19
23 117 2.21769e-20
24 117 1.04516e-05
25 117 1.32097e-05
26 117 2.65438e-19
27 117 2.64965e-20
28 117 1.24498e-08
29 117 2.12813e-06
30 117 8.67476e-07
31 117 9.29941e-08
32 117 2.13161e-20
33 117 5.70777e-22
34 117 6.41125e-21
35 117 1.32599e-21
36 117 1.19027e-21
37 117 2.69583e-21
38 117 1.7832e-20
39 117 7.16505e-22
40 117 1.05937e-20
41 117 1.4897e-20
42 117 5.2559e-21
43 117 1.94821e-20
44 117 2.37447e-21
45 117 6.59945e-21
46 117 7.71069e-21
47 117 1.14251e-20
48 117 5.52453e-21
49 117 9.86002e-23
50 117 6.55939e-21
51 117 5.67328e-21
52 117 7.65703e-24
53 117 2.49891e-21
54 117 5.23248e-22
55 117 3.7381e-22
56 117 2.03997e-21
57 117 3.93541e-22
58 117 5.09321e-08
59 117 7.36366e-07
60 117 3.66042e-07
61 117 5.00413e-07
62 117 2.23516e-07
63 117 5.84714e-07
64 117 6.34529e-07
65 117 4.47921e-07
66 117 2.62593e-07
67 117 2.09143e-07
68 117 1.85774e-21
69 117 3.10102e-21
70 117 1.01094e-07
71 117 1.40921e-06
72 117 3.41724e-06
73 117 5.29258e-07
74 117 3.86015e-05
75 117 0.000100532
76 117 1.68553e-22
77 117 7.96566e-21
78 117 1.17297e-21
79 117 7.4656e-21
80 117 4.39688e-21
81 117 1.91575e-21
82 117 1.44972e-20
83 117 1.91248e-21
84 117 2.06808e-21
85 117 4.94839e-21
86 117 9.86007e-21
87 117 1.67992e-21
88 117 2.13684e-20
89 117 2.69819e-21
90 117 1.52175e-05
91 117 6.35357e-07
92 117 5.88055e-06
93 117 2.71136e-06
94 117 2.12923e-21
95 117 1.75501e-20
0 118 5.52134e-07
1 118 7.7184e-07
2 118 4.68412e-06
3 118 1.15773e-07
4 118 3.36104e-06
5 118 7.66919e-07
6 118 3.12649e-06
7 118 1.79419e-07
8 118 3.17936e-07
9 118 3.97192e-07
10 118 7.93801e-08
11 118 9.37038e-07
12 118 1.06975e-08
13 118 4.19849e-08
14 118 3.20228e-07
15 118 4.11355e-08
16 118 7.6247e-07
17 118 8.71052e-08
18 118 2.65863e-20
19 118 1.90246e-20
20 118 3.7022e-19
21 118 1.61727e-19
22 118 6.88589e-20
23 118 2.32369e-20
24 118 3.35246e-07
25 118 2.32026e-07
26 118 2.18956e-06
27 118 6.00358e-07
28 118 4.08809e-10
29 118 2.46353e-08
30 118 7.36892e-08
31 118 3.46586e-08
32 118 2.43374e-20
33 118 2.97881e-21
34 118 2.33968e-20
35 118 1.99925e-21
36 118 7.93705e-21
37 118 5.35267e-22
38 118 1.67651e-22
39 118 7.32025e-21
40 118 1.68397e-21
41 118 1.93128e-21
42 118 9.71505e-21
43 118 5.16698e-21
44 118 2.51492e-21
45 118 5.64858e-22
46 118 1.85763e-22
47 118 3.06622e-22
48 118 1.88434e-21
49 118 6.5804e-22
50 118 1.21446e-21
51 118 5.13333e-21
52 118 8.62531e-23
53 118 3.89864e-21
54 118 1.30733e-21
55 118 2.13021e-21
56 118 4.22233e-07
57 118 9.39583e-08
58 118 1.25148e-06
59 118 3.83977e-07
60 118 2.51512e-08
61 118 2.8763e-07
62 118 9.3446e-07
63 118 9.03397e-07
64 118 1.06114e-07
65 118 9.77117e-07
66 118 1.74945e-06
67 118 3.71323e-06
68 118 1.95537e-05
69 118 3.43599e-05
70 118 3.77371e-05
71 118 5.31593e-06
72 118 3.15099e-05
73 118 4.62223e-06
74 118 2.15225e-06
75 118 3.71552e-06
76 118 7.62434e-22
77 118 2.77075e-21
78 118 1.07625e-20
79 118 2.16759e-21
80 118 2.21226e-21
81 118 5.03475e-21
82 118 2.95963e-21
83 118 3.26955e-21
84 118 2.33433e-22
85 118 1.36544e-21
86 118 2.62074e-21
87 118 4.90663e-21
88 118 4.88247e-06
89 118 4.03943e-06
90 118 1.21662e-05
91 118 9.06317e-06
92 118 1.90655e-05
93 118 1.35885e-06
94 118 1.18492e-21
95 118 2.41218e-20
0 119 2.99679e-07
1 119 4.98069e-08
2 119 4.04576e-07
3 119 1.03538e-05
4 119 9.54304e-07
5 119 1.00646e-06
6 119 1.23864e-06
7 119 4.81068e-07
8 119 6.84328e-07
9 119 1.37096e-06
10 119 9.45909e-08
11 119 5.45952e-07
12 119 5.28717e-09
13 119 8.61921e-09
14 119 1.21081e-07
15 119 3.45621e-07
16 119 2.73304e-07
17 119 6.7666e-08
18 119 6.34113e-20
19 119 2.24964e-21
20 119 1.0359e-19
21 119 8.02181e-20
22 119 5.25016e-20
23 119 2.10015e-20
24 119 4.87083e-08
25 119 1.01032e-07
26 119 4.48538e-07
27 119 5.80475e-06
28 119 6.24611e-08
29 119 4.1445e-08
30 119 3.49643e-08
31 119 2.78363e-08
32 119 4.98788e-22
33 119 1.1115e-20
34 119 7.03054e-21
35 119 2.26163e-20
36 119 1.17308e-20
37 119 2.39738e-21
38 119 8.66315e-21
39 119 2.29321e-21
40 119 2.80498e-20
41 119 5.67246e-21
42 119 6.00593e-21
43 119 1.02442e-20
44 119 4.60848e-21
45 119 1.9287e-22
46 119 3.33148e-21
47 119 5.64307e-22
48 119 6.23925e-21
49 119 1.71171e-21
50 119 2.81171e-21
51 119 4.43743e-21
52 119 1.87386e-21
53 119 1.94698e-21
54 119 2.92631e-21
55 119 1.84431e-21
56 119 3.93364e-07
57 119 7.63623e-07
58 119 1.01598e-07
59 119 1.36474e-07
60 119 7.51229e-07
61 119 3.24546e-07
62 119 4.74706e-07
63 119 2.61626e-07
64 119 1.64121e-07
65 119 9.34151e-07
66 119 9.47243e-07
67 119 4.94719e-07
68 119 9.0534e-05
69 119 3.03074e-05
70 119 7.9399e-06
71 119 1.34921e-05
72 119 1.33077e-05
73 119 1.01572e-05
74 119 3.324e-07
75 119 1.21649e-06
76 119 3.27093e-21
77 119 2.22785e-21
78 119 2.77684e-21
79 119 2.605e-21
80 119 1.91754e-21
81 119 2.59113e-21
82 119 3.07157e-20
83 119 2.74084e-21
84 119 2.17875e-21
85 119 1.15127e-20
86 119 1.81907e-20
87 119 9.59928e-22
88 119 9.57407e-06
89 119 1.04234e-05
90 119 9.32104e-06
91 119 1.79311e-05
92 119 4.23971e-06
93 119 2.34756e-05
94 119 1.68571e-21
95 119 1.69526e-21
0 120 2.50194e-07
1 120 5.87324e-07
2 120 8.12633e-07
3 120 1.17782e-06
4 120 1.1133e-06
5 120 2.90735e-06
6 120 2.03932e-06
7 120 2.76882e-07
8 120 1.65309e-06
9 120 1.0216e-06
10 120 4.07295e-07
11 120 3.982e-07
12 120 2.77156e-08
13 120 5.61013e-09
14 120 3.08319e-07
15 120 4.87164e-07
16 120 2.39708e-07
17 120 5.39722e-08
18 120 3.32254e-20
19 120 7.83994e-20
20 120 4.34993e-20
21 120 2.96941e-20
22 120 3.50584e-21
23 120 8.36289e-21
24 120 2.67726e-07
25 120 9.11169e-08
26 120 2.87177e-07
27 120 8.69763e-07
28 120 6.47165e-08
29 120 3.30711e-08
30 120 1.19456e-08
31 120 5.40457e-08
32 120 1.52203e-20
33 120 1.41302e-20
34 120 7.4236e-21
35 120 4.40485e-21
36 120 4.36115e-21
37 120 3.44531e-22
38 120 9.84019e-21
39 120 1.07725e-20
40 120 9.52627e-21
41 120 6.37446e-21
42 120 8.73603e-21
43 120 2.69005e-21
44 120 6.22477e-21
45 120 2.74382e-21
46 120 7.54324e-21
47 120 1.01951e-20
48 120 6.57834e-22
49 120 1.75437e-21
50 120 5.06276e-21
51 120 2.55542e-21
52 120 4.66904e-22
53 120 2.56538e-21
54 120 3.63927e-22
55 120 1.78234e-21
56 120 1.73069e-07
57 120 4.09882e-08
58 120 1.11561e-06
59 120 3.22044e-07
60 120 9.24185e-07
61 120 3.6831e-08
62 120 1.66503e-08
63 120 4.67498e-07
64 120 7.3225e-07
65 120 2.23283e-06
66 120 1.19501e-06
67 120 2.26055e-06
68 120 1.13592e-05
69 120 1.0998e-05
70 120 1.95083e-06
71 120 2.69022e-05
72 120 1.97026e-05
73 120 1.98541e-05
74 120 2.69983e-06
75 120 1.01199e-06
76 120 2.63858e-21
77 120 3.01637e-21
78 120 3.83034e-21
79 120 6.92221e-23
80 120 2.88641e-21
81 120 2.35463e-21
82 120 1.69773e-20
83 120 1.3809e-21
84 120 1.40323e-21
85 120 3.54037e-22
86 120 1.5749e-20
87 120 1.12214e-21
88 120 8.70262e-07
89 120 2.82953e-06
90 120 4.02464e-06
91 120 4.63018e-05
92 120 2.11351e-06
93 120 6.22321e-07
94 120 6.58139e-21
95 120 9.86391e-21
0 121 7.22967e-07
1 121 4.0664e-07
2 121 3.60275e-06
3 121 4.6194e-09
4 121 2.21796e-06
5 121 5.12848e-08
6 121 5.38432e-07
7 121 1.293e-06
8 121 5.34141e-08
9 121 5.05704e-07
10 121 1.70342e-06
11 121 6.15144e-07
12 121 1.80478e-08
13 121 2.69007e-08
14 121 1.70601e-07
15 121 1.04711e-07
16 121 1.11067e-08
17 121 7.03543e-07
18 121 3.3075e-20
19 121 8.5797e-22
20 121 3.42105e-20
21 121 3.13296e-20
22 121 2.62336e-20
23 121 3.18731e-20
24 121 8.39975e-08
25 121 3.99994e-07
26 121 1.82198e-06
27 121 2.74789e-07
28 121 7.75688e-08
29 121 8.21678e-09
30 121 3.73077e-09
31 121 1.25952e-07
32 121 9.21298e-22
33 121 1.06084e-22
34 121 6.07266e-21
35 121 2.11156e-20
36 121 3.19451e-21
37 121 4.866e-22
38 121 1.50504e-20
39 121 1.39907e-20
40 121 6.61666e-21
41 121 1.34348e-20
42 121 7.3159e-21
43 121 1.0767e-21
44 121 2.12509e-21
45 121 8.26299e-21
46 121 3.39327e-21
47 121 6.94864e-21
48 121 3.0615e-21
49 121 9.96499e-22
50 121 1.16581e-21
51 121 2.45498e-21
52 121 2.60711e-23
53 121 6.33912e-21
54 121 2.5186e-21
55 121 3.07153e-21
56 121 3.17343e-07
57 121 7.06027e-08
58 121 5.24345e-09
59 121 2.27416e-07
60 121 7.31953e-07
61 121 2.5604e-07
62 121 7.92717e-07
63 121 4.97964e-07
64 121 1.39877e-08
65 121 3.83856e-07
66 121 3.7092e-06
67 121 9.51503e-07
68 121 1.01504e-05
69 121 3.03686e-05
70 121 2.99816e-05
71 121 4.96365e-06
72 121 3.86498e-06
73 121 1.40733e-05
74 121 2.45954e-06
75 121 2.54679e-06
76 121 4.17346e-21
77 121 4.57909e-21
78 121 2.73587e-21
79 121 2.69279e-21
80 121 1.29864e-21
81 121 3.66191e-21
82 121 4.26437e-21
83 121 1.20708e-20
84 121 1.9052e-20
85 121 2.66009e-21
86 121 7.69204e-21
87 121 2.74318e-21
88 121 3.0163e-06
89 121 3.68899e-06
90 121 2.06242e-05
91 121 3.20168e-06
92 121 6.5084e-06
93 121 4.07619e-05
94 121 3.47426e-21
95 121 1.35042e-20
0 122 1.30811e-08
1 122 9.39504e-07
2 122 4.17973e-18
3 122 6.08937e-19
4 122 1.65868e-06
5 122 2.67124e-07
6 122 2.19774e-06
7 122 9.89033e-07
8 122 8.10512e-08
9 122 4.20203e-08
10 122 1.30529e-07
11 122 1.99846e-08
12 122 1.7792e-06
13 122 5.07869e-07
14 122 6.46824e-06
15 122 6.70672e-07
16 122 2.85103e-06
17 122 3.84206e-07
18 122 2.00391e-20
19 122 3.84479e-20
20 122 6.0512e-20
21 122 8.60404e-20
22 122 3.66148e-20
23 122 7.18451e-20
24 122 2.32234e-08
25 122 1.18197e-09
26 122 8.2692e-20
27 122 1.29806e-20
28 122 1.19735e-08
29 122 4.65791e-09
30 122 1.18469e-07
31 122 6.13267e-09
32 122 3.87848e-21
33 122 5.41749e-21
34 122 1.03058e-20
35 122 1.98988e-20
36 122 2.63331e-20
37 122 8.21204e-21
38 122 6.72602e-21
39 122 1.1327e-21
40 122 1.70415e-21
41 122 4.58678e-22
42 122 6.84387e-22
43 122 8.80207e-21
44 122 8.49643e-21
45 122 6.12199e-21
46 122 1.59188e-20
47 122 2.92133e-21
48 122 1.39658e-20
49 122 9.64002e-21
50 122 5.04979e-22
51 122 7.40441e-21
52 122 1.86813e-21
53 122 1.46681e-20
54 122 5.68314e-22
55 122 1.7296e-21
56 122 1.25437e-21
57 122 2.25863e-21
58 122 1.24225e-07
59 122 5.84332e-08
60 122 1.32791e-08
61 122 3.5001e-08
62 122 6.43528e-06
63 122 3.70214e-06
64 122 3.78555e-06
65 122 3.08346e-06
66 122 1.6667e-06
67 122 1.30467e-05
68 122 6.05869e-23
69 122 4.41242e-21
70 122 2.03752e-05
71 122 2.7884e-05
72 122 1.75188e-05
73 122 2.32349e-06
74 122 7.12276e-07
75 122 1.34211e-07
76 122 3.70963e-21
77 122 1.07378e-20
78 122 1.44692e-20
79 122 1.13626e-20
80 122 4.97426e-21
81 122 1.05655e-20
82 122 8.069e-21
83 122 9.06728e-21
84 122 1.53323e-21
85 122 1.72311e-21
86 122 2.24555e-21
87 122 2.57947e-21
88 122 8.07513e-21
89 122 1.32518e-20
90 122 1.3228e-05
91 122 1.37176e-07
92 122 1.20951e-05
93 122 1.91003e-06
94 122 1.217e-20
95 122 2.73753e-20
0 123 1.32457e-06
1 123 4.11964e-07
2 123 1.63804e-18
3 123 1.21097e-19
4 123 2.07799e-06
5 123 5.00356e-07
6 123 8.66636e-07
7 123 3.66758e-07
8 123 3.57617e-08
9 123 3.07836e-08
10 123 1.27231e-07
11 123 1.01993e-08
12 123 2.40124e-06
13 123 1.76803e-06
14 123 1.3137e-06
15 123 1.72587e-06
16 123 4.67371e-06
17 123 2.12839e-08
18 123 3.6518e-20
19 123 2.20046e-20
20 123 6.47927e-19
21 123 6.42491e-20
22 123 1.75628e-20
23 123 8.49925e-20
24 123 1.51329e-08
25 123 2.93575e-08
26 123 9.98996e-20
27 123 2.27505e-20
28 123 1.74213e-10
29 123 9.44722e-08
30 123 8.70515e-09
31 123 1.94655e-09
32 123 4.02124e-20
33 123 5.59797e-21
34 123 5.8051e-20
35 123 1.2337e-21
36 123 1.12072e-21
37 123 1.71058e-21
38 123 3.12073e-21
39 123 3.66303e-21
40 123 4.02562e-21
41 123 2.20782e-21
42 123 2.10298e-21
43 123 4.28588e-21
44 123 1.32925e-20
45 123 4.92381e-21
46 123 2.15826e-21
47 123 6.83151e-21
48 123 1.74966e-21
49 123 8.88664e-21
50 123 7.15882e-22
51 123 1.06142e-21
52 123 4.02946e-21
53 123 5.71469e-21
54 123 2.14204e-22
55 123 3.97134e-22
56 123 1.76059e-21
57 123 8.98698e-21
58 123 1.49134e-08
59 123 5.56554e-08
60 123 2.97887e-08
61 123 7.18213e-08
62 123 2.76401e-06
63 123 2.91154e-06
64 123 2.65964e-06
65 123 4.34414e-06
66 123 1.86008e-05
67 123 8.2213e-06
68 123 2.51544e-21
69 123 6.05982e-21
70 123 1.19768e-06
71 123 5.24818e-06
72 123 3.63028e-05
73 123 8.02515e-06
74 123 6.07939e-07
75 123 9.35185e-07
76 123 3.27681e-21
77 123 3.02836e-22
78 123 3.74258e-21
79 123 2.01593e-21
80 123 1.43476e-21
81 123 2.4237e-21
82 123 3.49115e-21
83 123 5.94443e-21
84 123 1.68039e-21
85 123 4.72807e-21
86 123 3.30771e-21
87 123 3.07947e-21
88 123 4.5215e-22
89 123 1.0029e-21
90 123 7.35407e-06
91 123 5.67613e-07
92 123 1.06683e-05
93 123 1.81632e-06
94 123 7.69885e-21
95 123 2.44846e-21
0 124 3.75201e-18
1 124 1.2858e-18
2 124 3.66123e-07
3 124 1.29761e-08
4 124 3.70841e-07
5 124 1.11405e-06
6 124 1.49137e-07
7 124 1.60453e-06
8 124 6.27356e-07
9 124 1.36963e-07
10 124 3.70037e-07
11 124 5.88873e-06
12 124 4.86999e-19
13 124 4.96633e-19
14 124 2.82615e-07
15 124 1.509e-06
16 124 1.60158e-07
17 124 3.41916e-06
18 124 3.09327e-22
19 124 6.53164e-21
20 124 1.80133e-19
21 124 5.42423e-21
22 124 2.07814e-20
23 124 5.16074e-20
24 124 3.43543e-21
25 124 1.69663e-20
26 124 2.1706e-08
27 124 3.12657e-09
28 124 4.02887e-08
29 124 1.03702e-07
30 124 3.7781e-07
31 124 1.84185e-06
32 124 9.89749e-22
33 124 5.54565e-21
34 124 1.07539e-20
35 124 3.53594e-21
36 124 1.23642e-21
37 124 4.05719e-21
38 124 2.15993e-20
39 124 9.07648e-21
40 124 4.97217e-22
41 124 1.05818e-21
42 124 9.23375e-23
43 124 1.55056e-20
44 124 5.48056e-22
45 124 4.65528e-21
46 124 7.25035e-22
47 124 3.39127e-21
48 124 3.72388e-21
49 124 5.91101e-21
50 124 2.16536e-22
51 124 2.42576e-21
52 124 2.04761e-21
53 124 1.16748e-21
54 124 8.65284e-22
55 124 5.3082e-21
56 124 1.32469e-07
57 124 5.97897e-08
58 124 2.52221e-06
59 124 1.47329e-06
60 124 1.60907e-06
61 124 5.90266e-06
62 124 3.70534e-05
63 124 6.16881e-05
64 124 4.52938e-05
65 124 3.49854e-06
66 124 1.56765e-21
67 124 3.77466e-22
68 124 7.56948e-08
69 124 1.60811e-07
70 124 5.39358e-06
71 124 5.10231e-06
72 124 1.85064e-08
73 124 1.58237e-05
74 124 1.56674e-21
75 124 4.01246e-21
76 124 2.36903e-21
77 124 1.19103e-20
78 124 1.45474e-21
79 124 2.56589e-21
80 124 2.67521e-20
81 124 1.23877e-20
82 124 1.01811e-20
83 124 3.4794e-21
84 124 3.93064e-21
85 124 6.14849e-22
86 124 5.12566e-21
87 124 2.68812e-21
88 124 3.24179e-06
89 124 2.37429e-06
90 124 5.73909e-06
91 124 1.98248e-05
92 124 1.70605e-05
93 124 3.63186e-05
94 124 7.4974e-21
95 124 3.08228e-20
0 125 3.92408e-18
1 125 3.7191e-18
2 125 1.17529e-07
3 125 3.07408e-07
4 125 5.02422e-07
5 125 2.20006e-06
6 125 1.40425e-07
7 125 2.16136e-07
8 125 3.40741e-06
9 125 2.67432e-06
10 125 4.01352e-07
11 125 1.50716e-07
12 125 9.13652e-19
13 125 2.47201e-19
14 125 9.38583e-08
15 125 3.95586e-06
16 125 5.11939e-07
17 125 5.11568e-07
18 125 5.40545e-20
19 125 5.29453e-21
20 125 1.00371e-19
21 125 1.07858e-20
22 125 4.3176e-20
23 125 4.26891e-20
24 125 4.86509e-20
25 125 5.21946e-21
26 125 1.66306e-08
27 125 1.12046e-08
28 125 1.18045e-06
29 125 2.3099e-07
30 125 2.99091e-07
31 125 5.22107e-07
32 125 1.75879e-20
33 125 8.0102e-21
34 125 1.58975e-20
35 125 6.88885e-21
36 125 2.45749e-21
37 125 2.41537e-22
38 125 4.36082e-21
39 125 7.11436e-21
40 125 1.23175e-20
41 125 7.69929e-21
42 125 8.01117e-22
43 125 1.05924e-20
44 125 2.06545e-21
45 125 2.66928e-21
46 125 2.00139e-21
47 125 1.06604e-20
48 125 9.07646e-22
49 125 3.69309e-21
50 125 4.93536e-21
51 125 3.51146e-21
52 125 2.31348e-21
53 125 1.21941e-21
54 125 4.01163e-21
55 125 3.05753e-21
56 125 1.10442e-08
57 125 2.0446e-07
58 125 3.14529e-07
59 125 1.96354e-06
60 125 6.87932e-06
61 125 1.712e-06
62 125 2.81208e-05
63 125 3.18314e-05
64 125 5.07658e-05
65 125 2.86382e-05
66 125 1.28391e-21
67 125 2.25766e-22
68 125 1.21148e-07
69 125 1.43954e-07
70 125 6.92354e-06
71 125 4.71779e-06
72 125 2.4611e-06
73 125 1.07757e-05
74 125 1.79602e-21
75 125 1.1117e-21
76 125 8.54191e-21
77 125 3.30401e-21
78 125 4.72795e-21
79 125 7.85609e-21
80 125 1.19144e-20
81 125 2.78224e-22
82 125 7.14433e-21
83 125 5.19937e-21
84 125 3.62423e-22
85 125 6.83601e-22
86 125 2.25051e-21
87 125 2.098e-22
88 125 3.51294e-06
89 125 2.78219e-06
90 125 2.96529e-06
91 125 5.07065e-05
92 125 3.16791e-06
93 125 1.77276e-05
94 125 1.77733e-21
95 125 4.91894e-20
0 126 1.34698e-06
1 126 3.40677e-07
2 126 3.82739e-07
3 126 4.6928e-07
4 126 2.48663e-07
5 126 2.16774e-07
6 126 4.74635e-07
7 126 1.25866e-06
8 126 3.83978e-07
9 126 4.06747e-07
10 126 8.04474e-07
11 126 5.16218e-07
12 126 4.68644e-07
13 126 3.40502e-07
14 126 1.13773e-06
15 126 2.35177e-07
16 126 2.8514e-07
17 126 1.83605e-06
18 126 4.48075e-20
19 126 3.10463e-20
20 126 4.09468e-19
21 126 1.16873e-20
22 126 3.71672e-20
23 126 5.4582e-20
24 126 8.58939e-10
25 126 2.68364e-08
26 126 4.98181e-13
27 126 1.38855e-13
28 126 1.39777e-07
29 126 1.52612e-08
30 126 9.33888e-09
31 126 1.61561e-07
32 126 3.72237e-21
33 126 1.14043e-20
34 126 3.7462e-21
35 126 9.61161e-22
36 126 8.433e-21
37 126 3.34401e-21
38 126 1.04446e-22
39 126 1.43477e-20
40 126 1.41206e-20
41 126 1.72958e-20
42 126 9.92753e-23
43 126 1.08313e-21
44 126 2.79441e-23
45 126 3.14023e-21
46 126 2.98992e-21
47 126 1.56066e-21
48 126 4.55384e-21
49 126 1.26317e-21
50 126 4.97672e-21
51 126 1.77981e-21
52 126 1.24446e-21
53 126 1.68019e-22
54 126 6.27233e-22
55 126 7.85415e-21
56 126 8.68922e-07
57 126 2.67953e-06
58 126 5.72766e-10
59 126 5.51358e-09
60 126 3.55463e-09
61 126 6.28878e-10
62 126 1.06014e-05
63 126 2.76515e-05
64 126 1.38646e-05
65 126 1.09908e-05
66 126 4.13496e-05
67 126 1.86625e-07
68 126 1.2754e-06
69 126 5.31184e-06
70 126 2.24942e-06
71 126 2.36063e-07
72 126 1.53106e-06
73 126 6.5373e-07
74 126 1.34572e-07
75 126 1.23416e-07
76 126 1.28343e-22
77 126 1.23339e-21
78 126 2.98819e-21
79 126 1.01776e-20
80 126 3.9229e-21
81 126 2.3667e-21
82 126 1.37313e-21
83 126 2.75236e-21
84 126 7.10064e-21
85 126 5.29976e-22
86 126 2.45271e-21
87 126 3.05167e-21
88 126 3.6553e-06
89 126 8.37693e-06
90 126 4.73666e-06
91 126 3.81054e-06
92 126 2.14306e-06
93 126 1.13562e-06
94 126 5.81421e-21
95 126 8.88568e-22
0 127 3.83977e-07
1 127 1.3365e-06
2 127 3.59845e-07
3 127 8.74512e-07
4 127 2.93803e-07
5 127 3.56953e-08
6 127 8.5581e-08
7 127 1.83368e-06
8 127 1.56218e-06
9 127 4.86973e-08
10 127 2.08682e-08
11 127 5.01773e-07
12 127 2.8179e-07
13 127 5.4309e-07
14 127 4.57692e-07
15 127 1.83614e-07
16 127 1.31055e-06
17 127 2.36269e-06
18 127 4.90015e-20
19 127 3.91445e-21
20 127 5.77385e-20
21 127 1.08962e-19
22 127 6.12445e-20
23 127 6.08816e-20
24 127 2.63361e-08
25 127 1.89776e-09
26 127 7.3672e-14
27 127 8.48418e-13
28 127 2.18466e-07
29 127 1.51593e-08
30 127 7.43982e-09
31 127 1.7192e-07
32 127 1.2635e-20
33 127 1.56451e-20
34 127 4.24371e-21
35 127 6.21697e-21
36 127 4.55716e-21
37 127 3.90296e-21
38 127 1.10268e-20
39 127 8.79948e-21
40 127 1.08355e-20
41 127 1.26853e-20
42 127 3.88663e-21
43 127 7.6394e-21
44 127 2.26724e-22
45 127 1.08832e-21
46 127 1.90707e-21
47 127 1.54045e-21
48 127 2.34642e-21
49 127 1.24566e-21
50 127 2.93171e-21
51 127 1.02269e-21
52 127 4.59425e-21
53 127 1.91135e-22
54 127 1.42956e-21
55 127 1.58818e-21
56 127 3.50901e-06
57 127 1.63179e-06
58 127 4.13314e-09
59 127 5.30796e-09
60 127 3.33555e-09
61 127 4.82049e-11
62 127 7.42191e-06
63 127 4.82508e-06
64 127 1.06992e-06
65 127 5.27872e-05
66 127 7.53111e-07
67 127 4.15907e-05
68 127 7.20834e-06
69 127 2.33488e-06
70 127 7.80504e-07
71 127 3.20887e-06
72 127 7.57758e-08
73 127 6.16903e-07
74 127 1.14625e-07
75 127 1.48379e-07
76 127 3.01641e-21
77 127 7.53924e-22
78 127 4.12868e-21
79 127 9.81867e-22
80 127 9.4804e-22
81 127 1.15043e-21
82 127 1.52959e-21
83 127 4.52107e-22
84 127 9.64623e-21
85 127 8.72072e-22
86 127 3.07851e-21
87 127 3.94554e-21
88 127 8.29085e-06
89 127 9.14078e-06
90 127 1.44484e-06
91 127 5.327e-07
92 127 5.46187e-06
93 127 2.73629e-06
94 127 7.88714e-21
95 127 3.32385e-21
0 128 4.18107e-07
1 128 6.53291e-07
2 128 2.39366e-06
3 128 5.08888e-07
4 128 7.07555e-08
5 128 1.38746e-06
6 128 8.79716e-07
7 128 8.94088e-07
8 128 2.50261e-07
9 128 2.34785e-07
10 128 1.13468e-06
11 128 1.52147e-08
12 128 8.55576e-08
13 128 4.28123e-07
14 128 2.73525e-07
15 128 5.93442e-07
16 128 3.99167e-06
17 128 1.09291e-06
18 128 4.93283e-20
19 128 5.31434e-21
20 128 8.12314e-20
21 128 4.93937e-20
22 128 5.1705e-20
23 128 7.56182e-21
24 128 1.39362e-08
25 128 3.64595e-09
26 128 1.08792e-12
27 128 1.08088e-12
28 128 8.72942e-08
29 128 1.85558e-07
30 128 7.8093e-08
31 128 3.33373e-07
32 128 8.17506e-21
33 128 2.41332e-21
34 128 8.19139e-22
35 128 2.2929e-20
36 128 6.17623e-22
37 128 3.80218e-21
38 128 6.81155e-21
39 128 8.03886e-22
40 128 1.02872e-20
41 128 2.11036e-21
42 128 3.72112e-21
43 128 1.02199e-20
44 128 7.3372e-21
45 128 3.08868e-21
46 128 1.24681e-21
47 128 3.23483e-21
48 128 4.26179e-21
49 128 4.75328e-23
50 128 2.94722e-23
51 128 2.19294e-21
52 128 3.23164e-21
53 128 2.08461e-21
54 128 2.48031e-22
55 128 3.48747e-21
56 128 1.10093e-05
57 128 1.07916e-06
58 128 1.50046e-09
59 128 1.03587e-09
60 128 1.73675e-09
61 128 1.40497e-08
62 128 3.81834e-05
63 128 5.30432e-06
64 128 1.16394e-05
65 128 1.8102e-06
66 128 2.97927e-06
67 128 2.33897e-05
68 128 1.23301e-05
69 128 1.01105e-05
70 128 5.63951e-07
71 128 4.61409e-07
72 128 9.82072e-07
73 128 4.5085e-06
74 128 4.39454e-08
75 128 1.19836e-07
76 128 4.78719e-21
77 128 5.18663e-21
78 128 5.54297e-21
79 128 1.18391e-21
80 128 1.2807e-20
81 128 1.79484e-21
82 128 4.12221e-21
83 128 1.41172e-21
84 128 3.37226e-21
85 128 5.88514e-21
86 128 4.56769e-22
87 128 3.46119e-21
88 128 2.28142e-05
89 128 1.81757e-05
90 128 2.37138e-06
91 128 5.57699e-07
92 128 1.26117e-06
93 128 5.5088e-08
94 128 7.13118e-21
95 128 1.16873e-20
0 129 7.8062e-07
1 129 5.842e-07
2 129 9.4494e-08
3 129 2.10823e-06
4 129 1.64357e-08
5 129 1.393e-06
6 129 3.00765e-07
7 129 1.1595e-06
8 129 4.49992e-09
9 129 7.01253e-07
10 129 2.79564e-07
11 129 9.4815e-07
12 129 3.58398e-07
13 129 2.95967e-07
14 129 1.68728e-06
15 129 3.87912e-06
16 129 1.58255e-07
17 129 8.53452e-08
18 129 3.98941e-20
19 129 2.39264e-20
20 129 2.70571e-19
21 129 1.42899e-20
22 129 3.05127e-20
23 129 1.79849e-19
24 129 4.1027e-09
25 129 1.82948e-08
26 129 4.14874e-13
27 129 1.23073e-12
28 129 2.02561e-07
29 129 9.41858e-08
30 129 2.55602e-07
31 129 7.09115e-08
32 129 6.05785e-20
33 129 3.97197e-20
34 129 1.80753e-20
35 129 2.70332e-22
36 129 3.61122e-21
37 129 2.31615e-21
38 129 1.04803e-20
39 129 6.20708e-21
40 129 1.58269e-20
41 129 1.38489e-21
42 129 6.41952e-21
43 129 1.57108e-20
44 129 1.54171e-20
45 129 2.38029e-21
46 129 6.50553e-21
47 129 5.27221e-21
48 129 7.24451e-21
49 129 1.61535e-21
50 129 5.46247e-22
51 129 5.05009e-21
52 129 2.19227e-21
53 129 5.82215e-21
54 129 1.11427e-21
55 129 2.26973e-21
56 129 1.80568e-06
57 129 7.36812e-06
58 129 6.62728e-09
59 129 5.3366e-09
60 129 2.70876e-09
61 129 3.00951e-09
62 129 3.14863e-06
63 129 2.89246e-05
64 129 2.97515e-05
65 129 2.8768e-06
66 129 2.77041e-05
67 129 5.88664e-06
68 129 9.97734e-06
69 129 7.05261e-06
70 129 8.96864e-07
71 129 3.47597e-06
72 129 1.23469e-07
73 129 1.30728e-06
74 129 1.30119e-07
75 129 7.85179e-08
76 129 3.75323e-21
77 129 6.62949e-22
78 129 7.62937e-21
79 129 3.23409e-22
80 129 5.46746e-21
81 129 5.46978e-21
82 129 2.49655e-21
83 129 2.62936e-21
84 129 3.27796e-21
85 129 1.55458e-21
86 129 6.07595e-21
87 129 1.40398e-21
88 129 1.26131e-05
89 129 1.84937e-05
90 129 7.13313e-07
91 129 1.09191e-06
92 129 1.95297e-06
93 129 2.47924e-06
94 129 1.66626e-21
95 129 2.73308e-23
0 130 2.64595e-19
1 130 1.86708e-18
2 130 9.50269e-08
3 130 3.1797e-07
4 130 2.99719e-07
5 130 5.32447e-07
6 130 9.25351e-08
7 130 2.94146e-07
8 130 5.34268e-07
9 130 2.89834e-07
10 130 6.66776e-08
11 130 3.22152e-07
12 130 1.04621e-18
13 130 3.09955e-19
14 130 5.81736e-09
15 130 2.0282e-07
16 130 2.57839e-08
17 130 5.94807e-08
18 130 2.31371e-21
19 130 1.99938e-20
20 130 8.52302e-20
21 130 2.89891e-20
22 130 6.20804e-22
23 130 1.92644e-21
24 130 1.26172e-20
25 130 6.65493e-21
26 130 1.72042e-09
27 130 2.90197e-09
28 130 1.5488e-07
29 130 2.48308e-08
30 130 9.22184e-08
31 130 1.72439e-07
32 130 1.09835e-21
33 130 2.38508e-21
34 130 1.3086e-20
35 130 9.09939e-21
36 130 7.1857e-21
37 130 7.52465e-21
38 130 1.55035e-20
39 130 2.78201e-21
40 130 1.18131e-21
41 130 1.40302e-21
42 130 8.87259e-21
43 130 4.64951e-21
44 130 4.50788e-21
45 130 4.88279e-21
46 130 7.48304e-21
47 130 4.06551e-21
48 130 9.16704e-23
49 130 1.1377e-21
50 130 1.2035e-22
51 130 3.06969e-21
52 130 2.34944e-21
53 130 7.1924e-23
54 130 1.84757e-21
55 130 8.99084e-22
56 130 1.75616e-09
57 130 4.99387e-08
58 130 1.0973e-05
59 130 1.2069e-05
60 130 5.59765e-05
61 130 8.11901e-06
62 130 6.269e-09
63 130 1.87961e-08
64 130 5.19576e-08
65 130 1.88087e-08
66 130 3.19332e-21
67 130 3.57223e-21
68 130 2.12541e-08
69 130 5.51669e-09
70 130 2.27657e-07
71 130 1.85758e-07
72 130 4.42244e-08
73 130 1.19339e-07
74 130 1.59973e-21
75 130 3.33234e-21
76 130 3.24657e-22
77 130 2.79444e-21
78 130 3.07103e-21
79 130 2.86497e-21
80 130 2.48638e-20
81 130 2.20412e-21
82 130 2.1566e-21
83 130 1.04955e-20
84 130 1.77188e-21
85 130 9.10215e-22
86 130 2.63614e-21
87 130 3.1064e-21
88 130 1.76472e-05
89 130 2.40928e-06
90 130 7.96865e-07
91 130 3.1969e-05
92 130 2.9098e-06
93 130 2.72629e-05
94 130 3.95921e-21
95 130 2.84503e-20
0 131 1.31923e-18
1 131 9.45427e-20
2 131 4.78218e-07
3 131 6.1763e-08
4 131 1.71903e-08
5 131 6.70259e-07
6 131 1.25487e-08
7 131 3.66583e-07
8 131 1.37658e-07
9 131 1.7834e-07
10 131 6.17851e-08
11 131 6.8362e-07
12 131 2.32194e-18
13 131 1.06209e-18
14 131 1.40474e-08
15 131 8.5534e-08
16 131 9.67933e-09
17 131 1.47925e-07
18 131 7.21388e-20
19 131 6.58006e-20
20 131 2.12865e-19
21 131 1.01766e-20
22 131 4.71299e-20
23 131 9.57483e-21
24 131 1.99458e-21
25 131 9.35683e-21
26 131 6.04329e-09
27 131 2.97752e-13
28 131 6.64175e-08
29 131 3.58427e-08
30 131 3.04914e-08
31 131 2.56103e-07
32 131 6.48689e-21
33 131 2.49948e-21
34 131 8.14399e-21
35 131 8.38722e-21
36 131 1.59736e-21
37 131 1.73382e-21
38 131 3.94008e-21
39 131 3.3441e-21
40 131 1.72863e-21
41 131 2.92067e-21
42 131 4.44022e-23
43 131 6.22618e-21
44 131 2.25089e-20
45 131 4.15125e-21
46 131 1.04063e-21
47 131 7.71726e-22
48 131 3.83425e-21
49 131 5.98465e-21
50 131 8.1011e-21
51 131 1.05789e-21
52 131 4.81297e-23
53 131 1.02221e-21
54 131 1.24358e-21
55 131 2.50439e-22
56 131 4.02261e-08
57 131 2.73633e-08
58 131 9.74026e-06
59 131 1.30259e-05
60 131 6.0039e-06
61 131 4.74816e-05
62 131 3.45523e-08
63 131 3.9779e-08
64 131 8.20839e-09
65 131 1.31983e-09
66 131 9.15995e-21
67 131 6.15398e-22
68 131 2.98701e-09
69 131 3.2015e-08
70 131 3.25261e-08
71 131 2.16788e-08
72 131 8.1542e-09
73 131 4.4254e-07
74 131 8.94744e-22
75 131 5.93199e-22
76 131 9.62834e-22
77 131 3.2222e-21
78 131 2.43549e-21
79 131 1.5823e-21
80 131 1.03056e-21
81 131 1.1502e-20
82 131 1.01849e-21
83 131 2.07545e-21
84 131 1.98733e-21
85 131 1.00795e-21
86 131 8.62558e-22
87 131 3.64013e-21
88 131 8.59755e-06
89 131 1.76257e-05
90 131 5.89482e-06
91 131 2.22536e-05
92 131 1.26413e-05
93 131 1.42863e-05
94 131 4.00391e-22
95 131 4.12792e-21
0 132 5.77993e-08
1 132 2.82355e-07
2 132 2.46048e-07
3 132 1.46438e-06
4 132 5.78501e-09
5 132 6.94302e-08
6 132 3.52783e-08
7 132 1.65763e-07
8 132 5.48375e-07
9 132 1.11899e-06
10 132 4.99399e-07
11 132 1.50775e-06
12 132 6.18361e-07
13 132 1.28055e-07
14 132 8.20297e-09
15 132 2.77724e-08
16 132 5.93912e-08
17 132 6.66492e-08
18 132 2.69053e-20
19 132 5.69247e-21
20 132 1.74555e-19
21 132 8.59835e-21
22 132 4.21761e-20
23 132 9.63177e-20
24 132 1.03623e-07
25 132 8.1591e-08
26 132 1.03129e-08
27 132 2.93631e-07
28 132 5.99219e-08
29 132 2.12895e-10
30 132 5.40434e-08
31 132 7.73211e-08
32 132 1.9457e-20
33 132 7.82732e-21
34 132 3.17895e-20
35 132 4.08926e-22
36 132 1.27389e-20
37 132 5.87365e-21
38 132 9.79216e-21
39 132 1.31555e-20
40 132 1.34159e-20
41 132 3.08591e-21
42 132 1.03504e-20
43 132 5.03911e-21
44 132 2.48082e-21
45 132 3.81631e-21
46 132 4.31435e-21
47 132 1.27591e-20
48 132 5.18825e-21
49 132 1.81272e-21
50 132 6.85808e-21
51 132 6.64023e-22
52 132 5.23832e-21
53 132 6.05446e-21
54 132 1.6361e-21
55 132 9.6922e-22
56 132 2.03047e-05
57 132 4.4605e-05
58 132 1.15109e-05
59 132 7.82695e-06
60 132 8.31757e-06
61 132 1.71757e-05
62 132 2.27027e-07
63 132 7.29787e-07
64 132 1.08488e-07
65 132 3.6937e-06
66 132 1.27488e-07
67 132 1.19102e-07
68 132 5.68927e-06
69 132 8.40192e-08
70 132 2.91332e-09
71 132 1.38031e-06
72 132 4.23662e-09
73 132 7.95424e-07
74 132 6.53831e-09
75 132 4.78891e-10
76 132 1.17082e-21
77 132 2.97605e-21
78 132 9.55554e-21
79 132 8.95039e-22
80 132 2.16546e-20
81 132 1.23568e-21
82 132 1.21392e-20
83 132 5.51305e-21
84 132 1.11615e-21
85 132 5.60244e-21
86 132 6.66116e-21
87 132 1.5789e-21
88 132 4.83777e-05
89 132 9.99898e-06
90 132 1.4843e-06
91 132 2.82493e-05
92 132 8.29299e-06
93 132 1.21497e-05
94 132 6.27307e-21
95 132 1.61139e-20
0 133 2.91573e-07
1 133 2.07808e-07
2 133 7.9089e-07
3 133 6.58774e-07
4 133 2.79244e-08
5 133 8.11192e-08
6 133 2.53275e-08
7 133 6.24407e-09
8 133 2.21437e-06
9 133 2.13576e-07
10 133 1.98084e-07
11 133 2.06349e-07
12 133 2.49144e-07
13 133 8.46665e-07
14 133 3.22626e-08
15 133 4.38151e-08
16 133 2.34768e-08
17 133 4.30787e-09
18 133 1.56123e-20
19 133 1.47858e-20
20 133 2.66672e-19
21 133 2.70925e-20
22 133 8.24575e-21
23 133 4.64129e-21
24 133 1.93667e-07
25 133 7.82434e-08
26 133 1.59159e-07
27 133 9.84473e-08
28 133 8.08472e-08
29 133 5.18804e-08
30 133 9.45147e-08
31 133 2.96432e-08
32 133 3.92827e-20
33 133 6.45372e-22
34 133 1.02283e-20
35 133 2.45593e-20
36 133 9.39362e-22
37 133 9.24068e-21
38 133 1.01722e-20
39 133 1.73834e-21
40 133 4.27727e-21
41 133 7.36292e-21
42 133 4.22387e-21
43 133 5.5424e-21
44 133 4.44469e-21
45 133 7.08712e-21
46 133 1.1367e-20
47 133 5.18121e-21
48 133 3.59048e-21
49 133 1.48963e-22
50 133 9.69306e-21
51 133 4.69893e-21
52 133 1.15216e-21
53 133 3.36139e-22
54 133 2.1324e-21
55 133 6.54558e-21
56 133 4.06803e-05
57 133 1.43336e-05
58 133 1.56846e-05
59 133 8.3138e-08
60 133 1.85367e-05
61 133 3.32044e-06
62 133 1.56606e-07
63 133 4.16032e-08
64 133 1.90016e-06
65 133 6.00167e-06
66 133 7.99374e-08
67 133 2.8208e-07
68 133 6.47136e-07
69 133 4.24598e-06
70 133 1.67428e-06
71 133 1.29455e-07
72 133 2.70486e-08
73 133 3.83086e-07
74 133 1.79081e-09
75 133 8.51107e-09
76 133 4.17268e-23
77 133 6.88537e-22
78 133 3.98334e-21
79 133 9.57024e-21
80 133 1.0943e-20
81 133 4.83083e-21
82 133 8.23708e-21
83 133 2.09271e-21
84 133 2.6589e-21
85 133 1.49316e-21
86 133 2.86274e-21
87 133 8.87365e-22
88 133 1.64733e-07
89 133 4.93121e-05
90 133 3.34265e-05
91 133 8.50561e-06
92 133 1.83585e-05
93 133 2.90669e-05
94 133 6.55623e-21
95 133 4.36473e-20
0 134 3.04569e-07
1 134 1.80405e-07
2 134 7.82237e-07
3 134 1.65733e-07
4 134 1.76899e-08
5 134 1.16518e-07
6 134 1.59236e-08
7 134 1.40633e-07
8 134 7.45952e-08
9 134 2.12063e-06
10 134 7.45751e-07
11 134 3.72496e-07
12 134 8.23481e-08
13 134 9.81854e-07
14 134 1.96113e-08
15 134 5.14339e-08
16 134 1.18156e-08
17 134 1.04697e-07
18 134 2.22876e-21
19 134 2.92139e-21
20 134 1.62116e-19
21 134 2.65466e-20
22 134 2.50822e-20
23 134 1.58694e-20
24 134 1.14814e-07
25 134 1.49254e-07
26 134 1.23515e-07
27 134 4.49398e-08
28 134 6.88042e-08
29 134 7.10859e-08
30 134 3.67058e-08
31 134 1.80541e-09
32 134 3.74598e-21
33 134 6.74235e-21
34 134 4.96247e-21
35 134 5.38731e-21
36 134 7.16149e-21
37 134 4.47751e-21
38 134 4.53934e-21
39 134 1.20741e-20
40 134 3.64676e-21
41 134 4.48194e-21
42 134 9.17088e-21
43 134 4.69221e-21
44 134 3.18273e-21
45 134 5.19095e-22
46 134 1.01052e-21
47 134 1.47854e-21
48 134 7.25556e-21
49 134 8.85983e-21
50 134 2.07257e-21
51 134 2.3431e-21
52 134 1.33007e-21
53 134 5.6711e-21
54 134 2.18623e-21
55 134 3.32758e-22
56 134 3.38159e-05
57 134 2.15894e-06
58 134 1.00864e-06
59 134 5.35869e-06
60 134 1.22223e-05
61 134 2.16e-05
62 134 1.18893e-06
63 134 2.81882e-06
64 134 9.23759e-07
65 134 1.20631e-06
66 134 1.57561e-07
67 134 1.94015e-07
68 134 4.06543e-07
69 134 2.79318e-06
70 134 5.12966e-07
71 134 3.01902e-07
72 134 7.66823e-07
73 134 3.73653e-07
74 134 1.95887e-09
75 134 8.0459e-09
76 134 1.01521e-20
77 134 2.07289e-21
78 134 1.54331e-21
79 134 6.51027e-21
80 134 8.58977e-21
81 134 7.47986e-22
82 134 1.28316e-20
83 134 1.08396e-21
84 134 9.90307e-22
85 134 1.84666e-21
86 134 6.39532e-21
87 134 1.88672e-22
88 134 3.25286e-06
89 134 2.91012e-05
90 134 3.20402e-05
91 134 7.68782e-06
92 134 2.68351e-06
93 134 1.14415e-05
94 134 4.74455e-21
95 134 1.96608e-20
0 135 2.52266e-07
1 135 2.30991e-07
2 135 3.7525e-07
3 135 4.01495e-07
4 135 9.60739e-09
5 135 1.00449e-08
6 135 4.94294e-08
7 135 9.20768e-08
8 135 3.69715e-07
9 135 1.29047e-07
10 135 1.91692e-06
11 135 1.57655e-06
12 135 7.41026e-07
13 135 3.19397e-07
14 135 3.13202e-08
15 135 4.2467e-09
16 135 9.15407e-09
17 135 5.61971e-08
18 135 2.73165e-19
19 135 4.85139e-20
20 135 3.97241e-19
21 135 6.44433e-21
22 135 3.26532e-20
23 135 3.05267e-20
24 135 5.21373e-08
25 135 2.10993e-07
26 135 4.21197e-08
27 135 9.59089e-08
28 135 4.45671e-09
29 135 1.75295e-07
30 135 7.80601e-08
31 135 7.90558e-08
32 135 4.68467e-20
33 135 9.26114e-22
34 135 3.13837e-20
35 135 6.55475e-21
36 135 4.47294e-21
37 135 7.94779e-21
38 135 1.70197e-20
39 135 3.62251e-21
40 135 4.11168e-21
41 135 1.30842e-20
42 135 1.41249e-20
43 135 3.44042e-21
44 135 9.73278e-21
45 135 1.35236e-20
46 135 1.24314e-20
47 135 3.99234e-21
48 135 5.46054e-21
49 135 4.56575e-21
50 135 3.98253e-21
51 135 4.59298e-21
52 135 2.42341e-21
53 135 2.40005e-21
54 135 3.25862e-21
55 135 4.37676e-22
56 135 1.16091e-05
57 135 1.7868e-05
58 135 2.50742e-05
59 135 1.88156e-05
60 135 6.06706e-06
61 135 2.83692e-06
62 135 4.68461e-06
63 135 2.09477e-06
64 135 4.34369e-07
65 135 1.2717e-06
66 135 2.98161e-07
67 135 5.21662e-08
68 135 2.38786e-06
69 135 2.33925e-07
70 135 8.52745e-07
71 135 1.49438e-08
72 135 2.07414e-06
73 135 1.04353e-07
74 135 7.37997e-09
75 135 2.58926e-09
76 135 8.60594e-22
77 135 6.64892e-21
78 135 5.78645e-22
79 135 2.22808e-21
80 135 4.27524e-21
81 135 5.55656e-21
82 135 3.53839e-21
83 135 1.31778e-21
84 135 1.93336e-20
85 135 2.67924e-22
86 135 2.03413e-21
87 135 1.99227e-21
88 135 2.59711e-05
89 135 5.3917e-07
90 135 1.90977e-05
91 135 1.04655e-05
92 135 7.07622e-05
93 135 6.88932e-06
94 135 1.73955e-20
95 135 3.99282e-21
0 136 5.68734e-19
1 136 4.34266e-18
2 136 1.10698e-17
3 136 9.94569e-19
4 136 9.43491e-18
5 136 3.9705e-18
6 136 9.81039e-19
7 136 1.47892e-18
8 136 1.34641e-18
9 136 5.35458e-18
10 136 6.62979e-20
11 136 2.59549e-19
12 136 3.76247e-18
13 136 2.1249e-19
14 136 1.32761e-18
15 136 7.16223e-20
16 136 2.23127e-19
17 136 1.43437e-19
18 136 1.19437e-19
19 136 4.26561e-20
20 136 1.6567e-08
21 136 7.63686e-09
22 136 6.88044e-08
23 136 3.3191e-08
24 136 1.0937e-19
25 136 1.34581e-19
26 136 1.69028e-19
27 136 2.48784e-20
28 136 3.44069e-19
29 136 9.8327e-22
30 136 9.22591e-20
31 136 2.20529e-21
32 136 2.42886e-20
33 136 2.58406e-21
34 136 1.69868e-07
35 136 1.69314e-07
36 136 1.85072e-09
37 136 6.83822e-08
38 136 3.25247e-10
39 136 6.4791e-10
40 136 1.3176e-08
41 136 1.37483e-09
42 136 1.48254e-08
43 136 6.66723e-08
44 136 6.99369e-21
45 136 1.76686e-21
46 136 5.73349e-09
47 136 1.65554e-09
48 136 1.42997e-08
49 136 1.52359e-08
50 136 1.75285e-06
51 136 7.42514e-07
52 136 4.30924e-06
53 136 3.53685e-07
54 136 4.19917e-06
55 136 1.01144e-05
56 136 1.13527e-21
57 136 1.07629e-21
58 136 2.91125e-22
59 136 1.81854e-21
60 136 5.6666e-22
61 136 3.94111e-22
62 136 3.23955e-21
63 136 1.61812e-21
64 136 6.47119e-22
65 136 1.44427e-21
66 136 5.87964e-22
67 136 6.5755e-22
68 136 4.59027e-21
69 136 2.21256e-22
70 136 3.41932e-22
71 136 1.15043e-21
72 136 1.25365e-21
73 136 9.53335e-22
74 136 4.15331e-22
75 136 7.05442e-22
76 136 5.08444e-07
77 136 2.2271e-07
78 136 1.92363e-07
79 136 8.39555e-07
80 136 2.4374e-21
81 136 2.26306e-21
82 136 4.09167e-09
83 136 1.38304e-09
84 136 7.50449e-09
85 136 1.31381e-08
86 136 1.41335e-05
87 136 1.34026e-05
88 136 1.58442e-20
89 136 5.13781e-21
90 136 2.71673e-21
91 136 1.3178e-21
92 136 1.0352e-20
93 136 3.91002e-21
94 136 4.18475e-22
95 136 4.01631e-22
0 137 1.78496e-17
1 137 3.36158e-18
2 137 5.75546e-19
3 137 1.61104e-18
4 137 1.65459e-17
5 137 1.00064e-17
6 137 4.83885e-18
7 137 2.14707e-19
8 137 7.73304e-18
9 137 6.39755e-18
10 137 8.64295e-19
11 137 4.4564e-19
12 137 5.99074e-18
13 137 1.32314e-18
14 137 3.79197e-18
15 137 4.29889e-19
16 137 1.94031e-19
17 137 2.42508e-19
18 137 1.09735e-19
19 137 1.45042e-19
20 137 4.91771e-08
21 137 2.2524e-08
22 137 4.30941e-08
23 137 1.10406e-07
24 137 9.21134e-20
25 137 7.76774e-20
26 137 1.69332e-19
27 137 1.27144e-20
28 137 1.20121e-19
29 137 4.05145e-20
30 137 3.7566e-20
31 137 1.72759e-20
32 137 1.09528e-19
33 137 8.30528e-21
34 137 2.0807e-07
35 137 2.57667e-07
36 137 2.59629e-07
37 137 5.23004e-09
38 137 4.97871e-09
39 137 5.349e-10
40 137 2.68567e-09
41 137 1.95031e-08
42 137 1.8656e-08
43 137 4.09861e-09
44 137 1.45746e-20
45 137 1.09887e-20
46 137 1.77948e-08
47 137 2.95479e-08
48 137 1.49537e-09
49 137 1.70534e-08
50 137 6.73511e-08
51 137 6.29369e-07
52 137 5.55694e-06
53 137 3.49718e-06
54 137 2.23671e-05
55 137 2.44217e-06
56 137 4.62266e-21
57 137 1.2243e-21
58 137 3.2676e-22
59 137 1.88571e-21
60 137 1.46871e-21
61 137 4.40729e-21
62 137 2.11566e-21
63 137 5.43675e-21
64 137 6.29033e-22
65 137 9.51051e-22
66 137 1.59308e-22
67 137 6.76201e-22
68 137 2.34891e-22
69 137 1.27587e-21
70 137 7.16629e-22
71 137 3.54054e-21
72 137 8.71855e-22
73 137 1.78158e-21
74 137 7.22616e-22
75 137 2.69302e-22
76 137 4.02024e-07
77 137 4.82677e-07
78 137 1.44634e-06
79 137 8.15139e-07
80 137 5.55447e-21
81 137 7.98145e-22
82 137 1.70824e-08
83 137 6.10439e-09
84 137 1.79505e-08
85 137 5.46857e-09
86 137 1.65659e-06
87 137 6.03163e-06
88 137 2.50572e-20
89 137 9.02375e-21
90 137 1.18166e-20
91 137 1.84013e-21
92 137 1.05375e-20
93 137 7.71398e-21
94 137 4.9196e-21
95 137 3.2194e-21
0 138 1.04021e-17
1 138 7.5172e-18
2 138 6.65609e-19
3 138 2.09759e-18
4 138 1.33162e-17
5 138 1.29734e-18
6 138 4.07124e-18
7 138 7.65134e-20
8 138 2.22425e-18
9 138 7.67031e-19
10 138 2.50466e-18
11 138 1.52903e-18
12 138 4.66626e-18
13 138 1.49536e-18
14 138 1.95447e-19
15 138 1.58734e-18
16 138 5.35468e-19
17 138 9.53807e-20
18 138 3.67446e-08
19 138 2.83423e-08
20 138 9.70062e-09
21 138 1.2607e-08
22 138 4.52513e-08
23 138 1.30488e-08
24 138 1.00691e-19
25 138 9.22183e-20
26 138 7.67166e-20
27 138 3.04612e-20
28 138 8.58257e-20
29 138 1.09666e-19
30 138 5.6566e-20
31 138 7.04387e-20
32 138 6.96054e-07
33 138 9.53381e-08
34 138 8.00347e-08
35 138 3.08967e-08
36 138 2.43182e-07
37 138 2.09609e-07
38 138 1.53646e-06
39 138 8.23791e-07
40 138 1.30975e-08
41 138 1.94034e-07
42 138 7.65191e-08
43 138 8.72503e-09
44 138 1.58204e-07
45 138 5.41007e-07
46 138 1.21428e-06
47 138 3.34615e-07
48 138 2.31324e-07
49 138 2.38903e-07
50 138 6.36543e-07
51 138 1.00992e-05
52 138 3.90659e-07
53 138 1.62713e-05
54 138 3.73112e-06
55 138 1.09636e-06
56 138 7.21482e-21
57 138 4.8186e-21
58 138 8.38242e-22
59 138 2.68919e-21
60 138 6.10457e-21
61 138 2.91271e-22
62 138 1.2584e-21
63 138 7.5509e-22
64 138 1.89053e-21
65 138 2.14607e-22
66 138 9.91955e-22
67 138 1.65609e-21
68 138 6.4965e-22
69 138 4.96005e-22
70 138 1.5022e-21
71 138 4.57521e-21
72 138 1.13495e-21
73 138 1.10265e-21
74 138 1.74421e-21
75 138 3.67532e-21
76 138 7.78749e-08
77 138 1.19372e-06
78 138 1.42319e-07
79 138 2.16766e-07
80 138 9.78464e-07
81 138 4.06178e-08
82 138 4.61354e-08
83 138 6.36071e-06
84 138 2.97643e-06
85 138 9.15905e-07
86 138 2.64013e-09
87 138 2.92102e-08
88 138 9.59952e-21
89 138 6.82308e-21
90 138 1.77957e-23
91 138 6.94555e-21
92 138 6.13933e-21
93 138 5.2517e-21
94 138 1.74124e-09
95 138 3.96045e-07
0 139 1.65342e-17
1 139 2.81639e-19
2 139 2.68072e-18
3 139 1.29064e-18
4 139 2.28597e-18
5 139 1.03349e-18
6 139 9.53358e-19
7 139 7.16149e-19
8 139 1.37641e-18
9 139 3.6714e-18
10 139 1.17797e-18
11 139 1.31777e-18
12 139 6.0485e-19
13 139 1.08512e-18
14 139 1.37976e-18
15 139 1.22669e-20
16 139 7.07627e-20
17 139 1.12604e-19
18 139 8.55559e-09
19 139 1.56541e-08
20 139 5.62455e-08
21 139 1.01605e-08
22 139 1.24981e-08
23 139 4.57212e-10
24 139 4.61297e-20
25 139 4.8976e-20
26 139 5.64366e-20
27 139 5.84058e-20
28 139 1.35344e-19
29 139 1.14796e-19
30 139 1.90707e-22
31 139 3.34288e-20
32 139 1.71837e-07
33 139 1.22531e-07
34 139 3.17241e-08
35 139 1.2719e-08
36 139 8.66183e-08
37 139 5.04054e-08
38 139 4.37736e-07
39 139 5.48702e-08
40 139 7.83496e-08
41 139 3.68606e-07
42 139 4.08665e-08
43 139 8.22971e-08
44 139 1.49775e-07
45 139 1.10305e-07
46 139 1.6258e-06
47 139 1.95379e-06
48 139 1.00821e-07
49 139 6.58706e-07
50 139 6.65748e-06
51 139 8.85394e-06
52 139 1.1269e-06
53 139 4.28696e-06
54 139 8.93711e-07
55 139 4.53546e-07
56 139 9.18753e-22
57 139 2.25951e-21
58 139 1.50383e-21
59 139 4.60025e-22
60 139 1.36403e-21
61 139 1.2166e-21
62 139 2.832e-23
63 139 2.02928e-22
64 139 1.53391e-21
65 139 7.17248e-21
66 139 3.15608e-22
67 139 3.39327e-21
68 139 5.57654e-21
69 139 1.31924e-21
70 139 2.92979e-21
71 139 2.44514e-21
72 139 1.41721e-21
73 139 3.41875e-22
74 139 2.13262e-23
75 139 7.35795e-23
76 139 1.08262e-08
77 139 5.21343e-08
78 139 1.2652e-06
79 139 3.13358e-07
80 139 3.68709e-07
81 139 1.03509e-08
82 139 6.55316e-07
83 139 1.281e-06
84 139 8.19855e-07
85 139 4.92059e-07
86 139 1.97357e-08
87 139 2.62828e-08
88 139 1.23456e-21
89 139 4.03842e-21
90 139 3.72298e-21
91 139 4.1189e-22
92 139 9.56737e-21
93 139 2.38811e-21
94 139 1.56428e-08
95 139 1.32319e-07
0 140 1.6751e-18
1 140 1.21488e-17
2 140 1.41003e-18
3 140 1.93028e-18
4 140 3.15963e-18
5 140 5.48734e-18
6 140 1.28297e-18
7 140 1.14725e-18
8 140 1.76213e-18
9 140 5.11584e-19
10 140 7.15377e-20
11 140 2.5244e-19
12 140 1.55482e-18
13 140 7.84351e-19
14 140 7.67032e-19
15 140 2.04718e-19
16 140 2.25976e-19
17 140 1.23376e-19
18 140 4.93229e-08
19 140 3.54273e-09
20 140 1.84865e-08
21 140 6.16767e-08
22 140 5.56447e-10
23 140 1.48195e-08
24 140 5.00116e-20
25 140 1.03695e-19
26 140 6.34985e-20
27 140 1.94085e-20
28 140 8.96588e-20
29 140 6.57311e-21
30 140 4.59091e-20
31 140 5.04471e-20
32 140 2.45176e-07
33 140 3.9762e-07
34 140 1.86673e-07
35 140 2.28086e-08
36 140 6.51177e-08
37 140 2.88043e-07
38 140 2.92061e-07
39 140 1.30402e-06
40 140 6.88339e-07
41 140 2.09246e-07
42 140 5.54303e-08
43 140 4.514e-08
44 140 2.64967e-07
45 140 3.02956e-07
46 140 5.76677e-07
47 140 7.52482e-09
48 140 7.63919e-07
49 140 4.68893e-07
50 140 1.00648e-05
51 140 2.60123e-06
52 140 3.40346e-06
53 140 1.27254e-06
54 140 6.35085e-07
55 140 1.65895e-05
56 140 3.36841e-22
57 140 4.96018e-22
58 140 2.5517e-21
59 140 5.32368e-21
60 140 2.46985e-21
61 140 1.40676e-21
62 140 3.13305e-22
63 140 4.36528e-23
64 140 1.50949e-21
65 140 1.16421e-21
66 140 1.06262e-20
67 140 1.44702e-21
68 140 4.45766e-22
69 140 2.03554e-23
70 140 2.16479e-22
71 140 9.52103e-22
72 140 3.61706e-22
73 140 2.96839e-21
74 140 1.17593e-22
75 140 1.57714e-21
76 140 9.37859e-07
77 140 8.45598e-07
78 140 7.44157e-08
79 140 7.88559e-08
80 140 3.70177e-07
81 140 4.57556e-07
82 140 1.35106e-06
83 140 3.09638e-06
84 140 9.52396e-07
85 140 5.12872e-06
86 140 3.20943e-08
87 140 5.4825e-09
88 140 1.40071e-21
89 140 1.92487e-21
90 140 8.25895e-21
91 140 2.17605e-21
92 140 1.55191e-21
93 140 8.42537e-22
94 140 1.59608e-07
95 140 1.63488e-07
0 141 1.75453e-17
1 141 2.62831e-18
2 141 3.12718e-19
3 141 1.42816e-18
4 141 4.35602e-18
5 141 3.02422e-18
6 141 5.66134e-18
7 141 1.06226e-18
8 141 1.66492e-18
9 141 5.77917e-18
10 141 1.94755e-18
11 141 1.46917e-19
12 141 3.22017e-19
13 141 1.55476e-18
14 141 9.61275e-20
15 141 8.16591e-19
16 141 2.08673e-19
17 141 7.05202e-20
18 141 2.16252e-08
19 141 2.41196e-08
20 141 5.86751e-09
21 141 5.45994e-09
22 141 1.70599e-08
23 141 7.36228e-08
24 141 1.16519e-19
25 141 1.39988e-20
26 141 7.12477e-20
27 141 4.2337e-20
28 141 6.55866e-20
29 141 2.24783e-20
30 141 1.27489e-20
31 141 4.07883e-20
32 141 1.52941e-07
33 141 4.03271e-07
34 141 6.66376e-09
35 141 4.35094e-08
36 141 2.40934e-07
37 141 3.54906e-08
38 141 9.3263e-07
39 141 1.30959e-07
40 141 6.93658e-09
41 141 3.82364e-07
42 141 5.81344e-08
43 141 2.47129e-08
44 141 2.984e-07
45 141 1.93025e-07
46 141 1.39938e-07
47 141 3.52951e-07
48 141 2.93837e-07
49 141 2.33605e-06
50 141 5.58212e-06
51 141 4.8518e-06
52 141 2.73128e-06
53 141 2.93966e-06
54 141 4.90775e-06
55 141 2.45686e-06
56 141 1.09528e-22
57 141 5.26831e-21
58 141 3.82421e-21
59 141 1.51416e-21
60 141 4.45361e-21
61 141 3.632e-21
62 141 1.69358e-21
63 141 4.49964e-21
64 141 7.65226e-23
65 141 5.41378e-22
66 141 4.17134e-22
67 141 3.49968e-21
68 141 5.16068e-22
69 141 4.3195e-21
70 141 3.95839e-23
71 141 3.25191e-22
72 141 1.89112e-21
73 141 2.85826e-21
74 141 2.9546e-21
75 141 5.22148e-22
76 141 8.80361e-07
77 141 2.18898e-07
78 141 4.03139e-07
79 141 5.89258e-07
80 141 3.91577e-09
81 141 7.12323e-07
82 141 2.60313e-06
83 141 2.42429e-07
84 141 1.21667e-06
85 141 2.23874e-06
86 141 2.25166e-08
87 141 8.4382e-09
88 141 3.41219e-21
89 141 1.98295e-21
90 141 2.46973e-21
91 141 2.89358e-21
92 141 4.36983e-21
93 141 3.36945e-21
94 141 2.7392e-07
95 141 5.6555e-09
0 142 3.51609e-19
1 142 4.69439e-18
2 142 1.91434e-18
3 142 2.00938e-18
4 142 2.58502e-18
5 142 1.98674e-18
6 142 2.7551e-18
7 142 1.35547e-19
8 142 2.51235e-18
9 142 1.12603e-18
10 142 7.30701e-19
11 142 2.41714e-19
12 142 2.83609e-18
13 142 1.61767e-19
14 142 1.21126e-18
15 142 3.43975e-19
16 142 1.52946e-20
17 142 1.00403e-19
18 142 5.16103e-09
19 142 2.17923e-08
20 142 9.60132e-08
21 142 4.34134e-07
22 142 4.97901e-08
23 142 8.57175e-09
24 142 1.11525e-19
25 142 9.15699e-20
26 142 1.06657e-20
27 142 2.04777e-21
28 142 2.53591e-19
29 142 1.56979e-20
30 142 1.63976e-21
31 142 2.1125e-21
32 142 8.71979e-08
33 142 1.38881e-06
34 142 4.52278e-08
35 142 1.98007e-08
36 142 1.92822e-08
37 142 1.01925e-07
38 142 9.67427e-08
39 142 1.48394e-07
40 142 1.30069e-08
41 142 1.08947e-07
42 142 3.22594e-21
43 142 1.26529e-22
44 142 1.66606e-05
45 142 7.542e-07
46 142 1.04005e-07
47 142 9.49864e-07
48 142 3.01428e-06
49 142 1.70677e-06
50 142 1.89866e-21
51 142 1.81841e-21
52 142 8.7484e-08
53 142 1.8174e-08
54 142 4.16005e-08
55 142 7.14467e-08
56 142 8.94246e-22
57 142 8.53027e-22
58 142 3.59788e-21
59 142 1.73164e-22
60 142 1.79787e-20
61 142 1.76325e-21
62 142 7.13402e-21
63 142 3.30154e-21
64 142 2.24056e-21
65 142 4.43011e-21
66 142 2.40703e-21
67 142 1.10386e-21
68 142 3.90399e-21
69 142 1.12278e-21
70 142 5.69157e-22
71 142 5.36869e-22
72 142 1.46852e-21
73 142 4.11132e-21
74 142 1.72918e-22
75 142 2.10317e-21
76 142 1.34672e-06
77 142 5.91144e-07
78 142 3.29949e-07
79 142 5.65526e-07
80 142 4.62661e-07
81 142 1.38518e-06
82 142 1.68379e-06
83 142 7.79333e-07
84 142 2.51846e-06
85 142 8.39019e-07
86 142 2.47879e-21
87 142 5.57541e-21
88 142 6.70763e-22
89 142 6.84781e-21
90 142 4.72378e-21
91 142 2.79109e-21
92 142 4.07398e-21
93 142 2.76433e-21
94 142 1.31437e-06
95 142 1.83682e-07
0 143 4.3224e-18
1 143 2.54083e-18
2 143 5.40867e-18
3 143 5.81683e-19
4 143 1.30747e-19
5 143 5.23988e-18
6 143 6.24027e-20
7 143 1.49258e-18
8 143 2.84612e-18
9 143 2.63846e-19
10 143 3.16263e-18
11 143 3.06849e-19
12 143 2.05876e-18
13 143 2.02273e-18
14 143 1.85149e-19
15 143 2.9811e-20
16 143 5.75913e-19
17 143 1.41058e-19
18 143 7.30803e-09
19 143 1.32029e-08
20 143 9.0689e-08
21 143 2.35723e-07
22 143 1.63872e-07
23 143 1.83921e-07
24 143 1.93156e-21
25 143 5.42249e-20
26 143 2.38843e-19
27 143 1.54653e-20
28 143 3.01746e-21
29 143 1.12037e-19
30 143 6.21366e-20
31 143 1.91729e-20
32 143 9.31129e-07
33 143 1.92075e-07
34 143 4.7167e-10
35 143 4.55526e-08
36 143 9.01755e-08
37 143 7.71551e-08
38 143 6.373e-08
39 143 2.97792e-07
40 143 4.09967e-08
41 143 1.8027e-08
42 143 5.11681e-21
43 143 3.05279e-23
44 143 2.86511e-06
45 143 1.03872e-05
46 143 1.57619e-06
47 143 2.49852e-06
48 143 2.51403e-06
49 143 2.71007e-08
50 143 1.11345e-20
51 143 8.49995e-22
52 143 4.39082e-08
53 143 1.08334e-07
54 143 3.04948e-08
55 143 6.78152e-08
56 143 1.08111e-21
57 143 8.4203e-23
58 143 3.00386e-21
59 143 9.35474e-22
60 143 4.18059e-21
61 143 1.40899e-20
62 143 1.29769e-21
63 143 1.04694e-21
64 143 4.798e-23
65 143 1.51868e-22
66 143 2.87718e-22
67 143 4.52704e-22
68 143 1.823e-21
69 143 2.70676e-21
70 143 1.68163e-21
71 143 3.89858e-22
72 143 3.08498e-21
73 143 9.09112e-22
74 143 8.87896e-23
75 143 3.62034e-21
76 143 2.37897e-07
77 143 2.19116e-06
78 143 4.97571e-07
79 143 3.19284e-07
80 143 6.10875e-07
81 143 7.9529e-07
82 143 1.24748e-06
83 143 3.32664e-06
84 143 1.05691e-06
85 143 1.03715e-06
86 143 7.00054e-21
87 143 3.07648e-22
88 143 4.66404e-21
89 143 5.39539e-21
90 143 2.19061e-21
91 143 3.44782e-21
92 143 8.53699e-23
93 143 2.74454e-21
94 143 5.71103e-07
95 143 5.68879e-07
