0 96 5.79808e-18
1 96 4.31376e-18
2 96 3.8019e-06
3 96 2.02623e-06
4 96 3.08847e-07
5 96 1.11726e-06
6 96 4.39641e-07
7 96 5.96745e-06
8 96 5.6757e-06
9 96 3.30152e-05
10 96 2.20797e-05
11 96 1.64653e-05
12 96 1.5768e-18
13 96 7.26057e-20
14 96 1.36484e-05
15 96 1.59179e-06
16 96 1.59763e-06
17 96 3.66404e-06
18 96 3.63732e-19
19 96 5.19752e-20
20 96 1.85225e-19
21 96 7.11014e-20
22 96 1.07006e-18
23 96 7.00058e-19
24 96 1.84139e-21
25 96 8.31273e-20
26 96 1.68398e-06
27 96 7.56581e-07
28 96 2.21136e-06
29 96 9.48577e-07
30 96 2.89633e-06
31 96 2.38599e-06
32 96 2.21982e-19
33 96 3.00032e-20
34 96 1.47105e-19
35 96 4.20469e-20
36 96 9.55978e-20
37 96 1.04364e-19
38 96 5.4735e-19
39 96 1.52813e-19
40 96 8.78912e-20
41 96 4.37108e-20
42 96 5.97013e-20
43 96 8.83366e-20
44 96 1.03368e-19
45 96 7.27118e-21
46 96 2.67634e-20
47 96 3.50967e-20
48 96 1.04183e-21
49 96 6.37518e-19
50 96 1.86284e-19
51 96 3.81019e-19
52 96 2.26701e-20
53 96 1.06144e-19
54 96 3.67867e-20
55 96 2.4568e-20
56 96 0.000272063
57 96 6.55097e-05
58 96 0.000137459
59 96 0.00110478
60 96 0.000119439
61 96 0.000130326
62 96 2.26456e-05
63 96 0.000192816
64 96 0.00159466
65 96 9.1215e-06
66 96 4.83775e-20
67 96 3.01541e-19
68 96 2.449e-05
69 96 0.000241663
70 96 4.01166e-05
71 96 0.00055537
72 96 6.79516e-05
73 96 4.13887e-06
74 96 9.77349e-21
75 96 3.00701e-20
76 96 1.98566e-18
77 96 5.09685e-19
78 96 4.02681e-19
79 96 1.16981e-19
80 96 4.59769e-20
81 96 5.34885e-21
82 96 6.80541e-21
83 96 4.07771e-19
84 96 5.16481e-19
85 96 5.29328e-19
86 96 5.93469e-19
87 96 6.22043e-21
88 96 0.000215077
89 96 0.0293962
90 96 0.121545
91 96 0.0410523
92 96 0.0130082
93 96 0.0420727
94 96 1.72435e-19
95 96 6.44866e-19
0 97 5.99253e-18
1 97 1.42785e-18
2 97 6.43088e-07
3 97 2.52174e-06
4 97 1.06006e-06
5 97 1.65631e-06
6 97 4.45431e-06
7 97 3.38557e-06
8 97 1.08357e-05
9 97 2.70779e-05
10 97 2.90484e-05
11 97 3.71235e-05
12 97 2.50328e-19
13 97 3.48924e-19
14 97 7.70493e-07
15 97 6.20082e-06
16 97 1.13674e-05
17 97 9.29015e-06
18 97 7.48874e-19
19 97 2.36874e-19
20 97 3.81692e-19
21 97 2.16748e-19
22 97 3.79044e-19
23 97 2.57208e-19
24 97 1.56011e-19
25 97 3.43888e-20
26 97 1.78088e-08
27 97 1.30748e-06
28 97 5.01774e-06
29 97 1.43628e-06
30 97 4.8954e-07
31 97 4.43347e-06
32 97 5.07191e-19
33 97 6.42858e-19
34 97 1.215e-19
35 97 5.25692e-19
36 97 4.58518e-20
37 97 1.10423e-19
38 97 9.49436e-19
39 97 5.73575e-19
40 97 3.75565e-19
41 97 4.23519e-20
42 97 1.48061e-19
43 97 2.08474e-19
44 97 4.43334e-19
45 97 6.50109e-20
46 97 6.87785e-20
47 97 1.50453e-19
48 97 9.4292e-20
49 97 4.08567e-19
50 97 4.88866e-19
51 97 6.93866e-19
52 97 2.58736e-19
53 97 6.64962e-20
54 97 2.10654e-19
55 97 7.41453e-20
56 97 9.38998e-05
57 97 8.94114e-05
58 97 0.000863749
59 97 0.000828263
60 97 0.000109198
61 97 0.000209464
62 97 0.000116738
63 97 0.00124883
64 97 7.43686e-07
65 97 0.00108535
66 97 2.4801e-19
67 97 8.73642e-20
68 97 0.000131642
69 97 1.2886e-05
70 97 0.000315686
71 97 2.74456e-05
72 97 0.000393692
73 97 0.000162823
74 97 6.60448e-20
75 97 3.34828e-20
76 97 2.49164e-19
77 97 2.55771e-19
78 97 5.31444e-19
79 97 1.84716e-19
80 97 1.4517e-19
81 97 1.4024e-18
82 97 1.78988e-18
83 97 8.5268e-19
84 97 1.08822e-18
85 97 4.91803e-19
86 97 7.71783e-19
87 97 5.00173e-19
88 97 0.0108187
89 97 0.00526107
90 97 0.045896
91 97 0.0974926
92 97 0.0490412
93 97 0.100919
94 97 3.78281e-19
95 97 2.07744e-18
0 98 5.15178e-18
1 98 1.0291e-17
2 98 1.6805e-18
3 98 1.84714e-18
4 98 1.06621e-17
5 98 2.44444e-17
6 98 5.96892e-19
7 98 1.47155e-18
8 98 9.00891e-18
9 98 4.74643e-18
10 98 3.44825e-18
11 98 1.59539e-18
12 98 3.48669e-18
13 98 3.58549e-18
14 98 1.30561e-18
15 98 1.31339e-19
16 98 8.42133e-19
17 98 5.57418e-19
18 98 2.80671e-05
19 98 6.41651e-06
20 98 8.93318e-06
21 98 2.77376e-06
22 98 8.17529e-06
23 98 3.00338e-05
24 98 4.15349e-20
25 98 1.57639e-19
26 98 5.60797e-20
27 98 4.16562e-20
28 98 8.03246e-20
29 98 4.41248e-19
30 98 4.40937e-21
31 98 1.03827e-19
32 98 1.89084e-06
33 98 7.75251e-06
34 98 6.07912e-07
35 98 3.23371e-06
36 98 1.65402e-05
37 98 1.8485e-06
38 98 0.000118114
39 98 3.22537e-05
40 98 5.6162e-05
41 98 1.58699e-05
42 98 1.70882e-19
43 98 3.87798e-20
44 98 1.22702e-07
45 98 6.62271e-08
46 98 1.05668e-08
47 98 1.22426e-08
48 98 4.60477e-09
49 98 2.95523e-08
50 98 9.34186e-20
51 98 1.03573e-19
52 98 1.02631e-05
53 98 1.21361e-05
54 98 4.7303e-06
55 98 7.46233e-06
56 98 1.0655e-20
57 98 4.65943e-20
58 98 9.59463e-20
59 98 6.26686e-20
60 98 1.47565e-19
61 98 4.44901e-21
62 98 1.61511e-20
63 98 7.89067e-20
64 98 4.70923e-19
65 98 1.71278e-20
66 98 3.2487e-19
67 98 3.8466e-19
68 98 1.3164e-19
69 98 1.06286e-20
70 98 1.81045e-19
71 98 1.35826e-19
72 98 5.65211e-19
73 98 5.83266e-20
74 98 4.53607e-20
75 98 2.6459e-20
76 98 0.000594391
77 98 0.000133286
78 98 5.87903e-05
79 98 0.000419654
80 98 3.11397e-05
81 98 6.69394e-05
82 98 0.000566351
83 98 0.000358872
84 98 0.000178749
85 98 0.00138749
86 98 5.16326e-19
87 98 6.29269e-19
88 98 1.45639e-19
89 98 4.70682e-20
90 98 1.47321e-18
91 98 5.018e-19
92 98 1.15282e-19
93 98 1.84708e-19
94 98 0.0486145
95 98 0.0237625
0 99 3.26537e-18
1 99 1.72174e-17
2 99 3.33532e-18
3 99 4.02072e-18
4 99 2.70881e-17
5 99 5.85107e-19
6 99 1.05129e-18
7 99 5.02546e-18
8 99 1.73221e-19
9 99 2.03377e-18
10 99 1.81145e-18
11 99 1.86208e-18
12 99 5.42465e-18
13 99 9.58801e-19
14 99 4.83177e-18
15 99 8.20575e-20
16 99 8.76832e-20
17 99 6.06193e-20
18 99 2.91129e-05
19 99 4.18404e-05
20 99 3.65534e-06
21 99 2.08487e-05
22 99 1.05922e-05
23 99 1.00045e-07
24 99 3.29139e-19
25 99 1.12528e-19
26 99 5.92817e-20
27 99 3.68791e-19
28 99 3.21707e-19
29 99 5.07404e-20
30 99 8.05877e-20
31 99 1.74268e-20
32 99 1.38347e-05
33 99 6.00744e-06
34 99 9.28053e-07
35 99 2.45659e-06
36 99 8.55966e-07
37 99 1.14342e-05
38 99 3.04483e-05
39 99 5.35566e-05
40 99 1.59996e-05
41 99 5.68112e-05
42 99 1.30756e-19
43 99 1.21158e-21
44 99 1.77281e-07
45 99 2.11457e-07
46 99 1.82852e-08
47 99 7.39378e-09
48 99 4.20545e-09
49 99 1.02832e-08
50 99 1.64307e-19
51 99 3.30304e-20
52 99 1.12179e-05
53 99 2.58361e-06
54 99 7.09277e-06
55 99 3.49678e-06
56 99 1.31332e-19
57 99 1.33248e-19
58 99 2.03352e-19
59 99 4.86932e-19
60 99 7.71364e-20
61 99 9.11424e-20
62 99 7.80376e-20
63 99 1.28858e-19
64 99 3.73435e-19
65 99 5.22412e-20
66 99 6.28444e-20
67 99 1.33884e-19
68 99 3.86429e-20
69 99 8.06606e-20
70 99 2.88091e-19
71 99 1.92508e-19
72 99 1.20383e-19
73 99 1.30155e-20
74 99 8.09939e-20
75 99 1.98883e-19
76 99 0.000195113
77 99 0.000444866
78 99 5.92509e-05
79 99 0.000151217
80 99 0.000201257
81 99 5.50183e-07
82 99 0.00051704
83 99 0.000280157
84 99 0.000661618
85 99 0.000297933
86 99 1.06467e-19
87 99 2.00924e-19
88 99 1.39477e-19
89 99 4.1524e-19
90 99 7.6295e-19
91 99 9.08527e-19
92 99 1.71329e-19
93 99 1.69806e-19
94 99 0.00690567
95 99 0.142017
0 100 2.72477e-18
1 100 2.00951e-17
2 100 4.07239e-18
3 100 3.83727e-18
4 100 1.75124e-17
5 100 3.2525e-17
6 100 3.01896e-19
7 100 1.43454e-18
8 100 5.31703e-18
9 100 7.23994e-18
10 100 4.68061e-18
11 100 3.45461e-19
12 100 3.36426e-18
13 100 2.60677e-18
14 100 5.48218e-18
15 100 9.62331e-19
16 100 7.91902e-19
17 100 3.48433e-19
18 100 8.20938e-06
19 100 2.04693e-05
20 100 1.50987e-05
21 100 1.80433e-05
22 100 1.97278e-05
23 100 2.84294e-06
24 100 4.2427e-19
25 100 1.36754e-20
26 100 5.38817e-20
27 100 1.53133e-20
28 100 1.64814e-19
29 100 7.02809e-20
30 100 9.22016e-21
31 100 7.66026e-20
32 100 1.50501e-06
33 100 3.82938e-06
34 100 2.55904e-06
35 100 1.83423e-05
36 100 6.08895e-06
37 100 1.26724e-06
38 100 9.99211e-05
39 100 3.59206e-05
40 100 5.29015e-05
41 100 6.14185e-05
42 100 8.53974e-05
43 100 4.95328e-05
44 100 6.95676e-07
45 100 3.37385e-07
46 100 9.60894e-06
47 100 3.43784e-07
48 100 6.42946e-06
49 100 5.34684e-06
50 100 4.0975e-05
51 100 2.11008e-05
52 100 1.81892e-06
53 100 2.67873e-05
54 100 1.01181e-05
55 100 9.8763e-06
56 100 4.76971e-20
57 100 1.03717e-19
58 100 2.38818e-19
59 100 2.01104e-21
60 100 1.90639e-21
61 100 4.59372e-19
62 100 1.78025e-19
63 100 1.46347e-19
64 100 2.0311e-20
65 100 2.31107e-20
66 100 2.33851e-19
67 100 1.54705e-19
68 100 3.09e-20
69 100 2.42221e-19
70 100 4.27353e-20
71 100 2.25326e-20
72 100 9.87855e-20
73 100 3.03934e-19
74 100 6.79579e-20
75 100 1.2401e-20
76 100 0.000535369
77 100 0.000772086
78 100 6.53575e-05
79 100 3.63179e-05
80 100 3.77284e-06
81 100 4.92093e-05
82 100 2.92068e-05
83 100 0.00189265
84 100 0.000523441
85 100 0.000889371
86 100 0.00165882
87 100 0.00032613
88 100 3.2786e-19
89 100 9.79396e-19
90 100 7.18923e-21
91 100 1.01909e-20
92 100 5.53093e-19
93 100 1.84044e-19
94 100 0.0438882
95 100 0.00198495
0 101 2.88731e-17
1 101 1.09529e-18
2 101 3.77984e-18
3 101 9.30001e-19
4 101 7.055e-18
5 101 4.97586e-18
6 101 2.50934e-18
7 101 1.78733e-18
8 101 8.25155e-18
9 101 5.45376e-19
10 101 1.67148e-18
11 101 5.85804e-19
12 101 1.07396e-18
13 101 1.05793e-18
14 101 7.3989e-19
15 101 7.43451e-19
16 101 7.75335e-20
17 101 4.19112e-19
18 101 1.94123e-06
19 101 8.93642e-06
20 101 1.26638e-05
21 101 1.88913e-05
22 101 1.91965e-05
23 101 7.49978e-06
24 101 1.28229e-19
25 101 1.90959e-19
26 101 3.86234e-19
27 101 9.31671e-20
28 101 1.51834e-19
29 101 5.8651e-20
30 101 3.84458e-20
31 101 1.14522e-19
32 101 1.09659e-07
33 101 1.91364e-06
34 101 1.2258e-05
35 101 1.15138e-06
36 101 5.63876e-06
37 101 8.51546e-06
38 101 3.44674e-05
39 101 0.000113243
40 101 6.44205e-05
41 101 2.79357e-05
42 101 4.27202e-05
43 101 2.52445e-05
44 101 3.84044e-07
45 101 7.78909e-09
46 101 1.54806e-06
47 101 1.1565e-06
48 101 2.20848e-05
49 101 1.05387e-06
50 101 6.94205e-06
51 101 2.43258e-05
52 101 4.57315e-06
53 101 3.07139e-06
54 101 8.6971e-06
55 101 3.0047e-05
56 101 9.67386e-20
57 101 9.76782e-20
58 101 8.03629e-20
59 101 1.82606e-19
60 101 1.19477e-19
61 101 1.32884e-19
62 101 6.03808e-20
63 101 3.30961e-20
64 101 2.49267e-20
65 101 9.3736e-20
66 101 8.49418e-19
67 101 1.7061e-19
68 101 1.35975e-19
69 101 4.83664e-20
70 101 2.51306e-20
71 101 3.24e-20
72 101 1.07518e-19
73 101 1.39103e-20
74 101 1.3418e-20
75 101 2.60288e-20
76 101 0.000129121
77 101 0.000467601
78 101 0.000353992
79 101 0.000500725
80 101 6.30393e-06
81 101 1.37919e-05
82 101 0.00127219
83 101 0.000573291
84 101 0.00036616
85 101 0.00101673
86 101 0.000311267
87 101 0.00068856
88 101 6.83861e-19
89 101 7.85876e-19
90 101 1.32732e-19
91 101 2.04373e-19
92 101 4.3666e-19
93 101 4.36776e-19
94 101 0.0143949
95 101 0.00300448
0 102 1.87674e-18
1 102 5.09986e-19
2 102 7.12622e-18
3 102 1.53604e-19
4 102 2.81005e-17
5 102 1.70315e-17
6 102 5.83685e-19
7 102 2.91836e-18
8 102 5.05336e-18
9 102 3.87281e-19
10 102 1.8386e-17
11 102 1.13356e-18
12 102 2.28601e-17
13 102 2.02032e-18
14 102 8.09587e-18
15 102 1.79296e-19
16 102 3.0543e-18
17 102 5.91236e-19
18 102 1.16435e-05
19 102 3.44681e-06
20 102 1.69858e-06
21 102 2.24112e-05
22 102 6.12026e-06
23 102 5.16161e-06
24 102 3.38191e-19
25 102 4.66873e-20
26 102 2.21171e-20
27 102 3.20996e-20
28 102 5.50425e-19
29 102 6.77518e-20
30 102 9.50968e-21
31 102 2.51961e-20
32 102 1.74765e-06
33 102 1.05922e-06
34 102 7.47555e-07
35 102 1.11438e-06
36 102 3.61516e-07
37 102 1.40071e-05
38 102 1.44803e-05
39 102 8.79912e-05
40 102 1.68774e-05
41 102 2.06927e-05
42 102 1.58484e-05
43 102 0.000484737
44 102 2.09214e-07
45 102 3.34366e-07
46 102 3.67188e-06
47 102 3.52723e-06
48 102 2.72116e-06
49 102 6.36427e-06
50 102 0.000181861
51 102 4.84383e-05
52 102 1.62792e-05
53 102 2.23351e-06
54 102 6.00995e-06
55 102 2.44808e-06
56 102 9.11109e-21
57 102 9.42279e-20
58 102 1.33537e-19
59 102 7.32798e-20
60 102 5.19022e-20
61 102 3.68629e-20
62 102 5.07936e-20
63 102 6.79911e-21
64 102 7.10581e-20
65 102 1.15766e-19
66 102 3.16721e-19
67 102 1.8641e-19
68 102 5.45524e-20
69 102 1.01793e-19
70 102 6.5779e-20
71 102 1.04366e-19
72 102 4.92228e-20
73 102 1.0493e-19
74 102 1.03952e-19
75 102 3.09051e-20
76 102 0.000413934
77 102 0.00040344
78 102 1.69005e-05
79 102 4.24505e-05
80 102 2.41703e-05
81 102 3.70803e-06
82 102 0.000410673
83 102 0.000254569
84 102 0.00106341
85 102 0.000164372
86 102 0.00447456
87 102 0.00288954
88 102 1.36389e-18
89 102 1.17114e-19
90 102 1.74103e-20
91 102 3.29128e-19
92 102 6.5353e-20
93 102 2.32709e-20
94 102 0.00261807
95 102 0.0215197
0 103 4.01057e-17
1 103 5.7529e-19
2 103 6.98169e-18
3 103 2.79543e-18
4 103 3.26637e-17
5 103 4.68935e-20
6 103 2.56763e-18
7 103 3.49275e-18
8 103 3.0751e-18
9 103 3.40358e-19
10 103 3.53795e-18
11 103 1.11067e-18
12 103 5.31494e-18
13 103 7.88247e-19
14 103 4.13391e-18
15 103 1.65234e-18
16 103 2.04331e-19
17 103 5.06739e-20
18 103 1.38622e-05
19 103 5.95457e-06
20 103 3.36547e-05
21 103 2.56563e-06
22 103 5.24721e-06
23 103 2.57506e-05
24 103 2.52275e-19
25 103 3.44947e-20
26 103 1.10211e-19
27 103 1.07971e-20
28 103 1.43282e-18
29 103 5.13798e-19
30 103 2.337e-21
31 103 3.64776e-20
32 103 3.33215e-06
33 103 3.53881e-07
34 103 6.3489e-06
35 103 1.43264e-05
36 103 1.05888e-05
37 103 3.97519e-07
38 103 2.64095e-05
39 103 0.000100378
40 103 8.84455e-07
41 103 0.000147015
42 103 0.000159014
43 103 4.18537e-06
44 103 2.63355e-08
45 103 6.87502e-07
46 103 5.6693e-06
47 103 2.05446e-05
48 103 2.7539e-06
49 103 2.66283e-07
50 103 1.65828e-05
51 103 5.84984e-05
52 103 7.83605e-06
53 103 1.96783e-05
54 103 2.10135e-05
55 103 4.4643e-06
56 103 1.68387e-19
57 103 9.63665e-20
58 103 4.42625e-20
59 103 1.01278e-19
60 103 1.43346e-19
61 103 2.79462e-19
62 103 6.3664e-20
63 103 1.84547e-19
64 103 1.9505e-20
65 103 2.1283e-19
66 103 1.62129e-19
67 103 8.3517e-20
68 103 2.22419e-21
69 103 1.12022e-19
70 103 1.23976e-19
71 103 6.0972e-20
72 103 3.59784e-19
73 103 5.37294e-20
74 103 1.96003e-19
75 103 5.79031e-20
76 103 0.000114264
77 103 0.000166839
78 103 0.000935104
79 103 0.000459118
80 103 1.56243e-05
81 103 2.0986e-05
82 103 0.000781185
83 103 0.00212982
84 103 0.000790118
85 103 1.23881e-06
86 103 0.000808202
87 103 0.00159261
88 103 2.81352e-19
89 103 8.37608e-19
90 103 1.24631e-20
91 103 4.63711e-20
92 103 2.21079e-19
93 103 2.38209e-20
94 103 0.0134889
95 103 0.0182091
0 104 1.08796e-06
1 104 3.82796e-07
2 104 1.01032e-05
3 104 4.28964e-06
4 104 4.32711e-06
5 104 3.87626e-07
6 104 7.38015e-07
7 104 6.87055e-07
8 104 9.73516e-08
9 104 9.31788e-08
10 104 3.82878e-07
11 104 3.9787e-07
12 104 1.69866e-07
13 104 3.39341e-07
14 104 1.41622e-06
15 104 4.2971e-07
16 104 4.90604e-07
17 104 6.33349e-07
18 104 6.60884e-20
19 104 5.21832e-19
20 104 1.50429e-18
21 104 1.17164e-20
22 104 1.45286e-18
23 104 2.90543e-20
24 104 2.03344e-06
25 104 1.55374e-05
26 104 3.86555e-06
27 104 9.90683e-07
28 104 4.95336e-08
29 104 4.84411e-09
30 104 1.25869e-07
31 104 2.18153e-08
32 104 9.40423e-20
33 104 3.79376e-20
34 104 2.24999e-20
35 104 7.00341e-21
36 104 1.68725e-20
37 104 7.11193e-25
38 104 2.60994e-20
39 104 2.66276e-20
40 104 2.31676e-20
41 104 1.70014e-20
42 104 3.72337e-21
43 104 2.58305e-20
44 104 1.21322e-21
45 104 8.12335e-21
46 104 4.74635e-20
47 104 2.53916e-21
48 104 5.89056e-21
49 104 4.17453e-20
50 104 2.28954e-20
51 104 1.38207e-20
52 104 3.4535e-21
53 104 3.95466e-21
54 104 3.20662e-21
55 104 1.18995e-21
56 104 6.33597e-05
57 104 0.000151074
58 104 7.92984e-05
59 104 3.86372e-05
60 104 9.49932e-06
61 104 1.3826e-05
62 104 1.28337e-05
63 104 6.58293e-07
64 104 6.73365e-06
65 104 1.33966e-06
66 104 1.09607e-05
67 104 2.11347e-06
68 104 3.58305e-06
69 104 4.0705e-06
70 104 8.53735e-06
71 104 8.93152e-06
72 104 9.79462e-06
73 104 2.7267e-06
74 104 3.11525e-05
75 104 4.71589e-05
76 104 1.48076e-19
77 104 3.1445e-20
78 104 1.76962e-20
79 104 1.31332e-19
80 104 2.52416e-20
81 104 5.06384e-21
82 104 1.5706e-19
83 104 4.10997e-21
84 104 6.4665e-20
85 104 4.07776e-20
86 104 2.9915e-20
87 104 4.63148e-20
88 104 0.00391393
89 104 0.00120471
90 104 0.00128076
91 104 0.000190584
92 104 0.000590834
93 104 0.000653496
94 104 1.53346e-20
95 104 2.6691e-19
0 105 5.53011e-07
1 105 1.59869e-06
2 105 4.86546e-07
3 105 6.08847e-06
4 105 9.31916e-06
5 105 4.62986e-07
6 105 7.61072e-06
7 105 1.52605e-06
8 105 1.1124e-06
9 105 2.23443e-07
10 105 1.28013e-06
11 105 8.01945e-08
12 105 7.41746e-07
13 105 3.22228e-09
14 105 3.82493e-07
15 105 1.01726e-06
16 105 5.93967e-07
17 105 2.00109e-07
18 105 9.46976e-20
19 105 3.85907e-19
20 105 3.81263e-18
21 105 1.7615e-19
22 105 4.87501e-19
23 105 9.64185e-20
24 105 1.47105e-05
25 105 1.09958e-05
26 105 1.34208e-07
27 105 2.08425e-06
28 105 2.80333e-09
29 105 9.12245e-08
30 105 4.98187e-09
31 105 5.49443e-08
32 105 1.00586e-19
33 105 5.79023e-20
34 105 1.69843e-19
35 105 2.03449e-20
36 105 3.5485e-20
37 105 1.28978e-20
38 105 1.43339e-19
39 105 1.07348e-20
40 105 1.2549e-19
41 105 9.77709e-20
42 105 1.249e-20
43 105 6.44069e-20
44 105 6.66402e-20
45 105 1.11317e-19
46 105 8.83244e-21
47 105 8.51506e-20
48 105 4.42711e-21
49 105 1.01604e-20
50 105 2.1816e-20
51 105 4.25121e-21
52 105 2.56714e-20
53 105 1.26021e-19
54 105 7.17566e-21
55 105 3.95055e-20
56 105 4.09471e-05
57 105 5.70119e-05
58 105 5.32634e-06
59 105 1.15832e-05
60 105 4.09765e-05
61 105 2.98877e-05
62 105 1.2236e-05
63 105 6.54211e-06
64 105 3.82015e-06
65 105 4.71835e-05
66 105 1.06913e-05
67 105 8.4364e-06
68 105 2.5998e-06
69 105 8.96543e-07
70 105 3.1075e-05
71 105 1.63234e-06
72 105 6.42834e-05
73 105 2.58429e-06
74 105 0.000107626
75 105 6.94458e-06
76 105 7.45155e-20
77 105 6.40056e-20
78 105 9.26954e-20
79 105 4.34303e-20
80 105 1.549e-19
81 105 3.11233e-20
82 105 1.05146e-21
83 105 9.48131e-20
84 105 4.72714e-20
85 105 3.6888e-21
86 105 5.43621e-20
87 105 1.02442e-20
88 105 0.00105945
89 105 0.00127888
90 105 0.000701351
91 105 0.000243185
92 105 0.000819911
93 105 0.000127892
94 105 8.37749e-20
95 105 5.37716e-19
0 106 1.47675e-07
1 106 1.40762e-06
2 106 1.81604e-06
3 106 1.81977e-06
4 106 1.74721e-07
5 106 1.07862e-05
6 106 8.04875e-06
7 106 1.06819e-06
8 106 1.73241e-06
9 106 6.27753e-07
10 106 1.03737e-08
11 106 2.24405e-07
12 106 2.80169e-07
13 106 2.58314e-07
14 106 7.16666e-07
15 106 1.26589e-07
16 106 6.02993e-07
17 106 2.84307e-07
18 106 1.89684e-19
19 106 6.84462e-21
20 106 1.21702e-20
21 106 3.83315e-19
22 106 3.12806e-21
23 106 4.80493e-19
24 106 1.83219e-05
25 106 2.59149e-07
26 106 9.74658e-07
27 106 2.52086e-07
28 106 1.26855e-09
29 106 4.52839e-08
30 106 3.51206e-08
31 106 3.47417e-08
32 106 3.06714e-21
33 106 2.15442e-20
34 106 1.23382e-19
35 106 1.80946e-19
36 106 8.31731e-21
37 106 3.70939e-21
38 106 2.85269e-19
39 106 1.86704e-20
40 106 5.51174e-20
41 106 1.01796e-19
42 106 4.10173e-20
43 106 9.73597e-21
44 106 8.62502e-20
45 106 1.12794e-20
46 106 1.00299e-20
47 106 4.47472e-21
48 106 1.20962e-20
49 106 4.52984e-20
50 106 6.14888e-21
51 106 7.26792e-20
52 106 1.91356e-21
53 106 1.79465e-20
54 106 3.33341e-20
55 106 6.14068e-20
56 106 8.46704e-06
57 106 4.57016e-05
58 106 1.11814e-05
59 106 1.53756e-05
60 106 3.92028e-06
61 106 7.2343e-05
62 106 5.31305e-05
63 106 1.11463e-05
64 106 6.88634e-06
65 106 2.51501e-05
66 106 1.39837e-07
67 106 1.36861e-05
68 106 6.3062e-07
69 106 1.30276e-06
70 106 3.07717e-05
71 106 3.68741e-06
72 106 3.46226e-06
73 106 9.29659e-05
74 106 5.09836e-05
75 106 3.18305e-05
76 106 2.02915e-20
77 106 7.4054e-21
78 106 3.19402e-20
79 106 8.19025e-21
80 106 7.74499e-20
81 106 4.99588e-20
82 106 9.67173e-20
83 106 5.88281e-20
84 106 1.46855e-19
85 106 7.03663e-20
86 106 7.84786e-20
87 106 7.10901e-20
88 106 0.000697388
89 106 0.000595647
90 106 0.000313639
91 106 0.000625831
92 106 0.000154764
93 106 0.000548402
94 106 4.50317e-19
95 106 9.7697e-21
0 107 2.0942e-06
1 107 3.64666e-07
2 107 2.70497e-06
3 107 2.74082e-06
4 107 4.49389e-06
5 107 4.62291e-07
6 107 1.23536e-07
7 107 1.09835e-05
8 107 2.73751e-08
9 107 3.02926e-07
10 107 7.24309e-07
11 107 1.20144e-06
12 107 4.49676e-07
13 107 4.01649e-07
14 107 2.37084e-07
15 107 6.39962e-07
16 107 8.04354e-07
17 107 6.08227e-07
18 107 2.83677e-19
19 107 2.50174e-20
20 107 9.68368e-19
21 107 5.32729e-19
22 107 3.23737e-19
23 107 3.03262e-19
24 107 6.43228e-06
25 107 2.29437e-05
26 107 3.38862e-07
27 107 1.49858e-06
28 107 3.12482e-08
29 107 1.3887e-08
30 107 1.03213e-07
31 107 9.69732e-09
32 107 3.89958e-20
33 107 5.89318e-20
34 107 7.3981e-20
35 107 1.03234e-19
36 107 6.2454e-20
37 107 4.73876e-20
38 107 3.98956e-20
39 107 2.23588e-20
40 107 3.15366e-20
41 107 1.28341e-20
42 107 4.76461e-20
43 107 5.87264e-20
44 107 1.82503e-19
45 107 1.00272e-19
46 107 7.48301e-21
47 107 3.82558e-20
48 107 2.87023e-20
49 107 5.82663e-20
50 107 1.45786e-20
51 107 9.69284e-20
52 107 9.16634e-20
53 107 3.28107e-21
54 107 1.09918e-20
55 107 3.844e-20
56 107 6.57268e-05
57 107 1.54079e-05
58 107 4.2267e-05
59 107 1.24916e-05
60 107 3.76041e-05
61 107 1.19125e-05
62 107 2.73147e-05
63 107 7.15074e-06
64 107 2.33296e-05
65 107 5.93311e-06
66 107 1.75394e-05
67 107 4.3188e-06
68 107 2.13342e-06
69 107 7.62439e-07
70 107 3.12291e-05
71 107 3.14968e-05
72 107 9.39726e-06
73 107 1.72259e-05
74 107 4.61813e-05
75 107 8.47446e-05
76 107 4.04591e-20
77 107 5.43321e-20
78 107 4.46646e-20
79 107 4.82688e-20
80 107 1.35616e-19
81 107 3.61681e-20
82 107 6.35963e-20
83 107 1.87126e-20
84 107 2.36072e-20
85 107 7.07457e-20
86 107 9.29769e-20
87 107 9.20254e-20
88 107 0.00105394
89 107 0.000882794
90 107 0.000348609
91 107 0.000717309
92 107 0.000616872
93 107 0.000361934
94 107 6.98975e-20
95 107 1.32578e-19
0 108 3.41128e-06
1 108 4.12151e-06
2 108 1.0054e-17
3 108 6.57924e-19
4 108 1.40595e-05
5 108 9.67661e-06
6 108 6.91334e-06
7 108 5.39851e-06
8 108 7.89979e-07
9 108 1.91524e-07
10 108 1.02168e-06
11 108 3.32897e-06
12 108 8.43104e-07
13 108 2.00556e-06
14 108 6.52158e-07
15 108 2.2504e-06
16 108 9.99304e-07
17 108 5.6209e-07
18 108 1.35798e-19
19 108 6.76756e-19
20 108 7.91632e-19
21 108 2.10619e-19
22 108 1.73599e-19
23 108 2.818e-19
24 108 6.01564e-05
25 108 1.2964e-05
26 108 1.79521e-18
27 108 3.25001e-20
28 108 1.386e-07
29 108 4.07112e-07
30 108 3.64747e-08
31 108 7.2103e-07
32 108 1.90131e-19
33 108 1.12123e-19
34 108 2.19625e-19
35 108 1.09515e-22
36 108 3.83368e-20
37 108 1.46615e-20
38 108 6.78623e-20
39 108 1.54073e-21
40 108 1.06295e-20
41 108 1.94294e-20
42 108 3.95e-20
43 108 1.44876e-19
44 108 1.30369e-19
45 108 3.57378e-20
46 108 6.06477e-21
47 108 2.12686e-22
48 108 3.54213e-20
49 108 5.30219e-20
50 108 3.75533e-20
51 108 3.40889e-20
52 108 7.16267e-21
53 108 4.96392e-20
54 108 1.28001e-20
55 108 1.59454e-20
56 108 7.88798e-22
57 108 4.04839e-20
58 108 3.59785e-05
59 108 1.16953e-05
60 108 4.24404e-05
61 108 2.15497e-06
62 108 1.68769e-06
63 108 3.84539e-05
64 108 9.95945e-06
65 108 1.49657e-05
66 108 8.27993e-06
67 108 5.76315e-05
68 108 1.22299e-20
69 108 2.90559e-20
70 108 3.55697e-06
71 108 3.32215e-05
72 108 8.17995e-05
73 108 5.42668e-05
74 108 9.03221e-05
75 108 0.000246525
76 108 8.79339e-20
77 108 1.32323e-19
78 108 8.30784e-20
79 108 1.00616e-19
80 108 6.94352e-21
81 108 8.92627e-20
82 108 1.55217e-20
83 108 1.05615e-20
84 108 5.32956e-20
85 108 9.64706e-20
86 108 7.57738e-20
87 108 8.76337e-21
88 108 6.17567e-20
89 108 1.52995e-19
90 108 0.00044752
91 108 0.00102184
92 108 0.000679818
93 108 0.000169747
94 108 1.25335e-19
95 108 3.64929e-19
0 109 5.56892e-06
1 109 5.48688e-06
2 109 2.93298e-18
3 109 3.22873e-18
4 109 5.87214e-06
5 109 7.8431e-06
6 109 2.93418e-06
7 109 1.31579e-05
8 109 8.45099e-07
9 109 2.85934e-06
10 109 3.38204e-07
11 109 3.66407e-07
12 109 9.72927e-07
13 109 3.20801e-06
14 109 2.31979e-06
15 109 2.40658e-07
16 109 2.04572e-07
17 109 9.26133e-07
18 109 2.15474e-19
19 109 5.54377e-19
20 109 2.99462e-18
21 109 8.59485e-20
22 109 9.10115e-19
23 109 2.57177e-19
24 109 4.63552e-05
25 109 6.0963e-05
26 109 3.42432e-19
27 109 5.13668e-20
28 109 7.3135e-07
29 109 1.43669e-07
30 109 6.00572e-08
31 109 1.42527e-07
32 109 3.97307e-19
33 109 6.34952e-20
34 109 3.01212e-19
35 109 1.52141e-20
36 109 1.15646e-20
37 109 9.02261e-20
38 109 5.68658e-20
39 109 3.90077e-20
40 109 1.28314e-20
41 109 2.80628e-21
42 109 8.52665e-21
43 109 2.76033e-20
44 109 9.78144e-20
45 109 8.20102e-20
46 109 6.03506e-20
47 109 2.43439e-20
48 109 4.99417e-20
49 109 1.81034e-19
50 109 5.70251e-20
51 109 1.06913e-19
52 109 3.66819e-20
53 109 6.62189e-21
54 109 2.89271e-20
55 109 9.69664e-21
56 109 1.73612e-20
57 109 7.77569e-20
58 109 2.50952e-06
59 109 4.05853e-05
60 109 2.76142e-05
61 109 5.58647e-06
62 109 6.69064e-06
63 109 5.84799e-06
64 109 3.27925e-05
65 109 8.47126e-06
66 109 4.72249e-05
67 109 4.95126e-05
68 109 4.73896e-20
69 109 7.47862e-23
70 109 4.36115e-05
71 109 8.68228e-05
72 109 8.13707e-06
73 109 4.35043e-06
74 109 0.000191878
75 109 0.00030251
76 109 1.3182e-19
77 109 1.36439e-20
78 109 1.06304e-20
79 109 4.2642e-20
80 109 2.78561e-20
81 109 5.42996e-20
82 109 4.21273e-20
83 109 7.81797e-20
84 109 9.22441e-21
85 109 4.13267e-20
86 109 1.20265e-20
87 109 3.15153e-20
88 109 8.1581e-20
89 109 2.91161e-20
90 109 0.000980288
91 109 0.000687388
92 109 1.59913e-06
93 109 0.000248194
94 109 3.53349e-20
95 109 3.73699e-19
0 110 7.86446e-18
1 110 1.80587e-18
2 110 1.55346e-06
3 110 2.15493e-06
4 110 2.63581e-06
5 110 1.48248e-06
6 110 5.35689e-06
7 110 1.61541e-05
8 110 6.10531e-06
9 110 1.15642e-05
10 110 2.1635e-05
11 110 1.57959e-05
12 110 3.79168e-17
13 110 5.27821e-18
14 110 3.25123e-06
15 110 4.64607e-06
16 110 1.06069e-05
17 110 1.21511e-05
18 110 1.81928e-18
19 110 3.69544e-19
20 110 2.40599e-18
21 110 1.49706e-19
22 110 3.21145e-19
23 110 1.19615e-19
24 110 4.43163e-22
25 110 8.49486e-19
26 110 3.44577e-07
27 110 3.87383e-07
28 110 3.04107e-06
29 110 7.88171e-07
30 110 7.27284e-07
31 110 2.86303e-06
32 110 4.08643e-19
33 110 1.92969e-19
34 110 6.57097e-20
35 110 6.40358e-20
36 110 4.26399e-20
37 110 1.676e-19
38 110 3.82053e-21
39 110 2.1335e-19
40 110 5.05874e-19
41 110 9.60859e-20
42 110 8.54936e-20
43 110 8.90188e-20
44 110 2.18141e-19
45 110 4.31352e-20
46 110 1.83689e-19
47 110 3.30227e-20
48 110 1.27465e-20
49 110 9.13983e-21
50 110 1.72238e-20
51 110 3.52389e-20
52 110 8.45562e-21
53 110 8.09126e-20
54 110 4.07322e-21
55 110 8.29316e-21
56 110 1.49241e-06
57 110 8.94866e-06
58 110 3.23931e-05
59 110 0.000128989
60 110 1.41908e-06
61 110 1.3543e-05
62 110 1.55531e-05
63 110 0.000159826
64 110 4.29417e-05
65 110 9.67691e-05
66 110 2.84392e-20
67 110 3.96431e-20
68 110 9.46884e-06
69 110 2.6624e-06
70 110 4.00836e-05
71 110 1.49085e-05
72 110 4.94349e-05
73 110 1.39284e-05
74 110 7.14394e-21
75 110 4.78901e-20
76 110 6.41086e-21
77 110 6.09658e-21
78 110 3.95127e-21
79 110 2.40982e-20
80 110 3.33556e-20
81 110 4.67756e-19
82 110 7.50655e-20
83 110 4.32408e-20
84 110 1.07073e-20
85 110 4.35717e-20
86 110 2.20344e-21
87 110 7.47806e-20
88 110 4.01437e-07
89 110 2.01514e-08
90 110 1.72849e-05
91 110 4.70924e-06
92 110 7.71511e-06
93 110 1.76667e-05
94 110 3.10085e-19
95 110 1.80313e-20
0 111 1.43472e-18
1 111 9.49241e-19
2 111 8.08731e-06
3 111 7.70921e-06
4 111 2.77191e-07
5 111 4.41963e-06
6 111 5.05738e-06
7 111 3.74897e-06
8 111 1.55574e-06
9 111 1.63183e-05
10 111 2.08777e-06
11 111 9.06866e-06
12 111 3.57573e-19
13 111 1.19082e-18
14 111 1.07709e-05
15 111 2.93214e-06
16 111 2.00141e-06
17 111 4.467e-07
18 111 1.2046e-19
19 111 2.95387e-19
20 111 9.74503e-19
21 111 1.91594e-19
22 111 2.51399e-19
23 111 7.01006e-19
24 111 7.94184e-20
25 111 5.30273e-19
26 111 1.39518e-06
27 111 1.72273e-06
28 111 1.09106e-06
29 111 5.75011e-07
30 111 1.20807e-06
31 111 1.03496e-06
32 111 1.00808e-20
33 111 1.85192e-19
34 111 1.43766e-20
35 111 1.02766e-19
36 111 2.48737e-21
37 111 4.99309e-21
38 111 5.25607e-21
39 111 1.43174e-20
40 111 3.30861e-20
41 111 1.53261e-19
42 111 5.13538e-20
43 111 7.49203e-20
44 111 2.50304e-19
45 111 5.95645e-20
46 111 4.2814e-20
47 111 1.09976e-20
48 111 2.50697e-20
49 111 9.45625e-20
50 111 4.46934e-21
51 111 2.51775e-21
52 111 4.58058e-20
53 111 4.02829e-20
54 111 1.8692e-20
55 111 3.61178e-20
56 111 3.70909e-05
57 111 7.3846e-06
58 111 4.45706e-05
59 111 1.96057e-05
60 111 1.61565e-05
61 111 1.2577e-05
62 111 1.47888e-07
63 111 2.56982e-06
64 111 0.000136773
65 111 2.65183e-05
66 111 7.8266e-21
67 111 4.46695e-20
68 111 1.4789e-05
69 111 3.68861e-05
70 111 9.4311e-07
71 111 5.22945e-05
72 111 3.79602e-06
73 111 5.32362e-06
74 111 4.95652e-21
75 111 2.36022e-21
76 111 1.2893e-19
77 111 6.12277e-20
78 111 8.43634e-21
79 111 2.0341e-20
80 111 6.58231e-20
81 111 7.1374e-20
82 111 7.18305e-21
83 111 1.04504e-20
84 111 5.53129e-20
85 111 2.57378e-20
86 111 2.72945e-21
87 111 7.38119e-20
88 111 1.34038e-07
89 111 1.66179e-06
90 111 6.41659e-06
91 111 1.4902e-05
92 111 1.06806e-06
93 111 2.57404e-06
94 111 2.02841e-19
95 111 6.81054e-20
0 112 3.12665e-07
1 112 1.495e-05
2 112 3.34654e-06
3 112 6.73588e-06
4 112 1.07353e-05
5 112 2.26548e-06
6 112 1.50614e-06
7 112 2.05106e-06
8 112 1.4408e-07
9 112 1.4405e-07
10 112 3.87491e-07
11 112 4.79167e-07
12 112 5.83341e-06
13 112 1.29298e-06
14 112 9.61961e-08
15 112 6.43302e-07
16 112 2.08349e-06
17 112 3.16738e-06
18 112 1.08999e-19
19 112 8.92e-19
20 112 2.14607e-18
21 112 1.77429e-19
22 112 1.27319e-20
23 112 9.78502e-20
24 112 1.60385e-06
25 112 1.13726e-07
26 112 9.56165e-06
27 112 4.80854e-06
28 112 2.10996e-07
29 112 7.97769e-07
30 112 4.47111e-07
31 112 5.95349e-07
32 112 3.7499e-19
33 112 2.69193e-20
34 112 5.5209e-20
35 112 9.14863e-21
36 112 2.44808e-21
37 112 8.37246e-20
38 112 1.34365e-19
39 112 4.58849e-21
40 112 1.26931e-19
41 112 6.90349e-20
42 112 6.97117e-20
43 112 5.96727e-21
44 112 2.44708e-20
45 112 1.16402e-20
46 112 4.65377e-20
47 112 3.16433e-20
48 112 6.33708e-21
49 112 4.74959e-20
50 112 3.02384e-20
51 112 6.9719e-21
52 112 3.16522e-20
53 112 3.05536e-21
54 112 1.3848e-21
55 112 6.22433e-20
56 112 2.02944e-06
57 112 1.99619e-05
58 112 1.23083e-07
59 112 1.66817e-06
60 112 4.54572e-07
61 112 8.1583e-06
62 112 7.45979e-06
63 112 1.77664e-05
64 112 1.20872e-05
65 112 3.24257e-06
66 112 2.6057e-05
67 112 0.000156502
68 112 0.000134267
69 112 0.000221129
70 112 5.57202e-05
71 112 2.59873e-06
72 112 9.75225e-05
73 112 9.91454e-05
74 112 9.03832e-06
75 112 1.3942e-06
76 112 4.09486e-21
77 112 6.48091e-20
78 112 1.69932e-20
79 112 1.05631e-20
80 112 7.18314e-22
81 112 2.37064e-20
82 112 6.23815e-20
83 112 1.48274e-20
84 112 1.58897e-21
85 112 1.60535e-19
86 112 3.01811e-20
87 112 4.07664e-20
88 112 0.000550334
89 112 0.000560507
90 112 7.28922e-06
91 112 7.91341e-05
92 112 0.000358488
93 112 0.000298698
94 112 9.20267e-20
95 112 1.44111e-19
0 113 4.34795e-06
1 113 3.62204e-06
2 113 2.62431e-06
3 113 2.75386e-06
4 113 3.76206e-06
5 113 1.81122e-06
6 113 6.55882e-06
7 113 1.99521e-07
8 113 1.32657e-07
9 113 7.6339e-07
10 113 1.19718e-07
11 113 2.09193e-07
12 113 3.08739e-06
13 113 6.33941e-07
14 113 1.57917e-06
15 113 4.64588e-06
16 113 6.6081e-07
17 113 1.51275e-07
18 113 7.24256e-21
19 113 7.09727e-20
20 113 1.79926e-18
21 113 6.89228e-20
22 113 5.84658e-20
23 113 5.45206e-19
24 113 3.84495e-07
25 113 5.12406e-07
26 113 1.47007e-06
27 113 6.1953e-06
28 113 9.65458e-07
29 113 4.039e-07
30 113 1.67148e-07
31 113 1.07155e-06
32 113 5.26286e-20
33 113 2.14501e-20
34 113 3.8657e-20
35 113 4.18791e-20
36 113 3.05245e-20
37 113 8.84298e-20
38 113 1.98969e-20
39 113 5.00315e-20
40 113 6.50927e-20
41 113 7.06114e-21
42 113 1.07006e-20
43 113 4.75796e-21
44 113 1.98398e-21
45 113 1.55664e-20
46 113 2.61501e-21
47 113 1.9819e-19
48 113 1.13891e-20
49 113 1.68248e-20
50 113 5.41867e-21
51 113 4.2584e-20
52 113 1.50473e-21
53 113 1.05527e-20
54 113 3.29467e-21
55 113 1.5168e-21
56 113 7.19268e-06
57 113 4.53797e-06
58 113 9.04043e-08
59 113 3.71838e-07
60 113 1.19307e-05
61 113 3.83916e-06
62 113 1.70336e-05
63 113 2.52526e-05
64 113 5.14657e-05
65 113 9.09686e-06
66 113 6.3667e-05
67 113 3.16635e-05
68 113 0.00017076
69 113 1.88158e-05
70 113 0.000113516
71 113 3.29732e-06
72 113 2.44225e-05
73 113 6.91767e-05
74 113 3.66738e-06
75 113 1.78037e-06
76 113 8.507e-21
77 113 7.49433e-21
78 113 6.34092e-20
79 113 1.15991e-19
80 113 1.17929e-20
81 113 1.02834e-19
82 113 2.8663e-20
83 113 3.13033e-20
84 113 6.74339e-20
85 113 8.78146e-20
86 113 1.58826e-22
87 113 3.3643e-20
88 113 0.000493562
89 113 9.89849e-05
90 113 0.000103698
91 113 0.00068871
92 113 0.000221644
93 113 0.000147145
94 113 3.10088e-19
95 113 6.46055e-20
0 114 1.10204e-05
1 114 4.53076e-08
2 114 2.35637e-06
3 114 1.70352e-06
4 114 3.80594e-06
5 114 2.89018e-06
6 114 8.71172e-06
7 114 1.52364e-05
8 114 2.35119e-07
9 114 1.0011e-07
10 114 8.52117e-07
11 114 4.57745e-07
12 114 1.39392e-06
13 114 3.77286e-06
14 114 1.2701e-06
15 114 1.40702e-06
16 114 2.39703e-06
17 114 6.96235e-06
18 114 3.27853e-20
19 114 9.61614e-21
20 114 9.47397e-20
21 114 4.43999e-19
22 114 6.20011e-19
23 114 1.48504e-19
24 114 9.77501e-08
25 114 1.14753e-06
26 114 1.66577e-06
27 114 4.12067e-06
28 114 1.01692e-06
29 114 1.09354e-06
30 114 1.86583e-06
31 114 1.19864e-07
32 114 8.26309e-20
33 114 1.94443e-21
34 114 5.64029e-20
35 114 1.76982e-20
36 114 1.36934e-19
37 114 1.77595e-20
38 114 8.81049e-20
39 114 1.78156e-20
40 114 5.20342e-20
41 114 1.04434e-20
42 114 6.234e-20
43 114 1.72388e-19
44 114 4.97212e-20
45 114 1.0163e-20
46 114 6.25414e-20
47 114 3.03501e-20
48 114 4.77262e-20
49 114 2.15524e-19
50 114 1.31307e-20
51 114 7.85761e-20
52 114 3.85361e-20
53 114 3.3654e-20
54 114 1.59921e-20
55 114 2.51526e-20
56 114 5.46888e-06
57 114 3.38636e-06
58 114 8.71473e-06
59 114 5.92618e-06
60 114 1.90722e-06
61 114 3.5051e-06
62 114 4.8345e-05
63 114 1.20656e-06
64 114 6.61985e-07
65 114 1.84883e-06
66 114 0.00011544
67 114 1.69185e-05
68 114 0.000122995
69 114 2.01122e-05
70 114 0.000225447
71 114 0.000175462
72 114 1.95094e-05
73 114 8.05309e-05
74 114 1.21422e-06
75 114 6.34957e-06
76 114 7.49096e-21
77 114 1.63764e-20
78 114 5.15222e-21
79 114 1.63501e-20
80 114 6.36199e-20
81 114 4.76375e-20
82 114 5.17725e-20
83 114 2.77746e-21
84 114 4.45256e-20
85 114 1.07677e-19
86 114 8.54631e-20
87 114 1.82583e-20
88 114 0.000386322
89 114 6.09802e-05
90 114 8.88816e-05
91 114 0.000116613
92 114 0.000420576
93 114 0.000806857
94 114 5.10379e-20
95 114 4.23986e-21
0 115 5.47137e-06
1 115 1.83211e-06
2 115 3.049e-06
3 115 5.34565e-08
4 115 8.95056e-06
5 115 3.00028e-06
6 115 1.30332e-05
7 115 2.81512e-06
8 115 1.15113e-06
9 115 3.65677e-07
10 115 5.3959e-07
11 115 1.48295e-07
12 115 1.74465e-06
13 115 1.66546e-06
14 115 4.27768e-07
15 115 1.23918e-06
16 115 4.85072e-06
17 115 2.32825e-06
18 115 2.66325e-19
19 115 3.0563e-21
20 115 2.1608e-19
21 115 6.06797e-19
22 115 1.45474e-21
23 115 1.02023e-20
24 115 4.337e-08
25 115 7.78526e-07
26 115 4.19991e-06
27 115 2.21957e-07
28 115 3.91417e-07
29 115 2.15712e-06
30 115 3.31208e-07
31 115 1.24803e-07
32 115 7.48594e-20
33 115 9.6724e-21
34 115 6.75417e-20
35 115 3.09223e-20
36 115 5.12024e-20
37 115 2.01735e-20
38 115 1.30918e-19
39 115 1.39726e-20
40 115 1.30918e-20
41 115 3.5062e-21
42 115 8.22539e-20
43 115 7.47839e-20
44 115 1.66927e-20
45 115 2.62706e-20
46 115 2.50749e-20
47 115 1.17619e-20
48 115 2.79356e-20
49 115 2.27421e-20
50 115 9.09945e-20
51 115 1.86015e-20
52 115 7.37281e-21
53 115 3.89037e-20
54 115 1.21385e-20
55 115 9.47336e-21
56 115 4.98301e-06
57 115 1.78396e-06
58 115 2.52895e-07
59 115 1.75137e-07
60 115 5.81605e-06
61 115 8.86114e-06
62 115 1.01497e-05
63 115 1.90859e-05
64 115 5.32666e-06
65 115 3.41252e-05
66 115 8.3135e-05
67 115 4.22314e-06
68 115 1.84719e-05
69 115 9.08874e-05
70 115 1.74937e-05
71 115 3.10862e-05
72 115 0.000237863
73 115 0.000117016
74 115 2.58027e-06
75 115 2.4119e-06
76 115 1.22862e-20
77 115 1.49155e-20
78 115 6.10764e-20
79 115 1.32845e-19
80 115 1.48113e-20
81 115 2.50665e-19
82 115 3.49563e-20
83 115 3.37119e-20
84 115 1.9549e-20
85 115 1.15221e-19
86 115 1.79052e-19
87 115 7.4552e-21
88 115 0.000138211
89 115 0.000203608
90 115 0.000242779
91 115 4.398e-05
92 115 0.00049744
93 115 0.000295416
94 115 3.62395e-19
95 115 4.02123e-19
0 116 2.03669e-17
1 116 8.43159e-18
2 116 1.83248e-18
3 116 6.128e-18
4 116 2.72774e-17
5 116 1.21211e-19
6 116 6.02975e-19
7 116 1.15775e-17
8 116 6.94339e-18
9 116 6.67114e-19
10 116 4.19505e-18
11 116 1.88401e-19
12 116 1.07792e-17
13 116 9.45185e-19
14 116 2.25085e-18
15 116 3.15664e-19
16 116 1.47471e-18
17 116 3.93758e-20
18 116 4.50395e-19
19 116 5.43397e-20
20 116 1.90844e-08
21 116 6.8585e-08
22 116 2.64755e-07
23 116 1.64829e-07
24 116 4.45343e-19
25 116 1.15229e-19
26 116 7.46914e-19
27 116 4.01828e-19
28 116 2.95057e-19
29 116 2.10672e-19
30 116 1.46975e-19
31 116 9.85537e-20
32 116 6.67452e-20
33 116 3.29371e-20
34 116 1.30692e-07
35 116 3.72848e-08
36 116 4.71396e-07
37 116 1.71988e-07
38 116 2.38378e-05
39 116 1.72234e-05
40 116 1.64296e-05
41 116 2.57148e-07
42 116 1.54488e-05
43 116 1.52795e-07
44 116 3.8357e-20
45 116 3.33315e-20
46 116 9.54357e-10
47 116 2.67604e-09
48 116 8.26899e-09
49 116 5.7473e-08
50 116 6.40117e-07
51 116 5.82297e-06
52 116 1.53091e-05
53 116 3.4439e-06
54 116 6.10582e-07
55 116 2.34597e-09
56 116 7.08325e-21
57 116 1.22008e-20
58 116 1.86346e-20
59 116 2.75744e-22
60 116 4.04457e-21
61 116 1.36291e-22
62 116 3.38477e-21
63 116 2.33992e-21
64 116 3.40439e-20
65 116 1.43207e-20
66 116 3.06143e-21
67 116 6.3098e-21
68 116 1.55234e-20
69 116 4.03706e-21
70 116 7.09603e-22
71 116 3.36258e-21
72 116 8.88689e-22
73 116 6.07062e-21
74 116 2.34216e-20
75 116 1.31255e-21
76 116 5.65175e-06
77 116 1.03896e-07
78 116 7.23661e-07
79 116 1.04965e-06
80 116 1.15153e-21
81 116 1.13487e-20
82 116 0.000250856
83 116 3.67687e-05
84 116 4.80183e-05
85 116 6.06101e-05
86 116 1.16475e-05
87 116 4.44286e-05
88 116 2.74595e-20
89 116 7.99857e-20
90 116 8.48719e-21
91 116 8.6631e-21
92 116 1.61883e-20
93 116 6.10213e-20
94 116 5.1478e-21
95 116 1.57086e-20
0 117 8.53096e-17
1 117 5.95056e-17
2 117 2.23507e-17
3 117 2.13585e-17
4 117 3.98953e-19
5 117 6.57329e-18
6 117 2.73024e-17
7 117 1.32119e-18
8 117 4.25053e-17
9 117 4.11524e-17
10 117 1.97629e-18
11 117 9.63399e-19
12 117 5.50294e-18
13 117 9.1908e-18
14 117 5.64838e-19
15 117 2.83547e-19
16 117 2.46615e-18
17 117 9.13037e-21
18 117 1.56966e-20
19 117 3.10418e-19
20 117 3.44545e-07
21 117 3.62771e-07
22 117 6.61222e-08
23 117 4.09996e-08
24 117 4.8723e-19
25 117 8.78836e-19
26 117 6.75218e-19
27 117 2.59478e-20
28 117 2.91953e-19
29 117 3.06427e-19
30 117 2.86328e-19
31 117 1.25178e-20
32 117 7.73568e-20
33 117 4.11396e-20
34 117 4.19112e-07
35 117 4.96829e-07
36 117 4.35231e-08
37 117 3.1806e-07
38 117 3.52603e-05
39 117 2.84409e-05
40 117 2.16287e-05
41 117 5.59676e-06
42 117 1.82831e-06
43 117 4.1442e-06
44 117 9.11256e-20
45 117 5.04568e-20
46 117 9.74919e-08
47 117 2.3061e-09
48 117 1.94787e-09
49 117 7.48406e-09
50 117 1.72159e-06
51 117 7.52566e-07
52 117 1.17414e-05
53 117 1.56998e-05
54 117 2.04048e-06
55 117 1.01086e-06
56 117 3.1833e-20
57 117 1.45592e-20
58 117 1.17626e-20
59 117 1.03677e-20
60 117 2.23054e-20
61 117 1.46183e-20
62 117 6.37762e-22
63 117 1.17246e-20
64 117 9.33308e-21
65 117 4.38952e-20
66 117 2.13187e-21
67 117 1.29154e-21
68 117 2.15098e-21
69 117 3.92348e-22
70 117 4.00936e-21
71 117 7.45164e-21
72 117 1.67453e-20
73 117 1.28793e-21
74 117 9.43995e-21
75 117 7.79971e-21
76 117 1.52575e-06
77 117 3.49721e-06
78 117 4.4753e-06
79 117 2.35641e-06
80 117 1.27458e-20
81 117 1.08909e-21
82 117 0.000197843
83 117 0.000273841
84 117 0.000113627
85 117 3.86074e-05
86 117 1.64439e-05
87 117 5.02273e-06
88 117 4.03405e-21
89 117 7.18876e-20
90 117 1.4045e-20
91 117 2.10701e-20
92 117 4.10726e-20
93 117 3.18784e-21
94 117 3.67549e-21
95 117 3.00565e-20
0 118 7.41582e-18
1 118 2.17484e-17
2 118 1.71867e-17
3 118 6.81192e-18
4 118 4.30289e-18
5 118 3.69351e-17
6 118 1.52375e-18
7 118 1.66379e-19
8 118 6.67377e-18
9 118 7.60868e-19
10 118 9.72315e-18
11 118 5.19917e-19
12 118 8.44307e-18
13 118 1.26372e-18
14 118 6.82018e-20
15 118 2.78235e-18
16 118 3.52136e-20
17 118 5.28342e-19
18 118 2.92341e-08
19 118 9.13829e-08
20 118 7.75707e-06
21 118 3.314e-06
22 118 2.23533e-07
23 118 7.96646e-06
24 118 4.57083e-20
25 118 1.02288e-18
26 118 4.43929e-20
27 118 3.67635e-19
28 118 1.13651e-19
29 118 8.63009e-20
30 118 1.55476e-19
31 118 1.56641e-19
32 118 2.74873e-07
33 118 9.10909e-08
34 118 2.10529e-05
35 118 9.39632e-06
36 118 2.64464e-06
37 118 2.63678e-06
38 118 1.14628e-07
39 118 1.14584e-07
40 118 2.26028e-07
41 118 7.44403e-07
42 118 6.15206e-09
43 118 3.52462e-08
44 118 7.71087e-08
45 118 1.60253e-07
46 118 7.11919e-07
47 118 1.71418e-06
48 118 2.26155e-08
49 118 1.18854e-06
50 118 3.76682e-06
51 118 7.95283e-07
52 118 2.39688e-08
53 118 1.51632e-06
54 118 4.46594e-06
55 118 1.49596e-06
56 118 3.45505e-21
57 118 7.76219e-21
58 118 4.25145e-20
59 118 1.08966e-22
60 118 1.413e-20
61 118 5.97504e-20
62 118 3.43351e-20
63 118 2.47998e-20
64 118 1.58909e-21
65 118 3.93949e-21
66 118 1.07673e-20
67 118 1.3569e-20
68 118 1.299e-20
69 118 3.53029e-21
70 118 1.87349e-20
71 118 1.08093e-20
72 118 1.61135e-20
73 118 3.80334e-20
74 118 8.30827e-21
75 118 1.44241e-20
76 118 0.000258543
77 118 2.86548e-05
78 118 0.000141323
79 118 6.06884e-05
80 118 1.19295e-06
81 118 1.5719e-06
82 118 1.62419e-06
83 118 6.12705e-05
84 118 4.02671e-05
85 118 5.01416e-06
86 118 7.09211e-06
87 118 1.47339e-06
88 118 1.52552e-20
89 118 2.89739e-20
90 118 8.16793e-20
91 118 2.71075e-20
92 118 1.02135e-20
93 118 8.55065e-21
94 118 2.4055e-06
95 118 2.0184e-06
0 119 3.58195e-17
1 119 4.41979e-18
2 119 2.51642e-17
3 119 5.18332e-19
4 119 7.88474e-17
5 119 3.77456e-18
6 119 7.95362e-18
7 119 1.57649e-18
8 119 9.5537e-18
9 119 2.04734e-17
10 119 7.33216e-18
11 119 6.8156e-18
12 119 6.19827e-18
13 119 2.88662e-18
14 119 5.43779e-18
15 119 1.54417e-18
16 119 7.21653e-19
17 119 3.77406e-19
18 119 7.58649e-07
19 119 1.0655e-07
20 119 3.75474e-06
21 119 1.91995e-06
22 119 4.54492e-06
23 119 4.34451e-06
24 119 5.77866e-19
25 119 2.98834e-20
26 119 9.50803e-19
27 119 6.70339e-19
28 119 2.1354e-19
29 119 2.64596e-19
30 119 4.22175e-21
31 119 6.60095e-20
32 119 8.71501e-07
33 119 1.7536e-06
34 119 1.77491e-09
35 119 6.58555e-06
36 119 1.06846e-05
37 119 2.00459e-05
38 119 1.87047e-07
39 119 1.01978e-07
40 119 2.72564e-07
41 119 2.85558e-07
42 119 1.74975e-08
43 119 8.0296e-08
44 119 7.92967e-07
45 119 9.0965e-07
46 119 7.35792e-07
47 119 1.82779e-07
48 119 1.40419e-06
49 119 4.30252e-08
50 119 5.00643e-06
51 119 5.77045e-06
52 119 4.56099e-08
53 119 1.0004e-06
54 119 1.59052e-06
55 119 3.04284e-06
56 119 1.02907e-20
57 119 5.78429e-21
58 119 2.39229e-20
59 119 1.14378e-20
60 119 1.55013e-20
61 119 1.87439e-20
62 119 2.21466e-20
63 119 7.38892e-21
64 119 8.18499e-21
65 119 1.41223e-20
66 119 1.71194e-20
67 119 1.53034e-20
68 119 4.69001e-20
69 119 8.52806e-21
70 119 7.32285e-22
71 119 1.88546e-20
72 119 2.80841e-20
73 119 2.51451e-20
74 119 4.34239e-21
75 119 3.7925e-21
76 119 3.53669e-05
77 119 0.000186298
78 119 7.69061e-05
79 119 9.67748e-05
80 119 3.32177e-06
81 119 1.65108e-05
82 119 6.34829e-06
83 119 4.34386e-05
84 119 2.80068e-05
85 119 3.60371e-05
86 119 6.10857e-06
87 119 1.41254e-05
88 119 1.86429e-20
89 119 1.46828e-20
90 119 3.54373e-20
91 119 1.90516e-20
92 119 1.89092e-20
93 119 1.13145e-20
94 119 2.39169e-05
95 119 7.81619e-06
0 120 5.43387e-18
1 120 3.54379e-17
2 120 3.10842e-18
3 120 5.94639e-18
4 120 4.77757e-17
5 120 9.21434e-18
6 120 2.74614e-19
7 120 2.34106e-18
8 120 3.20891e-18
9 120 2.58967e-18
10 120 1.8364e-18
11 120 4.05383e-18
12 120 1.52672e-18
13 120 2.02242e-18
14 120 2.86718e-18
15 120 3.59387e-20
16 120 4.29027e-19
17 120 2.79296e-19
18 120 1.4372e-06
19 120 6.53851e-07
20 120 2.07639e-06
21 120 5.51443e-06
22 120 1.63908e-06
23 120 3.73729e-06
24 120 2.68157e-19
25 120 2.60499e-19
26 120 7.08222e-19
27 120 1.33928e-19
28 120 7.40606e-20
29 120 2.84235e-19
30 120 4.07495e-20
31 120 1.81736e-21
32 120 4.8694e-06
33 120 1.47506e-06
34 120 5.93929e-06
35 120 6.43539e-06
36 120 4.7013e-06
37 120 2.16746e-06
38 120 1.87882e-09
39 120 1.1304e-07
40 120 4.47739e-07
41 120 1.15567e-07
42 120 2.37177e-08
43 120 1.05421e-07
44 120 1.19974e-06
45 120 2.91522e-06
46 120 3.01084e-07
47 120 5.27426e-07
48 120 1.60213e-06
49 120 2.44277e-08
50 120 1.29092e-05
51 120 1.32189e-06
52 120 5.551e-07
53 120 5.3833e-09
54 120 1.02876e-06
55 120 2.54192e-06
56 120 7.32626e-21
57 120 1.88516e-20
58 120 2.95436e-20
59 120 2.24025e-21
60 120 4.62539e-21
61 120 2.28253e-21
62 120 1.92628e-20
63 120 1.10564e-20
64 120 2.36727e-20
65 120 4.55545e-22
66 120 2.01068e-21
67 120 1.317e-21
68 120 5.93532e-20
69 120 3.00034e-20
70 120 7.45675e-23
71 120 2.46687e-20
72 120 7.72604e-21
73 120 2.01392e-20
74 120 5.71166e-21
75 120 2.36317e-20
76 120 3.64291e-05
77 120 7.5375e-05
78 120 7.34417e-05
79 120 0.000140736
80 120 4.53435e-05
81 120 2.58875e-06
82 120 3.79774e-05
83 120 5.90849e-06
84 120 3.50363e-06
85 120 1.14576e-05
86 120 2.11573e-05
87 120 5.56216e-06
88 120 1.08431e-20
89 120 4.31337e-20
90 120 7.53908e-21
91 120 3.08297e-20
92 120 5.24648e-20
93 120 5.8343e-20
94 120 1.63571e-06
95 120 7.50582e-05
0 121 7.60297e-17
1 121 1.50915e-17
2 121 6.92621e-18
3 121 5.52404e-18
4 121 8.3208e-17
5 121 8.39756e-19
6 121 1.03884e-17
7 121 5.24352e-18
8 121 2.31122e-18
9 121 2.07502e-18
10 121 5.04036e-18
11 121 2.97033e-18
12 121 3.15298e-17
13 121 6.59748e-18
14 121 5.67261e-18
15 121 4.53161e-19
16 121 2.40426e-19
17 121 9.13986e-20
18 121 1.10071e-06
19 121 2.76791e-06
20 121 3.83902e-07
21 121 2.83329e-06
22 121 2.75311e-06
23 121 2.52767e-06
24 121 9.74778e-19
25 121 4.45634e-19
26 121 7.4683e-19
27 121 1.47458e-19
28 121 7.93702e-19
29 121 5.25177e-19
30 121 6.63318e-20
31 121 3.62041e-20
32 121 4.16969e-06
33 121 7.5681e-06
34 121 1.49356e-05
35 121 5.82887e-06
36 121 4.94552e-08
37 121 1.52846e-06
38 121 2.56129e-07
39 121 2.07606e-08
40 121 3.79632e-07
41 121 3.55063e-08
42 121 7.28591e-08
43 121 2.72104e-09
44 121 4.63227e-06
45 121 2.98076e-06
46 121 4.51499e-07
47 121 5.29571e-08
48 121 1.13512e-07
49 121 9.62503e-07
50 121 1.73432e-06
51 121 6.59465e-06
52 121 1.99398e-06
53 121 9.37161e-07
54 121 7.19702e-08
55 121 1.48146e-06
56 121 4.40057e-20
57 121 9.96053e-21
58 121 2.87673e-20
59 121 5.30359e-21
60 121 5.10791e-20
61 121 5.05838e-20
62 121 1.79066e-20
63 121 8.34071e-21
64 121 1.77478e-20
65 121 2.31124e-20
66 121 5.59817e-20
67 121 6.31368e-21
68 121 4.80172e-20
69 121 7.91379e-20
70 121 1.50525e-20
71 121 3.14662e-22
72 121 4.95219e-21
73 121 3.26729e-20
74 121 2.5934e-22
75 121 4.6535e-21
76 121 3.43139e-05
77 121 0.00013384
78 121 6.07626e-06
79 121 4.69835e-05
80 121 7.85889e-06
81 121 8.08199e-05
82 121 1.45935e-05
83 121 5.14438e-06
84 121 8.44524e-06
85 121 3.87458e-05
86 121 6.12067e-06
87 121 9.51728e-06
88 121 1.38914e-21
89 121 2.28635e-20
90 121 1.29574e-20
91 121 5.26946e-20
92 121 4.08728e-20
93 121 3.00588e-20
94 121 0.000131143
95 121 1.07476e-05
0 122 3.40649e-18
1 122 1.19632e-17
2 122 1.46312e-17
3 122 1.57855e-17
4 122 5.73676e-18
5 122 7.67106e-18
6 122 1.86645e-17
7 122 1.00716e-17
8 122 3.20386e-18
9 122 4.72553e-17
10 122 3.90737e-18
11 122 1.13988e-18
12 122 1.79804e-17
13 122 3.30991e-18
14 122 2.54127e-18
15 122 7.5527e-19
16 122 7.66499e-20
17 122 1.00589e-18
18 122 1.09588e-19
19 122 6.92513e-19
20 122 8.26342e-07
21 122 1.53497e-07
22 122 1.65846e-06
23 122 1.51654e-06
24 122 1.52988e-18
25 122 2.38714e-19
26 122 1.00725e-19
27 122 1.73523e-19
28 122 5.37617e-19
29 122 4.36183e-19
30 122 2.27453e-20
31 122 1.31709e-19
32 122 2.02756e-19
33 122 2.30299e-20
34 122 2.97321e-07
35 122 1.28801e-06
36 122 4.75971e-06
37 122 5.18611e-07
38 122 1.22781e-07
39 122 6.00244e-08
40 122 5.5352e-08
41 122 5.88634e-09
42 122 1.10712e-06
43 122 2.18752e-08
44 122 3.44454e-20
45 122 7.39821e-21
46 122 2.03668e-07
47 122 8.36569e-08
48 122 1.30189e-07
49 122 1.01383e-06
50 122 4.89316e-06
51 122 5.94506e-05
52 122 2.5403e-05
53 122 2.12874e-05
54 122 3.96758e-06
55 122 2.42651e-07
56 122 1.34791e-20
57 122 5.47108e-21
58 122 3.25447e-21
59 122 2.69231e-20
60 122 3.74873e-21
61 122 1.7305e-20
62 122 9.62538e-21
63 122 4.1055e-21
64 122 2.04118e-20
65 122 9.29106e-21
66 122 4.05322e-20
67 122 4.77977e-21
68 122 4.22199e-21
69 122 3.43464e-21
70 122 8.51849e-21
71 122 1.40116e-21
72 122 1.11548e-21
73 122 2.25452e-20
74 122 6.21618e-21
75 122 2.43971e-21
76 122 6.43622e-05
77 122 6.44519e-06
78 122 3.96025e-07
79 122 8.76206e-06
80 122 1.61893e-21
81 122 2.67346e-21
82 122 1.83139e-05
83 122 1.73586e-05
84 122 6.24832e-06
85 122 1.31018e-05
86 122 4.92264e-05
87 122 0.000184445
88 122 1.13486e-20
89 122 2.31809e-20
90 122 2.38426e-20
91 122 2.80188e-20
92 122 1.74547e-20
93 122 3.5646e-24
94 122 2.80109e-20
95 122 2.4513e-20
0 123 1.20962e-17
1 123 2.85347e-17
2 123 1.02336e-17
3 123 4.66441e-19
4 123 3.75659e-17
5 123 8.64098e-18
6 123 3.86965e-20
7 123 2.12984e-18
8 123 5.42623e-18
9 123 1.37911e-17
10 123 5.89365e-18
11 123 2.64179e-18
12 123 1.12744e-17
13 123 2.12088e-18
14 123 6.99815e-19
15 123 1.5771e-18
16 123 4.37589e-19
17 123 6.33858e-19
18 123 9.40163e-20
19 123 9.28853e-19
20 123 2.38994e-06
21 123 3.66182e-06
22 123 1.26812e-06
23 123 3.04006e-07
24 123 8.804e-19
25 123 5.04961e-20
26 123 6.02007e-19
27 123 1.93664e-19
28 123 2.82406e-19
29 123 3.07779e-19
30 123 2.8464e-19
31 123 2.37216e-20
32 123 2.18209e-19
33 123 5.37367e-20
34 123 4.82413e-06
35 123 3.68728e-06
36 123 3.6791e-08
37 123 4.04621e-06
38 123 1.52229e-07
39 123 1.52472e-07
40 123 1.21751e-07
41 123 2.13546e-08
42 123 3.08387e-08
43 123 2.61147e-07
44 123 2.3958e-20
45 123 2.85859e-20
46 123 2.03299e-06
47 123 2.95357e-08
48 123 1.01933e-07
49 123 4.61971e-07
50 123 1.65074e-05
51 123 1.33425e-07
52 123 5.28866e-05
53 123 3.41183e-05
54 123 3.70511e-06
55 123 2.68976e-06
56 123 5.40527e-21
57 123 1.34593e-20
58 123 3.89995e-21
59 123 6.18018e-21
60 123 4.96014e-21
61 123 1.41786e-21
62 123 7.3025e-21
63 123 5.48552e-21
64 123 1.7936e-21
65 123 8.59296e-21
66 123 1.19357e-21
67 123 1.8979e-20
68 123 3.26025e-20
69 123 7.92457e-22
70 123 1.0258e-20
71 123 3.46281e-20
72 123 2.40389e-20
73 123 1.12882e-20
74 123 2.2532e-20
75 123 2.61825e-22
76 123 1.95809e-05
77 123 3.56709e-05
78 123 6.04075e-05
79 123 3.10728e-05
80 123 1.30328e-20
81 123 4.30571e-21
82 123 5.02931e-05
83 123 3.01341e-05
84 123 1.84676e-05
85 123 2.06873e-06
86 123 5.73191e-05
87 123 3.11399e-06
88 123 6.25962e-20
89 123 2.13733e-20
90 123 5.25896e-20
91 123 3.33578e-20
92 123 2.60584e-20
93 123 5.85769e-20
94 123 6.20896e-20
95 123 1.21232e-20
0 124 8.28821e-17
1 124 2.15568e-18
2 124 4.70192e-17
3 124 2.86559e-17
4 124 1.81101e-16
5 124 5.20508e-18
6 124 2.57876e-17
7 124 1.46133e-18
8 124 4.82601e-17
9 124 1.54503e-17
10 124 1.71426e-17
11 124 8.02477e-19
12 124 9.10963e-17
13 124 5.92949e-18
14 124 4.24047e-17
15 124 1.47781e-19
16 124 7.25548e-18
17 124 1.08695e-18
18 124 1.63893e-06
19 124 1.51188e-07
20 124 2.11385e-06
21 124 1.79303e-06
22 124 2.84704e-06
23 124 5.23863e-06
24 124 6.98221e-19
25 124 3.13653e-18
26 124 7.63833e-21
27 124 3.41052e-19
28 124 4.95134e-18
29 124 4.93034e-19
30 124 2.26823e-19
31 124 3.67921e-20
32 124 6.43525e-07
33 124 1.00952e-07
34 124 3.47039e-07
35 124 1.49301e-07
36 124 4.17759e-06
37 124 3.01574e-06
38 124 2.24612e-06
39 124 2.16246e-06
40 124 2.1503e-06
41 124 4.04853e-07
42 124 2.03184e-19
43 124 1.00496e-20
44 124 1.66901e-07
45 124 3.91945e-06
46 124 3.96036e-08
47 124 4.08335e-06
48 124 3.86822e-06
49 124 1.80864e-05
50 124 1.24059e-20
51 124 7.56057e-20
52 124 7.03509e-06
53 124 1.41128e-06
54 124 8.12741e-08
55 124 3.38435e-06
56 124 9.83954e-22
57 124 3.78112e-20
58 124 3.73753e-20
59 124 1.45264e-19
60 124 1.4205e-20
61 124 1.02381e-20
62 124 1.4724e-20
63 124 1.64809e-20
64 124 4.51924e-20
65 124 4.31637e-20
66 124 2.72153e-20
67 124 1.72142e-20
68 124 3.88531e-21
69 124 4.0733e-21
70 124 1.21399e-20
71 124 9.51805e-20
72 124 2.51006e-20
73 124 1.40798e-20
74 124 5.84156e-21
75 124 1.09676e-21
76 124 4.75981e-05
77 124 1.13798e-05
78 124 7.22104e-06
79 124 1.18413e-05
80 124 0.000130646
81 124 9.904e-05
82 124 8.53518e-06
83 124 1.71389e-06
84 124 4.40767e-07
85 124 1.59881e-05
86 124 3.45693e-21
87 124 1.02665e-22
88 124 7.83683e-22
89 124 9.93872e-21
90 124 3.41622e-19
91 124 2.3028e-20
92 124 2.23869e-20
93 124 1.85456e-20
94 124 0.000122495
95 124 0.000322944
0 125 2.44646e-17
1 125 4.66841e-17
2 125 5.06621e-18
3 125 1.12391e-17
4 125 9.26759e-17
5 125 1.90507e-17
6 125 4.17444e-18
7 125 1.97418e-18
8 125 2.41343e-19
9 125 3.54818e-18
10 125 2.6146e-18
11 125 4.5509e-18
12 125 1.48442e-17
13 125 1.42663e-18
14 125 1.77834e-18
15 125 5.07457e-18
16 125 1.26775e-18
17 125 1.04828e-19
18 125 1.3691e-06
19 125 2.38743e-06
20 125 8.99512e-07
21 125 3.86156e-06
22 125 1.6454e-06
23 125 1.97462e-06
24 125 5.58975e-21
25 125 1.54907e-18
26 125 2.89467e-18
27 125 2.12827e-19
28 125 7.96955e-19
29 125 1.09493e-18
30 125 1.08033e-19
31 125 1.28204e-19
32 125 5.86736e-07
33 125 9.75536e-07
34 125 1.82317e-07
35 125 1.81181e-06
36 125 1.81784e-06
37 125 1.56202e-06
38 125 2.38858e-06
39 125 5.14568e-07
40 125 1.0093e-07
41 125 1.86258e-06
42 125 8.52186e-20
43 125 6.05936e-20
44 125 6.40822e-06
45 125 2.16691e-06
46 125 1.31196e-05
47 125 4.87262e-06
48 125 1.5004e-07
49 125 8.22635e-08
50 125 5.31969e-22
51 125 2.35764e-20
52 125 3.34946e-07
53 125 3.639e-06
54 125 3.97518e-06
55 125 3.75674e-07
56 125 1.75755e-20
57 125 2.54155e-20
58 125 1.5785e-20
59 125 7.23848e-20
60 125 1.0271e-20
61 125 1.38542e-20
62 125 2.94966e-20
63 125 3.80842e-20
64 125 3.31831e-20
65 125 6.43292e-21
66 125 1.56313e-20
67 125 2.4781e-20
68 125 2.86158e-20
69 125 3.94342e-20
70 125 5.31453e-20
71 125 3.3326e-20
72 125 9.70019e-20
73 125 2.01526e-20
74 125 1.46245e-20
75 125 4.23306e-20
76 125 3.29826e-06
77 125 2.58915e-05
78 125 3.88637e-07
79 125 2.49607e-05
80 125 0.000420869
81 125 6.11239e-05
82 125 3.02301e-06
83 125 5.1036e-06
84 125 8.52471e-06
85 125 1.9928e-06
86 125 1.69194e-21
87 125 5.54764e-21
88 125 4.3652e-21
89 125 3.0427e-20
90 125 1.73388e-20
91 125 1.02049e-19
92 125 1.45507e-20
93 125 3.40717e-20
94 125 0.00022377
95 125 0.000710977
0 126 3.13504e-17
1 126 1.05975e-17
2 126 2.9751e-17
3 126 2.23631e-17
4 126 2.20869e-17
5 126 6.18518e-17
6 126 3.97732e-17
7 126 6.97185e-18
8 126 4.73024e-18
9 126 7.76601e-18
10 126 3.76676e-17
11 126 1.02106e-17
12 126 5.91242e-17
13 126 1.4903e-17
14 126 7.47036e-18
15 126 3.18439e-19
16 126 5.63723e-19
17 126 1.01114e-18
18 126 4.53614e-07
19 126 2.18889e-07
20 126 4.54106e-07
21 126 1.52636e-07
22 126 5.39996e-06
23 126 1.54307e-08
24 126 1.08354e-18
25 126 1.13489e-18
26 126 1.84605e-18
27 126 1.24084e-19
28 126 1.13603e-18
29 126 2.35293e-22
30 126 2.94313e-19
31 126 1.2936e-19
32 126 1.63092e-06
33 126 1.06237e-06
34 126 2.67004e-06
35 126 5.15558e-07
36 126 9.708e-07
37 126 9.35077e-07
38 126 4.33065e-07
39 126 3.01067e-07
40 126 3.83556e-06
41 126 1.23338e-08
42 126 5.20939e-07
43 126 4.77809e-07
44 126 2.75773e-06
45 126 8.00853e-06
46 126 3.83536e-07
47 126 6.9197e-06
48 126 1.05067e-07
49 126 1.52542e-05
50 126 2.49753e-07
51 126 1.5674e-06
52 126 7.64841e-06
53 126 4.23665e-06
54 126 8.78253e-07
55 126 2.83636e-05
56 126 1.87766e-20
57 126 5.44875e-20
58 126 3.68651e-20
59 126 4.81088e-20
60 126 6.20433e-20
61 126 1.20764e-22
62 126 2.11358e-20
63 126 8.22486e-21
64 126 1.03063e-20
65 126 9.54899e-21
66 126 2.33215e-20
67 126 1.02417e-21
68 126 1.93141e-21
69 126 9.53339e-21
70 126 4.90759e-21
71 126 8.15241e-21
72 126 5.0354e-20
73 126 1.68e-20
74 126 1.25192e-20
75 126 6.35356e-21
76 126 1.9509e-05
77 126 1.78151e-05
78 126 2.20747e-05
79 126 2.21788e-05
80 126 8.27529e-06
81 126 6.29e-05
82 126 2.71301e-05
83 126 1.47432e-05
84 126 3.37337e-06
85 126 2.86158e-05
86 126 1.21485e-06
87 126 2.25814e-05
88 126 3.18932e-20
89 126 6.16312e-23
90 126 8.21133e-20
91 126 4.5232e-21
92 126 1.89031e-20
93 126 2.14238e-20
94 126 8.73916e-05
95 126 2.65466e-05
0 127 1.75542e-16
1 127 2.09775e-17
2 127 2.85416e-17
3 127 3.42544e-18
4 127 3.59622e-16
5 127 8.79105e-17
6 127 1.29197e-17
7 127 1.19789e-18
8 127 3.98355e-18
9 127 2.72939e-19
10 127 4.36204e-17
11 127 1.25061e-17
12 127 1.16512e-16
13 127 1.21335e-17
14 127 2.95235e-17
15 127 3.61718e-18
16 127 6.15505e-18
17 127 2.05542e-19
18 127 2.81166e-08
19 127 3.01785e-07
20 127 1.56956e-06
21 127 1.122e-06
22 127 1.08495e-06
23 127 1.46624e-06
24 127 2.16408e-18
25 127 1.22294e-19
26 127 1.27947e-18
27 127 2.36416e-19
28 127 4.43746e-18
29 127 3.68067e-19
30 127 1.93624e-19
31 127 1.27882e-20
32 127 2.29586e-07
33 127 1.09162e-06
34 127 2.16605e-06
35 127 3.47273e-06
36 127 3.03743e-06
37 127 1.50037e-06
38 127 5.4156e-07
39 127 1.73498e-06
40 127 1.21823e-06
41 127 6.36722e-07
42 127 1.32868e-07
43 127 9.17933e-07
44 127 4.69937e-06
45 127 5.82062e-07
46 127 3.20285e-05
47 127 6.01763e-06
48 127 5.27048e-06
49 127 7.41025e-06
50 127 1.8902e-06
51 127 2.16588e-08
52 127 9.69295e-08
53 127 1.4154e-05
54 127 7.70102e-06
55 127 2.04599e-05
56 127 1.01296e-19
57 127 5.81035e-20
58 127 5.25666e-20
59 127 3.74457e-20
60 127 9.23257e-21
61 127 6.70307e-20
62 127 3.24437e-20
63 127 1.37611e-20
64 127 9.1573e-21
65 127 9.61576e-21
66 127 4.82284e-20
67 127 4.74098e-20
68 127 4.82207e-20
69 127 1.58182e-20
70 127 1.11364e-20
71 127 8.88931e-22
72 127 9.39615e-20
73 127 9.89991e-21
74 127 1.48692e-20
75 127 1.78004e-20
76 127 1.77677e-05
77 127 1.82504e-05
78 127 8.97546e-06
79 127 3.84943e-05
80 127 1.01403e-05
81 127 2.4775e-05
82 127 2.37653e-06
83 127 1.28954e-05
84 127 3.51699e-06
85 127 3.82545e-05
86 127 2.40882e-05
87 127 9.48281e-07
88 127 3.71825e-20
89 127 6.38983e-21
90 127 8.45868e-21
91 127 1.06762e-19
92 127 2.00366e-20
93 127 4.86759e-20
94 127 4.6658e-05
95 127 9.2349e-06
0 128 2.99539e-17
1 128 4.65238e-17
2 128 1.89852e-17
3 128 7.52519e-19
4 128 1.67648e-17
5 128 8.23009e-18
6 128 3.50771e-18
7 128 1.92768e-17
8 128 4.35875e-18
9 128 1.0102e-17
10 128 3.56892e-20
11 128 5.36889e-18
12 128 1.32914e-18
13 128 2.64938e-18
14 128 5.92114e-18
15 128 1.28599e-18
16 128 1.87782e-18
17 128 1.28496e-19
18 128 6.67049e-08
19 128 1.81605e-07
20 128 1.21517e-06
21 128 1.31551e-06
22 128 1.99561e-06
23 128 3.65944e-06
24 128 6.61365e-19
25 128 2.41598e-19
26 128 5.11679e-19
27 128 1.42817e-19
28 128 8.21609e-20
29 128 5.4575e-19
30 128 3.55161e-20
31 128 1.35899e-20
32 128 4.04877e-07
33 128 5.89569e-07
34 128 2.31771e-06
35 128 3.70583e-08
36 128 1.40095e-06
37 128 6.37494e-06
38 128 1.67539e-06
39 128 9.44518e-07
40 128 1.10025e-06
41 128 2.39252e-06
42 128 8.47734e-08
43 128 5.3771e-07
44 128 2.97757e-06
45 128 9.97668e-07
46 128 2.73565e-07
47 128 2.45065e-05
48 128 1.07371e-05
49 128 1.44194e-05
50 128 9.66738e-07
51 128 1.65829e-07
52 128 1.64081e-05
53 128 7.6687e-06
54 128 1.21307e-05
55 128 2.15893e-05
56 128 1.0608e-20
57 128 4.6711e-20
58 128 3.21969e-20
59 128 3.54301e-20
60 128 3.18694e-20
61 128 2.93849e-20
62 128 9.85125e-22
63 128 1.08283e-20
64 128 2.90531e-20
65 128 1.55048e-22
66 128 1.46236e-20
67 128 3.02405e-20
68 128 1.44963e-20
69 128 2.17682e-20
70 128 2.05405e-20
71 128 1.31407e-20
72 128 7.18995e-21
73 128 4.07257e-20
74 128 2.28882e-21
75 128 1.74302e-20
76 128 1.58691e-05
77 128 7.19267e-06
78 128 3.9001e-05
79 128 5.72763e-05
80 128 2.31864e-05
81 128 3.0938e-06
82 128 1.01039e-05
83 128 2.41764e-05
84 128 5.48267e-05
85 128 4.92501e-06
86 128 1.03356e-05
87 128 4.49579e-06
88 128 1.75561e-22
89 128 6.62862e-20
90 128 9.65211e-21
91 128 4.03056e-20
92 128 3.0215e-20
93 128 1.26074e-20
94 128 1.0164e-05
95 128 3.19056e-05
0 129 3.10836e-17
1 129 3.30613e-17
2 129 7.47218e-17
3 129 7.03385e-18
4 129 2.78452e-17
5 129 3.41821e-17
6 129 1.57055e-17
7 129 5.3156e-18
8 129 6.05369e-18
9 129 1.91558e-17
10 129 2.49058e-18
11 129 2.72129e-18
12 129 4.74292e-18
13 129 7.16404e-18
14 129 6.87389e-19
15 129 7.0476e-19
16 129 2.00142e-18
17 129 2.50221e-19
18 129 1.14171e-07
19 129 1.88847e-08
20 129 3.95202e-06
21 129 2.21246e-06
22 129 3.14663e-07
23 129 7.18026e-07
24 129 2.2331e-19
25 129 8.54082e-19
26 129 8.02537e-19
27 129 6.37389e-19
28 129 1.51131e-18
29 129 1.45643e-18
30 129 2.42679e-19
31 129 1.69874e-20
32 129 4.13164e-07
33 129 1.1971e-07
34 129 1.05732e-06
35 129 1.00218e-05
36 129 3.80498e-06
37 129 7.59812e-07
38 129 1.8601e-06
39 129 1.9356e-06
40 129 1.15704e-06
41 129 3.51833e-06
42 129 3.26738e-07
43 129 4.85935e-08
44 129 4.28071e-07
45 129 1.70206e-06
46 129 4.89227e-06
47 129 7.05369e-06
48 129 3.88578e-05
49 129 2.29158e-06
50 129 3.19085e-07
51 129 3.63806e-07
52 129 1.00937e-05
53 129 4.03362e-05
54 129 2.84085e-05
55 129 6.72333e-06
56 129 3.32001e-20
57 129 3.52892e-20
58 129 3.1434e-20
59 129 2.73984e-20
60 129 4.76763e-20
61 129 3.057e-20
62 129 5.21754e-20
63 129 5.62339e-21
64 129 3.67996e-21
65 129 3.21395e-20
66 129 1.54151e-20
67 129 7.19771e-21
68 129 2.12701e-20
69 129 7.0326e-21
70 129 2.07113e-20
71 129 2.79208e-21
72 129 6.402e-20
73 129 2.06875e-20
74 129 2.92816e-21
75 129 2.8443e-21
76 129 1.82387e-06
77 129 2.78259e-05
78 129 6.15815e-05
79 129 6.02614e-06
80 129 1.14909e-05
81 129 2.59128e-06
82 129 1.74298e-05
83 129 2.73548e-05
84 129 2.91127e-05
85 129 3.49445e-05
86 129 5.66484e-06
87 129 3.27785e-06
88 129 2.33852e-20
89 129 8.50765e-20
90 129 4.85216e-20
91 129 1.27778e-20
92 129 2.7214e-22
93 129 1.58874e-20
94 129 2.21022e-06
95 129 2.03327e-05
0 130 1.74779e-17
1 130 2.09702e-17
2 130 7.92158e-18
3 130 4.97571e-18
4 130 8.40227e-18
5 130 1.28799e-17
6 130 1.91472e-17
7 130 2.2374e-18
8 130 3.99527e-18
9 130 1.40351e-17
10 130 2.99076e-19
11 130 3.23626e-18
12 130 1.9014e-18
13 130 9.56706e-18
14 130 4.50454e-18
15 130 3.84043e-19
16 130 3.30172e-18
17 130 1.55672e-19
18 130 3.17819e-06
19 130 8.03102e-06
20 130 1.99923e-07
21 130 2.98525e-06
22 130 1.66361e-06
23 130 1.20412e-07
24 130 5.5481e-19
25 130 6.23424e-19
26 130 6.47189e-19
27 130 1.28886e-19
28 130 6.07843e-19
29 130 4.68688e-19
30 130 1.16378e-19
31 130 8.99372e-20
32 130 5.07189e-07
33 130 3.20772e-07
34 130 3.26428e-08
35 130 1.68726e-07
36 130 1.60335e-07
37 130 5.87789e-07
38 130 8.57984e-06
39 130 4.89544e-06
40 130 9.12104e-07
41 130 9.63528e-06
42 130 4.29349e-20
43 130 4.64084e-20
44 130 2.87562e-05
45 130 2.18812e-05
46 130 1.54902e-05
47 130 8.26067e-06
48 130 2.44332e-06
49 130 5.04842e-06
50 130 1.28881e-23
51 130 1.23895e-20
52 130 7.08568e-09
53 130 4.16862e-09
54 130 7.39078e-09
55 130 3.16405e-09
56 130 4.29781e-21
57 130 4.78678e-21
58 130 6.45993e-20
59 130 1.30392e-20
60 130 2.43988e-20
61 130 5.55016e-21
62 130 1.75253e-22
63 130 4.25182e-20
64 130 1.26354e-19
65 130 1.75556e-21
66 130 2.94829e-22
67 130 3.04028e-20
68 130 6.4968e-20
69 130 4.24111e-20
70 130 1.57399e-21
71 130 2.54843e-21
72 130 2.19518e-20
73 130 8.26537e-22
74 130 7.61858e-21
75 130 6.79519e-21
76 130 1.89613e-06
77 130 1.33428e-05
78 130 9.78531e-07
79 130 6.99859e-06
80 130 9.20675e-05
81 130 3.50543e-06
82 130 1.71343e-05
83 130 6.73517e-06
84 130 1.85403e-05
85 130 1.04155e-05
86 130 6.30733e-21
87 130 4.23889e-20
88 130 2.34662e-20
89 130 1.81361e-20
90 130 5.09068e-21
91 130 5.19837e-20
92 130 1.33285e-20
93 130 2.39345e-20
94 130 4.57055e-05
95 130 0.000336888
0 131 2.34557e-17
1 131 2.91139e-17
2 131 1.55476e-17
3 131 4.71013e-19
4 131 3.877e-17
5 131 7.50015e-18
6 131 5.56278e-18
7 131 9.0526e-19
8 131 9.94776e-18
9 131 1.37033e-17
10 131 2.31574e-18
11 131 1.96297e-18
12 131 9.95552e-18
13 131 1.99848e-18
14 131 9.63805e-18
15 131 2.62375e-20
16 131 1.38763e-18
17 131 1.45331e-19
18 131 6.86407e-06
19 131 4.4413e-07
20 131 1.44308e-06
21 131 9.78461e-08
22 131 7.85839e-07
23 131 3.81253e-06
24 131 1.58248e-19
25 131 3.1742e-19
26 131 1.30914e-19
27 131 1.78829e-20
28 131 7.29903e-19
29 131 3.24199e-20
30 131 7.17541e-20
31 131 2.96994e-21
32 131 2.22289e-07
33 131 3.17527e-07
34 131 5.33663e-08
35 131 1.49912e-07
36 131 8.13793e-07
37 131 1.55998e-07
38 131 1.24585e-05
39 131 7.25646e-06
40 131 9.30695e-06
41 131 6.57341e-07
42 131 7.11874e-20
43 131 1.1025e-20
44 131 1.46844e-05
45 131 1.83302e-05
46 131 5.25517e-06
47 131 5.85836e-06
48 131 3.89144e-06
49 131 2.35943e-05
50 131 7.99099e-21
51 131 8.95041e-21
52 131 1.06699e-08
53 131 7.9983e-09
54 131 2.38185e-09
55 131 5.89448e-09
56 131 7.51555e-23
57 131 2.46601e-20
58 131 7.3077e-20
59 131 8.28362e-20
60 131 6.16051e-21
61 131 2.35368e-20
62 131 2.2393e-20
63 131 3.7738e-21
64 131 3.13238e-20
65 131 1.62735e-20
66 131 6.23164e-20
67 131 2.20812e-20
68 131 4.0883e-20
69 131 7.39598e-21
70 131 1.49331e-20
71 131 2.06302e-20
72 131 5.42451e-20
73 131 2.09196e-20
74 131 1.27518e-20
75 131 1.4644e-20
76 131 1.80275e-05
77 131 1.24721e-06
78 131 2.00031e-06
79 131 7.40772e-06
80 131 3.02852e-05
81 131 3.20267e-05
82 131 1.29812e-05
83 131 1.10282e-05
84 131 4.81975e-06
85 131 3.64349e-05
86 131 2.55411e-21
87 131 2.88654e-21
88 131 4.89713e-20
89 131 1.70737e-22
90 131 5.79355e-20
91 131 3.73653e-21
92 131 3.51954e-21
93 131 7.41117e-21
94 131 0.000112862
95 131 0.000136582
0 132 4.51789e-17
1 132 5.56576e-17
2 132 1.01951e-17
3 132 4.08649e-19
4 132 2.3716e-17
5 132 2.40469e-17
6 132 4.39993e-18
7 132 8.12552e-18
8 132 1.18084e-17
9 132 7.57678e-18
10 132 1.612e-18
11 132 1.10881e-17
12 132 8.54728e-18
13 132 4.15685e-19
14 132 2.65613e-18
15 132 6.75746e-19
16 132 2.75571e-18
17 132 1.66792e-19
18 132 2.71288e-06
19 132 1.52303e-07
20 132 6.16422e-06
21 132 2.18526e-06
22 132 1.10069e-06
23 132 2.9819e-06
24 132 1.46631e-18
25 132 2.63551e-20
26 132 3.25871e-19
27 132 4.87261e-19
28 132 1.74376e-19
29 132 2.56099e-20
30 132 2.24941e-20
31 132 9.85696e-20
32 132 1.32638e-06
33 132 2.08993e-06
34 132 3.58327e-06
35 132 1.47322e-07
36 132 8.30668e-08
37 132 3.29726e-07
38 132 5.33162e-06
39 132 1.87525e-05
40 132 4.35127e-06
41 132 9.35868e-06
42 132 3.16496e-06
43 132 7.46424e-06
44 132 7.91903e-07
45 132 1.06568e-06
46 132 6.12526e-07
47 132 2.18694e-06
48 132 1.23794e-05
49 132 2.2664e-06
50 132 9.46239e-07
51 132 7.53604e-07
52 132 1.46025e-07
53 132 2.44896e-07
54 132 1.06654e-07
55 132 6.93338e-07
56 132 2.66182e-20
57 132 3.15061e-20
58 132 1.4219e-21
59 132 2.22257e-20
60 132 1.67061e-20
61 132 3.66057e-21
62 132 9.95156e-21
63 132 1.96475e-20
64 132 3.08056e-21
65 132 1.89851e-21
66 132 3.59904e-20
67 132 1.06823e-21
68 132 8.95319e-21
69 132 6.77658e-20
70 132 1.01611e-20
71 132 8.67458e-21
72 132 3.03586e-20
73 132 2.78791e-20
74 132 8.03268e-21
75 132 1.144e-21
76 132 5.22842e-07
77 132 9.27673e-06
78 132 2.48349e-05
79 132 5.53657e-07
80 132 1.98158e-05
81 132 4.19488e-05
82 132 2.87316e-06
83 132 6.4102e-06
84 132 1.33892e-06
85 132 1.4022e-06
86 132 4.08885e-06
87 132 6.92495e-06
88 132 5.14514e-21
89 132 3.43905e-20
90 132 2.77855e-20
91 132 7.41431e-22
92 132 4.0579e-21
93 132 7.52613e-21
94 132 0.000109004
95 132 7.36153e-05
0 133 5.84863e-17
1 133 7.47394e-18
2 133 1.87629e-18
3 133 2.14764e-17
4 133 4.97912e-17
5 133 1.17281e-17
6 133 1.0119e-18
7 133 3.69924e-18
8 133 9.7689e-18
9 133 3.82015e-18
10 133 1.95833e-17
11 133 1.19614e-18
12 133 1.17502e-17
13 133 4.33756e-18
14 133 7.13881e-18
15 133 5.95431e-19
16 133 2.2868e-19
17 133 1.30158e-19
18 133 2.51545e-08
19 133 1.0891e-07
20 133 4.04018e-06
21 133 3.86445e-06
22 133 7.45603e-06
23 133 1.5565e-07
24 133 4.16994e-19
25 133 3.38684e-20
26 133 7.96195e-19
27 133 4.10824e-20
28 133 1.25121e-18
29 133 9.89448e-20
30 133 1.30013e-20
31 133 5.27943e-21
32 133 7.40977e-08
33 133 8.57539e-08
34 133 8.11843e-07
35 133 2.13898e-06
36 133 9.19191e-07
37 133 1.29037e-06
38 133 1.42141e-05
39 133 1.44383e-05
40 133 5.37363e-06
41 133 1.29195e-05
42 133 3.88444e-06
43 133 9.61168e-06
44 133 6.2602e-08
45 133 2.43157e-08
46 133 3.20037e-06
47 133 9.39054e-06
48 133 5.03264e-06
49 133 3.58834e-06
50 133 1.27363e-06
51 133 8.84701e-07
52 133 5.50452e-08
53 133 6.02941e-08
54 133 7.62328e-07
55 133 5.83454e-07
56 133 3.99491e-20
57 133 3.51808e-20
58 133 2.50127e-20
59 133 1.23539e-20
60 133 1.38621e-20
61 133 4.8448e-20
62 133 6.29399e-21
63 133 1.33658e-20
64 133 4.84896e-21
65 133 1.98212e-20
66 133 2.24326e-21
67 133 5.16311e-20
68 133 3.0068e-21
69 133 1.27857e-20
70 133 1.03145e-20
71 133 8.74329e-21
72 133 2.13581e-20
73 133 2.80856e-20
74 133 9.80266e-21
75 133 5.70705e-21
76 133 7.48086e-06
77 133 2.33018e-05
78 133 6.19919e-06
79 133 7.24699e-06
80 133 2.54744e-06
81 133 3.42567e-07
82 133 1.43308e-06
83 133 8.37276e-06
84 133 4.284e-06
85 133 6.76394e-07
86 133 5.69398e-06
87 133 8.29047e-06
88 133 5.9064e-21
89 133 2.03305e-20
90 133 7.771e-21
91 133 1.50836e-21
92 133 1.3028e-20
93 133 2.07212e-20
94 133 2.07932e-06
95 133 6.46559e-06
0 134 9.23674e-17
1 134 8.40116e-18
2 134 5.99952e-18
3 134 1.73359e-18
4 134 3.3015e-17
5 134 7.49125e-18
6 134 2.49284e-17
7 134 1.58976e-18
8 134 8.67712e-18
9 134 4.18242e-18
10 134 2.01767e-18
11 134 3.84859e-18
12 134 1.61707e-17
13 134 1.19269e-18
14 134 6.85949e-18
15 134 7.88326e-19
16 134 2.7593e-18
17 134 2.58026e-19
18 134 7.0822e-07
19 134 3.93294e-06
20 134 1.8484e-07
21 134 3.83195e-06
22 134 1.05121e-07
23 134 3.62434e-06
24 134 3.97601e-19
25 134 2.15938e-19
26 134 8.91188e-20
27 134 1.98188e-19
28 134 1.47494e-18
29 134 3.35003e-19
30 134 1.30589e-19
31 134 6.08242e-20
32 134 3.89025e-06
33 134 1.64364e-06
34 134 1.14268e-06
35 134 1.80972e-07
36 134 3.24134e-08
37 134 2.53768e-07
38 134 6.19624e-06
39 134 1.78713e-05
40 134 1.4825e-06
41 134 1.12461e-06
42 134 3.46418e-05
43 134 1.07421e-05
44 134 1.23993e-06
45 134 1.76908e-06
46 134 1.73053e-06
47 134 4.42026e-06
48 134 6.22569e-07
49 134 6.04876e-06
50 134 2.80975e-06
51 134 4.44813e-06
52 134 1.92532e-07
53 134 1.27681e-07
54 134 3.42314e-07
55 134 1.79823e-08
56 134 9.80883e-22
57 134 2.97843e-21
58 134 6.02805e-20
59 134 2.26385e-20
60 134 8.97298e-20
61 134 3.40534e-21
62 134 2.28316e-20
63 134 2.74053e-20
64 134 1.25816e-20
65 134 1.18773e-21
66 134 1.66901e-20
67 134 6.23519e-20
68 134 7.74124e-21
69 134 8.365e-20
70 134 8.46435e-21
71 134 8.79569e-21
72 134 4.83756e-22
73 134 6.17958e-21
74 134 1.22709e-20
75 134 8.20841e-21
76 134 3.02137e-06
77 134 5.535e-06
78 134 1.47259e-06
79 134 5.76635e-06
80 134 4.90389e-05
81 134 5.10103e-05
82 134 5.80293e-06
83 134 4.01584e-07
84 134 8.72422e-07
85 134 3.22979e-06
86 134 1.78282e-05
87 134 2.91978e-05
88 134 1.19488e-21
89 134 9.36375e-20
90 134 1.15709e-20
91 134 7.68784e-21
92 134 1.19341e-22
93 134 9.15186e-21
94 134 0.000154553
95 134 0.000141263
0 135 1.28241e-16
1 135 3.37964e-17
2 135 1.18848e-17
3 135 8.87494e-18
4 135 1.16157e-16
5 135 1.81998e-17
6 135 3.91007e-18
7 135 4.1709e-19
8 135 3.12507e-17
9 135 2.75417e-18
10 135 2.54399e-17
11 135 1.13992e-17
12 135 4.13357e-17
13 135 5.75502e-18
14 135 7.51839e-18
15 135 1.71698e-18
16 135 3.19676e-18
17 135 5.3948e-19
18 135 1.13348e-06
19 135 7.90287e-07
20 135 2.12338e-06
21 135 2.51667e-06
22 135 8.49429e-07
23 135 2.62074e-06
24 135 1.25476e-18
25 135 2.50225e-19
26 135 4.83906e-19
27 135 3.47044e-19
28 135 1.89739e-18
29 135 3.05398e-19
30 135 3.00834e-20
31 135 6.39484e-20
32 135 2.21153e-07
33 135 2.07265e-06
34 135 4.239e-07
35 135 2.78165e-07
36 135 1.004e-06
37 135 1.26769e-06
38 135 2.47931e-07
39 135 9.37593e-07
40 135 7.39176e-06
41 135 1.60735e-05
42 135 8.63571e-06
43 135 6.58163e-05
44 135 9.46097e-07
45 135 3.0114e-07
46 135 8.46307e-07
47 135 7.61226e-06
48 135 2.04129e-06
49 135 2.28024e-06
50 135 9.1954e-06
51 135 2.71112e-06
52 135 1.18803e-07
53 135 1.54646e-07
54 135 2.91526e-07
55 135 3.10862e-07
56 135 3.12158e-21
57 135 6.62346e-20
58 135 1.67176e-21
59 135 1.30758e-20
60 135 1.80388e-21
61 135 1.52998e-19
62 135 4.65842e-20
63 135 5.18422e-21
64 135 2.93914e-20
65 135 6.66482e-20
66 135 5.60974e-20
67 135 4.62264e-21
68 135 9.1207e-21
69 135 1.54121e-21
70 135 3.50068e-20
71 135 6.28499e-21
72 135 1.10226e-20
73 135 3.59827e-20
74 135 2.25904e-20
75 135 5.49488e-21
76 135 1.0595e-05
77 135 1.68489e-06
78 135 3.31923e-06
79 135 7.79876e-06
80 135 3.34127e-06
81 135 3.81293e-05
82 135 8.38365e-08
83 135 1.71724e-07
84 135 5.66002e-06
85 135 2.05415e-06
86 135 5.72466e-05
87 135 1.98993e-05
88 135 1.66007e-20
89 135 2.04027e-21
90 135 5.0404e-20
91 135 3.78849e-20
92 135 6.17461e-21
93 135 3.49266e-20
94 135 0.000115092
95 135 7.52397e-06
0 136 1.81409e-06
1 136 8.21973e-07
2 136 5.96465e-18
3 136 4.14718e-19
4 136 3.68113e-07
5 136 3.33391e-07
6 136 2.4168e-07
7 136 1.22151e-07
8 136 6.59765e-07
9 136 3.91742e-07
10 136 4.70213e-07
11 136 1.66204e-06
12 136 3.03868e-07
13 136 9.22945e-07
14 136 2.27349e-06
15 136 4.58023e-06
16 136 1.67005e-06
17 136 5.00392e-07
18 136 7.14068e-20
19 136 2.34454e-19
20 136 4.95052e-19
21 136 1.86218e-20
22 136 1.0208e-19
23 136 5.52942e-20
24 136 9.68351e-07
25 136 6.40578e-07
26 136 1.46853e-19
27 136 1.49787e-19
28 136 1.34217e-07
29 136 1.60419e-07
30 136 2.07719e-08
31 136 3.23212e-07
32 136 8.52624e-20
33 136 5.25621e-20
34 136 1.25145e-19
35 136 4.13646e-20
36 136 5.39949e-20
37 136 2.80512e-20
38 136 1.1554e-20
39 136 2.08467e-20
40 136 1.15962e-21
41 136 1.2513e-20
42 136 2.83148e-20
43 136 2.06972e-20
44 136 1.44907e-19
45 136 4.43414e-21
46 136 1.59828e-20
47 136 9.0735e-22
48 136 3.03528e-21
49 136 4.12556e-21
50 136 1.18545e-20
51 136 8.32886e-22
52 136 2.72215e-21
53 136 1.96619e-20
54 136 2.02003e-22
55 136 3.22698e-21
56 136 6.71354e-21
57 136 1.10124e-20
58 136 1.08466e-07
59 136 1.09807e-08
60 136 1.56066e-07
61 136 4.50533e-09
62 136 6.69098e-07
63 136 2.07282e-05
64 136 1.26363e-05
65 136 1.32982e-05
66 136 8.05732e-06
67 136 1.56323e-05
68 136 5.40965e-21
69 136 1.71135e-21
70 136 2.46922e-08
71 136 3.64058e-06
72 136 4.95888e-06
73 136 3.02929e-06
74 136 2.66876e-06
75 136 1.50936e-05
76 136 9.73719e-21
77 136 7.49546e-22
78 136 5.49182e-21
79 136 2.58811e-20
80 136 3.24613e-20
81 136 1.90786e-20
82 136 8.18264e-21
83 136 1.88272e-20
84 136 3.14679e-20
85 136 2.23676e-21
86 136 2.51091e-20
87 136 3.07063e-20
88 136 4.42851e-20
89 136 1.87358e-20
90 136 1.11497e-06
91 136 4.73506e-06
92 136 2.21357e-06
93 136 2.62131e-07
94 136 1.84215e-20
95 136 3.15984e-21
0 137 1.93771e-06
1 137 3.19227e-06
2 137 4.84953e-18
3 137 4.54947e-18
4 137 1.87538e-07
5 137 1.55016e-07
6 137 3.28475e-08
7 137 3.95162e-07
8 137 2.61164e-07
9 137 1.3266e-06
10 137 2.95722e-07
11 137 4.19318e-07
12 137 6.29845e-07
13 137 1.75762e-06
14 137 3.39385e-06
15 137 1.70081e-07
16 137 6.25669e-07
17 137 2.33756e-06
18 137 1.26331e-20
19 137 1.30828e-19
20 137 3.28012e-18
21 137 4.03799e-19
22 137 1.83084e-21
23 137 6.62534e-20
24 137 1.82965e-06
25 137 1.30144e-06
26 137 1.34186e-18
27 137 6.95992e-20
28 137 2.67917e-07
29 137 9.41792e-08
30 137 2.38499e-08
31 137 7.59677e-08
32 137 1.95934e-19
33 137 4.6503e-20
34 137 1.15093e-19
35 137 7.19014e-21
36 137 6.50222e-21
37 137 5.74501e-22
38 137 2.82133e-20
39 137 1.87006e-20
40 137 6.73204e-21
41 137 1.9926e-20
42 137 1.91857e-20
43 137 2.23652e-20
44 137 9.32203e-21
45 137 7.73898e-21
46 137 1.85243e-20
47 137 1.56995e-20
48 137 2.73375e-20
49 137 5.23197e-21
50 137 1.26046e-20
51 137 2.03617e-21
52 137 5.65412e-21
53 137 7.42462e-21
54 137 2.66181e-21
55 137 5.97444e-22
56 137 2.26337e-21
57 137 2.85121e-21
58 137 1.71461e-09
59 137 1.38684e-07
60 137 4.44814e-08
61 137 1.76564e-08
62 137 5.08002e-06
63 137 9.67132e-06
64 137 1.66996e-05
65 137 2.78407e-06
66 137 1.57594e-05
67 137 3.03423e-05
68 137 1.34434e-22
69 137 3.03632e-22
70 137 2.97516e-06
71 137 3.99409e-06
72 137 7.60972e-07
73 137 6.98694e-07
74 137 1.50968e-05
75 137 1.94701e-05
76 137 2.97157e-21
77 137 1.88008e-21
78 137 3.96972e-21
79 137 1.13105e-20
80 137 4.32121e-22
81 137 8.85251e-21
82 137 6.71973e-21
83 137 5.04508e-21
84 137 4.60736e-21
85 137 2.59694e-21
86 137 2.23381e-20
87 137 5.60988e-21
88 137 3.86782e-21
89 137 6.7577e-21
90 137 3.7207e-06
91 137 1.05371e-06
92 137 9.42427e-08
93 137 1.15334e-06
94 137 4.34951e-21
95 137 2.35658e-21
0 138 5.63552e-08
1 138 4.1628e-09
2 138 8.54509e-07
3 138 7.30337e-07
4 138 6.30908e-08
5 138 7.7391e-06
6 138 5.1179e-07
7 138 8.53647e-07
8 138 1.09499e-06
9 138 1.92406e-07
10 138 2.19254e-07
11 138 6.0304e-07
12 138 8.98425e-09
13 138 1.05104e-08
14 138 1.368e-08
15 138 3.11333e-07
16 138 1.21006e-07
17 138 5.42263e-08
18 138 2.65198e-18
19 138 4.21458e-19
20 138 7.40969e-19
21 138 6.18023e-19
22 138 2.42374e-19
23 138 2.04627e-19
24 138 3.53291e-09
25 138 8.13581e-08
26 138 1.43506e-06
27 138 9.99257e-07
28 138 1.77043e-06
29 138 1.62333e-06
30 138 2.85648e-06
31 138 1.76024e-06
32 138 7.52961e-20
33 138 5.91106e-20
34 138 8.89245e-21
35 138 3.19799e-20
36 138 3.3129e-20
37 138 9.59486e-21
38 138 4.56352e-21
39 138 1.11352e-19
40 138 2.07605e-20
41 138 7.03353e-20
42 138 1.63901e-19
43 138 5.39644e-20
44 138 2.13765e-20
45 138 2.90764e-20
46 138 1.10542e-19
47 138 1.98011e-20
48 138 3.05915e-20
49 138 2.41585e-21
50 138 2.04812e-20
51 138 6.7678e-21
52 138 9.21884e-22
53 138 2.00068e-22
54 138 9.81528e-21
55 138 1.18268e-20
56 138 8.18043e-07
57 138 3.23983e-06
58 138 2.07852e-08
59 138 7.85309e-07
60 138 7.15679e-07
61 138 1.04442e-06
62 138 2.29702e-06
63 138 7.18184e-06
64 138 3.59815e-06
65 138 2.21721e-05
66 138 4.47517e-08
67 138 1.89705e-09
68 138 1.00382e-05
69 138 4.57665e-06
70 138 4.81823e-06
71 138 1.02918e-05
72 138 3.07614e-08
73 138 2.40537e-05
74 138 1.18807e-06
75 138 2.33126e-06
76 138 2.34517e-20
77 138 4.56492e-24
78 138 5.33657e-21
79 138 1.47356e-21
80 138 6.63912e-22
81 138 5.29291e-21
82 138 7.69861e-21
83 138 2.3901e-20
84 138 3.47668e-22
85 138 1.09667e-20
86 138 1.24262e-20
87 138 1.68031e-21
88 138 1.83852e-05
89 138 1.66609e-06
90 138 9.27099e-06
91 138 7.94412e-06
92 138 6.31706e-07
93 138 6.4344e-06
94 138 6.81116e-20
95 138 4.52918e-20
0 139 1.21139e-07
1 139 8.34362e-08
2 139 4.46049e-07
3 139 3.0941e-06
4 139 4.98878e-07
5 139 8.57341e-07
6 139 3.30787e-06
7 139 5.11803e-07
8 139 4.71887e-07
9 139 1.55125e-07
10 139 9.10941e-07
11 139 6.74328e-08
12 139 2.4605e-08
13 139 4.13015e-08
14 139 6.17302e-09
15 139 1.56232e-08
16 139 2.54567e-07
17 139 1.50038e-08
18 139 1.96561e-18
19 139 5.42857e-19
20 139 9.90767e-19
21 139 8.2479e-19
22 139 1.48842e-19
23 139 7.07348e-19
24 139 1.9408e-07
25 139 9.28934e-08
26 139 1.53731e-06
27 139 3.90033e-06
28 139 1.33704e-07
29 139 2.30675e-06
30 139 1.09134e-06
31 139 8.82771e-07
32 139 2.94849e-19
33 139 4.06721e-20
34 139 1.27697e-19
35 139 1.76381e-19
36 139 2.76507e-20
37 139 1.91256e-20
38 139 3.85213e-20
39 139 1.11882e-19
40 139 4.60568e-21
41 139 3.51953e-20
42 139 1.85415e-19
43 139 1.69701e-22
44 139 1.43088e-19
45 139 4.38059e-20
46 139 2.90677e-21
47 139 1.06433e-19
48 139 2.71501e-20
49 139 1.44727e-20
50 139 1.11002e-20
51 139 5.26885e-21
52 139 3.2083e-22
53 139 4.39363e-23
54 139 1.08746e-21
55 139 5.81696e-21
56 139 2.1474e-07
57 139 8.84952e-06
58 139 5.9195e-07
59 139 9.07101e-08
60 139 6.97578e-09
61 139 6.90326e-07
62 139 3.91538e-06
63 139 7.99659e-06
64 139 3.50977e-06
65 139 1.18973e-05
66 139 4.70883e-08
67 139 1.10608e-07
68 139 2.6559e-05
69 139 6.08692e-06
70 139 7.18637e-06
71 139 7.75907e-07
72 139 8.5027e-06
73 139 3.88293e-06
74 139 3.12952e-06
75 139 8.7676e-06
76 139 2.88498e-21
77 139 4.34311e-21
78 139 2.4552e-20
79 139 6.9477e-21
80 139 5.35329e-21
81 139 3.32805e-21
82 139 1.00536e-21
83 139 3.48052e-20
84 139 4.36087e-21
85 139 3.60273e-20
86 139 3.97255e-20
87 139 2.19517e-20
88 139 3.67641e-05
89 139 8.02539e-06
90 139 6.06221e-06
91 139 1.67048e-06
92 139 4.95885e-06
93 139 1.16838e-07
94 139 7.83098e-21
95 139 1.53334e-20
0 140 3.82982e-08
1 140 1.21918e-07
2 140 2.89584e-06
3 140 2.13976e-07
4 140 2.32398e-06
5 140 2.07005e-06
6 140 6.9629e-07
7 140 1.78901e-06
8 140 6.71959e-07
9 140 2.6781e-07
10 140 3.51766e-08
11 140 3.40347e-07
12 140 5.08089e-08
13 140 8.0628e-10
14 140 1.28765e-07
15 140 1.87998e-07
16 140 2.60776e-09
17 140 5.32299e-08
18 140 1.52382e-18
19 140 6.87702e-19
20 140 6.50564e-20
21 140 1.59215e-18
22 140 9.29712e-20
23 140 8.33863e-20
24 140 1.16525e-07
25 140 1.08226e-07
26 140 3.62236e-06
27 140 1.15427e-06
28 140 1.11205e-06
29 140 1.4608e-06
30 140 1.63349e-06
31 140 1.3017e-06
32 140 4.14475e-20
33 140 1.61472e-20
34 140 1.46895e-19
35 140 1.26328e-19
36 140 2.37673e-20
37 140 2.44519e-21
38 140 6.41773e-20
39 140 1.28315e-20
40 140 5.04263e-21
41 140 2.44135e-21
42 140 3.7913e-20
43 140 8.26669e-20
44 140 4.01813e-20
45 140 3.83535e-21
46 140 3.17117e-20
47 140 3.23419e-20
48 140 3.4523e-20
49 140 8.25521e-21
50 140 5.15914e-20
51 140 8.47651e-21
52 140 2.97366e-22
53 140 3.12846e-22
54 140 7.62824e-21
55 140 4.93616e-21
56 140 7.69772e-06
57 140 2.64676e-07
58 140 2.10046e-08
59 140 1.5282e-07
60 140 1.49786e-06
61 140 2.73449e-07
62 140 1.04511e-05
63 140 7.69895e-07
64 140 1.68582e-06
65 140 9.03769e-06
66 140 7.49042e-08
67 140 4.85991e-08
68 140 5.85097e-06
69 140 2.28265e-05
70 140 7.58628e-06
71 140 4.67624e-06
72 140 4.88301e-06
73 140 1.27447e-05
74 140 9.0952e-06
75 140 2.223e-07
76 140 1.70949e-20
77 140 2.29442e-20
78 140 4.77303e-20
79 140 1.43974e-20
80 140 2.45798e-20
81 140 1.65556e-21
82 140 8.62072e-21
83 140 4.67989e-21
84 140 2.02345e-20
85 140 1.69371e-20
86 140 2.18258e-21
87 140 4.03419e-20
88 140 9.86497e-06
89 140 2.94798e-05
90 140 1.79977e-06
91 140 5.09418e-06
92 140 3.54324e-06
93 140 6.51919e-06
94 140 2.66277e-20
95 140 1.14743e-19
0 141 6.53882e-08
1 141 6.23117e-08
2 141 1.21846e-07
3 141 2.30643e-07
4 141 5.28214e-06
5 141 1.72735e-06
6 141 9.48e-07
7 141 2.17056e-06
8 141 1.0213e-07
9 141 6.64398e-07
10 141 1.13211e-06
11 141 6.58782e-07
12 141 2.62046e-08
13 141 1.49333e-08
14 141 1.14092e-07
15 141 1.3342e-08
16 141 5.63162e-08
17 141 3.85102e-07
18 141 1.60112e-19
19 141 2.76328e-19
20 141 7.46575e-19
21 141 1.47881e-18
22 141 3.08213e-19
23 141 8.07511e-20
24 141 3.8713e-08
25 141 1.40418e-07
26 141 3.17491e-07
27 141 2.23925e-07
28 141 2.7605e-07
29 141 6.87993e-07
30 141 4.91029e-06
31 141 7.53544e-07
32 141 3.50887e-20
33 141 8.52503e-20
34 141 1.02576e-19
35 141 1.67806e-21
36 141 7.08871e-20
37 141 9.82327e-21
38 141 5.33877e-20
39 141 3.03021e-20
40 141 6.79134e-21
41 141 6.40097e-20
42 141 1.24347e-20
43 141 1.27301e-21
44 141 2.2173e-20
45 141 5.88187e-23
46 141 9.52358e-20
47 141 3.37836e-20
48 141 3.32337e-21
49 141 6.95936e-22
50 141 1.79065e-20
51 141 1.08118e-20
52 141 2.54061e-22
53 141 1.80144e-20
54 141 1.47213e-21
55 141 5.35201e-21
56 141 3.59501e-08
57 141 8.66563e-07
58 141 6.73013e-07
59 141 1.07808e-07
60 141 6.39429e-07
61 141 1.28252e-06
62 141 3.50589e-05
63 141 8.67312e-07
64 141 5.78368e-06
65 141 2.38303e-06
66 141 8.02324e-08
67 141 1.82026e-08
68 141 1.89041e-06
69 141 1.36009e-06
70 141 1.50609e-05
71 141 4.37871e-06
72 141 1.18186e-05
73 141 8.53031e-06
74 141 5.24826e-06
75 141 2.17801e-06
76 141 8.45826e-21
77 141 1.16559e-21
78 141 5.16813e-21
79 141 2.06678e-21
80 141 7.19887e-21
81 141 8.1365e-21
82 141 1.67892e-20
83 141 4.97092e-21
84 141 1.63083e-20
85 141 7.3093e-21
86 141 1.29407e-20
87 141 1.58039e-21
88 141 3.35146e-06
89 141 1.10815e-06
90 141 6.15855e-06
91 141 7.41329e-08
92 141 1.07141e-05
93 141 2.41505e-06
94 141 1.60829e-20
95 141 2.23629e-20
0 142 1.82512e-17
1 142 4.2834e-18
2 142 1.17546e-07
3 142 2.04031e-07
4 142 2.53029e-08
5 142 4.20507e-08
6 142 1.055e-07
7 142 1.03519e-07
8 142 3.92881e-07
9 142 1.01751e-06
10 142 8.96732e-07
11 142 8.64603e-07
12 142 1.79282e-18
13 142 7.23295e-20
14 142 4.89084e-12
15 142 1.61639e-11
16 142 2.4591e-11
17 142 2.26906e-11
18 142 3.35709e-20
19 142 2.39242e-20
20 142 5.81477e-20
21 142 6.22586e-19
22 142 1.77273e-19
23 142 2.44119e-20
24 142 1.126e-19
25 142 3.60598e-20
26 142 4.90969e-08
27 142 4.6001e-07
28 142 2.0511e-06
29 142 3.70174e-07
30 142 3.27597e-07
31 142 1.27133e-06
32 142 3.01896e-20
33 142 5.29304e-20
34 142 1.22831e-20
35 142 2.26941e-20
36 142 1.57465e-20
37 142 8.86252e-22
38 142 4.56091e-20
39 142 8.43252e-21
40 142 1.89535e-20
41 142 3.72804e-21
42 142 1.84073e-20
43 142 2.75023e-20
44 142 7.58706e-21
45 142 2.04864e-20
46 142 1.35497e-20
47 142 2.09955e-20
48 142 1.27601e-20
49 142 5.10304e-21
50 142 8.73937e-20
51 142 1.21948e-21
52 142 8.84841e-21
53 142 3.35521e-21
54 142 1.58432e-21
55 142 9.03365e-21
56 142 3.07671e-06
57 142 2.30334e-06
58 142 1.65452e-05
59 142 2.27547e-05
60 142 1.93647e-06
61 142 3.28468e-06
62 142 1.06195e-06
63 142 1.12881e-05
64 142 5.47485e-07
65 142 9.38734e-06
66 142 3.83563e-20
67 142 3.443e-21
68 142 5.64065e-06
69 142 3.92767e-07
70 142 1.26396e-07
71 142 2.90365e-08
72 142 1.44296e-07
73 142 5.61617e-08
74 142 1.16178e-20
75 142 1.40834e-21
76 142 2.19856e-20
77 142 9.9271e-22
78 142 6.22417e-21
79 142 2.02987e-20
80 142 1.55777e-20
81 142 5.94779e-21
82 142 1.83488e-20
83 142 2.86324e-21
84 142 3.6648e-22
85 142 1.01313e-20
86 142 1.25541e-20
87 142 5.76991e-22
88 142 2.79932e-09
89 142 7.27833e-10
90 142 2.05697e-08
91 142 2.49678e-08
92 142 1.67173e-08
93 142 2.78347e-08
94 142 9.65321e-21
95 142 7.11876e-21
0 143 2.61645e-17
1 143 7.81347e-18
2 143 4.14116e-07
3 143 3.39952e-07
4 143 8.95601e-09
5 143 2.73619e-08
6 143 1.69794e-08
7 143 1.30554e-07
8 143 8.80667e-08
9 143 7.32921e-07
10 143 5.92553e-07
11 143 6.9636e-07
12 143 1.67092e-18
13 143 2.98243e-18
14 143 2.91817e-11
15 143 2.25899e-12
16 143 6.06318e-12
17 143 7.9321e-12
18 143 1.11495e-19
19 143 1.7562e-19
20 143 2.83205e-19
21 143 2.71683e-19
22 143 5.91823e-20
23 143 2.73607e-19
24 143 7.57221e-20
25 143 3.35229e-19
26 143 7.20455e-07
27 143 4.73363e-07
28 143 3.90737e-07
29 143 4.35382e-07
30 143 8.16077e-07
31 143 1.03214e-06
32 143 5.75461e-20
33 143 1.41411e-21
34 143 2.51609e-20
35 143 1.87817e-20
36 143 8.00494e-22
37 143 3.1751e-20
38 143 9.17068e-21
39 143 6.14429e-20
40 143 1.43248e-20
41 143 5.01321e-21
42 143 1.62347e-20
43 143 1.58627e-21
44 143 3.09003e-20
45 143 5.92264e-21
46 143 7.6177e-21
47 143 3.83156e-20
48 143 1.74743e-20
49 143 4.55825e-22
50 143 3.24275e-21
51 143 2.45352e-20
52 143 1.33243e-20
53 143 4.92661e-22
54 143 2.71145e-20
55 143 3.89655e-22
56 143 9.56682e-06
57 143 3.04898e-06
58 143 4.64628e-06
59 143 1.81601e-05
60 143 2.90286e-06
61 143 3.9073e-06
62 143 1.49139e-07
63 143 1.23816e-06
64 143 1.33148e-05
65 143 1.22398e-07
66 143 4.61711e-21
67 143 4.60007e-21
68 143 2.03186e-06
69 143 1.2116e-05
70 143 8.14879e-09
71 143 1.91352e-07
72 143 3.02719e-08
73 143 6.97405e-09
74 143 1.85318e-20
75 143 1.38806e-20
76 143 1.37791e-20
77 143 9.59611e-21
78 143 1.40226e-21
79 143 2.44272e-20
80 143 9.38466e-21
81 143 2.06364e-20
82 143 1.19383e-20
83 143 1.70358e-20
84 143 2.18262e-20
85 143 2.0504e-20
86 143 4.08327e-21
87 143 1.0362e-20
88 143 4.97455e-11
89 143 8.2212e-09
90 143 2.85849e-08
91 143 1.5704e-08
92 143 1.49813e-09
93 143 1.41427e-08
94 143 7.48663e-22
95 143 3.86012e-21
