0 -0.230005580837875 1.4488e-07
1 -0.230005580837871 9.24593e-08
2 -0.229523275205332 5.12143e-08
3 -0.229523275205314 6.07576e-08
4 -0.229445255255232 6.34394e-08
5 -0.22944525525522 1.69961e-07
6 -0.227892110458493 1.14882e-07
7 -0.227892110458471 1.18421e-07
8 -0.159224320146142 1.88118e-08
9 -0.159224320146139 7.65273e-08
10 -0.158184965530062 2.8916e-08
11 -0.158184965530058 1.03524e-07
12 -0.157923764481544 6.8691e-08
13 -0.157923764481542 7.41791e-08
14 -0.156983440744552 4.77433e-08
15 -0.156983440744551 7.85851e-08
