0 8 0.00001293 0.070781260692 0.00000000 0.00000079 0.00000026 -0.00000762 0.00000486 -0.00000330 0.00000860
0 9 0.00001732 0.070781260692 0.00000000 0.00000530 0.00001006 0.00000094 0.00000600 0.00000615 0.00000980
0 10 0.13663979 0.071820615308 0.00089395 0.12893518 -0.02991778 -0.03025461 -0.00815649 0.00899422 -0.00939755
0 11 0.21286660 0.071820615308 0.00216957 -0.03340524 0.06594137 0.12102485 -0.09484594 -0.01432848 0.12649088
0 12 0.20351881 0.072081816356 0.00199041 0.01652889 -0.14337081 -0.11616343 -0.00231196 -0.07191508 0.04382291
0 13 0.39585469 0.072081816356 0.00753019 0.01017089 -0.24219753 0.25144233 -0.08122463 0.12576979 0.11090139
0 14 3.90094155 0.073022140093 0.74080206 -0.08059877 2.24484562 -2.81961196 0.02816430 0.05551504 -1.48910382
0 15 2.92165165 0.073022140093 0.41554701 -1.90163836 0.03256203 0.35651845 0.76169661 -1.72141584 1.11722871
1 8 0.00001732 0.070781260692 0.00000000 0.00000342 -0.00001084 -0.00000014 -0.00000607 0.00000430 -0.00001074
1 9 0.00001293 0.070781260692 0.00000000 -0.00000073 0.00000039 0.00000837 0.00000342 0.00000478 0.00000787
1 10 0.21286660 0.071820615308 0.00216957 0.07221421 0.01578869 -0.14999113 0.03384417 0.10708036 0.06884071
1 11 0.13663979 0.071820615308 0.00089395 0.10467433 -0.08101011 -0.01280059 0.02860096 0.01296718 -0.00103068
1 12 0.39585469 0.072081816356 0.00753019 0.12062887 0.21026594 0.26058489 -0.04377439 0.06051966 -0.15637944
1 13 0.20351881 0.072081816356 0.00199041 -0.08073332 -0.11962660 0.10203081 -0.05557878 0.08401845 0.00575553
1 14 2.92165165 0.073022140093 0.41554701 0.90204687 1.67439547 -0.83873293 0.06175938 -0.13209668 2.04793138
1 15 3.90094155 0.073022140093 0.74080206 1.91834656 -1.16866355 -1.35503384 -2.47282998 -1.27151957 0.77701358
2 8 0.00007834 0.070298955059 0.00000000 0.00001455 0.00004899 0.00004857 0.00001242 0.00002206 0.00002293
2 9 0.00005176 0.070298955059 0.00000000 0.00000065 -0.00003748 -0.00003537 0.00000371 -0.00000281 -0.00000148
2 10 1.01082879 0.071338309675 0.04859446 -0.08763218 -0.23225003 -0.19520123 -0.20993861 -0.91488994 0.20237100
2 11 0.65396944 0.071338309675 0.02033979 -0.34518193 0.21295606 -0.36662596 0.19210717 0.10203697 -0.28538375
2 12 3.71661155 0.071599510724 0.65934564 -0.37257063 2.60651347 -2.54907431 -0.53429667 0.30754686 0.05140264
2 13 3.21783736 0.071599510724 0.49425034 0.08645749 -0.38734143 -0.02545661 -0.52199209 -2.95318429 -1.09660738
2 14 0.13734736 0.072539834461 0.00091228 0.07656562 0.02713346 -0.07786927 -0.03661337 -0.06076501 -0.03419400
2 15 0.40992835 0.072539834461 0.00812646 -0.27533773 -0.07009937 -0.07943464 -0.28092384 0.03752494 -0.02608219
3 8 0.00005177 0.070298955059 0.00000000 -0.00001891 -0.00003236 0.00003266 -0.00001407 0.00000172 -0.00000267
3 9 0.00007834 0.070298955059 0.00000000 -0.00001130 -0.00004984 0.00003627 -0.00003461 0.00000801 -0.00003080
3 10 0.65396944 0.071338309675 0.02033979 -0.31887032 0.25064430 -0.30668894 0.27795980 0.30306574 0.00256600
3 11 1.01082879 0.071338309675 0.04859446 -0.18782127 -0.16230419 -0.12980507 -0.25559418 0.50527261 -0.78909899
3 12 3.21783736 0.071599510724 0.49425034 -0.34040277 -0.20404469 -0.36097169 -0.37791959 1.23849732 -2.89654442
3 13 3.71661155 0.071599510724 0.65934564 -2.14657450 -1.52477514 -1.36795143 2.21629458 0.17451418 -0.25840298
3 14 0.40992835 0.072539834461 0.00812646 -0.25228663 -0.13067610 -0.24609587 0.15705059 0.01069296 0.04443042
3 15 0.13734736 0.072539834461 0.00091228 -0.07523481 -0.03063075 0.08251084 0.02441564 0.06812509 0.01485221
4 8 0.00000962 0.070220935109 0.00000000 0.00000210 -0.00000663 -0.00000421 0.00000467 0.00000105 -0.00000184
4 9 0.00000842 0.070220935109 0.00000000 0.00000026 0.00000070 -0.00000226 -0.00000170 -0.00000747 -0.00000254
4 10 3.03647144 0.071260289725 0.43802079 1.38116774 -1.81487125 -1.24137278 -0.17598239 -1.26594053 0.91880096
4 11 3.93674254 0.071260289725 0.73625855 0.02176948 -1.36076596 2.30228050 -0.49659283 -1.19332527 -2.58353610
4 12 0.80370894 0.071521490774 0.03079945 -0.19437788 0.23918939 -0.13943195 0.27779579 0.36668603 0.56558229
4 13 0.87313539 0.071521490774 0.03635034 -0.13575848 0.34731927 -0.06250996 0.31101037 0.71912523 -0.07435276
4 14 0.19225456 0.072461814511 0.00178555 -0.10223348 -0.09495118 0.11223441 0.01312603 0.06192867 -0.02983939
4 15 0.19215200 0.072461814511 0.00178364 -0.04961309 0.07014172 0.00446728 -0.09024042 -0.05957437 0.13352407
5 8 0.00000842 0.070220935109 0.00000000 0.00000063 -0.00000039 -0.00000283 -0.00000008 -0.00000743 -0.00000266
5 9 0.00000962 0.070220935109 0.00000000 0.00000248 -0.00000650 0.00000039 0.00000627 0.00000032 -0.00000210
5 10 3.93674254 0.071260289725 0.73625855 -0.07104725 -1.35908433 -2.31875798 -0.41286967 1.09895671 -2.62506726
5 11 3.03647144 0.071260289725 0.43802079 1.44600274 1.76364908 -1.23418333 0.22083408 -1.29839212 -0.87234083
5 12 0.87313539 0.071521490774 0.03635034 -0.00040687 -0.37290867 0.05466283 -0.31248507 0.64307016 0.33034858
5 13 0.80370894 0.071521490774 0.03079945 0.09428202 0.29343691 0.02906926 0.30946203 -0.54699576 0.39387512
5 14 0.19215200 0.072461814511 0.00178364 -0.08265158 0.02345284 0.08658663 0.02580786 -0.14573764 0.01176105
5 15 0.19225456 0.072461814511 0.00178555 -0.05553244 -0.12799828 -0.02495914 0.11020842 -0.04874189 0.04847451
6 8 4.21064889 0.068667790312 0.81163333 1.57639650 0.02367511 1.00685580 2.52997130 -2.19716070 1.73261339
6 9 3.34383669 0.068667790312 0.51186087 -2.22247584 1.14900980 0.30539836 -1.11535141 -0.62052976 1.78865517
6 10 0.00003838 0.069707144928 0.00000000 0.00000046 0.00001402 0.00000945 0.00002726 -0.00000801 -0.00001949
6 11 0.00006095 0.069707144928 0.00000000 0.00001800 -0.00004133 0.00003210 -0.00001209 -0.00001353 0.00001798
6 12 0.00014401 0.069968345977 0.00000000 0.00008966 0.00000080 -0.00000970 -0.00009816 0.00004961 -0.00002256
6 13 0.00007405 0.069968345977 0.00000000 -0.00000978 0.00004737 -0.00003116 -0.00000657 -0.00000177 -0.00004612
6 14 0.00023071 0.070908669714 0.00000000 -0.00001570 0.00001188 0.00000497 0.00001591 0.00016826 -0.00015573
6 15 0.00033285 0.070908669714 0.00000001 -0.00000270 0.00000297 0.00001157 -0.00000606 -0.00029174 -0.00015965
7 8 3.34383669 0.068667790312 0.51186087 0.03715077 -2.50164790 -0.86206039 0.77079751 1.32413464 -1.35314890
7 9 4.21064889 0.068667790312 0.81163333 -0.72427776 -1.40036001 -2.71346296 0.22722698 -0.57078324 2.73928290
7 10 0.00006095 0.069707144928 0.00000000 -0.00000043 -0.00004508 -0.00002483 -0.00002367 0.00000543 0.00002184
7 11 0.00003838 0.069707144928 0.00000000 0.00000590 -0.00001272 0.00001934 -0.00002141 -0.00001499 0.00001482
7 12 0.00007405 0.069968345977 0.00000000 0.00002752 -0.00003978 -0.00002626 -0.00001801 -0.00003459 0.00003055
7 13 0.00014401 0.069968345977 0.00000000 -0.00006247 -0.00006432 0.00007772 -0.00006074 -0.00001792 -0.00005147
7 14 0.00033285 0.070908669714 0.00000001 -0.00000401 -0.00000015 0.00001243 -0.00000401 -0.00009056 0.00032000
7 15 0.00023071 0.070908669714 0.00000000 0.00001948 -0.00000288 0.00000786 0.00001470 -0.00022901 0.00001090
