575
  I -22.50262799766956  29.44024866145017 -24.41255632224319
  I -24.39239645985868  22.97090505423682 -29.46184519999999
  I -29.5433490492282  25.0210261010946 -22.72639599775679
  I -22.50262799766956  29.44024866145017 -0.84308016224319
  I -29.5433490492282  25.0210261010946 -12.62781824224319
  I -22.50262799766956  29.44024866145017 -10.94165791775679
  I -24.39239645985868  22.97090505423682 -5.892369039999988
  I -29.5433490492282  25.0210261010946  0.8430801622432114
  I -22.50262799766956  29.44024866145017  22.72639599775681
  I -29.5433490492282  25.0210261010946  10.94165791775681
  I -22.50262799766956  29.44024866145017  12.62781824224321
  I -24.39239645985868  22.97090505423682  17.67710712000001
  I -29.5433490492282  25.0210261010946  24.41255632224321
  I -22.12843251964572  6.146165959597893 -24.41255632224319
  I -29.25315092243827  10.8555866467434 -24.41255632224319
  I -24.01820098183484 -0.3231776476154566 -29.46184519999999
  I -29.16915357120437  1.726943399242324 -22.72639599775679
  I -22.12843251964572  6.146165959597893 -0.84308016224319
  I -29.25315092243827  10.8555866467434 -0.84308016224319
  I -29.16915357120437  1.726943399242324 -12.62781824224319
  I -22.12843251964572  6.146165959597893 -10.94165791775679
  I -29.25315092243827  10.8555866467434 -10.94165791775679
  I -24.1785535665035  11.29711854896742 -17.67710711999999
  I -24.01820098183484 -0.3231776476154566 -5.892369039999988
  I -29.16915357120437  1.726943399242324  0.8430801622432114
  I -22.12843251964572  6.146165959597893  22.72639599775681
  I -29.25315092243827  10.8555866467434  22.72639599775681
  I -29.16915357120437  1.726943399242324  10.94165791775681
  I -22.12843251964572  6.146165959597893  12.62781824224321
  I -29.25315092243827  10.8555866467434  12.62781824224321
  I -24.1785535665035  11.29711854896742  5.892369040000009
  I -24.01820098183484 -0.3231776476154566  17.67710712000001
  I -29.16915357120437  1.726943399242324  24.41255632224321
  I -24.1785535665035  11.29711854896742  29.46184520000001
  I -10.6684889077315  17.60610957151211 -24.41255632224319
  I -17.79320731052405  22.31553025865762 -24.41255632224319
  I -12.55825736992062  11.13676596429876 -29.46184519999999
  I -22.78380731522492  12.74535510893252 -29.46184519999999
 Pb -23.48118044086421  12.02123682894997 -23.56947615999999
 Pb -23.66827817987613  23.66827817987611 -23.56947615999999
 Pb -23.48118044086421  12.02123682894997 -11.78473807999999
 Pb -23.66827817987613  23.66827817987611 -11.78473807999999
  I -24.8339283620827  17.89630769830205 -22.72639599775679
  I -17.70920995929015  13.18688701115654 -22.72639599775679
  I -10.6684889077315  17.60610957151211 -0.84308016224319
  I -17.79320731052405  22.31553025865762 -0.84308016224319
  I -24.8339283620827  17.89630769830205 -12.62781824224319
  I -17.70920995929015  13.18688701115654 -12.62781824224319
  I -10.6684889077315  17.60610957151211 -10.94165791775679
  I -17.79320731052405  22.31553025865762 -10.94165791775679
  I -22.94415989989358  24.3656513055154 -17.67710711999999
  I -12.71860995458928  22.75706216088164 -17.67710711999999
  I -12.55825736992062  11.13676596429876 -5.892369039999988
  I -22.78380731522492  12.74535510893252 -5.892369039999988
 Pb -23.48118044086421  12.02123682894997  1.06581410364015e-14
 Pb -23.66827817987613  23.66827817987611  1.06581410364015e-14
 Pb -23.48118044086421  12.02123682894997  11.78473808000001
 Pb -23.66827817987613  23.66827817987611  11.78473808000001
  I -24.8339283620827  17.89630769830205  0.8430801622432114
  I -17.70920995929015  13.18688701115654  0.8430801622432114
  I -10.6684889077315  17.60610957151211  22.72639599775681
  I -17.79320731052405  22.31553025865762  22.72639599775681
  I -24.8339283620827  17.89630769830205  10.94165791775681
  I -17.70920995929015  13.18688701115654  10.94165791775681
  I -10.6684889077315  17.60610957151211  12.62781824224321
  I -17.79320731052405  22.31553025865762  12.62781824224321
  I -22.94415989989358  24.3656513055154  5.892369040000009
  I -12.71860995458928  22.75706216088164  5.892369040000009
  I -12.55825736992062  11.13676596429876  17.67710712000001
  I -22.78380731522492  12.74535510893252  17.67710712000001
 Pb -23.48118044086421  12.02123682894997  23.56947616000001
 Pb -23.66827817987613  23.66827817987611  23.56947616000001
  I -24.8339283620827  17.89630769830205  24.41255632224321
  I -17.70920995929015  13.18688701115654  24.41255632224321
  I -22.94415989989358  24.3656513055154  29.46184520000001
  I -12.71860995458928  22.75706216088164  29.46184520000001
  I  0.7914547041827156  29.06605318342633 -24.41255632224319
  I -1.098313758006405  22.59670957621298 -29.46184519999999
  I -11.3238637033107  24.20529872084674 -29.46184519999999
 Pb -12.02123682894999  23.48118044086419 -23.56947615999999
 Pb -12.02123682894999  23.48118044086419 -11.78473807999999
  I -13.37398475016848  29.35625131021627 -22.72639599775679
  I -6.249266347375933  24.64683062307076 -22.72639599775679
  I  0.7914547041827156  29.06605318342633 -0.84308016224319
  I -13.37398475016848  29.35625131021627 -12.62781824224319
  I -6.249266347375933  24.64683062307076 -12.62781824224319
  I  0.7914547041827156  29.06605318342633 -10.94165791775679
  I -1.098313758006405  22.59670957621298 -5.892369039999988
  I -11.3238637033107  24.20529872084674 -5.892369039999988
 Pb -12.02123682894999  23.48118044086419  1.06581410364015e-14
 Pb -12.02123682894999  23.48118044086419  11.78473808000001
  I -13.37398475016848  29.35625131021627  0.8430801622432114
  I -6.249266347375933  24.64683062307076  0.8430801622432114
  I  0.7914547041827156  29.06605318342633  22.72639599775681
  I -13.37398475016848  29.35625131021627  10.94165791775681
  I -6.249266347375933  24.64683062307076  10.94165791775681
  I  0.7914547041827156  29.06605318342633  12.62781824224321
  I -1.098313758006405  22.59670957621298  17.67710712000001
  I -11.3238637033107  24.20529872084674  17.67710712000001
 Pb -12.02123682894999  23.48118044086419  23.56947616000001
  I -13.37398475016848  29.35625131021627  24.41255632224321
  I -6.249266347375933  24.64683062307076  24.41255632224321
  I -21.75423704162188 -17.14791674225438 -24.41255632224319
  I -28.87895544441443 -12.43849605510887 -24.41255632224319
  I -23.644005503811 -23.61726034946773 -29.46184519999999
  I -28.79495809318053 -21.56713930260995 -22.72639599775679
  I -21.75423704162188 -17.14791674225438 -0.84308016224319
  I -28.87895544441443 -12.43849605510887 -0.84308016224319
  I -28.79495809318053 -21.56713930260995 -12.62781824224319
  I -21.75423704162188 -17.14791674225438 -10.94165791775679
  I -28.87895544441443 -12.43849605510887 -10.94165791775679
  I -23.80435808847966 -11.99696415288485 -17.67710711999999
  I -23.644005503811 -23.61726034946773 -5.892369039999988
  I -28.79495809318053 -21.56713930260995  0.8430801622432114
  I -21.75423704162188 -17.14791674225438  22.72639599775681
  I -28.87895544441443 -12.43849605510887  22.72639599775681
  I -28.79495809318053 -21.56713930260995  10.94165791775681
  I -21.75423704162188 -17.14791674225438  12.62781824224321
  I -28.87895544441443 -12.43849605510887  12.62781824224321
  I -23.80435808847966 -11.99696415288485  5.892369040000009
  I -23.644005503811 -23.61726034946773  17.67710712000001
  I -28.79495809318053 -21.56713930260995  24.41255632224321
  I -23.80435808847966 -11.99696415288485  29.46184520000001
  I -10.29429342970766 -5.687973130340167 -24.41255632224319
  I -17.41901183250021 -0.9785524431946575 -24.41255632224319
  I -12.18406189189678 -12.15731673755351 -29.46184519999999
  I -22.40961183720108 -10.54872759291976 -29.46184519999999
 Pb -23.10698496284036 -11.27284587290231 -23.56947615999999
 Pb -23.29408270185229  0.3741954780238332 -23.56947615999999
 Pb -23.10698496284036 -11.27284587290231 -11.78473807999999
 Pb -23.29408270185229  0.3741954780238332 -11.78473807999999
  I -24.45973288405886 -5.397775003550226 -22.72639599775679
  I -17.33501448126631 -10.10719569069574 -22.72639599775679
  I -10.29429342970766 -5.687973130340167 -0.84308016224319
  I -17.41901183250021 -0.9785524431946575 -0.84308016224319
  I -24.45973288405886 -5.397775003550226 -12.62781824224319
  I -17.33501448126631 -10.10719569069574 -12.62781824224319
  I -10.29429342970766 -5.687973130340167 -10.94165791775679
  I -17.41901183250021 -0.9785524431946575 -10.94165791775679
  I -22.56996442186974  1.071568603663122 -17.67710711999999
  I -12.34441447656544 -0.5370205409706363 -17.67710711999999
  I -12.18406189189678 -12.15731673755351 -5.892369039999988
  I -22.40961183720108 -10.54872759291976 -5.892369039999988
 Pb -23.10698496284036 -11.27284587290231  1.06581410364015e-14
 Pb -23.29408270185229  0.3741954780238332  1.06581410364015e-14
 Pb -23.10698496284036 -11.27284587290231  11.78473808000001
 Pb -23.29408270185229  0.3741954780238332  11.78473808000001
  I -24.45973288405886 -5.397775003550226  0.8430801622432114
  I -17.33501448126631 -10.10719569069574  0.8430801622432114
  I -10.29429342970766 -5.687973130340167  22.72639599775681
  I -17.41901183250021 -0.9785524431946575  22.72639599775681
  I -24.45973288405886 -5.397775003550226  10.94165791775681
  I -17.33501448126631 -10.10719569069574  10.94165791775681
  I -10.29429342970766 -5.687973130340167  12.62781824224321
  I -17.41901183250021 -0.9785524431946575  12.62781824224321
  I -22.56996442186974  1.071568603663122  5.892369040000009
  I -12.34441447656544 -0.5370205409706363  5.892369040000009
  I -12.18406189189678 -12.15731673755351  17.67710712000001
  I -22.40961183720108 -10.54872759291976  17.67710712000001
 Pb -23.10698496284036 -11.27284587290231  23.56947616000001
 Pb -23.29408270185229  0.3741954780238332  23.56947616000001
  I -24.45973288405886 -5.397775003550226  24.41255632224321
  I -17.33501448126631 -10.10719569069574  24.41255632224321
  I -22.56996442186974  1.071568603663122  29.46184520000001
  I -12.34441447656544 -0.5370205409706363  29.46184520000001
  I  1.165650182206557  5.771970481574051 -24.41255632224319
  I -5.959068220585994  10.48139116871956 -24.41255632224319
  I -0.7241182799825641 -0.6973731256392979 -29.46184519999999
  I -10.94966822528686  0.9112160189944625 -29.46184519999999
 Pb -11.64704135092615  0.1870977390119126 -23.56947615999999
 Pb -11.83413908993807  11.83413908993805 -23.56947615999999
 Pb -11.64704135092615  0.1870977390119126 -11.78473807999999
 Pb -11.83413908993807  11.83413908993805 -11.78473807999999
  I -12.99978927214464  6.062168608363992 -22.72639599775679
  I -5.875070869352092  1.352747921218483 -22.72639599775679
  I  1.165650182206557  5.771970481574051 -0.84308016224319
  I -5.959068220585994  10.48139116871956 -0.84308016224319
  I -12.99978927214464  6.062168608363992 -12.62781824224319
  I -5.875070869352092  1.352747921218483 -12.62781824224319
  I  1.165650182206557  5.771970481574051 -10.94165791775679
  I -5.959068220585994  10.48139116871956 -10.94165791775679
  I -11.11002080995552  12.53151221557734 -17.67710711999999
  I -0.884470864651222  10.92292307094358 -17.67710711999999
  I -0.7241182799825641 -0.6973731256392979 -5.892369039999988
  I -10.94966822528686  0.9112160189944625 -5.892369039999988
 Pb -11.64704135092615  0.1870977390119126  1.06581410364015e-14
 Pb -11.83413908993807  11.83413908993805  1.06581410364015e-14
 Pb -11.64704135092615  0.1870977390119126  11.78473808000001
 Pb -11.83413908993807  11.83413908993805  11.78473808000001
  I -12.99978927214464  6.062168608363992  0.8430801622432114
  I -5.875070869352092  1.352747921218483  0.8430801622432114
  I  1.165650182206557  5.771970481574051  22.72639599775681
  I -5.959068220585994  10.48139116871956  22.72639599775681
  I -12.99978927214464  6.062168608363992  10.94165791775681
  I -5.875070869352092  1.352747921218483  10.94165791775681
  I  1.165650182206557  5.771970481574051  12.62781824224321
  I -5.959068220585994  10.48139116871956  12.62781824224321
  I -11.11002080995552  12.53151221557734  5.892369040000009
  I -0.884470864651222  10.92292307094358  5.892369040000009
  I -0.7241182799825641 -0.6973731256392979  17.67710712000001
  I -10.94966822528686  0.9112160189944625  17.67710712000001
 Pb -11.64704135092615  0.1870977390119126  23.56947616000001
 Pb -11.83413908993807  11.83413908993805  23.56947616000001
  I -12.99978927214464  6.062168608363992  24.41255632224321
  I -5.875070869352092  1.352747921218483  24.41255632224321
  I -11.11002080995552  12.53151221557734  29.46184520000001
  I -0.884470864651222  10.92292307094358  29.46184520000001
  I  12.62559379412077  17.23191409348827 -24.41255632224319
  I  5.500875391328224  21.94133478063378 -24.41255632224319
  I  10.73582533193166  10.76257048627492 -29.46184519999999
  I  0.5102753866273559  12.37115963090868 -29.46184519999999
 Pb -0.1870977390119339  11.64704135092613 -23.56947615999999
 Pb -0.3741954780238546  23.29408270185227 -23.56947615999999
 Pb -0.1870977390119339  11.64704135092613 -11.78473807999999
 Pb -0.3741954780238546  23.29408270185227 -11.78473807999999
  I -1.539845660230424  17.52211222027821 -22.72639599775679
  I  5.584872742562126  12.8126915331327 -22.72639599775679
  I  12.62559379412077  17.23191409348827 -0.84308016224319
  I  5.500875391328224  21.94133478063378 -0.84308016224319
  I -1.539845660230424  17.52211222027821 -12.62781824224319
  I  5.584872742562126  12.8126915331327 -12.62781824224319
  I  12.62559379412077  17.23191409348827 -10.94165791775679
  I  5.500875391328224  21.94133478063378 -10.94165791775679
  I  0.3499228019586944  23.99145582749156 -17.67710711999999
  I  10.575472747263  22.3828666828578 -17.67710711999999
  I  10.73582533193166  10.76257048627492 -5.892369039999988
  I  0.5102753866273559  12.37115963090868 -5.892369039999988
 Pb -0.1870977390119339  11.64704135092613  1.06581410364015e-14
 Pb -0.3741954780238546  23.29408270185227  1.06581410364015e-14
 Pb -0.1870977390119339  11.64704135092613  11.78473808000001
 Pb -0.3741954780238546  23.29408270185227  11.78473808000001
  I -1.539845660230424  17.52211222027821  0.8430801622432114
  I  5.584872742562126  12.8126915331327  0.8430801622432114
  I  12.62559379412077  17.23191409348827  22.72639599775681
  I  5.500875391328224  21.94133478063378  22.72639599775681
  I -1.539845660230424  17.52211222027821  10.94165791775681
  I  5.584872742562126  12.8126915331327  10.94165791775681
  I  12.62559379412077  17.23191409348827  12.62781824224321
  I  5.500875391328224  21.94133478063378  12.62781824224321
  I  0.3499228019586944  23.99145582749156  5.892369040000009
  I  10.575472747263  22.3828666828578  5.892369040000009
  I  10.73582533193166  10.76257048627492  17.67710712000001
  I  0.5102753866273559  12.37115963090868  17.67710712000001
 Pb -0.1870977390119339  11.64704135092613  23.56947616000001
 Pb -0.3741954780238546  23.29408270185227  23.56947616000001
  I -1.539845660230424  17.52211222027821  24.41255632224321
  I  5.584872742562126  12.8126915331327  24.41255632224321
  I  0.3499228019586944  23.99145582749156  29.46184520000001
  I  10.575472747263  22.3828666828578  29.46184520000001
  I  24.08553740603499  28.69185770540249 -24.41255632224319
  I  22.19576894384587  22.22251409818914 -29.46184519999999
  I  11.97021899854157  23.8311032428229 -29.46184519999999
 Pb  11.27284587290229  23.10698496284035 -23.56947615999999
 Pb  11.27284587290229  23.10698496284035 -11.78473807999999
  I  9.920097951683795  28.98205583219243 -22.72639599775679
  I  17.04481635447635  24.27263514504692 -22.72639599775679
  I  24.08553740603499  28.69185770540249 -0.84308016224319
  I  9.920097951683795  28.98205583219243 -12.62781824224319
  I  17.04481635447635  24.27263514504692 -12.62781824224319
  I  24.08553740603499  28.69185770540249 -10.94165791775679
  I  22.19576894384587  22.22251409818914 -5.892369039999988
  I  11.97021899854157  23.8311032428229 -5.892369039999988
 Pb  11.27284587290229  23.10698496284035  1.06581410364015e-14
 Pb  11.27284587290229  23.10698496284035  11.78473808000001
  I  9.920097951683795  28.98205583219243  0.8430801622432114
  I  17.04481635447635  24.27263514504692  0.8430801622432114
  I  24.08553740603499  28.69185770540249  22.72639599775681
  I  9.920097951683795  28.98205583219243  10.94165791775681
  I  17.04481635447635  24.27263514504692  10.94165791775681
  I  24.08553740603499  28.69185770540249  12.62781824224321
  I  22.19576894384587  22.22251409818914  17.67710712000001
  I  11.97021899854157  23.8311032428229  17.67710712000001
 Pb  11.27284587290229  23.10698496284035  23.56947616000001
  I  9.920097951683795  28.98205583219243  24.41255632224321
  I  17.04481635447635  24.27263514504692  24.41255632224321
  I -9.92009795168382 -28.98205583219244 -24.41255632224319
  I -17.04481635447637 -24.27263514504693 -24.41255632224319
 Pb -22.91988722382845 -22.91988722382844 -23.56947615999999
 Pb -22.91988722382845 -22.91988722382844 -11.78473807999999
  I -24.08553740603502 -28.69185770540251 -22.72639599775679
  I -9.92009795168382 -28.98205583219244 -0.84308016224319
  I -17.04481635447637 -24.27263514504693 -0.84308016224319
  I -24.08553740603502 -28.69185770540251 -12.62781824224319
  I -9.92009795168382 -28.98205583219244 -10.94165791775679
  I -17.04481635447637 -24.27263514504693 -10.94165791775679
  I -22.1957689438459 -22.22251409818915 -17.67710711999999
  I -11.9702189985416 -23.83110324282291 -17.67710711999999
 Pb -22.91988722382845 -22.91988722382844  1.06581410364015e-14
 Pb -22.91988722382845 -22.91988722382844  11.78473808000001
  I -24.08553740603502 -28.69185770540251  0.8430801622432114
  I -9.92009795168382 -28.98205583219244  22.72639599775681
  I -17.04481635447637 -24.27263514504693  22.72639599775681
  I -24.08553740603502 -28.69185770540251  10.94165791775681
  I -9.92009795168382 -28.98205583219244  12.62781824224321
  I -17.04481635447637 -24.27263514504693  12.62781824224321
  I -22.1957689438459 -22.22251409818915  5.892369040000009
  I -11.9702189985416 -23.83110324282291  5.892369040000009
 Pb -22.91988722382845 -22.91988722382844  23.56947616000001
  I -24.08553740603502 -28.69185770540251  24.41255632224321
  I -22.1957689438459 -22.22251409818915  29.46184520000001
  I -11.9702189985416 -23.83110324282291  29.46184520000001
  I  1.539845660230398 -17.52211222027822 -24.41255632224319
  I -5.584872742562153 -12.81269153313272 -24.41255632224319
  I -0.3499228019587228 -23.99145582749157 -29.46184519999999
  I -10.57547274726302 -22.38286668285781 -29.46184519999999
 Pb -11.27284587290231 -23.10698496284036 -23.56947615999999
 Pb -11.45994361191423 -11.45994361191423 -23.56947615999999
 Pb -11.27284587290231 -23.10698496284036 -11.78473807999999
 Pb -11.45994361191423 -11.45994361191423 -11.78473807999999
  I -12.6255937941208 -17.23191409348829 -22.72639599775679
  I -5.50087539132825 -21.9413347806338 -22.72639599775679
  I  1.539845660230398 -17.52211222027822 -0.84308016224319
  I -5.584872742562153 -12.81269153313272 -0.84308016224319
  I -12.6255937941208 -17.23191409348829 -12.62781824224319
  I -5.50087539132825 -21.9413347806338 -12.62781824224319
  I  1.539845660230398 -17.52211222027822 -10.94165791775679
  I -5.584872742562153 -12.81269153313272 -10.94165791775679
  I -10.73582533193168 -10.76257048627494 -17.67710711999999
  I -0.5102753866273808 -12.3711596309087 -17.67710711999999
  I -0.3499228019587228 -23.99145582749157 -5.892369039999988
  I -10.57547274726302 -22.38286668285781 -5.892369039999988
 Pb -11.27284587290231 -23.10698496284036  1.06581410364015e-14
 Pb -11.45994361191423 -11.45994361191423  1.06581410364015e-14
 Pb -11.27284587290231 -23.10698496284036  11.78473808000001
 Pb -11.45994361191423 -11.45994361191423  11.78473808000001
  I -12.6255937941208 -17.23191409348829  0.8430801622432114
  I -5.50087539132825 -21.9413347806338  0.8430801622432114
  I  1.539845660230398 -17.52211222027822  22.72639599775681
  I -5.584872742562153 -12.81269153313272  22.72639599775681
  I -12.6255937941208 -17.23191409348829  10.94165791775681
  I -5.50087539132825 -21.9413347806338  10.94165791775681
  I  1.539845660230398 -17.52211222027822  12.62781824224321
  I -5.584872742562153 -12.81269153313272  12.62781824224321
  I -10.73582533193168 -10.76257048627494  5.892369040000009
  I -0.5102753866273808 -12.3711596309087  5.892369040000009
  I -0.3499228019587228 -23.99145582749157  17.67710712000001
  I -10.57547274726302 -22.38286668285781  17.67710712000001
 Pb -11.27284587290231 -23.10698496284036  23.56947616000001
 Pb -11.45994361191423 -11.45994361191423  23.56947616000001
  I -12.6255937941208 -17.23191409348829  24.41255632224321
  I -5.50087539132825 -21.9413347806338  24.41255632224321
  I -10.73582533193168 -10.76257048627494  29.46184520000001
  I -0.5102753866273808 -12.3711596309087  29.46184520000001
  I  12.99978927214462 -6.062168608364008 -24.41255632224319
  I  5.875070869352065 -1.352747921218499 -24.41255632224319
  I  11.1100208099555 -12.53151221557736 -29.46184519999999
  I  0.8844708646511972 -10.9229230709436 -29.46184519999999
 Pb  0.1870977390119073 -11.64704135092615 -23.56947615999999
 Pb -1.332267629550188e-14 -7.993605777301127e-15 -23.56947615999999
 Pb  0.1870977390119073 -11.64704135092615 -11.78473807999999
 Pb -1.332267629550188e-14 -7.993605777301127e-15 -11.78473807999999
  I -1.165650182206583 -5.771970481574067 -22.72639599775679
  I  5.959068220585968 -10.48139116871958 -22.72639599775679
  I  12.99978927214462 -6.062168608364008 -0.84308016224319
  I  5.875070869352065 -1.352747921218499 -0.84308016224319
  I -1.165650182206583 -5.771970481574067 -12.62781824224319
  I  5.959068220585968 -10.48139116871958 -12.62781824224319
  I  12.99978927214462 -6.062168608364008 -10.94165791775679
  I  5.875070869352065 -1.352747921218499 -10.94165791775679
  I  0.7241182799825356  0.697373125639281 -17.67710711999999
  I  10.94966822528684 -0.9112160189944776 -17.67710711999999
  I  11.1100208099555 -12.53151221557736 -5.892369039999988
  I  0.8844708646511972 -10.9229230709436 -5.892369039999988
 Pb  0.1870977390119073 -11.64704135092615  1.06581410364015e-14
 Pb -1.332267629550188e-14 -7.993605777301127e-15  1.06581410364015e-14
 Pb  0.1870977390119073 -11.64704135092615  11.78473808000001
 Pb -1.332267629550188e-14 -7.993605777301127e-15  11.78473808000001
  I -1.165650182206583 -5.771970481574067  0.8430801622432114
  I  5.959068220585968 -10.48139116871958  0.8430801622432114
  I  12.99978927214462 -6.062168608364008  22.72639599775681
  I  5.875070869352065 -1.352747921218499  22.72639599775681
  I -1.165650182206583 -5.771970481574067  10.94165791775681
  I  5.959068220585968 -10.48139116871958  10.94165791775681
  I  12.99978927214462 -6.062168608364008  12.62781824224321
  I  5.875070869352065 -1.352747921218499  12.62781824224321
  I  0.7241182799825356  0.697373125639281  5.892369040000009
  I  10.94966822528684 -0.9112160189944776  5.892369040000009
  I  11.1100208099555 -12.53151221557736  17.67710712000001
  I  0.8844708646511972 -10.9229230709436  17.67710712000001
 Pb  0.1870977390119073 -11.64704135092615  23.56947616000001
 Pb -1.332267629550188e-14 -7.993605777301127e-15  23.56947616000001
  I -1.165650182206583 -5.771970481574067  24.41255632224321
  I  5.959068220585968 -10.48139116871958  24.41255632224321
  I  0.7241182799825356  0.697373125639281  29.46184520000001
  I  10.94966822528684 -0.9112160189944776  29.46184520000001
  I  24.45973288405884  5.39777500355021 -24.41255632224319
  I  17.33501448126628  10.10719569069572 -24.41255632224319
  I  22.56996442186971 -1.071568603663139 -29.46184519999999
  I  12.34441447656542  0.5370205409706212 -29.46184519999999
 Pb  11.64704135092613 -0.1870977390119286 -23.56947615999999
 Pb  11.4599436119142  11.45994361191421 -23.56947615999999
 Pb  11.64704135092613 -0.1870977390119286 -11.78473807999999
 Pb  11.4599436119142  11.45994361191421 -11.78473807999999
  I  10.29429342970763  5.687973130340151 -22.72639599775679
  I  17.41901183250019  0.9785524431946415 -22.72639599775679
  I  24.45973288405884  5.39777500355021 -0.84308016224319
  I  17.33501448126628  10.10719569069572 -0.84308016224319
  I  10.29429342970763  5.687973130340151 -12.62781824224319
  I  17.41901183250019  0.9785524431946415 -12.62781824224319
  I  24.45973288405884  5.39777500355021 -10.94165791775679
  I  17.33501448126628  10.10719569069572 -10.94165791775679
  I  12.18406189189675  12.1573167375535 -17.67710711999999
  I  22.40961183720106  10.54872759291974 -17.67710711999999
  I  22.56996442186971 -1.071568603663139 -5.892369039999988
  I  12.34441447656542  0.5370205409706212 -5.892369039999988
 Pb  11.64704135092613 -0.1870977390119286  1.06581410364015e-14
 Pb  11.4599436119142  11.45994361191421  1.06581410364015e-14
 Pb  11.64704135092613 -0.1870977390119286  11.78473808000001
 Pb  11.4599436119142  11.45994361191421  11.78473808000001
  I  10.29429342970763  5.687973130340151  0.8430801622432114
  I  17.41901183250019  0.9785524431946415  0.8430801622432114
  I  24.45973288405884  5.39777500355021  22.72639599775681
  I  17.33501448126628  10.10719569069572  22.72639599775681
  I  10.29429342970763  5.687973130340151  10.94165791775681
  I  17.41901183250019  0.9785524431946415  10.94165791775681
  I  24.45973288405884  5.39777500355021  12.62781824224321
  I  17.33501448126628  10.10719569069572  12.62781824224321
  I  12.18406189189675  12.1573167375535  5.892369040000009
  I  22.40961183720106  10.54872759291974  5.892369040000009
  I  22.56996442186971 -1.071568603663139  17.67710712000001
  I  12.34441447656542  0.5370205409706212  17.67710712000001
 Pb  11.64704135092613 -0.1870977390119286  23.56947616000001
 Pb  11.4599436119142  11.45994361191421  23.56947616000001
  I  10.29429342970763  5.687973130340151  24.41255632224321
  I  17.41901183250019  0.9785524431946415  24.41255632224321
  I  12.18406189189675  12.1573167375535  29.46184520000001
  I  22.40961183720106  10.54872759291974  29.46184520000001
  I  28.7949580931805  21.56713930260994 -24.41255632224319
  I  23.80435808847963  11.99696415288484 -29.46184519999999
 Pb  23.10698496284034  11.27284587290229 -23.56947615999999
 Pb  22.91988722382843  22.91988722382843 -23.56947615999999
 Pb  23.10698496284034  11.27284587290229 -11.78473807999999
 Pb  22.91988722382843  22.91988722382843 -11.78473807999999
  I  21.75423704162186  17.14791674225437 -22.72639599775679
  I  28.8789554444144  12.43849605510886 -22.72639599775679
  I  28.7949580931805  21.56713930260994 -0.84308016224319
  I  21.75423704162186  17.14791674225437 -12.62781824224319
  I  28.8789554444144  12.43849605510886 -12.62781824224319
  I  28.7949580931805  21.56713930260994 -10.94165791775679
  I  23.64400550381097  23.61726034946772 -17.67710711999999
  I  23.80435808847963  11.99696415288484 -5.892369039999988
 Pb  23.10698496284034  11.27284587290229  1.06581410364015e-14
 Pb  22.91988722382843  22.91988722382843  1.06581410364015e-14
 Pb  23.10698496284034  11.27284587290229  11.78473808000001
 Pb  22.91988722382843  22.91988722382843  11.78473808000001
  I  21.75423704162186  17.14791674225437  0.8430801622432114
  I  28.8789554444144  12.43849605510886  0.8430801622432114
  I  28.7949580931805  21.56713930260994  22.72639599775681
  I  21.75423704162186  17.14791674225437  10.94165791775681
  I  28.8789554444144  12.43849605510886  10.94165791775681
  I  28.7949580931805  21.56713930260994  12.62781824224321
  I  23.64400550381097  23.61726034946772  5.892369040000009
  I  23.80435808847963  11.99696415288484  17.67710712000001
 Pb  23.10698496284034  11.27284587290229  23.56947616000001
 Pb  22.91988722382843  22.91988722382843  23.56947616000001
  I  21.75423704162186  17.14791674225437  24.41255632224321
  I  28.8789554444144  12.43849605510886  24.41255632224321
  I  23.64400550381097  23.61726034946772  29.46184520000001
  I  13.37398475016846 -29.35625131021628 -24.41255632224319
  I  6.249266347375906 -24.64683062307077 -24.41255632224319
 Pb  0.3741954780238279 -23.29408270185228 -23.56947615999999
 Pb  0.3741954780238279 -23.29408270185228 -11.78473807999999
  I -0.7914547041827413 -29.06605318342634 -22.72639599775679
  I  13.37398475016846 -29.35625131021628 -0.84308016224319
  I  6.249266347375906 -24.64683062307077 -0.84308016224319
  I -0.7914547041827413 -29.06605318342634 -12.62781824224319
  I  13.37398475016846 -29.35625131021628 -10.94165791775679
  I  6.249266347375906 -24.64683062307077 -10.94165791775679
  I  1.098313758006377 -22.59670957621299 -17.67710711999999
  I  11.32386370331068 -24.20529872084675 -17.67710711999999
 Pb  0.3741954780238279 -23.29408270185228  1.06581410364015e-14
 Pb  0.3741954780238279 -23.29408270185228  11.78473808000001
  I -0.7914547041827413 -29.06605318342634  0.8430801622432114
  I  13.37398475016846 -29.35625131021628  22.72639599775681
  I  6.249266347375906 -24.64683062307077  22.72639599775681
  I -0.7914547041827413 -29.06605318342634  10.94165791775681
  I  13.37398475016846 -29.35625131021628  12.62781824224321
  I  6.249266347375906 -24.64683062307077  12.62781824224321
  I  1.098313758006377 -22.59670957621299  5.892369040000009
  I  11.32386370331068 -24.20529872084675  5.892369040000009
 Pb  0.3741954780238279 -23.29408270185228  23.56947616000001
  I -0.7914547041827413 -29.06605318342634  24.41255632224321
  I  1.098313758006377 -22.59670957621299  29.46184520000001
  I  11.32386370331068 -24.20529872084675  29.46184520000001
  I  24.83392836208267 -17.89630769830207 -24.41255632224319
  I  17.70920995929013 -13.18688701115656 -24.41255632224319
  I  22.94415989989356 -24.36565130551542 -29.46184519999999
  I  12.71860995458926 -22.75706216088166 -29.46184519999999
 Pb  12.02123682894996 -23.4811804408642 -23.56947615999999
 Pb  11.83413908993805 -11.83413908993807 -23.56947615999999
 Pb  12.02123682894996 -23.4811804408642 -11.78473807999999
 Pb  11.83413908993805 -11.83413908993807 -11.78473807999999
  I  10.66848890773148 -17.60610957151213 -22.72639599775679
  I  17.79320731052402 -22.31553025865763 -22.72639599775679
  I  24.83392836208267 -17.89630769830207 -0.84308016224319
  I  17.70920995929013 -13.18688701115656 -0.84308016224319
  I  10.66848890773148 -17.60610957151213 -12.62781824224319
  I  17.79320731052402 -22.31553025865763 -12.62781824224319
  I  24.83392836208267 -17.89630769830207 -10.94165791775679
  I  17.70920995929013 -13.18688701115656 -10.94165791775679
  I  12.55825736992059 -11.13676596429878 -17.67710711999999
  I  22.7838073152249 -12.74535510893254 -17.67710711999999
  I  22.94415989989356 -24.36565130551542 -5.892369039999988
  I  12.71860995458926 -22.75706216088166 -5.892369039999988
 Pb  12.02123682894996 -23.4811804408642  1.06581410364015e-14
 Pb  11.83413908993805 -11.83413908993807  1.06581410364015e-14
 Pb  12.02123682894996 -23.4811804408642  11.78473808000001
 Pb  11.83413908993805 -11.83413908993807  11.78473808000001
  I  10.66848890773148 -17.60610957151213  0.8430801622432114
  I  17.79320731052402 -22.31553025865763  0.8430801622432114
  I  24.83392836208267 -17.89630769830207  22.72639599775681
  I  17.70920995929013 -13.18688701115656  22.72639599775681
  I  10.66848890773148 -17.60610957151213  10.94165791775681
  I  17.79320731052402 -22.31553025865763  10.94165791775681
  I  24.83392836208267 -17.89630769830207  12.62781824224321
  I  17.70920995929013 -13.18688701115656  12.62781824224321
  I  12.55825736992059 -11.13676596429878  5.892369040000009
  I  22.7838073152249 -12.74535510893254  5.892369040000009
  I  22.94415989989356 -24.36565130551542  17.67710712000001
  I  12.71860995458926 -22.75706216088166  17.67710712000001
 Pb  12.02123682894996 -23.4811804408642  23.56947616000001
 Pb  11.83413908993805 -11.83413908993807  23.56947616000001
  I  10.66848890773148 -17.60610957151213  24.41255632224321
  I  17.79320731052402 -22.31553025865763  24.41255632224321
  I  12.55825736992059 -11.13676596429878  29.46184520000001
  I  22.7838073152249 -12.74535510893254  29.46184520000001
  I  29.16915357120434 -1.72694339924234 -24.41255632224319
  I  24.17855356650347 -11.29711854896744 -29.46184519999999
 Pb  23.48118044086419 -12.02123682894999 -23.56947615999999
 Pb  23.29408270185226 -0.3741954780238492 -23.56947615999999
 Pb  23.48118044086419 -12.02123682894999 -11.78473807999999
 Pb  23.29408270185226 -0.3741954780238492 -11.78473807999999
  I  22.12843251964569 -6.146165959597909 -22.72639599775679
  I  29.25315092243824 -10.85558664674342 -22.72639599775679
  I  29.16915357120434 -1.72694339924234 -0.84308016224319
  I  22.12843251964569 -6.146165959597909 -12.62781824224319
  I  29.25315092243824 -10.85558664674342 -12.62781824224319
  I  29.16915357120434 -1.72694339924234 -10.94165791775679
  I  24.01820098183481  0.3231776476154398 -17.67710711999999
  I  24.17855356650347 -11.29711854896744 -5.892369039999988
 Pb  23.48118044086419 -12.02123682894999  1.06581410364015e-14
 Pb  23.29408270185226 -0.3741954780238492  1.06581410364015e-14
 Pb  23.48118044086419 -12.02123682894999  11.78473808000001
 Pb  23.29408270185226 -0.3741954780238492  11.78473808000001
  I  22.12843251964569 -6.146165959597909  0.8430801622432114
  I  29.25315092243824 -10.85558664674342  0.8430801622432114
  I  29.16915357120434 -1.72694339924234  22.72639599775681
  I  22.12843251964569 -6.146165959597909  10.94165791775681
  I  29.25315092243824 -10.85558664674342  10.94165791775681
  I  29.16915357120434 -1.72694339924234  12.62781824224321
  I  24.01820098183481  0.3231776476154398  5.892369040000009
  I  24.17855356650347 -11.29711854896744  17.67710712000001
 Pb  23.48118044086419 -12.02123682894999  23.56947616000001
 Pb  23.29408270185226 -0.3741954780238492  23.56947616000001
  I  22.12843251964569 -6.146165959597909  24.41255632224321
  I  29.25315092243824 -10.85558664674342  24.41255632224321
  I  24.01820098183481  0.3231776476154398  29.46184520000001
  I  29.54334904922818 -25.02102610109462 -24.41255632224319
 Pb  23.6682781798761 -23.66827817987613 -23.56947615999999
 Pb  23.6682781798761 -23.66827817987613 -11.78473807999999
  I  22.50262799766953 -29.44024866145019 -22.72639599775679
  I  29.54334904922818 -25.02102610109462 -0.84308016224319
  I  22.50262799766953 -29.44024866145019 -12.62781824224319
  I  29.54334904922818 -25.02102610109462 -10.94165791775679
  I  24.39239645985865 -22.97090505423684 -17.67710711999999
 Pb  23.6682781798761 -23.66827817987613  1.06581410364015e-14
 Pb  23.6682781798761 -23.66827817987613  11.78473808000001
  I  22.50262799766953 -29.44024866145019  0.8430801622432114
  I  29.54334904922818 -25.02102610109462  22.72639599775681
  I  22.50262799766953 -29.44024866145019  10.94165791775681
  I  29.54334904922818 -25.02102610109462  12.62781824224321
  I  24.39239645985865 -22.97090505423684  5.892369040000009
 Pb  23.6682781798761 -23.66827817987613  23.56947616000001
  I  22.50262799766953 -29.44024866145019  24.41255632224321
  I  24.39239645985865 -22.97090505423684  29.46184520000001
