0 60 2.44584e-07
1 60 5.21974e-15
2 60 4.74136e-07
3 60 1.10963e-07
4 60 2.60547e-07
5 60 3.93931e-15
6 60 3.86192e-15
7 60 4.21609e-17
8 60 5.7175e-06
9 60 3.76441e-06
10 60 2.98809e-05
11 60 5.0315e-06
12 60 5.93674e-06
13 60 1.83473e-06
14 60 4.83764e-14
15 60 3.59465e-14
16 60 5.9311e-15
17 60 4.59065e-14
18 60 3.57099e-16
19 60 3.93291e-14
20 60 4.07112e-14
21 60 1.14661e-13
22 60 6.58487e-14
23 60 5.22469e-14
24 60 6.26006e-14
25 60 3.39829e-14
26 60 0.000100246
27 60 1.16704e-06
28 60 4.84843e-05
29 60 0.000154727
30 60 0.000221662
31 60 0.000199214
32 60 0.000131735
33 60 0.000116563
34 60 2.15077e-06
35 60 0.000242821
36 60 0.000136267
37 60 3.51554e-05
38 60 0.000436566
39 60 0.000576241
40 60 5.78914e-13
41 60 7.27312e-14
42 60 2.52222e-13
43 60 6.49398e-13
44 60 5.12489e-13
45 60 6.12914e-13
46 60 3.78222e-12
47 60 1.79237e-13
48 60 2.22997e-12
49 60 1.61062e-12
50 60 9.56761e-14
51 60 1.28271e-12
52 60 0.0267327
53 60 0.040307
54 60 0.0340923
55 60 0.00695071
56 60 0.0492202
57 60 0.029316
58 60 7.26267e-14
59 60 3.6271e-13
0 61 5.44466e-08
1 61 9.10922e-16
2 61 1.04159e-07
3 61 4.81865e-07
4 61 1.85648e-08
5 61 4.22195e-15
6 61 6.05864e-17
7 61 3.90719e-15
8 61 3.77465e-06
9 61 5.63955e-06
10 61 5.00167e-06
11 61 2.99638e-05
12 61 1.76557e-06
13 61 5.97992e-06
14 61 3.50549e-14
15 61 4.87739e-14
16 61 4.52151e-14
17 61 6.24921e-15
18 61 3.91935e-14
19 61 3.10752e-16
20 61 1.15603e-13
21 61 4.15304e-14
22 61 5.32326e-14
23 61 6.49687e-14
24 61 3.3378e-14
25 61 6.4729e-14
26 61 1.1808e-06
27 61 0.000100615
28 61 0.000156772
29 61 4.86164e-05
30 61 0.000198718
31 61 0.000223707
32 61 0.000118108
33 61 0.000133094
34 61 0.000243266
35 61 2.33076e-06
36 61 3.54672e-05
37 61 0.00013605
38 61 0.000575152
39 61 0.000437958
40 61 7.5185e-14
41 61 5.83692e-13
42 61 6.49357e-13
43 61 2.58783e-13
44 61 6.3095e-13
45 61 5.09394e-13
46 61 1.79643e-13
47 61 3.79084e-12
48 61 1.59023e-12
49 61 2.20867e-12
50 61 1.27134e-12
51 61 1.01076e-13
52 61 0.0407594
53 61 0.0269727
54 61 0.00701227
55 61 0.0342457
56 61 0.0292876
57 61 0.0494113
58 61 3.54918e-13
59 61 7.87799e-14
0 62 3.96894e-14
1 62 1.79653e-07
2 62 2.67805e-14
3 62 1.10242e-15
4 62 2.54619e-16
5 62 8.75081e-08
6 62 6.9758e-06
7 62 9.15145e-07
8 62 2.17363e-14
9 62 4.88378e-15
10 62 1.25469e-14
11 62 3.54511e-14
12 62 8.73751e-15
13 62 2.03902e-14
14 62 2.57075e-05
15 62 8.53777e-06
16 62 3.47821e-05
17 62 2.2775e-06
18 62 5.78685e-06
19 62 1.92306e-05
20 62 2.51346e-06
21 62 3.59402e-05
22 62 4.09593e-05
23 62 1.52009e-05
24 62 0.000118679
25 62 2.53774e-05
26 62 6.88584e-15
27 62 3.12679e-14
28 62 2.63706e-14
29 62 2.64323e-13
30 62 5.63502e-15
31 62 3.50629e-14
32 62 4.92832e-14
33 62 1.08066e-13
34 62 8.6171e-14
35 62 3.09462e-13
36 62 4.75146e-14
37 62 3.86957e-13
38 62 4.07767e-14
39 62 3.97717e-14
40 62 2.34039e-05
41 62 0.000334681
42 62 0.000702362
43 62 5.27093e-05
44 62 0.000800695
45 62 0.00032549
46 62 7.78793e-05
47 62 0.000463024
48 62 0.000984468
49 62 0.000231403
50 62 0.000577468
51 62 0.000244736
52 62 6.41323e-14
53 62 8.47714e-13
54 62 4.12574e-13
55 62 4.87304e-13
56 62 5.11994e-13
57 62 5.04233e-12
58 62 0.11082
59 62 0.0195573
0 63 3.78247e-14
1 63 9.14634e-08
2 63 5.97511e-14
3 63 1.54799e-14
4 63 3.69944e-15
5 63 1.31188e-07
6 63 8.92644e-07
7 63 6.97016e-06
8 63 4.74379e-15
9 63 2.14828e-14
10 63 3.40668e-14
11 63 1.26658e-14
12 63 1.98735e-14
13 63 8.74651e-15
14 63 8.52099e-06
15 63 2.57742e-05
16 63 2.24856e-06
17 63 3.47029e-05
18 63 1.93377e-05
19 63 5.7667e-06
20 63 3.57979e-05
21 63 2.49365e-06
22 63 1.51176e-05
23 63 4.06133e-05
24 63 2.53924e-05
25 63 0.000118604
26 63 3.1784e-14
27 63 6.80933e-15
28 63 2.66454e-13
29 63 2.69716e-14
30 63 3.55283e-14
31 63 5.64834e-15
32 63 1.08566e-13
33 63 4.96821e-14
34 63 3.10867e-13
35 63 8.66144e-14
36 63 3.88221e-13
37 63 4.715e-14
38 63 4.00591e-14
39 63 3.95559e-14
40 63 0.000334575
41 63 2.25284e-05
42 63 5.11601e-05
43 63 0.000707319
44 63 0.000323083
45 63 0.000802324
46 63 0.000463612
47 63 7.79617e-05
48 63 0.000231325
49 63 0.000984443
50 63 0.000245115
51 63 0.000577134
52 63 8.45303e-13
53 63 5.91108e-14
54 63 4.79567e-13
55 63 4.1729e-13
56 63 5.01474e-12
57 63 5.27905e-13
58 63 0.0191622
59 63 0.11067
0 64 4.61977e-15
1 64 1.46e-07
2 64 4.99876e-14
3 64 1.36688e-14
4 64 4.86209e-16
5 64 1.30793e-07
6 64 3.27235e-06
7 64 9.08717e-08
8 64 2.45066e-15
9 64 9.78399e-15
10 64 3.79997e-14
11 64 4.16077e-14
12 64 1.6122e-14
13 64 3.12185e-14
14 64 6.35457e-06
15 64 1.34201e-05
16 64 1.17462e-05
17 64 1.49789e-05
18 64 1.34349e-06
19 64 1.34603e-05
20 64 2.12575e-06
21 64 3.3065e-05
22 64 1.69418e-05
23 64 1.66233e-05
24 64 4.66166e-05
25 64 7.25994e-08
26 64 4.95569e-15
27 64 5.90714e-14
28 64 1.57561e-14
29 64 1.07741e-14
30 64 3.45791e-14
31 64 2.11875e-14
32 64 1.03211e-13
33 64 3.13094e-14
34 64 2.01345e-14
35 64 9.18448e-14
36 64 7.58771e-14
37 64 3.85506e-14
38 64 1.65382e-13
39 64 3.78728e-13
40 64 0.000223546
41 64 0.00027737
42 64 0.000274553
43 64 0.000191967
44 64 0.00019408
45 64 0.000289255
46 64 0.000323829
47 64 1.83799e-06
48 64 0.000155905
49 64 0.000104926
50 64 0.000387561
51 64 0.000494263
52 64 8.59612e-13
53 64 5.94733e-14
54 64 1.94801e-12
55 64 1.00326e-12
56 64 6.52307e-13
57 64 1.09784e-12
58 64 0.0229964
59 64 0.0927913
0 65 3.69904e-15
1 65 2.79456e-08
2 65 1.82073e-14
3 65 6.89643e-15
4 65 2.9563e-16
5 65 1.70926e-07
6 65 9.14795e-08
7 65 3.2895e-06
8 65 9.73695e-15
9 65 2.59572e-15
10 65 4.14647e-14
11 65 3.75314e-14
12 65 3.16535e-14
13 65 1.62834e-14
14 65 1.33541e-05
15 65 6.31689e-06
16 65 1.50303e-05
17 65 1.16714e-05
18 65 1.33823e-05
19 65 1.3358e-06
20 65 3.33466e-05
21 65 2.1249e-06
22 65 1.65433e-05
23 65 1.68272e-05
24 65 7.25405e-08
25 65 4.67142e-05
26 65 5.91606e-14
27 65 4.82042e-15
28 65 9.88772e-15
29 65 1.62501e-14
30 65 2.15357e-14
31 65 3.49823e-14
32 65 3.12687e-14
33 65 1.04609e-13
34 65 9.31276e-14
35 65 2.10633e-14
36 65 3.93702e-14
37 65 7.51559e-14
38 65 3.76345e-13
39 65 1.64265e-13
40 65 0.000278738
41 65 0.000224369
42 65 0.000191747
43 65 0.000277899
44 65 0.000288898
45 65 0.00019148
46 65 1.7787e-06
47 65 0.000323871
48 65 0.000105648
49 65 0.000155585
50 65 0.000492855
51 65 0.000387059
52 65 6.14241e-14
53 65 8.5193e-13
54 65 1.00447e-12
55 65 1.94396e-12
56 65 1.12103e-12
57 65 6.55168e-13
58 65 0.0928679
59 65 0.0230101
0 66 4.69234e-15
1 66 1.82453e-07
2 66 3.46443e-14
3 66 5.97276e-15
4 66 3.35863e-15
5 66 3.82916e-08
6 66 2.22477e-06
7 66 5.46384e-07
8 66 5.0115e-15
9 66 3.04732e-15
10 66 2.36032e-14
11 66 9.28693e-16
12 66 2.10683e-15
13 66 5.21813e-16
14 66 9.15845e-06
15 66 8.3777e-06
16 66 1.41772e-05
17 66 3.42256e-06
18 66 1.82344e-06
19 66 5.4146e-06
20 66 4.73033e-08
21 66 1.17767e-05
22 66 1.55754e-05
23 66 4.65249e-05
24 66 1.58646e-05
25 66 4.32263e-06
26 66 6.94984e-14
27 66 1.11638e-14
28 66 9.0516e-14
29 66 1.63421e-14
30 66 6.06264e-15
31 66 8.57494e-14
32 66 1.67456e-13
33 66 7.50299e-14
34 66 4.15293e-15
35 66 1.62243e-14
36 66 1.56748e-13
37 66 3.76108e-14
38 66 2.33545e-13
39 66 6.13855e-14
40 66 0.000705689
41 66 0.000448815
42 66 0.000265812
43 66 1.9296e-05
44 66 0.000884106
45 66 0.00102445
46 66 8.33127e-05
47 66 2.32087e-05
48 66 3.59612e-07
49 66 5.31632e-05
50 66 1.39516e-05
51 66 2.38494e-05
52 66 1.06826e-13
53 66 1.75134e-13
54 66 2.7302e-13
55 66 1.30177e-13
56 66 1.55183e-12
57 66 6.14967e-13
58 66 0.00613697
59 66 0.020483
0 67 2.2296e-14
1 67 2.60787e-07
2 67 6.20427e-15
3 67 1.36362e-14
4 67 1.18836e-17
5 67 8.34461e-08
6 67 5.46374e-07
7 67 2.22369e-06
8 67 3.07928e-15
9 67 5.16185e-15
10 67 9.34317e-16
11 67 2.45032e-14
12 67 5.73408e-16
13 67 2.09681e-15
14 67 8.3873e-06
15 67 9.2593e-06
16 67 3.49225e-06
17 67 1.43255e-05
18 67 5.42073e-06
19 67 1.81424e-06
20 67 1.17833e-05
21 67 4.44253e-08
22 67 4.65959e-05
23 67 1.55655e-05
24 67 4.27304e-06
25 67 1.60433e-05
26 67 1.09658e-14
27 67 6.95444e-14
28 67 1.62426e-14
29 67 9.13813e-14
30 67 8.63707e-14
31 67 5.83406e-15
32 67 7.41183e-14
33 67 1.6694e-13
34 67 1.4954e-14
35 67 4.03578e-15
36 67 3.78813e-14
37 67 1.57645e-13
38 67 6.1331e-14
39 67 2.36699e-13
40 67 0.000452066
41 67 0.000711152
42 67 1.92508e-05
43 67 0.00026662
44 67 0.00102549
45 67 0.000884666
46 67 2.40113e-05
47 67 8.31263e-05
48 67 5.29813e-05
49 67 3.59972e-07
50 67 2.38792e-05
51 67 1.39124e-05
52 67 1.76655e-13
53 67 1.03801e-13
54 67 1.28849e-13
55 67 2.71827e-13
56 67 6.11209e-13
57 67 1.53839e-12
58 67 0.0207078
59 67 0.0061984
0 68 1.84683e-09
1 68 7.939e-17
2 68 1.40071e-07
3 68 3.97769e-07
4 68 6.11709e-08
5 68 1.13054e-15
6 68 1.09575e-15
7 68 2.30217e-14
8 68 1.18062e-05
9 68 7.03964e-06
10 68 1.51843e-05
11 68 1.31233e-06
12 68 1.754e-07
13 68 1.7663e-06
14 68 1.73795e-14
15 68 1.63944e-14
16 68 6.00607e-15
17 68 1.19197e-14
18 68 7.79721e-15
19 68 4.07992e-14
20 68 1.69602e-14
21 68 1.51032e-13
22 68 2.69176e-14
23 68 9.75914e-14
24 68 4.19198e-14
25 68 2.34627e-13
26 68 2.67674e-06
27 68 5.33371e-05
28 68 8.11886e-05
29 68 2.97937e-05
30 68 1.42893e-05
31 68 5.82559e-06
32 68 8.5583e-05
33 68 4.72188e-05
34 68 0.000106545
35 68 7.08272e-05
36 68 0.00018264
37 68 9.17288e-05
38 68 3.49549e-05
39 68 2.03817e-05
40 68 1.88137e-13
41 68 1.77636e-13
42 68 1.39068e-13
43 68 6.28855e-14
44 68 1.05558e-13
45 68 1.76804e-13
46 68 1.4454e-13
47 68 3.25786e-14
48 68 1.78625e-13
49 68 1.54817e-14
50 68 2.03217e-13
51 68 2.7711e-13
52 68 5.76403e-05
53 68 5.578e-05
54 68 3.87721e-05
55 68 0.00166856
56 68 0.00070069
57 68 0.00120132
58 68 2.43577e-11
59 68 7.17194e-12
0 69 3.06824e-07
1 69 1.25659e-15
2 69 3.81205e-07
3 69 1.44735e-07
4 69 1.34684e-07
5 69 1.06298e-15
6 69 2.38091e-14
7 69 1.02726e-15
8 69 7.12276e-06
9 69 1.18699e-05
10 69 1.32844e-06
11 69 1.51024e-05
12 69 1.7655e-06
13 69 1.74154e-07
14 69 1.64447e-14
15 69 1.74525e-14
16 69 1.20548e-14
17 69 6.36971e-15
18 69 4.08978e-14
19 69 7.89637e-15
20 69 1.52172e-13
21 69 1.72561e-14
22 69 9.78395e-14
23 69 2.71497e-14
24 69 2.34102e-13
25 69 4.17446e-14
26 69 5.366e-05
27 69 2.65325e-06
28 69 2.98757e-05
29 69 8.20999e-05
30 69 5.75513e-06
31 69 1.44216e-05
32 69 4.74648e-05
33 69 8.68568e-05
34 69 7.11918e-05
35 69 0.000107476
36 69 9.18636e-05
37 69 0.00018326
38 69 2.03612e-05
39 69 3.489e-05
40 69 1.78053e-13
41 69 1.85431e-13
42 69 6.34195e-14
43 69 1.37333e-13
44 69 1.76571e-13
45 69 1.05888e-13
46 69 3.28106e-14
47 69 1.4342e-13
48 69 1.57528e-14
49 69 1.79448e-13
50 69 2.77373e-13
51 69 2.06479e-13
52 69 5.59743e-05
53 69 5.75889e-05
54 69 0.00167407
55 69 3.89942e-05
56 69 0.00121502
57 69 0.000704887
58 69 7.12906e-12
59 69 2.42912e-11
0 70 8.23656e-09
1 70 2.15247e-15
2 70 1.83158e-07
3 70 5.48837e-09
4 70 1.48485e-08
5 70 2.34354e-15
6 70 4.2467e-15
7 70 1.49507e-14
8 70 4.39531e-06
9 70 3.7619e-06
10 70 5.58167e-06
11 70 7.59035e-08
12 70 1.53475e-05
13 70 3.03034e-06
14 70 7.00308e-16
15 70 2.9454e-14
16 70 3.93954e-15
17 70 1.66207e-14
18 70 8.90523e-15
19 70 6.31955e-16
20 70 1.33955e-14
21 70 1.41538e-14
22 70 1.95598e-14
23 70 6.62325e-14
24 70 1.54579e-14
25 70 8.75717e-16
26 70 7.35124e-06
27 70 3.61586e-05
28 70 6.06313e-06
29 70 1.50265e-05
30 70 4.33041e-06
31 70 6.67809e-05
32 70 0.000165039
33 70 2.90545e-06
34 70 1.36493e-05
35 70 3.14442e-05
36 70 1.01445e-05
37 70 8.96623e-06
38 70 9.11057e-05
39 70 4.16225e-05
40 70 1.41108e-13
41 70 3.21281e-14
42 70 3.49886e-14
43 70 1.42842e-14
44 70 7.76982e-14
45 70 2.52643e-14
46 70 1.21658e-13
47 70 2.29842e-14
48 70 4.59399e-15
49 70 5.06811e-15
50 70 7.85182e-14
51 70 8.50563e-14
52 70 5.22198e-06
53 70 6.0934e-05
54 70 0.000575537
55 70 1.9317e-05
56 70 0.000965011
57 70 0.000579704
58 70 7.46823e-15
59 70 1.17342e-12
0 71 6.40587e-09
1 71 1.85799e-15
2 71 6.05045e-09
3 71 1.85919e-07
4 71 1.0534e-07
5 71 5.34192e-16
6 71 1.45826e-14
7 71 4.5046e-15
8 71 3.75898e-06
9 71 4.38469e-06
10 71 7.59077e-08
11 71 5.57498e-06
12 71 2.97217e-06
13 71 1.52981e-05
14 71 2.96448e-14
15 71 7.33892e-16
16 71 1.65353e-14
17 71 3.89571e-15
18 71 6.5609e-16
19 71 8.97933e-15
20 71 1.41247e-14
21 71 1.33777e-14
22 71 6.71089e-14
23 71 2.01769e-14
24 71 8.24153e-16
25 71 1.63829e-14
26 71 3.5956e-05
27 71 7.6275e-06
28 71 1.45568e-05
29 71 5.96792e-06
30 71 6.71698e-05
31 71 4.24374e-06
32 71 2.86401e-06
33 71 0.000164498
34 71 3.12069e-05
35 71 1.3891e-05
36 71 9.11713e-06
37 71 1.00884e-05
38 71 4.19221e-05
39 71 9.12059e-05
40 71 3.30014e-14
41 71 1.40619e-13
42 71 1.40615e-14
43 71 3.5291e-14
44 71 2.66492e-14
45 71 7.71593e-14
46 71 2.30131e-14
47 71 1.22901e-13
48 71 5.41657e-15
49 71 4.46735e-15
50 71 8.48104e-14
51 71 7.85596e-14
52 71 6.05303e-05
53 71 5.11124e-06
54 71 2.05634e-05
55 71 0.000576823
56 71 0.000577657
57 71 0.000966804
58 71 1.12608e-12
59 71 5.97841e-15
0 72 1.4482e-08
1 72 3.55619e-15
2 72 1.78282e-06
3 72 8.14859e-07
4 72 1.74747e-07
5 72 1.20815e-16
6 72 5.0349e-15
7 72 2.16038e-15
8 72 5.01639e-07
9 72 7.61714e-06
10 72 5.32322e-06
11 72 3.37551e-05
12 72 1.03358e-06
13 72 1.48502e-06
14 72 2.11573e-14
15 72 7.69265e-14
16 72 3.67886e-14
17 72 2.99708e-14
18 72 2.47706e-14
19 72 1.83891e-14
20 72 1.02452e-14
21 72 1.49333e-14
22 72 1.32417e-15
23 72 2.12568e-14
24 72 1.79252e-14
25 72 1.92868e-14
26 72 5.41471e-05
27 72 0.000362596
28 72 7.01485e-05
29 72 6.65131e-05
30 72 6.9747e-05
31 72 7.26317e-05
32 72 8.57014e-06
33 72 1.37008e-05
34 72 1.62998e-05
35 72 8.31255e-06
36 72 3.43918e-05
37 72 8.45913e-06
38 72 1.23415e-05
39 72 6.82326e-06
40 72 6.65488e-15
41 72 2.01615e-14
42 72 4.7855e-15
43 72 1.61777e-14
44 72 1.18137e-13
45 72 4.67169e-15
46 72 2.59133e-14
47 72 1.59928e-14
48 72 2.25228e-14
49 72 2.09743e-14
50 72 1.24906e-14
51 72 1.3892e-14
52 72 0.000842219
53 72 6.2561e-05
54 72 0.000378474
55 72 0.000162662
56 72 0.000102711
57 72 2.01002e-05
58 72 2.19823e-13
59 72 6.0141e-13
0 73 4.44063e-08
1 73 7.28507e-15
2 73 7.64827e-07
3 73 1.81856e-06
4 73 1.02538e-07
5 73 3.71483e-15
6 73 2.12535e-15
7 73 4.80461e-15
8 73 7.63676e-06
9 73 5.01973e-07
10 73 3.37505e-05
11 73 5.29676e-06
12 73 1.45071e-06
13 73 1.03765e-06
14 73 7.70602e-14
15 73 2.08499e-14
16 73 3.03481e-14
17 73 3.69986e-14
18 73 1.87801e-14
19 73 2.55368e-14
20 73 1.48113e-14
21 73 1.0253e-14
22 73 2.13668e-14
23 73 1.42433e-15
24 73 1.9166e-14
25 73 1.80545e-14
26 73 0.00036202
27 73 5.49354e-05
28 73 6.6687e-05
29 73 7.00606e-05
30 73 7.26208e-05
31 73 6.95882e-05
32 73 1.37254e-05
33 73 8.58534e-06
34 73 8.30506e-06
35 73 1.63579e-05
36 73 8.46317e-06
37 73 3.43699e-05
38 73 6.77902e-06
39 73 1.23353e-05
40 73 1.98696e-14
41 73 6.47391e-15
42 73 1.58277e-14
43 73 4.59682e-15
44 73 4.39882e-15
45 73 1.18187e-13
46 73 1.57965e-14
47 73 2.55356e-14
48 73 2.1365e-14
49 73 2.33731e-14
50 73 1.39737e-14
51 73 1.19146e-14
52 73 6.37602e-05
53 73 0.000840789
54 73 0.000161692
55 73 0.000379631
56 73 1.99581e-05
57 73 0.000102592
58 73 5.98897e-13
59 73 2.18449e-13
0 74 6.54471e-08
1 74 3.36837e-15
2 74 5.00261e-08
3 74 3.35051e-09
4 74 6.73869e-09
5 74 1.38531e-16
6 74 2.17814e-16
7 74 2.97835e-18
8 74 1.29571e-06
9 74 2.00522e-06
10 74 1.55981e-06
11 74 7.26611e-06
12 74 9.75494e-07
13 74 4.19775e-07
14 74 3.72497e-15
15 74 3.89307e-15
16 74 1.70686e-15
17 74 1.23332e-15
18 74 2.31249e-15
19 74 1.89448e-14
20 74 3.6884e-16
21 74 2.58031e-15
22 74 2.34731e-14
23 74 5.59818e-15
24 74 1.02864e-15
25 74 8.97378e-15
26 74 1.47273e-05
27 74 2.20362e-05
28 74 2.17008e-05
29 74 1.31365e-06
30 74 2.29531e-05
31 74 2.52703e-05
32 74 8.40902e-06
33 74 2.5271e-05
34 74 3.5889e-05
35 74 2.26355e-05
36 74 1.06726e-05
37 74 3.8984e-05
38 74 1.49138e-05
39 74 0.000132057
40 74 5.20055e-15
41 74 6.04733e-15
42 74 1.34602e-15
43 74 2.00697e-14
44 74 2.33152e-16
45 74 4.89641e-14
46 74 7.04658e-14
47 74 1.31878e-16
48 74 5.59128e-14
49 74 9.03275e-15
50 74 7.16271e-15
51 74 2.35629e-15
52 74 0.0002735
53 74 1.90081e-05
54 74 0.000163545
55 74 0.000234478
56 74 0.00223615
57 74 0.00018992
58 74 6.21579e-14
59 74 1.95106e-13
0 75 8.12841e-08
1 75 1.21636e-15
2 75 2.89803e-09
3 75 5.09617e-08
4 75 1.94189e-08
5 75 3.86382e-15
6 75 1.20218e-18
7 75 2.08213e-16
8 75 1.99175e-06
9 75 1.3089e-06
10 75 7.29022e-06
11 75 1.5652e-06
12 75 4.15053e-07
13 75 9.71059e-07
14 75 3.94131e-15
15 75 3.8646e-15
16 75 1.19297e-15
17 75 1.68559e-15
18 75 1.89066e-14
19 75 2.34993e-15
20 75 2.50158e-15
21 75 3.52247e-16
22 75 5.58885e-15
23 75 2.31925e-14
24 75 8.72317e-15
25 75 1.05025e-15
26 75 2.20302e-05
27 75 1.47485e-05
28 75 1.28375e-06
29 75 2.19008e-05
30 75 2.53324e-05
31 75 2.30558e-05
32 75 2.52932e-05
33 75 8.26727e-06
34 75 2.25469e-05
35 75 3.62528e-05
36 75 3.90875e-05
37 75 1.07508e-05
38 75 0.000132068
39 75 1.48273e-05
40 75 6.15276e-15
41 75 5.42649e-15
42 75 1.93997e-14
43 75 1.40736e-15
44 75 5.05499e-14
45 75 1.77013e-16
46 75 8.49456e-17
47 75 7.0716e-14
48 75 9.28283e-15
49 75 5.5758e-14
50 75 2.13277e-15
51 75 6.90311e-15
52 75 1.90607e-05
53 75 0.000273727
54 75 0.000235438
55 75 0.000164474
56 75 0.000187178
57 75 0.00224084
58 75 1.93886e-13
59 75 6.18495e-14
0 76 1.94828e-07
1 76 1.0558e-15
2 76 5.59301e-08
3 76 6.2747e-08
4 76 4.77903e-08
5 76 3.51283e-15
6 76 5.39428e-15
7 76 2.3597e-15
8 76 1.36401e-06
9 76 1.2487e-06
10 76 2.58613e-06
11 76 2.2834e-06
12 76 9.51272e-06
13 76 9.78305e-07
14 76 2.15227e-14
15 76 4.09931e-15
16 76 2.10324e-14
17 76 2.95212e-14
18 76 2.31203e-14
19 76 5.45834e-14
20 76 2.85425e-15
21 76 8.29347e-14
22 76 2.04812e-14
23 76 5.1979e-14
24 76 2.67794e-14
25 76 1.40907e-14
26 76 1.43229e-05
27 76 1.29744e-05
28 76 8.32873e-05
29 76 9.83833e-05
30 76 4.16936e-06
31 76 3.34454e-06
32 76 2.82246e-05
33 76 8.89204e-05
34 76 5.09251e-05
35 76 6.0297e-05
36 76 5.18583e-06
37 76 4.06037e-08
38 76 2.22334e-05
39 76 3.94632e-06
40 76 1.21417e-13
41 76 8.71117e-14
42 76 1.99521e-16
43 76 7.44415e-14
44 76 4.17198e-14
45 76 2.48769e-13
46 76 6.38678e-14
47 76 4.41036e-14
48 76 3.83951e-13
49 76 9.12993e-14
50 76 2.33395e-13
51 76 5.25024e-14
52 76 0.000689075
53 76 5.31928e-05
54 76 0.000162257
55 76 0.000102075
56 76 0.000247374
57 76 0.000184307
58 76 1.8189e-13
59 76 1.59704e-12
0 77 2.72817e-08
1 77 9.68306e-16
2 77 5.9045e-08
3 77 5.15234e-08
4 77 3.55699e-09
5 77 2.26377e-15
6 77 2.52885e-15
7 77 5.23694e-15
8 77 1.24864e-06
9 77 1.36194e-06
10 77 2.29224e-06
11 77 2.59906e-06
12 77 9.76769e-07
13 77 9.50377e-06
14 77 3.99263e-15
15 77 2.11502e-14
16 77 2.97635e-14
17 77 2.09057e-14
18 77 5.44309e-14
19 77 2.29987e-14
20 77 8.25644e-14
21 77 2.71879e-15
22 77 5.19595e-14
23 77 2.07344e-14
24 77 1.40815e-14
25 77 2.61272e-14
26 77 1.28297e-05
27 77 1.40262e-05
28 77 9.83638e-05
29 77 8.34735e-05
30 77 3.37768e-06
31 77 4.19072e-06
32 77 8.88454e-05
33 77 2.83038e-05
34 77 6.01713e-05
35 77 5.09143e-05
36 77 4.34624e-08
37 77 5.25122e-06
38 77 3.90707e-06
39 77 2.24342e-05
40 77 8.67472e-14
41 77 1.21962e-13
42 77 7.47873e-14
43 77 2.1676e-16
44 77 2.49742e-13
45 77 4.33982e-14
46 77 4.42255e-14
47 77 6.42179e-14
48 77 9.00392e-14
49 77 3.82606e-13
50 77 5.20929e-14
51 77 2.33202e-13
52 77 5.40861e-05
53 77 0.000690557
54 77 0.000101305
55 77 0.000162326
56 77 0.000186723
57 77 0.00024759
58 77 1.61959e-12
59 77 1.80336e-13
0 78 1.54084e-15
1 78 3.03398e-08
2 78 1.57477e-15
3 78 3.99679e-16
4 78 1.02972e-14
5 78 4.26475e-08
6 78 1.6606e-06
7 78 6.35645e-07
8 78 1.96893e-13
9 78 1.64837e-14
10 78 2.35886e-13
11 78 4.93798e-13
12 78 2.4512e-13
13 78 2.62286e-13
14 78 1.7527e-05
15 78 1.454e-05
16 78 3.29528e-06
17 78 9.13909e-06
18 78 8.52187e-06
19 78 4.07207e-06
20 78 1.97388e-05
21 78 1.52821e-05
22 78 1.31007e-06
23 78 6.03879e-08
24 78 1.03999e-06
25 78 6.02746e-06
26 78 1.527e-12
27 78 2.95601e-12
28 78 9.29299e-13
29 78 1.78567e-12
30 78 8.61878e-13
31 78 4.90878e-13
32 78 9.52226e-13
33 78 1.1319e-13
34 78 7.71389e-12
35 78 1.06031e-12
36 78 2.00161e-12
37 78 8.85045e-13
38 78 2.29932e-12
39 78 5.85594e-13
40 78 3.2266e-05
41 78 1.31451e-05
42 78 3.18362e-05
43 78 1.23432e-05
44 78 3.41636e-05
45 78 3.3759e-05
46 78 2.85059e-06
47 78 3.52996e-06
48 78 0.000162788
49 78 4.16644e-05
50 78 4.88573e-05
51 78 0.000210346
52 78 3.37096e-11
53 78 4.01646e-11
54 78 9.92417e-12
55 78 1.18677e-10
56 78 5.34542e-12
57 78 2.65171e-11
58 78 0.00064477
59 78 0.000109919
0 79 2.99973e-14
1 79 5.3501e-08
2 79 1.37467e-14
3 79 4.17693e-15
4 79 3.66588e-14
5 79 1.66659e-07
6 79 6.31796e-07
7 79 1.67025e-06
8 79 1.57467e-14
9 79 1.94627e-13
10 79 4.95372e-13
11 79 2.36042e-13
12 79 2.62334e-13
13 79 2.45505e-13
14 79 1.44873e-05
15 79 1.75412e-05
16 79 9.18486e-06
17 79 3.27779e-06
18 79 4.10819e-06
19 79 8.60497e-06
20 79 1.52624e-05
21 79 1.97511e-05
22 79 7.47491e-08
23 79 1.32412e-06
24 79 6.10647e-06
25 79 1.05319e-06
26 79 2.94993e-12
27 79 1.52655e-12
28 79 1.77469e-12
29 79 9.21691e-13
30 79 5.04227e-13
31 79 8.69314e-13
32 79 1.11519e-13
33 79 9.51875e-13
34 79 1.05347e-12
35 79 7.6846e-12
36 79 8.92183e-13
37 79 1.99829e-12
38 79 5.83518e-13
39 79 2.305e-12
40 79 1.31414e-05
41 79 3.2342e-05
42 79 1.24327e-05
43 79 3.17767e-05
44 79 3.37356e-05
45 79 3.40969e-05
46 79 3.43906e-06
47 79 2.85512e-06
48 79 4.17325e-05
49 79 0.00016267
50 79 0.000210724
51 79 4.94182e-05
52 79 4.02921e-11
53 79 3.36594e-11
54 79 1.18258e-10
55 79 1.00181e-11
56 79 2.62091e-11
57 79 5.38162e-12
58 79 0.000109672
59 79 0.000644041
0 80 1.21724e-07
1 80 2.9471e-15
2 80 1.12005e-08
3 80 2.60195e-08
4 80 1.54668e-07
5 80 2.5913e-15
6 80 1.39782e-13
7 80 3.36174e-14
8 80 1.0651e-06
9 80 1.42541e-06
10 80 5.43433e-06
11 80 1.13313e-06
12 80 9.73389e-07
13 80 3.75735e-06
14 80 4.78907e-13
15 80 3.45048e-12
16 80 2.81497e-13
17 80 1.01315e-12
18 80 1.5651e-13
19 80 1.13803e-12
20 80 3.94144e-13
21 80 3.70754e-12
22 80 7.6666e-14
23 80 2.4378e-13
24 80 6.31746e-13
25 80 1.44082e-13
26 80 2.73443e-05
27 80 1.53739e-05
28 80 3.5027e-06
29 80 1.64596e-05
30 80 1.15926e-06
31 80 1.13826e-05
32 80 9.78426e-07
33 80 7.17981e-06
34 80 5.82673e-05
35 80 3.63046e-05
36 80 2.19785e-05
37 80 3.99245e-06
38 80 7.17344e-06
39 80 2.06258e-05
40 80 1.34003e-12
41 80 2.2866e-12
42 80 6.19555e-13
43 80 2.11417e-12
44 80 5.93434e-12
45 80 1.32175e-12
46 80 8.22434e-13
47 80 1.53443e-12
48 80 2.15425e-12
49 80 1.89069e-11
50 80 2.38326e-12
51 80 1.91621e-11
52 80 0.000413024
53 80 0.000301045
54 80 0.000479794
55 80 0.000676276
56 80 0.000248989
57 80 9.90774e-05
58 80 4.67458e-11
59 80 3.00779e-11
0 81 3.74442e-08
1 81 3.37615e-16
2 81 2.45324e-08
3 81 1.22781e-08
4 81 1.00733e-07
5 81 1.20227e-14
6 81 3.33384e-14
7 81 1.38839e-13
8 81 1.4292e-06
9 81 1.05594e-06
10 81 1.14234e-06
11 81 5.44025e-06
12 81 3.76247e-06
13 81 9.6938e-07
14 81 3.44576e-12
15 81 4.79954e-13
16 81 1.02196e-12
17 81 2.85207e-13
18 81 1.13613e-12
19 81 1.59069e-13
20 81 3.70132e-12
21 81 3.93582e-13
22 81 2.33978e-13
23 81 7.24004e-14
24 81 1.46527e-13
25 81 6.25087e-13
26 81 1.52903e-05
27 81 2.72351e-05
28 81 1.64633e-05
29 81 3.53991e-06
30 81 1.14965e-05
31 81 1.16383e-06
32 81 7.17997e-06
33 81 9.67099e-07
34 81 3.65184e-05
35 81 5.82907e-05
36 81 4.02338e-06
37 81 2.19111e-05
38 81 2.05168e-05
39 81 7.19585e-06
40 81 2.28683e-12
41 81 1.34664e-12
42 81 2.1421e-12
43 81 6.23994e-13
44 81 1.30836e-12
45 81 5.92422e-12
46 81 1.53551e-12
47 81 8.34175e-13
48 81 1.89693e-11
49 81 2.16854e-12
50 81 1.90756e-11
51 81 2.36074e-12
52 81 0.000301495
53 81 0.000412471
54 81 0.000671861
55 81 0.00047972
56 81 9.88398e-05
57 81 0.000251476
58 81 3.00548e-11
59 81 4.67766e-11
0 82 1.41601e-14
1 82 6.47414e-09
2 82 8.16777e-16
3 82 2.10886e-15
4 82 1.38637e-15
5 82 3.57325e-08
6 82 1.37046e-06
7 82 1.80813e-07
8 82 2.10228e-14
9 82 6.64794e-15
10 82 3.55894e-14
11 82 1.05025e-13
12 82 1.70367e-14
13 82 3.71638e-14
14 82 1.91797e-06
15 82 8.52256e-06
16 82 3.34674e-06
17 82 1.19506e-05
18 82 1.09027e-05
19 82 2.00415e-05
20 82 7.72488e-06
21 82 4.36246e-07
22 82 1.93375e-05
23 82 6.54979e-06
24 82 3.48868e-06
25 82 5.6377e-06
26 82 4.33063e-14
27 82 1.61051e-13
28 82 2.76057e-13
29 82 1.6552e-13
30 82 5.45881e-14
31 82 1.16501e-14
32 82 2.80126e-14
33 82 3.48397e-14
34 82 3.30892e-13
35 82 5.5755e-13
36 82 2.03797e-13
37 82 1.44374e-13
38 82 1.19777e-13
39 82 4.10084e-13
40 82 4.98057e-05
41 82 1.52978e-05
42 82 1.37284e-05
43 82 9.63294e-08
44 82 1.13526e-05
45 82 1.66519e-05
46 82 0.000117588
47 82 2.51992e-05
48 82 2.06049e-05
49 82 0.000103311
50 82 0.000153765
51 82 8.8054e-05
52 82 3.03912e-12
53 82 2.37852e-12
54 82 3.92525e-12
55 82 2.86005e-12
56 82 7.71537e-13
57 82 1.07943e-12
58 82 0.000397846
59 82 0.000933371
0 83 1.73983e-14
1 83 6.60371e-08
2 83 6.9923e-15
3 83 1.43217e-14
4 83 6.07127e-16
5 83 2.28912e-07
6 83 1.8391e-07
7 83 1.3698e-06
8 83 6.66841e-15
9 83 2.14117e-14
10 83 1.05128e-13
11 83 3.53963e-14
12 83 3.70762e-14
13 83 1.74871e-14
14 83 8.56615e-06
15 83 1.95896e-06
16 83 1.19419e-05
17 83 3.32494e-06
18 83 2.00263e-05
19 83 1.09255e-05
20 83 4.30352e-07
21 83 7.80144e-06
22 83 6.55e-06
23 83 1.92446e-05
24 83 5.67665e-06
25 83 3.49564e-06
26 83 1.61265e-13
27 83 4.35684e-14
28 83 1.62323e-13
29 83 2.76947e-13
30 83 1.08433e-14
31 83 5.29152e-14
32 83 3.48567e-14
33 83 2.82678e-14
34 83 5.59504e-13
35 83 3.29467e-13
36 83 1.44053e-13
37 83 2.02889e-13
38 83 4.08625e-13
39 83 1.21408e-13
40 83 1.53148e-05
41 83 4.99552e-05
42 83 1.03513e-07
43 83 1.39151e-05
44 83 1.64293e-05
45 83 1.14164e-05
46 83 2.5269e-05
47 83 0.000117538
48 83 0.000103845
49 83 2.03846e-05
50 83 8.86443e-05
51 83 0.000153165
52 83 2.37265e-12
53 83 3.03659e-12
54 83 2.86127e-12
55 83 3.95544e-12
56 83 1.06401e-12
57 83 7.7713e-13
58 83 0.00093161
59 83 0.000398016
0 84 1.6814e-14
1 84 6.83627e-08
2 84 7.72119e-15
3 84 4.5847e-16
4 84 1.39122e-16
5 84 6.03977e-08
6 84 2.60763e-06
7 84 5.85834e-07
8 84 1.05173e-14
9 84 9.35761e-15
10 84 2.67482e-14
11 84 3.94219e-15
12 84 2.04005e-14
13 84 4.97243e-15
14 84 6.05309e-06
15 84 5.13316e-06
16 84 7.1821e-06
17 84 4.37321e-06
18 84 9.87428e-06
19 84 7.64032e-06
20 84 1.0658e-05
21 84 7.19244e-06
22 84 1.30432e-06
23 84 2.4812e-06
24 84 6.12783e-07
25 84 4.37332e-07
26 84 7.68012e-14
27 84 1.2592e-14
28 84 4.75819e-14
29 84 4.2584e-14
30 84 4.54624e-15
31 84 1.1346e-14
32 84 2.37516e-15
33 84 1.03512e-15
34 84 3.56739e-14
35 84 2.61589e-14
36 84 1.49829e-14
37 84 9.378e-14
38 84 4.62536e-15
39 84 7.23171e-14
40 84 8.12674e-06
41 84 4.1371e-05
42 84 7.59771e-05
43 84 1.08645e-05
44 84 1.32354e-05
45 84 2.59076e-05
46 84 1.52092e-05
47 84 3.06028e-05
48 84 0.000108954
49 84 9.21527e-05
50 84 9.20042e-05
51 84 5.6209e-05
52 84 2.86679e-13
53 84 3.63078e-13
54 84 8.95459e-13
55 84 3.15945e-13
56 84 8.05045e-16
57 84 2.144e-14
58 84 0.000212851
59 84 0.000244292
0 85 3.09683e-14
1 85 4.93557e-10
2 85 4.48211e-15
3 85 6.65332e-15
4 85 3.07767e-17
5 85 1.32923e-07
6 85 5.87821e-07
7 85 2.57058e-06
8 85 9.56293e-15
9 85 1.04995e-14
10 85 4.04416e-15
11 85 2.69655e-14
12 85 5.22301e-15
13 85 2.03216e-14
14 85 5.14709e-06
15 85 6.04552e-06
16 85 4.29858e-06
17 85 7.21435e-06
18 85 7.68038e-06
19 85 9.9366e-06
20 85 7.25092e-06
21 85 1.0696e-05
22 85 2.46166e-06
23 85 1.30818e-06
24 85 4.49e-07
25 85 6.13143e-07
26 85 1.24708e-14
27 85 7.69844e-14
28 85 4.21125e-14
29 85 4.66428e-14
30 85 1.13707e-14
31 85 4.27585e-15
32 85 1.04766e-15
33 85 2.30956e-15
34 85 2.58125e-14
35 85 3.52729e-14
36 85 9.42e-14
37 85 1.46095e-14
38 85 7.25602e-14
39 85 4.55081e-15
40 85 4.14413e-05
41 85 8.103e-06
42 85 1.08149e-05
43 85 7.59759e-05
44 85 2.58853e-05
45 85 1.3182e-05
46 85 3.07861e-05
47 85 1.49124e-05
48 85 9.22242e-05
49 85 0.00010888
50 85 5.59266e-05
51 85 9.15217e-05
52 85 3.61397e-13
53 85 2.89477e-13
54 85 3.19071e-13
55 85 8.97788e-13
56 85 2.07171e-14
57 85 1.06214e-15
58 85 0.000242309
59 85 0.000213131
0 86 2.18169e-08
1 86 1.95708e-16
2 86 5.09353e-08
3 86 5.04632e-09
4 86 1.61517e-08
5 86 5.94118e-16
6 86 6.9148e-15
7 86 3.49698e-15
8 86 7.84325e-07
9 86 2.26891e-06
10 86 3.52194e-06
11 86 7.26476e-07
12 86 4.96624e-06
13 86 2.94721e-06
14 86 5.29609e-14
15 86 2.26204e-14
16 86 6.43251e-14
17 86 3.64659e-14
18 86 3.32127e-15
19 86 7.37943e-14
20 86 1.94036e-15
21 86 1.08001e-14
22 86 1.43732e-14
23 86 4.74309e-15
24 86 1.35622e-14
25 86 1.44512e-15
26 86 6.4152e-07
27 86 3.61986e-06
28 86 9.78162e-06
29 86 6.52388e-06
30 86 6.43564e-06
31 86 7.01336e-06
32 86 1.97757e-06
33 86 1.82086e-06
34 86 8.50007e-06
35 86 1.86424e-06
36 86 7.21883e-06
37 86 1.85818e-05
38 86 1.46306e-05
39 86 1.21025e-06
40 86 1.59494e-13
41 86 2.96336e-13
42 86 5.0223e-14
43 86 2.98908e-15
44 86 9.42032e-15
45 86 1.81949e-13
46 86 1.35798e-13
47 86 2.02809e-14
48 86 9.79531e-14
49 86 1.72975e-13
50 86 1.0515e-13
51 86 3.3296e-14
52 86 3.74664e-05
53 86 3.81816e-06
54 86 4.86967e-05
55 86 3.21954e-05
56 86 0.00026966
57 86 0.000226957
58 86 3.00615e-14
59 86 1.09259e-13
0 87 3.65368e-08
1 87 1.3883e-15
2 87 4.59851e-09
3 87 5.16924e-08
4 87 7.0695e-09
5 87 4.26048e-17
6 87 3.59346e-15
7 87 6.83167e-15
8 87 2.26578e-06
9 87 7.91556e-07
10 87 7.25343e-07
11 87 3.57501e-06
12 87 2.94348e-06
13 87 4.99262e-06
14 87 2.24041e-14
15 87 5.29081e-14
16 87 3.67225e-14
17 87 6.39558e-14
18 87 7.38264e-14
19 87 3.3021e-15
20 87 1.09731e-14
21 87 2.03461e-15
22 87 4.7489e-15
23 87 1.4447e-14
24 87 1.4943e-15
25 87 1.38777e-14
26 87 3.61664e-06
27 87 6.36513e-07
28 87 6.54432e-06
29 87 9.76297e-06
30 87 7.03321e-06
31 87 6.45673e-06
32 87 1.83033e-06
33 87 1.9912e-06
34 87 1.85723e-06
35 87 8.51043e-06
36 87 1.86824e-05
37 87 7.20777e-06
38 87 1.1599e-06
39 87 1.48362e-05
40 87 2.98115e-13
41 87 1.59051e-13
42 87 3.10232e-15
43 87 4.90479e-14
44 87 1.81892e-13
45 87 9.33181e-15
46 87 1.94608e-14
47 87 1.35129e-13
48 87 1.74974e-13
49 87 9.93903e-14
50 87 3.07613e-14
51 87 1.05167e-13
52 87 3.78106e-06
53 87 3.75031e-05
54 87 3.18886e-05
55 87 4.87494e-05
56 87 0.000227115
57 87 0.000269602
58 87 1.09247e-13
59 87 2.99326e-14
0 88 5.09121e-15
1 88 1.03358e-07
2 88 7.35576e-15
3 88 1.31287e-15
4 88 1.9115e-16
5 88 4.97349e-07
6 88 1.89301e-06
7 88 1.79193e-06
8 88 6.26931e-15
9 88 3.82128e-14
10 88 2.75916e-14
11 88 2.31516e-16
12 88 1.72733e-14
13 88 2.65151e-15
14 88 3.16948e-05
15 88 1.37848e-05
16 88 1.83965e-05
17 88 4.707e-05
18 88 1.39923e-05
19 88 2.24928e-05
20 88 3.00366e-06
21 88 3.55023e-07
22 88 1.72843e-08
23 88 4.04403e-07
24 88 3.55655e-06
25 88 4.10621e-06
26 88 2.02126e-14
27 88 2.80363e-15
28 88 1.84403e-14
29 88 5.43533e-14
30 88 6.85822e-15
31 88 3.94927e-14
32 88 2.67829e-15
33 88 5.44199e-15
34 88 4.37179e-14
35 88 2.88504e-15
36 88 2.97352e-14
37 88 2.9767e-14
38 88 2.26174e-14
39 88 3.44487e-14
40 88 2.21371e-05
41 88 0.000184269
42 88 1.29875e-05
43 88 3.83927e-06
44 88 4.92092e-06
45 88 2.13916e-05
46 88 1.36265e-05
47 88 7.00684e-06
48 88 7.99477e-06
49 88 1.53495e-05
50 88 1.87241e-05
51 88 3.10589e-05
52 88 6.11011e-14
53 88 6.80011e-14
54 88 7.12066e-14
55 88 1.08129e-14
56 88 3.66507e-14
57 88 5.21676e-13
58 88 1.66062e-05
59 88 2.97384e-05
0 89 1.20837e-14
1 89 3.83984e-08
2 89 4.42875e-14
3 89 2.07052e-14
4 89 2.64733e-15
5 89 9.84357e-08
6 89 1.78592e-06
7 89 1.8934e-06
8 89 3.87375e-14
9 89 6.18539e-15
10 89 2.37943e-16
11 89 2.73912e-14
12 89 2.75635e-15
13 89 1.73175e-14
14 89 1.37872e-05
15 89 3.16543e-05
16 89 4.70726e-05
17 89 1.84025e-05
18 89 2.24681e-05
19 89 1.40164e-05
20 89 3.51015e-07
21 89 3.00503e-06
22 89 4.07353e-07
23 89 1.7947e-08
24 89 4.12524e-06
25 89 3.55026e-06
26 89 2.7767e-15
27 89 1.98054e-14
28 89 5.36102e-14
29 89 1.85073e-14
30 89 3.94801e-14
31 89 6.76481e-15
32 89 5.50192e-15
33 89 2.63058e-15
34 89 3.04574e-15
35 89 4.37554e-14
36 89 2.96077e-14
37 89 2.97037e-14
38 89 3.44291e-14
39 89 2.24819e-14
40 89 0.00018415
41 89 2.20605e-05
42 89 3.90691e-06
43 89 1.29551e-05
44 89 2.12536e-05
45 89 5.04782e-06
46 89 7.05207e-06
47 89 1.36851e-05
48 89 1.53794e-05
49 89 8.04209e-06
50 89 3.1106e-05
51 89 1.87734e-05
52 89 6.82823e-14
53 89 6.09353e-14
54 89 1.09545e-14
55 89 7.13072e-14
56 89 5.32272e-13
57 89 3.64827e-14
58 89 2.95995e-05
59 89 1.69558e-05
0 90 9.65669e-15
1 90 3.25854e-08
2 90 9.88006e-15
3 90 2.38313e-15
4 90 6.0077e-16
5 90 1.51778e-07
6 90 2.03118e-06
7 90 6.57718e-07
8 90 8.05278e-15
9 90 6.4305e-15
10 90 7.87373e-14
11 90 8.43797e-15
12 90 3.77209e-15
13 90 1.47642e-14
14 90 2.74924e-05
15 90 2.92793e-06
16 90 2.03068e-06
17 90 8.1106e-06
18 90 4.34938e-06
19 90 2.34206e-05
20 90 2.5109e-07
21 90 6.54129e-06
22 90 3.53709e-06
23 90 7.25265e-07
24 90 1.1615e-06
25 90 8.13605e-07
26 90 2.11005e-14
27 90 3.45191e-17
28 90 4.69978e-15
29 90 4.45699e-15
30 90 1.60025e-14
31 90 2.94499e-14
32 90 5.11894e-15
33 90 6.06727e-15
34 90 1.5661e-14
35 90 3.19702e-15
36 90 1.29225e-15
37 90 5.37885e-14
38 90 4.70136e-15
39 90 1.463e-15
40 90 3.66654e-05
41 90 0.000218626
42 90 5.91454e-05
43 90 7.05802e-05
44 90 2.30277e-05
45 90 2.09194e-06
46 90 6.76023e-06
47 90 1.0887e-05
48 90 4.08113e-06
49 90 4.21907e-06
50 90 7.42734e-05
51 90 5.07793e-05
52 90 1.51993e-14
53 90 1.74547e-14
54 90 1.17079e-13
55 90 1.09906e-14
56 90 1.11992e-13
57 90 8.22294e-15
58 90 0.000152643
59 90 0.000199616
0 91 8.67059e-14
1 91 1.06352e-07
2 91 4.61611e-14
3 91 1.06409e-15
4 91 1.37642e-15
5 91 2.57627e-07
6 91 6.51062e-07
7 91 2.03281e-06
8 91 6.46387e-15
9 91 8.12785e-15
10 91 8.24522e-15
11 91 7.84168e-14
12 91 1.44621e-14
13 91 3.72784e-15
14 91 2.89139e-06
15 91 2.75086e-05
16 91 8.09847e-06
17 91 2.00708e-06
18 91 2.33436e-05
19 91 4.36448e-06
20 91 6.52483e-06
21 91 2.51919e-07
22 91 7.37899e-07
23 91 3.51332e-06
24 91 8.1212e-07
25 91 1.16197e-06
26 91 3.64292e-17
27 91 2.09209e-14
28 91 4.55209e-15
29 91 4.70492e-15
30 91 2.99993e-14
31 91 1.57594e-14
32 91 6.17979e-15
33 91 5.02071e-15
34 91 2.98535e-15
35 91 1.59539e-14
36 91 5.37366e-14
37 91 1.27528e-15
38 91 1.6555e-15
39 91 4.83341e-15
40 91 0.000218886
41 91 3.6707e-05
42 91 7.02692e-05
43 91 5.9461e-05
44 91 2.04113e-06
45 91 2.32229e-05
46 91 1.08795e-05
47 91 6.71454e-06
48 91 4.1298e-06
49 91 4.03786e-06
50 91 5.09761e-05
51 91 7.39232e-05
52 91 1.74741e-14
53 91 1.57313e-14
54 91 1.05202e-14
55 91 1.17842e-13
56 91 8.53479e-15
57 91 1.10848e-13
58 91 0.000200219
59 91 0.000152972
0 92 1.34032e-15
1 92 1.84821e-08
2 92 8.07522e-15
3 92 7.80988e-15
4 92 7.38025e-16
5 92 8.98069e-08
6 92 3.43371e-07
7 92 9.61327e-07
8 92 2.61159e-14
9 92 7.59737e-15
10 92 3.53105e-15
11 92 8.94724e-15
12 92 4.25501e-14
13 92 4.5195e-15
14 92 6.28224e-06
15 92 1.23235e-06
16 92 6.85141e-07
17 92 7.22083e-06
18 92 8.9971e-06
19 92 6.828e-06
20 92 1.50858e-05
21 92 8.64604e-06
22 92 1.68562e-05
23 92 5.4591e-06
24 92 1.84921e-06
25 92 4.31509e-06
26 92 9.32552e-15
27 92 1.84688e-14
28 92 1.53865e-14
29 92 6.11285e-15
30 92 6.26266e-14
31 92 2.22566e-16
32 92 9.14699e-17
33 92 2.48516e-15
34 92 5.68136e-15
35 92 3.55939e-15
36 92 1.37993e-14
37 92 4.17195e-14
38 92 4.41146e-14
39 92 9.99417e-15
40 92 2.69245e-06
41 92 9.47273e-07
42 92 4.09494e-05
43 92 1.47118e-05
44 92 1.8474e-05
45 92 2.73917e-05
46 92 8.32591e-05
47 92 3.88204e-05
48 92 4.79852e-05
49 92 1.13077e-06
50 92 1.12795e-07
51 92 4.78344e-06
52 92 1.23569e-13
53 92 1.01581e-13
54 92 6.89492e-14
55 92 5.48794e-14
56 92 1.01822e-14
57 92 7.68937e-15
58 92 1.49166e-05
59 92 4.09844e-05
0 93 4.31241e-15
1 93 8.55099e-11
2 93 3.45768e-14
3 93 1.04809e-14
4 93 3.40748e-16
5 93 3.73276e-08
6 93 9.63241e-07
7 93 3.35976e-07
8 93 7.69504e-15
9 93 2.61408e-14
10 93 8.91218e-15
11 93 3.51702e-15
12 93 4.65496e-15
13 93 4.28247e-14
14 93 1.21777e-06
15 93 6.28972e-06
16 93 7.19788e-06
17 93 6.86841e-07
18 93 6.84621e-06
19 93 9.03229e-06
20 93 8.62762e-06
21 93 1.50264e-05
22 93 5.46634e-06
23 93 1.69316e-05
24 93 4.35839e-06
25 93 1.81595e-06
26 93 1.78838e-14
27 93 8.88984e-15
28 93 6.22032e-15
29 93 1.55017e-14
30 93 2.15279e-16
31 93 6.30739e-14
32 93 2.51828e-15
33 93 7.6597e-17
34 93 3.85615e-15
35 93 5.78902e-15
36 93 4.1618e-14
37 93 1.43278e-14
38 93 9.77806e-15
39 93 4.42e-14
40 93 9.53991e-07
41 93 2.6708e-06
42 93 1.47392e-05
43 93 4.09804e-05
44 93 2.73732e-05
45 93 1.84751e-05
46 93 3.90713e-05
47 93 8.30419e-05
48 93 1.20391e-06
49 93 4.76663e-05
50 93 4.80098e-06
51 93 1.09653e-07
52 93 1.05037e-13
53 93 1.24749e-13
54 93 5.19888e-14
55 93 7.08546e-14
56 93 8.32905e-15
57 93 1.15099e-14
58 93 4.10582e-05
59 93 1.48186e-05
0 94 1.53523e-08
1 94 3.17594e-15
2 94 2.95949e-07
3 94 2.3088e-07
4 94 2.94067e-07
5 94 1.80977e-16
6 94 1.3445e-14
7 94 1.63756e-14
8 94 1.98087e-07
9 94 3.31887e-05
10 94 9.19322e-07
11 94 3.74973e-06
12 94 1.11201e-06
13 94 5.93701e-08
14 94 2.35794e-15
15 94 2.16572e-14
16 94 7.89359e-15
17 94 3.45976e-15
18 94 4.45487e-14
19 94 9.70581e-15
20 94 1.45332e-14
21 94 1.86865e-14
22 94 5.67257e-15
23 94 2.20058e-15
24 94 1.51079e-14
25 94 5.81018e-15
26 94 5.53844e-06
27 94 2.95997e-05
28 94 3.84139e-06
29 94 8.70908e-06
30 94 2.84137e-05
31 94 2.87076e-05
32 94 9.00987e-07
33 94 1.8991e-05
34 94 4.42568e-06
35 94 3.71819e-06
36 94 1.62125e-05
37 94 4.15889e-07
38 94 7.82598e-06
39 94 1.28535e-06
40 94 1.65053e-13
41 94 1.41158e-14
42 94 5.50354e-16
43 94 5.617e-14
44 94 1.92473e-15
45 94 9.94337e-15
46 94 2.1736e-14
47 94 1.13709e-14
48 94 1.47344e-14
49 94 5.00985e-14
50 94 1.19913e-15
51 94 4.12312e-14
52 94 3.95025e-08
53 94 3.66008e-06
54 94 2.21375e-05
55 94 6.81104e-06
56 94 6.97502e-06
57 94 8.41137e-06
58 94 7.59148e-14
59 94 6.3379e-14
0 95 1.57276e-07
1 95 1.61278e-15
2 95 2.24749e-07
3 95 2.95496e-07
4 95 7.31946e-09
5 95 4.65844e-15
6 95 1.7117e-14
7 95 1.29132e-14
8 95 3.32612e-05
9 95 2.00118e-07
10 95 3.74947e-06
11 95 9.15156e-07
12 95 5.84589e-08
13 95 1.10954e-06
14 95 2.08971e-14
15 95 2.1396e-15
16 95 3.42805e-15
17 95 8.12922e-15
18 95 1.03927e-14
19 95 4.65597e-14
20 95 1.82334e-14
21 95 1.52814e-14
22 95 2.04655e-15
23 95 5.90428e-15
24 95 5.79276e-15
25 95 1.49157e-14
26 95 2.95711e-05
27 95 5.53824e-06
28 95 8.77312e-06
29 95 3.84223e-06
30 95 2.88201e-05
31 95 2.84281e-05
32 95 1.89821e-05
33 95 8.90993e-07
34 95 3.77847e-06
35 95 4.46328e-06
36 95 4.2478e-07
37 95 1.62973e-05
38 95 1.29921e-06
39 95 7.84408e-06
40 95 1.53011e-14
41 95 1.68858e-13
42 95 5.48142e-14
43 95 6.56808e-16
44 95 9.27423e-15
45 95 2.14734e-15
46 95 9.8561e-15
47 95 2.21206e-14
48 95 5.0721e-14
49 95 1.2554e-14
50 95 4.06201e-14
51 95 1.49258e-15
52 95 3.66253e-06
53 95 3.90624e-08
54 95 6.86077e-06
55 95 2.21077e-05
56 95 8.36709e-06
57 95 6.93199e-06
58 95 6.16792e-14
59 95 8.96531e-14
0 96 6.48475e-08
1 96 4.8362e-16
2 96 1.76143e-07
3 96 1.58906e-09
4 96 5.47582e-09
5 96 4.70159e-16
6 96 3.12267e-15
7 96 3.68671e-15
8 96 2.83299e-06
9 96 3.13319e-07
10 96 5.24569e-06
11 96 2.96423e-06
12 96 1.07266e-06
13 96 1.1071e-06
14 96 5.52528e-16
15 96 4.98567e-15
16 96 1.98546e-15
17 96 9.58594e-16
18 96 8.89262e-15
19 96 3.67452e-16
20 96 2.77012e-15
21 96 1.02226e-16
22 96 3.69356e-15
23 96 1.177e-14
24 96 3.06263e-16
25 96 1.999e-14
26 96 1.16993e-05
27 96 3.11103e-06
28 96 5.5845e-06
29 96 2.50495e-05
30 96 1.66979e-05
31 96 2.91319e-05
32 96 1.57881e-05
33 96 3.6736e-06
34 96 1.08601e-06
35 96 2.09242e-06
36 96 1.18262e-06
37 96 2.91817e-06
38 96 5.035e-06
39 96 1.29563e-06
40 96 6.01854e-15
41 96 3.24196e-15
42 96 1.10576e-14
43 96 1.72984e-14
44 96 2.9655e-14
45 96 1.77859e-14
46 96 3.48001e-15
47 96 7.56622e-15
48 96 6.01262e-15
49 96 2.32815e-14
50 96 2.22862e-14
51 96 8.44539e-15
52 96 4.8982e-06
53 96 1.69425e-06
54 96 4.0236e-06
55 96 6.01781e-06
56 96 2.09027e-05
57 96 8.63538e-06
58 96 7.45381e-16
59 96 1.7439e-14
0 97 3.49387e-08
1 97 7.84271e-17
2 97 1.50099e-09
3 97 1.79867e-07
4 97 2.25949e-07
5 97 1.91222e-16
6 97 3.86085e-15
7 97 3.75262e-15
8 97 3.07591e-07
9 97 2.81866e-06
10 97 2.98843e-06
11 97 5.24237e-06
12 97 1.08764e-06
13 97 1.06017e-06
14 97 4.75532e-15
15 97 7.50862e-16
16 97 9.24224e-16
17 97 1.61092e-15
18 97 5.02359e-16
19 97 9.41496e-15
20 97 1.09502e-16
21 97 2.96792e-15
22 97 1.13459e-14
23 97 4.18254e-15
24 97 1.89892e-14
25 97 4.95338e-16
26 97 3.13591e-06
27 97 1.16643e-05
28 97 2.51458e-05
29 97 5.57139e-06
30 97 2.89636e-05
31 97 1.67186e-05
32 97 3.62896e-06
33 97 1.57572e-05
34 97 2.06773e-06
35 97 1.06225e-06
36 97 2.91241e-06
37 97 1.19656e-06
38 97 1.27232e-06
39 97 5.00637e-06
40 97 3.38348e-15
41 97 6.65756e-15
42 97 1.72021e-14
43 97 1.1127e-14
44 97 1.74781e-14
45 97 2.9044e-14
46 97 5.82461e-15
47 97 3.82965e-15
48 97 2.30399e-14
49 97 5.3057e-15
50 97 7.02758e-15
51 97 2.15767e-14
52 97 1.70339e-06
53 97 4.86237e-06
54 97 6.00323e-06
55 97 4.00143e-06
56 97 8.59667e-06
57 97 2.09118e-05
58 97 1.7917e-14
59 97 6.46768e-16
0 98 9.73853e-15
1 98 6.28984e-08
2 98 1.52287e-15
3 98 2.95293e-15
4 98 4.70069e-16
5 98 3.24316e-08
6 98 4.21264e-09
7 98 4.58153e-08
8 98 5.35744e-15
9 98 2.08345e-15
10 98 6.75514e-15
11 98 5.40331e-15
12 98 3.7915e-15
13 98 2.14117e-15
14 98 3.00134e-07
15 98 3.39621e-07
16 98 5.98384e-08
17 98 3.40252e-07
18 98 1.6401e-06
19 98 1.93634e-06
20 98 1.12065e-06
21 98 1.53844e-06
22 98 1.03972e-07
23 98 1.86833e-05
24 98 4.81285e-08
25 98 2.4539e-06
26 98 3.44521e-16
27 98 1.41141e-14
28 98 1.24166e-14
29 98 3.15239e-14
30 98 7.69704e-15
31 98 4.48311e-15
32 98 3.06655e-15
33 98 7.30765e-15
34 98 1.22485e-14
35 98 1.70027e-14
36 98 1.17822e-15
37 98 2.36888e-14
38 98 9.22151e-15
39 98 3.07043e-15
40 98 1.14939e-06
41 98 1.68383e-06
42 98 1.24918e-05
43 98 1.28849e-05
44 98 7.71987e-05
45 98 2.6709e-05
46 98 4.82453e-06
47 98 3.55428e-05
48 98 8.94574e-06
49 98 3.14168e-05
50 98 1.8711e-05
51 98 1.499e-05
52 98 6.87309e-15
53 98 1.66901e-14
54 98 9.42169e-14
55 98 9.03042e-14
56 98 1.84011e-14
57 98 9.4811e-14
58 98 1.53944e-06
59 98 7.43227e-06
0 99 3.38335e-15
1 99 8.50784e-08
2 99 2.11323e-14
3 99 2.03309e-15
4 99 4.20873e-16
5 99 3.70959e-08
6 99 4.55027e-08
7 99 4.25667e-09
8 99 2.0799e-15
9 99 4.84963e-15
10 99 4.79889e-15
11 99 6.58164e-15
12 99 1.65469e-15
13 99 4.32202e-15
14 99 3.37923e-07
15 99 3.03277e-07
16 99 3.34573e-07
17 99 6.10978e-08
18 99 1.91761e-06
19 99 1.60368e-06
20 99 1.53342e-06
21 99 1.1184e-06
22 99 1.86896e-05
23 99 1.02309e-07
24 99 2.44777e-06
25 99 4.72738e-08
26 99 1.60686e-14
27 99 1.43259e-16
28 99 3.37921e-14
29 99 1.04367e-14
30 99 3.90154e-15
31 99 8.62041e-15
32 99 7.61657e-15
33 99 3.88979e-15
34 99 1.9036e-14
35 99 1.17735e-14
36 99 2.32391e-14
37 99 2.14166e-15
38 99 2.46157e-15
39 99 8.84359e-15
40 99 1.68583e-06
41 99 1.14611e-06
42 99 1.28029e-05
43 99 1.24821e-05
44 99 2.67645e-05
45 99 7.70557e-05
46 99 3.54202e-05
47 99 4.7479e-06
48 99 3.13044e-05
49 99 8.8458e-06
50 99 1.49997e-05
51 99 1.84443e-05
52 99 1.98711e-14
53 99 4.36431e-15
54 99 9.27384e-14
55 99 8.82584e-14
56 99 1.17871e-13
57 99 1.65198e-14
58 99 7.43117e-06
59 99 1.52109e-06
