0 -0.28226910835956 6.33666e-05
1 -0.282128936676981 3.3551e-05
2 -0.281943426391496 9.98807e-05
3 -0.281943426250081 6.18913e-05
4 -0.28178268240862 2.40058e-05
5 -0.281520801702593 3.74801e-05
6 -0.276295298185745 1.82006e-07
7 -0.276295298185737 2.51533e-07
8 -0.273694461956676 3.02644e-08
9 -0.273694461956654 6.36578e-08
10 -0.272908094320974 5.87841e-08
11 -0.272908094320972 5.61272e-08
12 -0.271108585483761 3.81729e-08
13 -0.271108585483745 9.2759e-08
14 -0.270035715870721 1.05367e-08
15 -0.270035715870704 4.97016e-08
16 -0.269427362691232 5.87841e-08
17 -0.269427362691229 3.49463e-08
18 -0.26773260988965 2.68635e-08
19 -0.267732609889631 6.14391e-08
20 -0.266405537630023 3.81729e-08
21 -0.266405537630002 6.01839e-08
22 -0.266053072400401 7.15605e-08
23 -0.266053072400384 6.5166e-08
24 -0.264857228124929 5.08062e-08
25 -0.264857228124912 6.49527e-08
26 -0.262741090117084 4.914e-08
27 -0.262741090117083 4.68262e-08
28 -0.262179194699701 7.92008e-08
29 -0.262179194699666 6.14391e-08
30 -0.261481057944452 1.17804e-08
31 -0.261481057944388 6.49527e-08
32 -0.260180636981321 6.2113e-08
33 -0.260180636981296 1.89953e-08
34 -0.259589767686812 3.97752e-08
35 -0.25958976768677 4.40782e-08
36 -0.258604465492758 4.48584e-08
37 -0.258604465492753 3.04928e-08
38 -0.258214420541125 3.63096e-08
39 -0.258214420541116 5.94881e-08
40 -0.254742670000004 4.02952e-08
41 -0.254742669999994 4.3444e-08
42 -0.253515693160105 3.41428e-08
43 -0.253515693160094 1.78659e-08
44 -0.253107102446131 6.82857e-08
45 -0.253107102446122 4.06381e-08
46 -0.252250473144733 1.53598e-08
47 -0.252250473144729 5.96046e-08
48 -0.251878723894939 4.7997e-08
49 -0.251878723894931 6.52724e-08
50 -0.251056673492439 0
51 -0.251056673492433 3.02644e-08
52 -0.245725958064031 6.07005e-08
53 -0.245725958064007 4.22291e-08
54 -0.24423532587297 3.96879e-08
55 -0.244235325872947 3.59254e-08
56 -0.243659522537149 5.75916e-08
57 -0.243659522537134 5.80118e-08
58 -0.235747968589758 2.76275e-08
59 -0.235747968589745 3.08323e-08
60 -0.143993155752679 2.60104e-08
61 -0.143993155752675 1.98876e-08
62 -0.136658813784976 2.57423e-08
63 -0.136658813784972 5.26836e-09
64 -0.135664668889299 1.88118e-08
65 -0.135664668889295 2.9392e-08
66 -0.13399825196044 3.60218e-08
67 -0.133998251960425 3.37339e-08
68 -0.132343134596349 3.03217e-08
69 -0.132343134596334 3.08885e-08
70 -0.131987641833811 2.63418e-08
71 -0.131987641833809 3.04928e-08
72 -0.12841681964531 1.63446e-08
73 -0.128416819645305 1.02021e-08
74 -0.127007514114441 3.4396e-08
75 -0.127007514114437 1.35603e-08
76 -0.125058200306953 2.12374e-08
77 -0.125058200306942 1.133e-08
78 -0.123698102103964 4.02521e-08
79 -0.123698102103951 3.49959e-08
80 -0.12359321332502 2.5641e-08
81 -0.123593213324968 3.59012e-08
82 -0.123146364199492 2.71525e-08
83 -0.12314636419949 2.19997e-08
84 -0.12264069767469 1.17804e-08
85 -0.122640697674677 2.20784e-08
86 -0.117447968238117 1.33149e-06
87 -0.11744796823811 1.09461e-07
88 -0.116857104160079 7.33212e-07
89 -0.116857104160074 1.78537e-07
90 -0.11606568078404 3.18098e-07
91 -0.116065680784031 5.35976e-08
92 -0.113468599844295 1.82458e-07
93 -0.113468599844256 5.00847e-07
94 -0.110711394294116 5.52614e-07
95 -0.11071139429254 2.58014e-06
96 -0.110418240676116 1.61938e-07
97 -0.110418240675141 1.66566e-06
98 -0.109791274884936 1.56468e-07
99 -0.109791274880222 4.16854e-06
