0 80 6.88502e-08
1 80 4.88674e-07
2 80 2.62609e-09
3 80 4.97332e-08
4 80 4.75425e-05
5 80 1.17343e-05
6 80 5.37047e-06
7 80 7.30815e-06
8 80 1.31808e-07
9 80 2.67633e-07
10 80 1.74331e-08
11 80 1.75e-09
12 80 2.26591e-08
13 80 3.57809e-07
14 80 1.68608e-06
15 80 2.8212e-07
16 80 5.79553e-11
17 80 3.71436e-10
18 80 5.30958e-14
19 80 2.22682e-13
20 80 2.15775e-11
21 80 1.95878e-11
22 80 4.78326e-11
23 80 1.05083e-10
24 80 7.50748e-11
25 80 1.70253e-10
26 80 1.37487e-13
27 80 1.967e-12
28 80 3.41047e-10
29 80 2.84071e-11
30 80 5.75249e-12
31 80 1.67749e-12
32 80 1.55511e-12
33 80 2.15726e-12
34 80 1.69891e-10
35 80 4.46739e-12
36 80 1.48139e-10
37 80 8.62701e-11
38 80 3.39148e-12
39 80 3.82551e-12
40 80 0.000204067
41 80 2.11916e-07
42 80 0.000268496
43 80 2.53049e-05
44 80 0.000121673
45 80 0.000173228
46 80 0.000151116
47 80 0.000338488
48 80 0.000732473
49 80 0.000240884
50 80 0.000240141
51 80 3.10342e-05
52 80 7.53997e-07
53 80 3.61718e-07
54 80 6.26949e-05
55 80 0.000283737
56 80 0.000413404
57 80 0.000774773
58 80 0.000102878
59 80 0.000183741
60 80 1.63765e-09
61 80 1.46143e-10
62 80 1.84459e-11
63 80 1.50207e-10
64 80 1.25536e-10
65 80 1.64556e-10
66 80 4.75074e-10
67 80 1.52454e-09
68 80 7.71055e-11
69 80 3.84982e-11
70 80 1.95595e-10
71 80 1.53819e-09
72 80 0.00523142
73 80 0.0262578
74 80 0.0111483
75 80 0.0501001
76 80 0.147311
77 80 0.0332518
78 80 4.02146e-11
79 80 2.24852e-11
0 81 4.89059e-07
1 81 6.84386e-08
2 81 4.97863e-08
3 81 2.60119e-09
4 81 1.17752e-05
5 81 4.75399e-05
6 81 7.27953e-06
7 81 5.40303e-06
8 81 2.6751e-07
9 81 1.31757e-07
10 81 1.73721e-09
11 81 1.74742e-08
12 81 3.58096e-07
13 81 2.25856e-08
14 81 2.8204e-07
15 81 1.68737e-06
16 81 3.70718e-10
17 81 5.75324e-11
18 81 1.53102e-13
19 81 6.96674e-14
20 81 1.91619e-11
21 81 2.15078e-11
22 81 1.05557e-10
23 81 4.77551e-11
24 81 1.70233e-10
25 81 7.52918e-11
26 81 1.93259e-12
27 81 1.52735e-13
28 81 2.83934e-11
29 81 3.41261e-10
30 81 1.63679e-12
31 81 5.83116e-12
32 81 2.12068e-12
33 81 1.56183e-12
34 81 4.30237e-12
35 81 1.6963e-10
36 81 8.62918e-11
37 81 1.48524e-10
38 81 3.88144e-12
39 81 3.33573e-12
40 81 1.89293e-07
41 81 0.000204352
42 81 2.52321e-05
43 81 0.000268945
44 81 0.000173526
45 81 0.000121198
46 81 0.000337342
47 81 0.000151663
48 81 0.000241994
49 81 0.000732581
50 81 3.06296e-05
51 81 0.000240071
52 81 3.61241e-07
53 81 7.55354e-07
54 81 0.000283286
55 81 6.28907e-05
56 81 0.000773706
57 81 0.000415262
58 81 0.000184492
59 81 0.000102334
60 81 1.47306e-10
61 81 1.63517e-09
62 81 1.49697e-10
63 81 1.84462e-11
64 81 1.63916e-10
65 81 1.26195e-10
66 81 1.5216e-09
67 81 4.75189e-10
68 81 3.84154e-11
69 81 7.70523e-11
70 81 1.53388e-09
71 81 1.95355e-10
72 81 0.026239
73 81 0.00521275
74 81 0.0499929
75 81 0.0111755
76 81 0.0333191
77 81 0.147466
78 81 2.22427e-11
79 81 4.0664e-11
0 82 1.81602e-12
1 82 1.51359e-13
2 82 6.8359e-12
3 82 1.91968e-11
4 82 8.98078e-11
5 82 4.63612e-11
6 82 7.2596e-13
7 82 3.12914e-12
8 82 1.40856e-13
9 82 7.75105e-11
10 82 4.40674e-12
11 82 1.06794e-10
12 82 2.36738e-10
13 82 1.46424e-11
14 82 4.40607e-13
15 82 5.18995e-12
16 82 1.13152e-05
17 82 3.5266e-05
18 82 3.97076e-06
19 82 7.16294e-06
20 82 3.20833e-06
21 82 6.72011e-06
22 82 2.03053e-07
23 82 2.81857e-07
24 82 8.96068e-06
25 82 1.78082e-05
26 82 1.02082e-05
27 82 1.59323e-05
28 82 2.17531e-05
29 82 4.07915e-05
30 82 7.18122e-06
31 82 4.31154e-06
32 82 4.905e-06
33 82 1.86064e-05
34 82 1.91391e-07
35 82 5.6731e-08
36 82 2.86977e-06
37 82 2.16546e-07
38 82 9.67315e-06
39 82 3.30216e-07
40 82 6.91116e-10
41 82 1.37384e-10
42 82 1.5292e-11
43 82 1.42832e-11
44 82 2.53271e-11
45 82 9.58181e-12
46 82 2.56512e-11
47 82 4.87066e-11
48 82 2.54932e-10
49 82 6.01144e-10
50 82 2.135e-11
51 82 1.14421e-11
52 82 1.07693e-10
53 82 6.07303e-10
54 82 7.21005e-10
55 82 8.2053e-11
56 82 3.92506e-10
57 82 4.67893e-10
58 82 8.8297e-12
59 82 5.31631e-11
60 82 0.000799926
61 82 0.000662512
62 82 0.000386864
63 82 0.000849463
64 82 6.59515e-05
65 82 2.36051e-05
66 82 1.94111e-06
67 82 5.53277e-05
68 82 7.23651e-05
69 82 2.22588e-05
70 82 4.20295e-08
71 82 1.25432e-07
72 82 6.64405e-10
73 82 4.36484e-09
74 82 6.33743e-10
75 82 6.65332e-09
76 82 1.27133e-09
77 82 1.42269e-10
78 82 0.0355462
79 82 0.0704953
0 83 2.01431e-13
1 83 2.0678e-12
2 83 1.91402e-11
3 83 7.18633e-12
4 83 4.70717e-11
5 83 9.19337e-11
6 83 3.0033e-12
7 83 7.86483e-13
8 83 7.6075e-11
9 83 3.15785e-14
10 83 1.07435e-10
11 83 4.53694e-12
12 83 1.53534e-11
13 83 2.38754e-10
14 83 5.56695e-12
15 83 4.93076e-13
16 83 3.52571e-05
17 83 1.13459e-05
18 83 7.18677e-06
19 83 3.9448e-06
20 83 6.71913e-06
21 83 3.20229e-06
22 83 2.81787e-07
23 83 2.0291e-07
24 83 1.78076e-05
25 83 8.94914e-06
26 83 1.59168e-05
27 83 1.02545e-05
28 83 4.0847e-05
29 83 2.17248e-05
30 83 4.27178e-06
31 83 7.18732e-06
32 83 1.86351e-05
33 83 4.9153e-06
34 83 5.62771e-08
35 83 1.91967e-07
36 83 2.188e-07
37 83 2.86955e-06
38 83 3.28828e-07
39 83 9.67736e-06
40 83 1.37592e-10
41 83 6.90635e-10
42 83 1.42798e-11
43 83 1.53255e-11
44 83 9.60314e-12
45 83 2.5398e-11
46 83 4.85205e-11
47 83 2.57845e-11
48 83 5.9973e-10
49 83 2.5584e-10
50 83 1.14225e-11
51 83 2.13898e-11
52 83 6.08016e-10
53 83 1.07668e-10
54 83 8.26932e-11
55 83 7.20905e-10
56 83 4.68356e-10
57 83 3.93142e-10
58 83 5.31942e-11
59 83 8.86062e-12
60 83 0.000662004
61 83 0.000800304
62 83 0.000848961
63 83 0.000388426
64 83 2.35377e-05
65 83 6.5952e-05
66 83 5.54025e-05
67 83 1.91942e-06
68 83 2.22941e-05
69 83 7.23334e-05
70 83 1.25101e-07
71 83 4.2225e-08
72 83 4.35935e-09
73 83 6.6585e-10
74 83 6.64701e-09
75 83 6.35445e-10
76 83 1.4237e-10
77 83 1.2714e-09
78 83 0.0705689
79 83 0.035399
0 84 2.12617e-12
1 84 9.85052e-13
2 84 2.85745e-11
3 84 2.98044e-11
4 84 1.16399e-10
5 84 1.30925e-10
6 84 2.51839e-12
7 84 2.79141e-13
8 84 2.00768e-12
9 84 1.011e-10
10 84 2.61786e-11
11 84 9.04771e-11
12 84 2.17009e-10
13 84 1.76049e-11
14 84 5.80297e-13
15 84 7.69286e-12
16 84 1.18712e-06
17 84 5.06129e-06
18 84 1.50383e-06
19 84 3.54055e-08
20 84 1.78973e-06
21 84 1.52225e-07
22 84 1.97685e-06
23 84 2.85093e-05
24 84 4.26332e-05
25 84 1.21276e-05
26 84 2.15794e-05
27 84 2.40821e-05
28 84 1.99143e-05
29 84 1.02019e-05
30 84 1.66349e-06
31 84 4.2038e-06
32 84 4.71407e-06
33 84 3.16613e-06
34 84 0.000100629
35 84 5.03305e-05
36 84 3.92608e-06
37 84 2.01762e-07
38 84 8.41857e-07
39 84 5.5412e-06
40 84 2.55636e-10
41 84 2.17472e-09
42 84 1.09845e-11
43 84 3.04578e-11
44 84 2.17688e-11
45 84 2.69169e-11
46 84 3.44699e-13
47 84 1.94402e-11
48 84 1.49113e-09
49 84 7.60759e-10
50 84 1.39548e-11
51 84 1.25136e-11
52 84 8.94027e-11
53 84 1.05824e-09
54 84 7.80799e-10
55 84 1.77808e-10
56 84 5.06188e-11
57 84 8.55602e-10
58 84 4.10253e-11
59 84 2.32322e-11
60 84 2.65462e-06
61 84 2.85524e-05
62 84 8.19205e-05
63 84 7.80799e-06
64 84 7.60264e-06
65 84 1.17265e-05
66 84 0.000653886
67 84 3.30975e-05
68 84 0.00121717
69 84 0.000775564
70 84 5.10678e-05
71 84 0.00185883
72 84 2.06161e-10
73 84 1.9373e-09
74 84 1.14815e-09
75 84 1.06248e-08
76 84 1.35149e-09
77 84 3.11414e-10
78 84 0.0146515
79 84 0.00354435
0 85 8.78944e-13
1 85 1.75662e-12
2 85 3.06149e-11
3 85 2.8373e-11
4 85 1.29811e-10
5 85 1.15323e-10
6 85 3.73211e-13
7 85 2.26341e-12
8 85 9.87713e-11
9 85 2.07676e-12
10 85 9.01947e-11
11 85 2.65454e-11
12 85 1.73789e-11
13 85 2.15378e-10
14 85 7.87515e-12
15 85 5.48463e-13
16 85 5.06682e-06
17 85 1.1893e-06
18 85 3.52209e-08
19 85 1.49862e-06
20 85 1.51497e-07
21 85 1.7827e-06
22 85 2.84783e-05
23 85 1.97537e-06
24 85 1.21201e-05
25 85 4.28007e-05
26 85 2.41651e-05
27 85 2.16215e-05
28 85 1.02474e-05
29 85 1.99525e-05
30 85 4.22551e-06
31 85 1.66407e-06
32 85 3.18413e-06
33 85 4.71977e-06
34 85 5.03516e-05
35 85 0.000100501
36 85 2.02208e-07
37 85 3.90546e-06
38 85 5.54595e-06
39 85 8.42226e-07
40 85 2.17561e-09
41 85 2.54866e-10
42 85 3.03895e-11
43 85 1.09914e-11
44 85 2.69797e-11
45 85 2.17529e-11
46 85 1.94954e-11
47 85 3.41011e-13
48 85 7.59628e-10
49 85 1.4906e-09
50 85 1.24625e-11
51 85 1.39863e-11
52 85 1.05722e-09
53 85 8.95194e-11
54 85 1.77753e-10
55 85 7.79161e-10
56 85 8.54249e-10
57 85 5.10273e-11
58 85 2.31597e-11
59 85 4.08953e-11
60 85 2.83978e-05
61 85 2.66143e-06
62 85 7.8077e-06
63 85 8.19748e-05
64 85 1.16755e-05
65 85 7.58129e-06
66 85 3.37377e-05
67 85 0.000652607
68 85 0.000779364
69 85 0.00122073
70 85 0.0018572
71 85 5.08519e-05
72 85 1.9305e-09
73 85 2.04038e-10
74 85 1.05956e-08
75 85 1.14121e-09
76 85 3.12231e-10
77 85 1.35313e-09
78 85 0.0035356
79 85 0.0145928
0 86 4.83268e-13
1 86 5.79559e-13
2 86 2.85254e-12
3 86 1.26973e-12
4 86 2.0715e-11
5 86 7.75007e-12
6 86 1.39731e-12
7 86 1.4524e-12
8 86 3.1784e-11
9 86 6.27345e-12
10 86 4.46717e-11
11 86 2.50017e-11
12 86 1.26953e-11
13 86 1.5848e-10
14 86 4.66308e-12
15 86 7.33569e-12
16 86 1.49682e-06
17 86 6.36999e-06
18 86 6.42336e-07
19 86 2.88696e-06
20 86 6.86812e-06
21 86 4.12674e-06
22 86 2.39813e-06
23 86 2.30915e-05
24 86 1.74241e-05
25 86 3.97368e-05
26 86 3.20693e-05
27 86 4.42103e-05
28 86 4.0671e-06
29 86 4.08279e-06
30 86 1.19206e-05
31 86 2.16405e-05
32 86 3.6471e-06
33 86 2.47936e-06
34 86 3.60825e-05
35 86 0.000113522
36 86 2.48067e-06
37 86 3.07361e-06
38 86 3.54591e-06
39 86 1.06135e-05
40 86 7.2776e-10
41 86 4.12068e-10
42 86 5.64087e-12
43 86 8.31746e-12
44 86 4.0148e-11
45 86 8.77637e-12
46 86 1.47089e-11
47 86 8.14872e-11
48 86 9.10692e-10
49 86 2.84009e-10
50 86 4.20836e-12
51 86 9.63838e-12
52 86 6.41201e-11
53 86 8.02348e-10
54 86 6.94054e-10
55 86 1.07105e-10
56 86 2.40197e-10
57 86 6.60754e-10
58 86 2.1087e-11
59 86 5.19977e-11
60 86 4.87247e-05
61 86 1.96924e-05
62 86 1.70573e-06
63 86 2.34946e-06
64 86 1.83906e-05
65 86 3.484e-05
66 86 0.00125316
67 86 0.00146448
68 86 0.000121142
69 86 0.000634297
70 86 0.000543322
71 86 0.00153924
72 86 1.60745e-09
73 86 4.32255e-09
74 86 2.79596e-09
75 86 6.54132e-09
76 86 1.66582e-11
77 86 4.22797e-10
78 86 0.0375212
79 86 0.020311
0 87 6.31615e-13
1 87 4.89641e-13
2 87 1.22168e-12
3 87 2.94615e-12
4 87 7.18659e-12
5 87 2.10893e-11
6 87 1.61897e-12
7 87 1.471e-12
8 87 6.91901e-12
9 87 3.13313e-11
10 87 2.54091e-11
11 87 4.49588e-11
12 87 1.56024e-10
13 87 1.26588e-11
14 87 7.07111e-12
15 87 4.91564e-12
16 87 6.36883e-06
17 87 1.49266e-06
18 87 2.88164e-06
19 87 6.44297e-07
20 87 4.12515e-06
21 87 6.87606e-06
22 87 2.30647e-05
23 87 2.36117e-06
24 87 3.98538e-05
25 87 1.73395e-05
26 87 4.42461e-05
27 87 3.20498e-05
28 87 4.09806e-06
29 87 4.04813e-06
30 87 2.17111e-05
31 87 1.18863e-05
32 87 2.48525e-06
33 87 3.6447e-06
34 87 0.000113029
35 87 3.62584e-05
36 87 3.05317e-06
37 87 2.48168e-06
38 87 1.06135e-05
39 87 3.54774e-06
40 87 4.12153e-10
41 87 7.28495e-10
42 87 8.35865e-12
43 87 5.66181e-12
44 87 8.83269e-12
45 87 4.02073e-11
46 87 8.14894e-11
47 87 1.47339e-11
48 87 2.84454e-10
49 87 9.10713e-10
50 87 9.66226e-12
51 87 4.26311e-12
52 87 8.03054e-10
53 87 6.40509e-11
54 87 1.06962e-10
55 87 6.93956e-10
56 87 6.61054e-10
57 87 2.39981e-10
58 87 5.20527e-11
59 87 2.12363e-11
60 87 1.97515e-05
61 87 4.86501e-05
62 87 2.33437e-06
63 87 1.70677e-06
64 87 3.48863e-05
65 87 1.83869e-05
66 87 0.00146235
67 87 0.00125599
68 87 0.000634067
69 87 0.000121291
70 87 0.00153878
71 87 0.000539275
72 87 4.32501e-09
73 87 1.60766e-09
74 87 6.5505e-09
75 87 2.78993e-09
76 87 4.22676e-10
77 87 1.68241e-11
78 87 0.0202691
79 87 0.037607
0 88 1.51872e-07
1 88 1.18789e-06
2 88 4.35462e-08
3 88 7.7595e-08
4 88 4.96621e-05
5 88 3.96967e-05
6 88 2.10775e-06
7 88 1.76976e-05
8 88 9.36421e-08
9 88 2.76927e-08
10 88 6.21993e-09
11 88 1.63729e-08
12 88 5.71102e-08
13 88 1.57029e-07
14 88 3.30138e-07
15 88 9.40047e-07
16 88 1.58459e-10
17 88 4.58443e-10
18 88 7.37885e-13
19 88 6.31535e-12
20 88 1.83842e-11
21 88 5.99861e-11
22 88 8.38953e-12
23 88 1.57026e-10
24 88 1.53713e-10
25 88 6.79318e-11
26 88 3.14817e-12
27 88 2.95784e-12
28 88 6.98327e-11
29 88 3.59384e-10
30 88 6.51514e-12
31 88 1.62918e-12
32 88 4.47991e-12
33 88 2.41332e-12
34 88 3.06499e-11
35 88 2.14347e-10
36 88 2.56536e-11
37 88 1.4314e-10
38 88 1.53324e-12
39 88 1.80198e-11
40 88 1.9016e-05
41 88 1.24847e-05
42 88 3.34283e-05
43 88 8.57414e-06
44 88 1.99333e-05
45 88 2.31107e-05
46 88 6.49059e-05
47 88 3.18834e-05
48 88 6.95356e-05
49 88 8.88361e-05
50 88 2.22406e-05
51 88 1.45399e-05
52 88 5.22253e-08
53 88 3.62564e-07
54 88 8.00516e-05
55 88 2.88179e-05
56 88 1.84329e-05
57 88 0.000255545
58 88 6.30901e-07
59 88 6.56299e-05
60 88 2.94372e-10
61 88 3.84207e-11
62 88 8.02784e-12
63 88 1.04867e-11
64 88 2.81072e-12
65 88 6.16356e-12
66 88 1.01447e-10
67 88 1.59997e-10
68 88 1.06486e-10
69 88 6.31026e-11
70 88 1.27168e-10
71 88 1.27263e-10
72 88 1.45374e-06
73 88 9.05078e-06
74 88 2.1934e-05
75 88 1.26784e-05
76 88 2.83772e-05
77 88 5.88682e-05
78 88 4.95966e-10
79 88 7.90568e-11
0 89 1.18987e-06
1 89 1.52249e-07
2 89 7.76105e-08
3 89 4.34556e-08
4 89 3.97219e-05
5 89 4.96235e-05
6 89 1.75973e-05
7 89 2.10341e-06
8 89 2.78956e-08
9 89 9.32025e-08
10 89 1.63052e-08
11 89 6.23131e-09
12 89 1.56453e-07
13 89 5.6652e-08
14 89 9.39147e-07
15 89 3.30232e-07
16 89 4.58647e-10
17 89 1.57987e-10
18 89 6.09237e-12
19 89 6.88816e-13
20 89 5.95851e-11
21 89 1.82105e-11
22 89 1.57201e-10
23 89 8.2888e-12
24 89 6.79501e-11
25 89 1.54025e-10
26 89 2.95813e-12
27 89 3.15744e-12
28 89 3.5918e-10
29 89 6.9774e-11
30 89 1.63219e-12
31 89 6.5471e-12
32 89 2.39261e-12
33 89 4.47226e-12
34 89 2.13985e-10
35 89 3.0632e-11
36 89 1.43166e-10
37 89 2.55577e-11
38 89 1.81393e-11
39 89 1.52538e-12
40 89 1.24465e-05
41 89 1.90264e-05
42 89 8.51935e-06
43 89 3.34369e-05
44 89 2.31445e-05
45 89 1.98576e-05
46 89 3.18242e-05
47 89 6.51469e-05
48 89 8.88455e-05
49 89 6.93902e-05
50 89 1.44983e-05
51 89 2.22455e-05
52 89 3.61078e-07
53 89 5.23482e-08
54 89 2.87704e-05
55 89 8.02657e-05
56 89 0.000254814
57 89 1.84384e-05
58 89 6.5915e-05
59 89 6.18663e-07
60 89 3.84899e-11
61 89 2.945e-10
62 89 1.04637e-11
63 89 8.05394e-12
64 89 6.11793e-12
65 89 2.88952e-12
66 89 1.59926e-10
67 89 1.0115e-10
68 89 6.29483e-11
69 89 1.06303e-10
70 89 1.27295e-10
71 89 1.27164e-10
72 89 9.08968e-06
73 89 1.46617e-06
74 89 1.26363e-05
75 89 2.20105e-05
76 89 5.87289e-05
77 89 2.82878e-05
78 89 7.808e-11
79 89 4.94808e-10
0 90 2.19257e-06
1 90 1.37353e-07
2 90 2.73401e-06
3 90 1.29544e-06
4 90 2.30293e-06
5 90 3.29601e-06
6 90 1.29319e-07
7 90 1.71126e-08
8 90 3.36372e-06
9 90 1.53984e-05
10 90 1.75753e-07
11 90 3.23151e-07
12 90 1.02763e-06
13 90 2.1658e-08
14 90 3.22699e-07
15 90 1.67831e-06
16 90 2.87838e-10
17 90 2.59426e-11
18 90 6.78649e-12
19 90 9.34212e-12
20 90 1.25794e-11
21 90 3.17195e-11
22 90 7.52876e-11
23 90 1.22161e-10
24 90 3.0206e-11
25 90 3.82406e-10
26 90 1.39298e-11
27 90 5.65452e-12
28 90 1.17636e-10
29 90 3.60447e-10
30 90 1.74704e-11
31 90 2.92989e-12
32 90 5.03758e-12
33 90 5.30756e-11
34 90 1.37391e-10
35 90 5.09393e-11
36 90 5.10176e-10
37 90 7.57155e-11
38 90 5.48036e-11
39 90 2.72735e-11
40 90 5.14864e-05
41 90 4.80877e-05
42 90 4.6673e-05
43 90 3.71311e-05
44 90 1.09619e-05
45 90 6.69849e-05
46 90 1.95576e-05
47 90 0.000184111
48 90 5.31079e-05
49 90 0.000129795
50 90 2.56947e-05
51 90 4.60384e-05
52 90 1.05979e-06
53 90 2.0564e-05
54 90 9.46362e-05
55 90 0.000198329
56 90 8.24963e-06
57 90 0.000116314
58 90 9.5105e-06
59 90 0.000137917
60 90 9.62687e-10
61 90 1.09317e-09
62 90 6.76241e-11
63 90 4.54922e-11
64 90 6.03023e-10
65 90 6.30138e-11
66 90 1.29929e-09
67 90 9.98624e-11
68 90 6.056e-11
69 90 1.54551e-10
70 90 1.38157e-09
71 90 1.12385e-10
72 90 0.00139596
73 90 0.00022766
74 90 0.000422085
75 90 0.00023443
76 90 0.000599496
77 90 0.000348533
78 90 5.75928e-10
79 90 3.26985e-11
0 91 1.38667e-07
1 91 2.19535e-06
2 91 1.29045e-06
3 91 2.72297e-06
4 91 3.29718e-06
5 91 2.30207e-06
6 91 1.6853e-08
7 91 1.29197e-07
8 91 1.54156e-05
9 91 3.35487e-06
10 91 3.22539e-07
11 91 1.74404e-07
12 91 2.16273e-08
13 91 1.02272e-06
14 91 1.67811e-06
15 91 3.25761e-07
16 91 2.61565e-11
17 91 2.87713e-10
18 91 9.30826e-12
19 91 6.81106e-12
20 91 3.20665e-11
21 91 1.23175e-11
22 91 1.22362e-10
23 91 7.55502e-11
24 91 3.82384e-10
25 91 3.016e-11
26 91 5.60195e-12
27 91 1.38844e-11
28 91 3.60669e-10
29 91 1.17569e-10
30 91 2.90174e-12
31 91 1.75978e-11
32 91 5.29159e-11
33 91 4.99498e-12
34 91 5.0959e-11
35 91 1.37489e-10
36 91 7.58384e-11
37 91 5.09803e-10
38 91 2.71837e-11
39 91 5.47992e-11
40 91 4.80884e-05
41 91 5.14635e-05
42 91 3.7163e-05
43 91 4.65735e-05
44 91 6.70143e-05
45 91 1.0931e-05
46 91 0.0001843
47 91 1.94878e-05
48 91 0.000129861
49 91 5.31437e-05
50 91 4.59812e-05
51 91 2.54603e-05
52 91 2.04903e-05
53 91 1.05013e-06
54 91 0.000198558
55 91 9.45245e-05
56 91 0.000116566
57 91 8.25137e-06
58 91 0.000137552
59 91 9.49506e-06
60 91 1.09265e-09
61 91 9.62684e-10
62 91 4.54143e-11
63 91 6.75508e-11
64 91 6.29215e-11
65 91 6.0318e-10
66 91 1.00169e-10
67 91 1.3005e-09
68 91 1.54547e-10
69 91 6.05339e-11
70 91 1.12453e-10
71 91 1.38214e-09
72 91 0.000228573
73 91 0.00139576
74 91 0.000232966
75 91 0.000421945
76 91 0.000348919
77 91 0.000599876
78 91 3.17689e-11
79 91 5.74339e-10
0 92 4.64678e-06
1 92 7.56647e-09
2 92 8.01804e-06
3 92 4.63435e-06
4 92 1.95759e-08
5 92 1.98241e-07
6 92 7.4345e-07
7 92 9.80047e-08
8 92 8.2679e-07
9 92 4.31765e-06
10 92 2.90365e-06
11 92 1.40752e-07
12 92 2.34486e-06
13 92 1.17863e-06
14 92 2.55424e-07
15 92 2.40115e-07
16 92 5.34918e-11
17 92 5.13041e-11
18 92 4.63013e-12
19 92 3.36313e-13
20 92 6.17184e-12
21 92 5.06264e-12
22 92 8.99586e-12
23 92 1.24455e-11
24 92 4.25889e-11
25 92 3.75011e-11
26 92 1.83921e-12
27 92 4.84801e-13
28 92 7.6635e-11
29 92 4.19599e-11
30 92 6.51726e-12
31 92 3.28998e-12
32 92 2.14539e-11
33 92 4.90074e-13
34 92 1.03137e-10
35 92 3.82449e-11
36 92 7.83124e-11
37 92 2.07914e-11
38 92 1.22272e-11
39 92 5.87849e-12
40 92 2.51191e-05
41 92 1.50371e-05
42 92 9.65831e-05
43 92 8.34875e-05
44 92 5.7517e-05
45 92 2.60969e-05
46 92 8.3283e-06
47 92 5.15771e-05
48 92 9.94938e-07
49 92 5.61731e-05
50 92 4.12856e-06
51 92 0.000256727
52 92 7.13794e-05
53 92 1.27788e-06
54 92 1.39906e-05
55 92 4.14334e-05
56 92 1.59002e-05
57 92 1.09739e-05
58 92 7.6532e-05
59 92 1.09507e-05
60 92 2.4109e-10
61 92 4.7107e-10
62 92 5.7517e-12
63 92 3.14653e-11
64 92 1.20639e-12
65 92 4.67596e-11
66 92 2.7662e-10
67 92 4.5393e-10
68 92 2.10209e-11
69 92 1.11091e-11
70 92 1.99221e-10
71 92 1.56734e-10
72 92 0.000334737
73 92 0.000108681
74 92 0.000462482
75 92 9.60305e-05
76 92 1.57274e-05
77 92 0.000161602
78 92 4.68994e-10
79 92 8.44581e-11
0 93 7.8631e-09
1 93 4.64691e-06
2 93 4.62044e-06
3 93 8.00217e-06
4 93 1.98264e-07
5 93 1.91586e-08
6 93 9.82706e-08
7 93 7.41461e-07
8 93 4.32946e-06
9 93 8.26105e-07
10 93 1.40871e-07
11 93 2.89785e-06
12 93 1.1791e-06
13 93 2.34476e-06
14 93 2.40622e-07
15 93 2.5299e-07
16 93 5.12998e-11
17 93 5.34565e-11
18 93 3.43766e-13
19 93 4.71595e-12
20 93 4.99641e-12
21 93 6.25511e-12
22 93 1.23279e-11
23 93 8.90827e-12
24 93 3.75516e-11
25 93 4.24617e-11
26 93 4.98563e-13
27 93 1.82882e-12
28 93 4.20379e-11
29 93 7.64934e-11
30 93 3.29248e-12
31 93 6.5789e-12
32 93 5.01731e-13
33 93 2.13585e-11
34 93 3.82046e-11
35 93 1.03008e-10
36 93 2.08309e-11
37 93 7.81608e-11
38 93 5.77676e-12
39 93 1.21802e-11
40 93 1.50216e-05
41 93 2.49869e-05
42 93 8.34333e-05
43 93 9.64597e-05
44 93 2.60099e-05
45 93 5.7812e-05
46 93 5.17567e-05
47 93 8.2915e-06
48 93 5.62986e-05
49 93 1.01526e-06
50 93 0.00025633
51 93 4.0681e-06
52 93 1.28178e-06
53 93 7.12224e-05
54 93 4.15849e-05
55 93 1.39578e-05
56 93 1.10269e-05
57 93 1.58964e-05
58 93 1.09753e-05
59 93 7.62649e-05
60 93 4.69335e-10
61 93 2.40689e-10
62 93 3.12194e-11
63 93 5.77953e-12
64 93 4.64402e-11
65 93 1.16935e-12
66 93 4.5409e-10
67 93 2.7546e-10
68 93 1.11135e-11
69 93 2.09796e-11
70 93 1.56454e-10
71 93 1.98615e-10
72 93 0.00010864
73 93 0.000335835
74 93 9.52599e-05
75 93 0.000461132
76 93 0.000161921
77 93 1.58623e-05
78 93 8.40704e-11
79 93 4.66351e-10
0 94 2.01054e-06
1 94 5.02333e-06
2 94 2.5204e-07
3 94 5.04627e-06
4 94 1.7194e-07
5 94 1.9363e-07
6 94 1.73755e-08
7 94 9.36621e-08
8 94 2.68298e-07
9 94 4.34731e-07
10 94 1.69048e-06
11 94 8.37372e-06
12 94 3.65241e-08
13 94 1.13198e-06
14 94 1.14931e-06
15 94 4.45507e-08
16 94 1.07495e-10
17 94 5.97878e-10
18 94 1.12488e-12
19 94 1.09793e-11
20 94 1.15888e-11
21 94 1.55501e-10
22 94 4.07361e-12
23 94 1.20736e-10
24 94 2.59835e-10
25 94 9.81196e-11
26 94 2.22183e-11
27 94 3.3841e-12
28 94 2.29414e-10
29 94 6.42901e-10
30 94 4.95427e-11
31 94 3.92642e-11
32 94 6.40063e-11
33 94 9.72819e-11
34 94 1.81891e-10
35 94 8.03313e-10
36 94 6.36503e-11
37 94 1.79677e-10
38 94 2.84808e-11
39 94 2.33383e-10
40 94 2.78587e-05
41 94 3.13964e-05
42 94 1.48822e-05
43 94 9.6575e-06
44 94 1.70823e-06
45 94 1.37234e-05
46 94 3.70988e-07
47 94 3.4934e-07
48 94 5.79417e-05
49 94 3.27918e-05
50 94 5.20128e-05
51 94 1.15428e-05
52 94 1.3568e-05
53 94 3.01609e-05
54 94 4.42735e-06
55 94 8.88377e-06
56 94 2.76506e-05
57 94 1.44961e-07
58 94 5.77591e-05
59 94 1.43455e-06
60 94 9.70928e-10
61 94 5.99545e-10
62 94 7.84126e-11
63 94 5.91347e-11
64 94 1.61004e-10
65 94 8.18485e-11
66 94 4.15435e-10
67 94 1.98258e-10
68 94 3.16958e-10
69 94 8.67691e-11
70 94 1.03182e-11
71 94 3.351e-11
72 94 1.07838e-06
73 94 0.000217141
74 94 0.000478499
75 94 2.41719e-05
76 94 0.000493358
77 94 0.000572175
78 94 1.42977e-09
79 94 9.58998e-11
0 95 5.02749e-06
1 95 2.00002e-06
2 95 5.03921e-06
3 95 2.55982e-07
4 95 1.93255e-07
5 95 1.71791e-07
6 95 9.40389e-08
7 95 1.73344e-08
8 95 4.35884e-07
9 95 2.70728e-07
10 95 8.37536e-06
11 95 1.68139e-06
12 95 1.13601e-06
13 95 3.63287e-08
14 95 4.38992e-08
15 95 1.14614e-06
16 95 5.97305e-10
17 95 1.07212e-10
18 95 1.0858e-11
19 95 1.16331e-12
20 95 1.55492e-10
21 95 1.1526e-11
22 95 1.20737e-10
23 95 4.15802e-12
24 95 9.83395e-11
25 95 2.60081e-10
26 95 3.42235e-12
27 95 2.22544e-11
28 95 6.43332e-10
29 95 2.29238e-10
30 95 3.93993e-11
31 95 4.96224e-11
32 95 9.74619e-11
33 95 6.37978e-11
34 95 8.02553e-10
35 95 1.82068e-10
36 95 1.7937e-10
37 95 6.34455e-11
38 95 2.33233e-10
39 95 2.85801e-11
40 95 3.14403e-05
41 95 2.78369e-05
42 95 9.62587e-06
43 95 1.48241e-05
44 95 1.37688e-05
45 95 1.69015e-06
46 95 3.49775e-07
47 95 3.74004e-07
48 95 3.27024e-05
49 95 5.78533e-05
50 95 1.15569e-05
51 95 5.2156e-05
52 95 3.02035e-05
53 95 1.34946e-05
54 95 8.8967e-06
55 95 4.47082e-06
56 95 1.40738e-07
57 95 2.77117e-05
58 95 1.43525e-06
59 95 5.77461e-05
60 95 6.00492e-10
61 95 9.71416e-10
62 95 5.92977e-11
63 95 7.85682e-11
64 95 8.18393e-11
65 95 1.61076e-10
66 95 1.9927e-10
67 95 4.15627e-10
68 95 8.66433e-11
69 95 3.16839e-10
70 95 3.34843e-11
71 95 1.02869e-11
72 95 0.000218235
73 95 1.06414e-06
74 95 2.4477e-05
75 95 0.000478874
76 95 0.000571677
77 95 0.000492881
78 95 9.5161e-11
79 95 1.42733e-09
0 96 3.00012e-06
1 96 8.21141e-07
2 96 1.51641e-06
3 96 6.1147e-06
4 96 7.81842e-08
5 96 3.671e-07
6 96 2.73337e-08
7 96 2.4021e-08
8 96 4.49889e-06
9 96 1.18696e-06
10 96 4.01513e-06
11 96 8.4784e-06
12 96 3.56017e-08
13 96 3.59994e-07
14 96 9.90027e-07
15 96 2.55231e-07
16 96 1.55895e-10
17 96 7.03596e-11
18 96 2.51039e-13
19 96 4.64287e-12
20 96 1.99509e-11
21 96 1.6302e-11
22 96 5.43079e-11
23 96 3.23929e-11
24 96 3.03808e-10
25 96 8.33406e-11
26 96 4.23694e-13
27 96 2.17837e-12
28 96 9.54578e-11
29 96 5.69174e-10
30 96 9.03775e-13
31 96 8.94901e-12
32 96 8.66965e-12
33 96 1.08372e-11
34 96 4.64033e-11
35 96 4.38457e-10
36 96 2.40849e-10
37 96 2.97124e-10
38 96 2.27766e-11
39 96 5.66654e-11
40 96 2.3894e-05
41 96 6.46336e-06
42 96 1.95294e-05
43 96 1.94531e-05
44 96 1.59108e-05
45 96 1.27384e-05
46 96 5.15688e-06
47 96 6.69477e-07
48 96 2.356e-05
49 96 4.43509e-05
50 96 2.46656e-05
51 96 9.06875e-06
52 96 3.74478e-05
53 96 1.53089e-05
54 96 0.000122755
55 96 4.39444e-05
56 96 7.85996e-07
57 96 2.62774e-06
58 96 5.91323e-06
59 96 9.7484e-06
60 96 1.54329e-09
61 96 1.91116e-09
62 96 1.54157e-10
63 96 6.6818e-11
64 96 4.67046e-10
65 96 3.1933e-10
66 96 4.40725e-09
67 96 3.30943e-10
68 96 3.32642e-11
69 96 1.34493e-11
70 96 7.48375e-10
71 96 1.25559e-09
72 96 0.000232421
73 96 0.00178139
74 96 0.000689591
75 96 0.000343419
76 96 3.87427e-05
77 96 0.000218667
78 96 6.74346e-10
79 96 7.98272e-10
0 97 8.22877e-07
1 97 3.01109e-06
2 97 6.13532e-06
3 97 1.52078e-06
4 97 3.67084e-07
5 97 7.84351e-08
6 97 2.40552e-08
7 97 2.74621e-08
8 97 1.18774e-06
9 97 4.48714e-06
10 97 8.51301e-06
11 97 4.02083e-06
12 97 3.61872e-07
13 97 3.53589e-08
14 97 2.55217e-07
15 97 9.92103e-07
16 97 6.98618e-11
17 97 1.5484e-10
18 97 4.65595e-12
19 97 2.61228e-13
20 97 1.62606e-11
21 97 2.00192e-11
22 97 3.20628e-11
23 97 5.42199e-11
24 97 8.31526e-11
25 97 3.02954e-10
26 97 2.18904e-12
27 97 4.32628e-13
28 97 5.68777e-10
29 97 9.51925e-11
30 97 8.96991e-12
31 97 8.96523e-13
32 97 1.08272e-11
33 97 8.65315e-12
34 97 4.38469e-10
35 97 4.63127e-11
36 97 2.96728e-10
37 97 2.41142e-10
38 97 5.66118e-11
39 97 2.27941e-11
40 97 6.46435e-06
41 97 2.3941e-05
42 97 1.9507e-05
43 97 1.96004e-05
44 97 1.27325e-05
45 97 1.59945e-05
46 97 6.70676e-07
47 97 5.1448e-06
48 97 4.43815e-05
49 97 2.35989e-05
50 97 9.15775e-06
51 97 2.46747e-05
52 97 1.53884e-05
53 97 3.75464e-05
54 97 4.39669e-05
55 97 0.000122411
56 97 2.61638e-06
57 97 7.85131e-07
58 97 9.71636e-06
59 97 5.88388e-06
60 97 1.91067e-09
61 97 1.54481e-09
62 97 6.67668e-11
63 97 1.54083e-10
64 97 3.19164e-10
65 97 4.67531e-10
66 97 3.30841e-10
67 97 4.4095e-09
68 97 1.34726e-11
69 97 3.32591e-11
70 97 1.25589e-09
71 97 7.49175e-10
72 97 0.00177907
73 97 0.000231204
74 97 0.00034474
75 97 0.000687371
76 97 0.000218362
77 97 3.82947e-05
78 97 7.99344e-10
79 97 6.74336e-10
0 98 1.81416e-07
1 98 1.0237e-06
2 98 7.37692e-09
3 98 3.93229e-07
4 98 1.92185e-08
5 98 3.64589e-09
6 98 1.47232e-08
7 98 2.52813e-08
8 98 1.03605e-09
9 98 2.77086e-10
10 98 1.12546e-05
11 98 2.75094e-05
12 98 3.48992e-06
13 98 1.84879e-06
14 98 2.49129e-07
15 98 3.03804e-07
16 98 1.11228e-10
17 98 5.99814e-10
18 98 1.3027e-11
19 98 4.79474e-12
20 98 1.2167e-10
21 98 1.60858e-10
22 98 2.0259e-12
23 98 1.0643e-10
24 98 3.87655e-10
25 98 2.67245e-10
26 98 5.55568e-12
27 98 3.41463e-11
28 98 6.42698e-10
29 98 5.60455e-10
30 98 1.65367e-10
31 98 2.21458e-11
32 98 3.65826e-10
33 98 1.68816e-11
34 98 8.17643e-10
35 98 8.01366e-10
36 98 1.31896e-10
37 98 5.00738e-10
38 98 3.31156e-10
39 98 5.06807e-10
40 98 1.34707e-06
41 98 3.91712e-06
42 98 5.84985e-07
43 98 3.127e-06
44 98 6.71771e-06
45 98 8.98517e-06
46 98 2.00764e-09
47 98 6.23295e-09
48 98 1.27462e-05
49 98 7.50323e-06
50 98 3.79156e-05
51 98 1.07424e-05
52 98 0.000128523
53 98 0.000193783
54 98 1.08266e-06
55 98 1.92085e-07
56 98 4.34131e-06
57 98 6.02562e-05
58 98 4.91954e-06
59 98 3.29104e-05
60 98 2.09456e-09
61 98 7.77854e-10
62 98 1.79344e-10
63 98 3.00639e-11
64 98 6.99173e-10
65 98 7.8497e-10
66 98 1.64175e-09
67 98 2.87105e-09
68 98 4.55555e-10
69 98 1.28758e-10
70 98 3.38194e-10
71 98 2.63152e-09
72 98 2.09959e-08
73 98 1.4605e-07
74 98 0.00024999
75 98 0.00063532
76 98 0.000526057
77 98 0.000388314
78 98 8.33538e-10
79 98 1.38103e-09
0 99 1.02401e-06
1 99 1.79349e-07
2 99 3.92895e-07
3 99 7.37637e-09
4 99 3.66136e-09
5 99 1.92161e-08
6 99 2.52615e-08
7 99 1.46803e-08
8 99 2.8104e-10
9 99 1.02761e-09
10 99 2.74295e-05
11 99 1.13104e-05
12 99 1.85059e-06
13 99 3.48493e-06
14 99 3.0506e-07
15 99 2.49021e-07
16 99 6.00061e-10
17 99 1.10987e-10
18 99 4.70627e-12
19 99 1.31836e-11
20 99 1.60931e-10
21 99 1.2184e-10
22 99 1.06238e-10
23 99 2.03887e-12
24 99 2.67621e-10
25 99 3.87364e-10
26 99 3.41522e-11
27 99 5.52944e-12
28 99 5.61509e-10
29 99 6.42685e-10
30 99 2.2185e-11
31 99 1.6481e-10
32 99 1.67907e-11
33 99 3.65203e-10
34 99 8.01875e-10
35 99 8.20881e-10
36 99 4.99734e-10
37 99 1.31752e-10
38 99 5.0794e-10
39 99 3.31523e-10
40 99 3.92151e-06
41 99 1.34573e-06
42 99 3.1305e-06
43 99 5.85533e-07
44 99 8.98202e-06
45 99 6.71923e-06
46 99 6.23479e-09
47 99 2.00656e-09
48 99 7.50874e-06
49 99 1.27768e-05
50 99 1.07233e-05
51 99 3.79159e-05
52 99 0.000193343
53 99 0.000128769
54 99 1.9158e-07
55 99 1.08487e-06
56 99 6.03781e-05
57 99 4.294e-06
58 99 3.28724e-05
59 99 4.91294e-06
60 99 7.80394e-10
61 99 2.0955e-09
62 99 2.98812e-11
63 99 1.79259e-10
64 99 7.86249e-10
65 99 7.002e-10
66 99 2.87208e-09
67 99 1.64064e-09
68 99 1.28589e-10
69 99 4.55116e-10
70 99 2.632e-09
71 99 3.38267e-10
72 99 1.45863e-07
73 99 2.09875e-08
74 99 0.00063438
75 99 0.00025025
76 99 0.000389172
77 99 0.000526424
78 99 1.38402e-09
79 99 8.3725e-10
0 100 1.06833e-11
1 100 1.74121e-11
2 100 5.93445e-11
3 100 3.7541e-12
4 100 5.48808e-11
5 100 1.58944e-10
6 100 6.30131e-12
7 100 7.72909e-14
8 100 7.87682e-11
9 100 1.29406e-10
10 100 2.63782e-10
11 100 9.96296e-11
12 100 3.7476e-10
13 100 4.85884e-11
14 100 3.51717e-11
15 100 1.36468e-11
16 100 7.55078e-07
17 100 2.6062e-08
18 100 4.05369e-08
19 100 4.9487e-08
20 100 2.15697e-05
21 100 4.24708e-06
22 100 3.07887e-07
23 100 1.21767e-07
24 100 2.87767e-06
25 100 1.20971e-05
26 100 1.2858e-05
27 100 1.9455e-07
28 100 7.02738e-06
29 100 2.79226e-06
30 100 4.4099e-06
31 100 2.97143e-06
32 100 3.81889e-05
33 100 5.67548e-05
34 100 1.5827e-06
35 100 1.51616e-06
36 100 3.43823e-06
37 100 2.81986e-05
38 100 4.86248e-05
39 100 6.19848e-05
40 100 1.09226e-09
41 100 4.55732e-11
42 100 3.26133e-11
43 100 7.97894e-12
44 100 4.02971e-11
45 100 9.79399e-12
46 100 2.35838e-11
47 100 3.56017e-12
48 100 1.50635e-10
49 100 1.15632e-09
50 100 3.62946e-11
51 100 5.51668e-11
52 100 1.3228e-09
53 100 2.62157e-10
54 100 1.01371e-10
55 100 2.28035e-10
56 100 2.42487e-10
57 100 8.07169e-11
58 100 1.5263e-11
59 100 2.20002e-11
60 100 5.53799e-07
61 100 1.07509e-05
62 100 6.46907e-06
63 100 5.36594e-06
64 100 3.49333e-05
65 100 0.000291663
66 100 5.90806e-05
67 100 1.1047e-05
68 100 5.54698e-05
69 100 6.67451e-05
70 100 3.58597e-09
71 100 2.63043e-08
72 100 6.89744e-11
73 100 3.4631e-10
74 100 8.93721e-10
75 100 2.64981e-10
76 100 9.85262e-11
77 100 7.0043e-10
78 100 0.000530913
79 100 1.3881e-05
0 101 1.84008e-11
1 101 1.05334e-11
2 101 3.74483e-12
3 101 5.92904e-11
4 101 1.58437e-10
5 101 5.50422e-11
6 101 5.60237e-14
7 101 6.54916e-12
8 101 1.27847e-10
9 101 7.91256e-11
10 101 9.8463e-11
11 101 2.62961e-10
12 101 4.91388e-11
13 101 3.77541e-10
14 101 1.34131e-11
15 101 3.55896e-11
16 101 2.63065e-08
17 101 7.55718e-07
18 101 4.97296e-08
19 101 4.03419e-08
20 101 4.22364e-06
21 101 2.15328e-05
22 101 1.21076e-07
23 101 3.07608e-07
24 101 1.21009e-05
25 101 2.87657e-06
26 101 1.93122e-07
27 101 1.28874e-05
28 101 2.80604e-06
29 101 6.99553e-06
30 101 2.95581e-06
31 101 4.42315e-06
32 101 5.67658e-05
33 101 3.80446e-05
34 101 1.51587e-06
35 101 1.59272e-06
36 101 2.82747e-05
37 101 3.48101e-06
38 101 6.19714e-05
39 101 4.8671e-05
40 101 4.51206e-11
41 101 1.09489e-09
42 101 7.88302e-12
43 101 3.24378e-11
44 101 9.72066e-12
45 101 4.02813e-11
46 101 3.52915e-12
47 101 2.37416e-11
48 101 1.15625e-09
49 101 1.51402e-10
50 101 5.51299e-11
51 101 3.65346e-11
52 101 2.62599e-10
53 101 1.32573e-09
54 101 2.28487e-10
55 101 1.01549e-10
56 101 8.0964e-11
57 101 2.4215e-10
58 101 2.18472e-11
59 101 1.53202e-11
60 101 1.0749e-05
61 101 5.54359e-07
62 101 5.37108e-06
63 101 6.49878e-06
64 101 0.000291153
65 101 3.46709e-05
66 101 1.11313e-05
67 101 5.9038e-05
68 101 6.68895e-05
69 101 5.55199e-05
70 101 2.63449e-08
71 101 3.58015e-09
72 101 3.45895e-10
73 101 6.92739e-11
74 101 2.63575e-10
75 101 8.95995e-10
76 101 6.98286e-10
77 101 9.64421e-11
78 101 1.37857e-05
79 101 0.000529724
0 102 2.81989e-13
1 102 1.25457e-11
2 102 7.28457e-11
3 102 1.45668e-11
4 102 5.39207e-11
5 102 2.48363e-10
6 102 6.64842e-12
7 102 3.05236e-12
8 102 9.81956e-11
9 102 1.83813e-11
10 102 4.89929e-10
11 102 2.02881e-10
12 102 7.41863e-11
13 102 2.66237e-10
14 102 2.06348e-11
15 102 1.5667e-11
16 102 8.02707e-06
17 102 5.70745e-07
18 102 1.26744e-06
19 102 3.60687e-06
20 102 2.8703e-06
21 102 3.20615e-05
22 102 2.05909e-07
23 102 5.72587e-07
24 102 1.29216e-06
25 102 4.34291e-07
26 102 1.60058e-07
27 102 2.87704e-07
28 102 1.10747e-05
29 102 1.27821e-05
30 102 1.6579e-05
31 102 3.65728e-05
32 102 1.03662e-05
33 102 5.61274e-06
34 102 6.88373e-05
35 102 3.63939e-05
36 102 2.90977e-05
37 102 7.98157e-06
38 102 8.63047e-06
39 102 1.55871e-05
40 102 7.23783e-10
41 102 5.05405e-10
42 102 8.67711e-11
43 102 6.1997e-12
44 102 4.63874e-11
45 102 3.58381e-11
46 102 1.14888e-11
47 102 1.22847e-11
48 102 3.70647e-12
49 102 1.15915e-09
50 102 7.348e-11
51 102 2.78775e-11
52 102 4.13951e-10
53 102 9.81257e-10
54 102 5.26388e-11
55 102 2.36151e-11
56 102 1.34605e-10
57 102 8.95079e-11
58 102 3.24426e-11
59 102 3.51047e-11
60 102 0.000115766
61 102 8.12464e-05
62 102 3.64552e-07
63 102 1.99523e-05
64 102 0.000207634
65 102 3.26026e-05
66 102 1.28803e-05
67 102 9.22431e-06
68 102 4.44632e-06
69 102 3.37896e-05
70 102 3.71219e-05
71 102 4.26041e-06
72 102 8.41527e-11
73 102 6.82918e-11
74 102 6.00588e-10
75 102 6.52007e-10
76 102 7.48405e-10
77 102 5.28699e-10
78 102 5.40061e-05
79 102 0.000226112
0 103 1.22068e-11
1 103 3.74325e-13
2 103 1.44938e-11
3 103 7.25597e-11
4 103 2.48472e-10
5 103 5.39366e-11
6 103 3.26286e-12
7 103 6.90276e-12
8 103 1.75734e-11
9 103 9.96601e-11
10 103 2.01622e-10
11 103 4.87798e-10
12 103 2.67025e-10
13 103 7.40002e-11
14 103 1.59454e-11
15 103 1.97419e-11
16 103 5.69418e-07
17 103 8.02594e-06
18 103 3.5944e-06
19 103 1.27663e-06
20 103 3.20878e-05
21 103 2.86121e-06
22 103 5.73234e-07
23 103 2.05427e-07
24 103 4.36085e-07
25 103 1.2908e-06
26 103 2.88501e-07
27 103 1.5994e-07
28 103 1.28214e-05
29 103 1.10567e-05
30 103 3.66743e-05
31 103 1.64814e-05
32 103 5.62837e-06
33 103 1.03791e-05
34 103 3.62093e-05
35 103 6.89238e-05
36 103 8.00407e-06
37 103 2.90707e-05
38 103 1.55493e-05
39 103 8.65963e-06
40 103 5.06264e-10
41 103 7.22327e-10
42 103 6.12998e-12
43 103 8.67545e-11
44 103 3.57496e-11
45 103 4.63116e-11
46 103 1.22577e-11
47 103 1.14775e-11
48 103 1.15897e-09
49 103 3.57557e-12
50 103 2.77515e-11
51 103 7.35732e-11
52 103 9.78193e-10
53 103 4.1319e-10
54 103 2.35535e-11
55 103 5.25754e-11
56 103 8.89259e-11
57 103 1.34936e-10
58 103 3.49521e-11
59 103 3.27516e-11
60 103 8.14723e-05
61 103 0.000115508
62 103 1.99342e-05
63 103 3.82488e-07
64 103 3.2543e-05
65 103 0.000207807
66 103 9.18661e-06
67 103 1.29082e-05
68 103 3.37486e-05
69 103 4.47524e-06
70 103 4.28885e-06
71 103 3.70613e-05
72 103 6.87101e-11
73 103 8.46894e-11
74 103 6.50023e-10
75 103 6.00253e-10
76 103 5.3054e-10
77 103 7.49026e-10
78 103 0.000226194
79 103 5.40639e-05
0 104 6.97725e-12
1 104 1.62318e-12
2 104 9.70939e-12
3 104 1.61396e-12
4 104 3.63341e-11
5 104 6.18439e-11
6 104 1.88029e-12
7 104 4.14943e-12
8 104 1.0793e-10
9 104 2.60847e-12
10 104 1.46442e-10
11 104 5.09857e-12
12 104 3.52227e-12
13 104 2.77758e-10
14 104 2.00612e-11
15 104 1.90518e-11
16 104 9.98915e-06
17 104 4.8686e-06
18 104 1.91057e-06
19 104 1.07481e-06
20 104 4.8473e-06
21 104 7.75018e-06
22 104 1.1666e-08
23 104 2.70706e-07
24 104 9.89697e-08
25 104 1.39399e-07
26 104 1.56304e-06
27 104 9.05092e-07
28 104 1.7889e-05
29 104 1.21523e-05
30 104 2.89962e-05
31 104 1.3374e-05
32 104 1.854e-05
33 104 5.0875e-06
34 104 2.78249e-05
35 104 2.76869e-05
36 104 2.5306e-05
37 104 3.02353e-05
38 104 4.55137e-06
39 104 4.21588e-05
40 104 2.71866e-10
41 104 4.36313e-10
42 104 9.39757e-12
43 104 1.72602e-12
44 104 1.51813e-12
45 104 3.03891e-11
46 104 1.65276e-12
47 104 3.72202e-11
48 104 2.78058e-10
49 104 1.00502e-10
50 104 4.08888e-11
51 104 2.19014e-11
52 104 1.31769e-10
53 104 4.02246e-10
54 104 4.60639e-11
55 104 9.31286e-11
56 104 3.41279e-11
57 104 1.46834e-10
58 104 1.02921e-11
59 104 3.85553e-11
60 104 5.37938e-05
61 104 9.28826e-06
62 104 0.000123417
63 104 5.78011e-05
64 104 6.06797e-05
65 104 2.58005e-05
66 104 4.95712e-05
67 104 1.28312e-05
68 104 3.79768e-07
69 104 1.32879e-05
70 104 1.82019e-05
71 104 8.51496e-07
72 104 7.79309e-11
73 104 1.00518e-11
74 104 1.23031e-10
75 104 4.016e-10
76 104 1.93214e-10
77 104 2.44979e-10
78 104 3.59854e-05
79 104 6.76704e-05
0 105 1.41867e-12
1 105 7.2606e-12
2 105 1.71349e-12
3 105 1.0252e-11
4 105 6.16471e-11
5 105 3.62295e-11
6 105 4.11386e-12
7 105 1.64933e-12
8 105 2.57057e-12
9 105 1.05557e-10
10 105 4.92584e-12
11 105 1.46323e-10
12 105 2.77807e-10
13 105 3.45524e-12
14 105 1.92269e-11
15 105 1.93019e-11
16 105 4.87722e-06
17 105 9.98724e-06
18 105 1.08262e-06
19 105 1.90644e-06
20 105 7.7105e-06
21 105 4.85493e-06
22 105 2.69787e-07
23 105 1.17007e-08
24 105 1.38201e-07
25 105 9.89544e-08
26 105 9.03594e-07
27 105 1.5628e-06
28 105 1.21672e-05
29 105 1.78282e-05
30 105 1.33874e-05
31 105 2.89442e-05
32 105 5.09441e-06
33 105 1.84832e-05
34 105 2.77412e-05
35 105 2.79632e-05
36 105 3.02825e-05
37 105 2.52061e-05
38 105 4.22528e-05
39 105 4.57711e-06
40 105 4.38378e-10
41 105 2.70341e-10
42 105 1.70998e-12
43 105 9.36947e-12
44 105 3.04269e-11
45 105 1.50657e-12
46 105 3.73134e-11
47 105 1.6915e-12
48 105 1.0052e-10
49 105 2.80154e-10
50 105 2.19228e-11
51 105 4.08689e-11
52 105 4.03749e-10
53 105 1.31993e-10
54 105 9.36013e-11
55 105 4.60295e-11
56 105 1.47926e-10
57 105 3.4264e-11
58 105 3.87054e-11
59 105 1.02724e-11
60 105 9.28996e-06
61 105 5.41077e-05
62 105 5.78248e-05
63 105 0.000123129
64 105 2.58642e-05
65 105 6.03887e-05
66 105 1.28287e-05
67 105 4.9554e-05
68 105 1.33391e-05
69 105 3.90012e-07
70 105 8.57076e-07
71 105 1.8266e-05
72 105 9.871e-12
73 105 7.78244e-11
74 105 4.02318e-10
75 105 1.23503e-10
76 105 2.45516e-10
77 105 1.93911e-10
78 105 6.73262e-05
79 105 3.60627e-05
0 106 1.28355e-13
1 106 9.3302e-12
2 106 2.0818e-11
3 106 9.71955e-12
4 106 1.00389e-10
5 106 3.27977e-11
6 106 1.15674e-12
7 106 4.26601e-13
8 106 6.7355e-11
9 106 2.03274e-11
10 106 1.43661e-10
11 106 2.69917e-11
12 106 4.7556e-11
13 106 2.66725e-10
14 106 5.28707e-12
15 106 4.43341e-12
16 106 1.67901e-05
17 106 1.13228e-05
18 106 4.86898e-06
19 106 1.84571e-05
20 106 2.62214e-07
21 106 1.01328e-06
22 106 6.22854e-06
23 106 2.55126e-06
24 106 7.63768e-07
25 106 8.08383e-07
26 106 5.97734e-07
27 106 1.77112e-06
28 106 1.49033e-05
29 106 1.03021e-06
30 106 6.4599e-06
31 106 1.12443e-05
32 106 1.71053e-06
33 106 3.35817e-06
34 106 4.03875e-06
35 106 3.62449e-07
36 106 3.18223e-07
37 106 6.22852e-07
38 106 2.60608e-07
39 106 2.27197e-07
40 106 1.40624e-11
41 106 9.61137e-10
42 106 3.41531e-12
43 106 3.34266e-11
44 106 2.57181e-11
45 106 4.99379e-12
46 106 8.84611e-11
47 106 5.99693e-12
48 106 2.44222e-10
49 106 6.94864e-11
50 106 4.64836e-12
51 106 1.60038e-11
52 106 1.61001e-10
53 106 7.21414e-11
54 106 3.38416e-13
55 106 3.09964e-10
56 106 2.94807e-10
57 106 8.4281e-11
58 106 1.54844e-12
59 106 1.04075e-11
60 106 2.37999e-05
61 106 3.05618e-05
62 106 0.000206901
63 106 2.62635e-05
64 106 3.77136e-05
65 106 1.33092e-05
66 106 2.19932e-05
67 106 5.37462e-05
68 106 1.81213e-05
69 106 8.00259e-06
70 106 1.26531e-06
71 106 6.4281e-07
72 106 2.11369e-10
73 106 1.23643e-10
74 106 2.98644e-10
75 106 8.06209e-11
76 106 3.41875e-11
77 106 1.82381e-11
78 106 1.06071e-05
79 106 4.29375e-05
0 107 9.51069e-12
1 107 1.02564e-13
2 107 9.87737e-12
3 107 2.12948e-11
4 107 3.20589e-11
5 107 1.00747e-10
6 107 5.82987e-13
7 107 1.29971e-12
8 107 2.06836e-11
9 107 6.75644e-11
10 107 2.68639e-11
11 107 1.43856e-10
12 107 2.65452e-10
13 107 4.79526e-11
14 107 4.38016e-12
15 107 5.25787e-12
16 107 1.13332e-05
17 107 1.67858e-05
18 107 1.84875e-05
19 107 4.86492e-06
20 107 1.00955e-06
21 107 2.61722e-07
22 107 2.55011e-06
23 107 6.2602e-06
24 107 8.0544e-07
25 107 7.65348e-07
26 107 1.76941e-06
27 107 5.97066e-07
28 107 1.02843e-06
29 107 1.48841e-05
30 107 1.12521e-05
31 107 6.46827e-06
32 107 3.33527e-06
33 107 1.7052e-06
34 107 3.64205e-07
35 107 4.05213e-06
36 107 6.19675e-07
37 107 3.17471e-07
38 107 2.27757e-07
39 107 2.6093e-07
40 107 9.62152e-10
41 107 1.4254e-11
42 107 3.34412e-11
43 107 3.42288e-12
44 107 4.95141e-12
45 107 2.5797e-11
46 107 6.00536e-12
47 107 8.86636e-11
48 107 6.9523e-11
49 107 2.44804e-10
50 107 1.59588e-11
51 107 4.66121e-12
52 107 7.22476e-11
53 107 1.61573e-10
54 107 3.10833e-10
55 107 3.32961e-13
56 107 8.40955e-11
57 107 2.95319e-10
58 107 1.03905e-11
59 107 1.57151e-12
60 107 3.07229e-05
61 107 2.39334e-05
62 107 2.62446e-05
63 107 0.000206642
64 107 1.33394e-05
65 107 3.75528e-05
66 107 5.37178e-05
67 107 2.1992e-05
68 107 7.98296e-06
69 107 1.80618e-05
70 107 6.45102e-07
71 107 1.26706e-06
72 107 1.23663e-10
73 107 2.12039e-10
74 107 8.05231e-11
75 107 2.98803e-10
76 107 1.82464e-11
77 107 3.40896e-11
78 107 4.27443e-05
79 107 1.06625e-05
0 108 1.01845e-12
1 108 7.98381e-12
2 108 3.53206e-11
3 108 1.80896e-13
4 108 4.72452e-11
5 108 1.60717e-10
6 108 2.65055e-12
7 108 2.62012e-13
8 108 8.79927e-11
9 108 7.68371e-11
10 108 7.71566e-11
11 108 7.68002e-11
12 108 3.53224e-10
13 108 5.08523e-11
14 108 1.51961e-11
15 108 6.37474e-12
16 108 1.91844e-05
17 108 4.37153e-06
18 108 1.40371e-06
19 108 8.13357e-06
20 108 1.96604e-07
21 108 1.91238e-06
22 108 1.2568e-05
23 108 1.87844e-06
24 108 2.61327e-07
25 108 1.47065e-06
26 108 5.80609e-07
27 108 2.8587e-07
28 108 1.11639e-05
29 108 1.65206e-05
30 108 5.82047e-06
31 108 2.1731e-06
32 108 1.02778e-05
33 108 4.32817e-06
34 108 2.08278e-06
35 108 4.27881e-06
36 108 2.25848e-07
37 108 5.97975e-08
38 108 1.01634e-07
39 108 1.56287e-07
40 108 3.442e-10
41 108 3.2529e-10
42 108 9.3935e-12
43 108 4.3333e-12
44 108 1.31463e-11
45 108 1.01936e-11
46 108 4.32679e-11
47 108 8.69449e-12
48 108 4.50682e-10
49 108 2.95086e-10
50 108 9.15711e-12
51 108 4.11172e-15
52 108 4.06254e-10
53 108 4.46423e-11
54 108 8.37514e-12
55 108 3.22915e-10
56 108 3.15989e-10
57 108 6.66347e-11
58 108 1.77067e-11
59 108 2.63711e-12
60 108 0.000100499
61 108 0.000154483
62 108 2.41485e-05
63 108 1.00507e-05
64 108 8.26138e-05
65 108 3.71255e-06
66 108 2.17992e-05
67 108 2.15573e-06
68 108 4.08334e-05
69 108 1.32295e-05
70 108 3.68482e-06
71 108 9.71378e-09
72 108 3.77047e-11
73 108 1.46688e-10
74 108 3.80123e-11
75 108 8.99635e-11
76 108 1.14439e-11
77 108 3.27134e-12
78 108 7.20372e-06
79 108 8.70518e-05
0 109 8.11652e-12
1 109 8.77351e-13
2 109 1.93171e-13
3 109 3.5021e-11
4 109 1.60474e-10
5 109 4.79396e-11
6 109 2.7925e-13
7 109 2.71607e-12
8 109 7.62102e-11
9 109 8.96281e-11
10 109 7.62606e-11
11 109 7.62004e-11
12 109 5.15988e-11
13 109 3.51949e-10
14 109 6.4481e-12
15 109 1.4818e-11
16 109 4.35617e-06
17 109 1.91691e-05
18 109 8.14195e-06
19 109 1.4084e-06
20 109 1.91515e-06
21 109 1.96368e-07
22 109 1.88121e-06
23 109 1.25459e-05
24 109 1.47647e-06
25 109 2.60185e-07
26 109 2.83485e-07
27 109 5.80422e-07
28 109 1.64898e-05
29 109 1.11895e-05
30 109 2.18119e-06
31 109 5.82756e-06
32 109 4.32417e-06
33 109 1.02959e-05
34 109 4.27354e-06
35 109 2.08116e-06
36 109 5.97054e-08
37 109 2.26034e-07
38 109 1.55837e-07
39 109 1.01823e-07
40 109 3.26444e-10
41 109 3.43687e-10
42 109 4.33761e-12
43 109 9.42987e-12
44 109 1.02244e-11
45 109 1.31689e-11
46 109 8.70926e-12
47 109 4.3263e-11
48 109 2.9542e-10
49 109 4.51185e-10
50 109 3.74965e-15
51 109 9.16299e-12
52 109 4.46609e-11
53 109 4.06632e-10
54 109 3.23073e-10
55 109 8.33047e-12
56 109 6.66727e-11
57 109 3.16428e-10
58 109 2.66232e-12
59 109 1.77239e-11
60 109 0.000154619
61 109 0.000100318
62 109 1.01047e-05
63 109 2.40381e-05
64 109 3.70399e-06
65 109 8.27359e-05
66 109 2.16999e-06
67 109 2.17656e-05
68 109 1.32889e-05
69 109 4.08603e-05
70 109 9.61816e-09
71 109 3.68051e-06
72 109 1.46829e-10
73 109 3.76419e-11
74 109 9.00442e-11
75 109 3.81073e-11
76 109 3.26467e-12
77 109 1.14578e-11
78 109 8.71569e-05
79 109 7.21408e-06
0 110 4.12935e-12
1 110 1.21298e-11
2 110 6.03953e-11
3 110 1.09459e-11
4 110 2.68928e-11
5 110 2.85268e-10
6 110 4.613e-12
7 110 2.00748e-12
8 110 1.7187e-10
9 110 7.27506e-11
10 110 2.68696e-10
11 110 2.40709e-11
12 110 1.8242e-10
13 110 4.04883e-10
14 110 3.16145e-11
15 110 6.12814e-12
16 110 2.84104e-05
17 110 3.48073e-06
18 110 4.58646e-06
19 110 3.16801e-06
20 110 1.01933e-07
21 110 4.03275e-08
22 110 6.67293e-08
23 110 4.2938e-07
24 110 4.21014e-07
25 110 1.05997e-07
26 110 3.27441e-07
27 110 1.38678e-07
28 110 1.89182e-05
29 110 2.83198e-05
30 110 5.64604e-07
31 110 3.75792e-06
32 110 3.7413e-06
33 110 7.51763e-06
34 110 1.01625e-08
35 110 3.33016e-07
36 110 2.90606e-07
37 110 2.26492e-06
38 110 1.69669e-06
39 110 1.03509e-05
40 110 3.28752e-10
41 110 3.28199e-10
42 110 9.30142e-12
43 110 1.18526e-11
44 110 1.52635e-12
45 110 1.2423e-11
46 110 4.07741e-12
47 110 7.34742e-12
48 110 5.76688e-11
49 110 3.69098e-10
50 110 1.77808e-11
51 110 9.72677e-12
52 110 1.03294e-10
53 110 6.39386e-11
54 110 5.70128e-11
55 110 7.24251e-11
56 110 9.8931e-11
57 110 1.16469e-10
58 110 5.16349e-12
59 110 4.89809e-13
60 110 2.43824e-06
61 110 5.1454e-06
62 110 3.4105e-06
63 110 7.53669e-07
64 110 4.84125e-05
65 110 0.000197491
66 110 5.57896e-05
67 110 3.05572e-06
68 110 3.54874e-05
69 110 7.46226e-05
70 110 1.1008e-06
71 110 9.8529e-07
72 110 9.93729e-11
73 110 5.13189e-11
74 110 2.0474e-10
75 110 1.09639e-10
76 110 1.26334e-12
77 110 1.58388e-11
78 110 0.000207442
79 110 4.61408e-05
0 111 1.18142e-11
1 111 4.028e-12
2 111 1.0921e-11
3 111 6.10041e-11
4 111 2.84882e-10
5 111 2.60946e-11
6 111 2.00835e-12
7 111 4.60327e-12
8 111 7.26253e-11
9 111 1.7429e-10
10 111 2.45087e-11
11 111 2.69129e-10
12 111 4.044e-10
13 111 1.82354e-10
14 111 5.99098e-12
15 111 3.12008e-11
16 111 3.4751e-06
17 111 2.84316e-05
18 111 3.18442e-06
19 111 4.56855e-06
20 111 4.01985e-08
21 111 1.01917e-07
22 111 4.29714e-07
23 111 6.62667e-08
24 111 1.06196e-07
25 111 4.20875e-07
26 111 1.38492e-07
27 111 3.27852e-07
28 111 2.83518e-05
29 111 1.88936e-05
30 111 3.75005e-06
31 111 5.64032e-07
32 111 7.53667e-06
33 111 3.71199e-06
34 111 3.33527e-07
35 111 9.87639e-09
36 111 2.2685e-06
37 111 2.8936e-07
38 111 1.03456e-05
39 111 1.70514e-06
40 111 3.27304e-10
41 111 3.29109e-10
42 111 1.18385e-11
43 111 9.31586e-12
44 111 1.24152e-11
45 111 1.53048e-12
46 111 7.32938e-12
47 111 4.10692e-12
48 111 3.69037e-10
49 111 5.74004e-11
50 111 9.72556e-12
51 111 1.78194e-11
52 111 6.37879e-11
53 111 1.03263e-10
54 111 7.23046e-11
55 111 5.69802e-11
56 111 1.1612e-10
57 111 9.89144e-11
58 111 4.82842e-13
59 111 5.16151e-12
60 111 5.14691e-06
61 111 2.43557e-06
62 111 7.60907e-07
63 111 3.40825e-06
64 111 0.000197296
65 111 4.84317e-05
66 111 3.11842e-06
67 111 5.57275e-05
68 111 7.46952e-05
69 111 3.54737e-05
70 111 9.85291e-07
71 111 1.10148e-06
72 111 5.1261e-11
73 111 9.93953e-11
74 111 1.09568e-10
75 111 2.04607e-10
76 111 1.58284e-11
77 111 1.24301e-12
78 111 4.6318e-05
79 111 0.000207083
0 112 3.28783e-12
1 112 1.93296e-12
2 112 2.07941e-12
3 112 5.48343e-14
4 112 1.40922e-11
5 112 3.75189e-11
6 112 1.23897e-12
7 112 1.00993e-12
8 112 4.2749e-11
9 112 1.05501e-11
10 112 5.55182e-12
11 112 2.23349e-11
12 112 9.44776e-11
13 112 1.05486e-10
14 112 1.68053e-11
15 112 3.72187e-12
16 112 2.37384e-09
17 112 2.74791e-07
18 112 6.4492e-07
19 112 6.14311e-07
20 112 4.4636e-07
21 112 2.44778e-07
22 112 3.74157e-05
23 112 1.08168e-05
24 112 6.76886e-06
25 112 1.68389e-05
26 112 8.22463e-07
27 112 1.87831e-05
28 112 1.53253e-06
29 112 2.17399e-07
30 112 7.4423e-08
31 112 3.80265e-08
32 112 7.463e-09
33 112 1.21698e-07
34 112 1.08542e-06
35 112 3.82473e-06
36 112 1.86098e-05
37 112 2.12311e-05
38 112 1.27925e-06
39 112 7.1957e-06
40 112 9.35054e-10
41 112 5.51698e-10
42 112 5.89355e-12
43 112 1.6502e-12
44 112 9.17377e-13
45 112 3.68567e-11
46 112 1.57671e-11
47 112 1.28184e-10
48 112 9.62938e-11
49 112 6.75522e-10
50 112 2.88742e-12
51 112 9.25651e-12
52 112 3.5384e-10
53 112 3.6003e-10
54 112 5.68361e-10
55 112 6.08047e-11
56 112 7.95725e-11
57 112 2.86317e-10
58 112 2.69817e-11
59 112 9.69382e-12
60 112 9.41335e-07
61 112 0.000110954
62 112 9.0855e-05
63 112 7.38546e-05
64 112 3.79661e-06
65 112 6.69826e-07
66 112 5.51583e-07
67 112 8.40872e-07
68 112 3.60198e-07
69 112 8.56245e-07
70 112 4.56657e-05
71 112 3.69647e-05
72 112 9.07491e-11
73 112 9.94373e-11
74 112 1.47431e-11
75 112 1.92405e-10
76 112 4.16801e-12
77 112 4.67708e-11
78 112 2.02246e-07
79 112 4.18917e-06
0 113 1.73169e-12
1 113 3.60173e-12
2 113 6.26524e-14
3 113 2.05437e-12
4 113 3.74048e-11
5 113 1.4231e-11
6 113 1.00978e-12
7 113 1.42546e-12
8 113 1.03932e-11
9 113 4.27057e-11
10 113 2.19495e-11
11 113 5.6935e-12
12 113 1.06769e-10
13 113 9.36917e-11
14 113 3.8168e-12
15 113 1.67546e-11
16 113 2.75081e-07
17 113 2.52621e-09
18 113 6.16069e-07
19 113 6.45983e-07
20 113 2.43498e-07
21 113 4.45083e-07
22 113 1.07543e-05
23 113 3.732e-05
24 113 1.68262e-05
25 113 6.7788e-06
26 113 1.88397e-05
27 113 8.35496e-07
28 113 2.18049e-07
29 113 1.53339e-06
30 113 3.79233e-08
31 113 7.42465e-08
32 113 1.22438e-07
33 113 7.47506e-09
34 113 3.83125e-06
35 113 1.08198e-06
36 113 2.12861e-05
37 113 1.85943e-05
38 113 7.22324e-06
39 113 1.27592e-06
40 113 5.52706e-10
41 113 9.35385e-10
42 113 1.6501e-12
43 113 5.86808e-12
44 113 3.68433e-11
45 113 9.05648e-13
46 113 1.28232e-10
47 113 1.57707e-11
48 113 6.75374e-10
49 113 9.6525e-11
50 113 9.25721e-12
51 113 2.88417e-12
52 113 3.60106e-10
53 113 3.5365e-10
54 113 6.09229e-11
55 113 5.68131e-10
56 113 2.86733e-10
57 113 7.94156e-11
58 113 9.64979e-12
59 113 2.7075e-11
60 113 0.000110862
61 113 9.62044e-07
62 113 7.41156e-05
63 113 9.11056e-05
64 113 6.74485e-07
65 113 3.80149e-06
66 113 8.4124e-07
67 113 5.48182e-07
68 113 8.54792e-07
69 113 3.58226e-07
70 113 3.6791e-05
71 113 4.55739e-05
72 113 9.92768e-11
73 113 9.08387e-11
74 113 1.92124e-10
75 113 1.46461e-11
76 113 4.66581e-11
77 113 4.12349e-12
78 113 4.19803e-06
79 113 2.03399e-07
0 114 1.79082e-12
1 114 2.11613e-12
2 114 2.03513e-11
3 114 9.40779e-12
4 114 2.97467e-11
5 114 8.60152e-11
6 114 2.2326e-12
7 114 1.7082e-13
8 114 2.20998e-11
9 114 1.07594e-10
10 114 3.79648e-11
11 114 1.60365e-10
12 114 2.36343e-10
13 114 6.07211e-11
14 114 1.45526e-11
15 114 1.95812e-11
16 114 2.78877e-06
17 114 3.79869e-06
18 114 2.55218e-07
19 114 9.66879e-07
20 114 4.10554e-08
21 114 2.08304e-07
22 114 1.09576e-08
23 114 3.15889e-08
24 114 7.65707e-06
25 114 4.65721e-05
26 114 1.52109e-05
27 114 4.82303e-05
28 114 4.60528e-07
29 114 9.79452e-06
30 114 3.98873e-06
31 114 4.08264e-06
32 114 1.58881e-06
33 114 1.15504e-06
34 114 2.36209e-06
35 114 1.93623e-08
36 114 4.2678e-06
37 114 2.35028e-06
38 114 6.33469e-06
39 114 7.98731e-06
40 114 1.78165e-10
41 114 8.87504e-10
42 114 4.04183e-13
43 114 6.47779e-12
44 114 1.12108e-11
45 114 4.4327e-11
46 114 9.61299e-13
47 114 1.79311e-10
48 114 9.69672e-10
49 114 2.60972e-10
50 114 1.0744e-11
51 114 5.45369e-11
52 114 3.60157e-10
53 114 5.12522e-10
54 114 3.14667e-10
55 114 1.91177e-10
56 114 5.76335e-11
57 114 3.55174e-10
58 114 1.15281e-11
59 114 5.20563e-11
60 114 7.55251e-06
61 114 3.78491e-06
62 114 2.1504e-06
63 114 4.03937e-07
64 114 7.13496e-05
65 114 2.49054e-05
66 114 8.44592e-05
67 114 1.12258e-06
68 114 4.0777e-06
69 114 4.68692e-05
70 114 1.16018e-05
71 114 1.02498e-05
72 114 1.4955e-12
73 114 1.29636e-10
74 114 2.05517e-11
75 114 3.076e-10
76 114 2.42697e-11
77 114 1.68876e-11
78 114 1.27917e-05
79 114 7.42475e-05
0 115 2.21065e-12
1 115 1.72087e-12
2 115 9.3812e-12
3 115 2.03901e-11
4 115 8.57018e-11
5 115 3.05022e-11
6 115 2.26111e-13
7 115 2.14014e-12
8 115 1.07739e-10
9 115 2.1479e-11
10 115 1.60829e-10
11 115 3.78546e-11
12 115 6.01294e-11
13 115 2.37417e-10
14 115 1.95927e-11
15 115 1.46234e-11
16 115 3.80498e-06
17 115 2.79414e-06
18 115 9.62015e-07
19 115 2.56635e-07
20 115 2.07769e-07
21 115 4.09432e-08
22 115 3.16976e-08
23 115 1.09249e-08
24 115 4.66305e-05
25 115 7.64444e-06
26 115 4.83344e-05
27 115 1.52375e-05
28 115 9.80317e-06
29 115 4.6193e-07
30 115 4.09445e-06
31 115 3.98116e-06
32 115 1.14691e-06
33 115 1.57953e-06
34 115 1.92954e-08
35 115 2.37376e-06
36 115 2.33845e-06
37 115 4.27598e-06
38 115 7.92707e-06
39 115 6.33222e-06
40 115 8.8861e-10
41 115 1.7832e-10
42 115 6.49642e-12
43 115 4.06198e-13
44 115 4.42924e-11
45 115 1.12005e-11
46 115 1.79312e-10
47 115 9.59107e-13
48 115 2.61428e-10
49 115 9.69773e-10
50 115 5.45058e-11
51 115 1.0732e-11
52 115 5.12387e-10
53 115 3.60516e-10
54 115 1.91352e-10
55 115 3.14374e-10
56 115 3.5559e-10
57 115 5.78056e-11
58 115 5.17865e-11
59 115 1.16206e-11
60 115 3.777e-06
61 115 7.51597e-06
62 115 4.04298e-07
63 115 2.15538e-06
64 115 2.48682e-05
65 115 7.11741e-05
66 115 1.12795e-06
67 115 8.45135e-05
68 115 4.66814e-05
69 115 4.04523e-06
70 115 1.03286e-05
71 115 1.16175e-05
72 115 1.29647e-10
73 115 1.5184e-12
74 115 3.07659e-10
75 115 2.05406e-11
76 115 1.67672e-11
77 115 2.425e-11
78 115 7.40556e-05
79 115 1.27886e-05
0 116 5.09247e-12
1 116 2.96099e-12
2 116 2.95508e-11
3 116 1.10785e-11
4 116 2.72315e-12
5 116 2.29823e-10
6 116 4.03094e-12
7 116 6.90728e-13
8 116 4.49487e-11
9 116 8.83445e-11
10 116 8.91844e-11
11 116 3.05655e-11
12 116 2.06845e-10
13 116 1.32256e-10
14 116 6.73821e-12
15 116 1.63123e-11
16 116 1.2436e-06
17 116 2.17094e-07
18 116 9.13666e-06
19 116 3.08307e-06
20 116 2.15294e-08
21 116 1.61583e-08
22 116 4.21467e-08
23 116 3.96505e-08
24 116 1.87309e-05
25 116 2.64555e-06
26 116 1.65765e-05
27 116 7.5032e-07
28 116 5.64232e-07
29 116 2.49264e-06
30 116 2.06472e-07
31 116 4.96582e-06
32 116 1.38597e-07
33 116 2.98631e-06
34 116 1.46991e-05
35 116 1.2514e-05
36 116 5.18181e-05
37 116 1.61792e-05
38 116 8.0788e-06
39 116 3.09017e-06
40 116 2.1304e-10
41 116 7.29549e-10
42 116 2.37105e-12
43 116 2.13217e-11
44 116 1.27471e-11
45 116 1.7742e-11
46 116 5.30833e-12
47 116 3.12503e-11
48 116 2.26713e-10
49 116 1.67874e-10
50 116 6.08457e-12
51 116 7.61373e-12
52 116 4.27592e-11
53 116 1.47019e-10
54 116 1.26257e-10
55 116 3.60566e-11
56 116 4.57927e-11
57 116 1.27051e-10
58 116 2.62374e-12
59 116 4.21306e-12
60 116 3.72668e-07
61 116 1.13185e-05
62 116 9.43376e-06
63 116 1.15301e-05
64 116 4.85905e-06
65 116 1.1207e-05
66 116 0.000139155
67 116 8.82021e-06
68 116 4.25693e-05
69 116 1.97926e-05
70 116 5.07009e-05
71 116 1.90619e-05
72 116 1.4634e-11
73 116 1.8346e-11
74 116 1.20955e-12
75 116 1.47714e-11
76 116 1.60713e-12
77 116 1.50766e-11
78 116 6.8815e-06
79 116 7.27686e-06
0 117 3.17401e-12
1 117 5.26674e-12
2 117 1.11718e-11
3 117 2.91907e-11
4 117 2.30211e-10
5 117 2.37231e-12
6 117 7.51798e-13
7 117 4.03205e-12
8 117 8.8007e-11
9 117 4.49664e-11
10 117 3.01563e-11
11 117 8.96949e-11
12 117 1.33024e-10
13 117 2.05552e-10
14 117 1.65799e-11
15 117 6.66465e-12
16 117 2.1738e-07
17 117 1.24666e-06
18 117 3.08051e-06
19 117 9.15402e-06
20 117 1.6221e-08
21 117 2.14314e-08
22 117 3.95065e-08
23 117 4.21795e-08
24 117 2.62454e-06
25 117 1.87897e-05
26 117 7.60972e-07
27 117 1.6578e-05
28 117 2.49832e-06
29 117 5.61512e-07
30 117 4.98261e-06
31 117 2.03714e-07
32 117 2.98385e-06
33 117 1.41286e-07
34 117 1.25018e-05
35 117 1.4701e-05
36 117 1.61749e-05
37 117 5.18642e-05
38 117 3.10121e-06
39 117 8.06103e-06
40 117 7.29259e-10
41 117 2.1355e-10
42 117 2.13452e-11
43 117 2.36259e-12
44 117 1.77792e-11
45 117 1.27075e-11
46 117 3.12928e-11
47 117 5.27783e-12
48 117 1.67776e-10
49 117 2.26866e-10
50 117 7.59058e-12
51 117 6.08239e-12
52 117 1.47469e-10
53 117 4.24972e-11
54 117 3.58896e-11
55 117 1.26489e-10
56 117 1.27308e-10
57 117 4.55955e-11
58 117 4.203e-12
59 117 2.62746e-12
60 117 1.12923e-05
61 117 3.79843e-07
62 117 1.15295e-05
63 117 9.4444e-06
64 117 1.11527e-05
65 117 4.89412e-06
66 117 8.88069e-06
67 117 0.000139085
68 117 1.97903e-05
69 117 4.24442e-05
70 117 1.90178e-05
71 117 5.06824e-05
72 117 1.83597e-11
73 117 1.46906e-11
74 117 1.47743e-11
75 117 1.23461e-12
76 117 1.50683e-11
77 117 1.6017e-12
78 117 7.30966e-06
79 117 6.8328e-06
0 118 1.13858e-06
1 118 1.57959e-06
2 118 4.4074e-06
3 118 2.09951e-05
4 118 5.76526e-07
5 118 5.5545e-07
6 118 1.33936e-08
7 118 6.03367e-08
8 118 7.53561e-07
9 118 9.03402e-08
10 118 2.54806e-06
11 118 1.62088e-06
12 118 1.24515e-08
13 118 8.42861e-07
14 118 1.12382e-07
15 118 1.15302e-07
16 118 1.30658e-10
17 118 5.74429e-11
18 118 1.24201e-11
19 118 1.57603e-11
20 118 1.38083e-11
21 118 5.68287e-12
22 118 2.71437e-11
23 118 1.08773e-11
24 118 3.70524e-11
25 118 1.57469e-11
26 118 5.38249e-11
27 118 9.5764e-12
28 118 3.98614e-11
29 118 1.46741e-10
30 118 5.76406e-11
31 118 2.2501e-11
32 118 2.03324e-11
33 118 1.38416e-11
34 118 1.1186e-11
35 118 8.23273e-11
36 118 9.36992e-11
37 118 2.18788e-10
38 118 2.35528e-11
39 118 8.40055e-12
40 118 8.65335e-06
41 118 4.9635e-06
42 118 3.23756e-07
43 118 5.11103e-06
44 118 2.59343e-06
45 118 9.87676e-06
46 118 5.08675e-05
47 118 4.29149e-06
48 118 3.4856e-07
49 118 5.08543e-08
50 118 3.05251e-07
51 118 6.27351e-07
52 118 6.27828e-07
53 118 8.83869e-08
54 118 4.52331e-05
55 118 2.57929e-06
56 118 1.8292e-06
57 118 8.21145e-06
58 118 6.16168e-05
59 118 4.03858e-05
60 118 5.03013e-10
61 118 3.10202e-12
62 118 2.02217e-10
63 118 1.3261e-10
64 118 5.59114e-11
65 118 1.28719e-11
66 118 1.01491e-09
67 118 6.29098e-11
68 118 3.50513e-10
69 118 6.57079e-10
70 118 1.01058e-10
71 118 1.1844e-09
72 118 2.47986e-05
73 118 2.21146e-05
74 118 8.79124e-06
75 118 2.26283e-05
76 118 6.37044e-07
77 118 1.68964e-06
78 118 1.8003e-12
79 118 1.5858e-11
0 119 1.57218e-06
1 119 1.13494e-06
2 119 2.10208e-05
3 119 4.39607e-06
4 119 5.55768e-07
5 119 5.76537e-07
6 119 6.06055e-08
7 119 1.3539e-08
8 119 9.04351e-08
9 119 7.51761e-07
10 119 1.62798e-06
11 119 2.54411e-06
12 119 8.40174e-07
13 119 1.24444e-08
14 119 1.14667e-07
15 119 1.12478e-07
16 119 5.74676e-11
17 119 1.29866e-10
18 119 1.56081e-11
19 119 1.25338e-11
20 119 5.73181e-12
21 119 1.37013e-11
22 119 1.085e-11
23 119 2.70758e-11
24 119 1.57018e-11
25 119 3.71206e-11
26 119 9.64817e-12
27 119 5.40225e-11
28 119 1.45786e-10
29 119 3.99446e-11
30 119 2.25405e-11
31 119 5.78216e-11
32 119 1.37416e-11
33 119 2.03202e-11
34 119 8.21455e-11
35 119 1.1235e-11
36 119 2.18476e-10
37 119 9.36762e-11
38 119 8.39642e-12
39 119 2.34999e-11
40 119 4.97847e-06
41 119 8.66303e-06
42 119 5.10322e-06
43 119 3.23934e-07
44 119 9.87686e-06
45 119 2.61404e-06
46 119 4.31136e-06
47 119 5.07428e-05
48 119 5.07282e-08
49 119 3.48175e-07
50 119 6.25141e-07
51 119 3.04546e-07
52 119 8.89424e-08
53 119 6.27875e-07
54 119 2.5971e-06
55 119 4.50736e-05
56 119 8.18636e-06
57 119 1.82633e-06
58 119 4.04325e-05
59 119 6.17681e-05
60 119 3.10676e-12
61 119 5.02189e-10
62 119 1.3327e-10
63 119 2.02302e-10
64 119 1.28277e-11
65 119 5.58637e-11
66 119 6.36506e-11
67 119 1.01679e-09
68 119 6.55825e-10
69 119 3.50458e-10
70 119 1.18235e-09
71 119 1.00031e-10
72 119 2.203e-05
73 119 2.47738e-05
74 119 2.27076e-05
75 119 8.77281e-06
76 119 1.69419e-06
77 119 6.41832e-07
78 119 1.58725e-11
79 119 1.80544e-12
0 120 2.52662e-06
1 120 6.38044e-06
2 120 5.12228e-07
3 120 7.52626e-06
4 120 3.84988e-07
5 120 4.82301e-08
6 120 3.78981e-08
7 120 9.08852e-08
8 120 5.75904e-08
9 120 2.16721e-07
10 120 6.17896e-07
11 120 6.48722e-07
12 120 5.8025e-07
13 120 1.19127e-06
14 120 5.61413e-07
15 120 4.52138e-07
16 120 7.6399e-12
17 120 1.16493e-10
18 120 1.85283e-12
19 120 1.84357e-12
20 120 1.1071e-11
21 120 6.76099e-12
22 120 1.35416e-11
23 120 3.70716e-11
24 120 8.35124e-11
25 120 1.61223e-11
26 120 2.2488e-13
27 120 5.44776e-14
28 120 1.195e-10
29 120 6.6228e-11
30 120 1.99232e-12
31 120 1.13083e-13
32 120 8.17016e-13
33 120 3.7614e-12
34 120 4.42447e-11
35 120 5.31009e-11
36 120 2.06466e-12
37 120 1.00592e-10
38 120 1.08704e-12
39 120 9.44974e-12
40 120 4.08057e-06
41 120 6.55122e-06
42 120 4.73416e-06
43 120 1.33181e-05
44 120 1.99973e-06
45 120 5.18156e-06
46 120 4.55357e-06
47 120 1.22161e-05
48 120 1.24985e-06
49 120 1.39959e-07
50 120 1.39259e-06
51 120 2.17556e-07
52 120 8.33101e-08
53 120 2.93451e-08
54 120 2.41687e-06
55 120 1.29766e-05
56 120 8.16858e-05
57 120 1.57004e-05
58 120 3.48957e-05
59 120 1.50363e-05
60 120 1.48279e-10
61 120 5.31201e-11
62 120 2.59052e-12
63 120 8.53773e-12
64 120 8.51283e-12
65 120 1.9005e-11
66 120 1.95613e-11
67 120 9.91395e-11
68 120 6.37576e-13
69 120 4.07135e-12
70 120 1.56346e-11
71 120 5.33797e-11
72 120 6.35232e-06
73 120 1.05379e-05
74 120 5.83671e-06
75 120 1.28656e-06
76 120 2.03535e-05
77 120 8.31851e-06
78 120 8.13323e-12
79 120 8.80511e-12
0 121 6.3825e-06
1 121 2.51102e-06
2 121 7.50353e-06
3 121 5.13672e-07
4 121 4.81336e-08
5 121 3.85107e-07
6 121 9.14058e-08
7 121 3.78257e-08
8 121 2.16299e-07
9 121 5.7728e-08
10 121 6.45145e-07
11 121 6.17832e-07
12 121 1.19296e-06
13 121 5.79205e-07
14 121 4.51651e-07
15 121 5.59737e-07
16 121 1.167e-10
17 121 7.65831e-12
18 121 1.84244e-12
19 121 1.79859e-12
20 121 6.78145e-12
21 121 1.11464e-11
22 121 3.7024e-11
23 121 1.35986e-11
24 121 1.60825e-11
25 121 8.34598e-11
26 121 5.24888e-14
27 121 2.22157e-13
28 121 6.6426e-11
29 121 1.19393e-10
30 121 1.07462e-13
31 121 1.98396e-12
32 121 3.77283e-12
33 121 8.19473e-13
34 121 5.31748e-11
35 121 4.42134e-11
36 121 1.00662e-10
37 121 2.05606e-12
38 121 9.46214e-12
39 121 1.0953e-12
40 121 6.55917e-06
41 121 4.07934e-06
42 121 1.33285e-05
43 121 4.7298e-06
44 121 5.17646e-06
45 121 1.98682e-06
46 121 1.21934e-05
47 121 4.57155e-06
48 121 1.39782e-07
49 121 1.24863e-06
50 121 2.17666e-07
51 121 1.39264e-06
52 121 2.93282e-08
53 121 8.30204e-08
54 121 1.2954e-05
55 121 2.40972e-06
56 121 1.57447e-05
57 121 8.18427e-05
58 121 1.50398e-05
59 121 3.48775e-05
60 121 5.30989e-11
61 121 1.48559e-10
62 121 8.55825e-12
63 121 2.5813e-12
64 121 1.90209e-11
65 121 8.54421e-12
66 121 9.94662e-11
67 121 1.96346e-11
68 121 4.06268e-12
69 121 6.33528e-13
70 121 5.34993e-11
71 121 1.56159e-11
72 121 1.05669e-05
73 121 6.31707e-06
74 121 1.2834e-06
75 121 5.85299e-06
76 121 8.33788e-06
77 121 2.03718e-05
78 121 8.83695e-12
79 121 8.11879e-12
0 122 1.65815e-05
1 122 1.40697e-06
2 122 9.01958e-07
3 122 4.45704e-07
4 122 2.18495e-07
5 122 2.50845e-06
6 122 3.82758e-07
7 122 3.42701e-07
8 122 8.82247e-08
9 122 7.10159e-08
10 122 5.81338e-08
11 122 1.00431e-07
12 122 1.95968e-07
13 122 7.80634e-08
14 122 7.84776e-07
15 122 1.32633e-06
16 122 2.96835e-10
17 122 6.30075e-11
18 122 1.98896e-12
19 122 1.97549e-11
20 122 1.48118e-11
21 122 4.23278e-11
22 122 4.17533e-11
23 122 2.04656e-11
24 122 3.62588e-11
25 122 1.96052e-10
26 122 2.26923e-11
27 122 3.0639e-12
28 122 7.12366e-11
29 122 1.4012e-10
30 122 1.17792e-11
31 122 2.22812e-11
32 122 2.22461e-12
33 122 8.58362e-12
34 122 5.36851e-11
35 122 6.40331e-11
36 122 2.88222e-10
37 122 8.25376e-12
38 122 3.71768e-11
39 122 6.87215e-12
40 122 3.57944e-06
41 122 8.97807e-06
42 122 4.53482e-06
43 122 1.38808e-05
44 122 1.62487e-05
45 122 2.88359e-06
46 122 3.46852e-06
47 122 6.48546e-06
48 122 2.68458e-07
49 122 1.812e-06
50 122 3.72576e-10
51 122 4.97302e-07
52 122 2.1373e-08
53 122 6.08709e-10
54 122 3.24508e-05
55 122 5.6979e-05
56 122 5.07774e-05
57 122 6.88088e-06
58 122 9.50098e-06
59 122 1.04442e-05
60 122 2.34499e-11
61 122 3.41377e-11
62 122 6.97524e-11
63 122 6.34627e-11
64 122 1.9028e-11
65 122 7.46658e-13
66 122 2.01748e-11
67 122 7.45025e-11
68 122 2.02849e-11
69 122 3.80531e-10
70 122 1.30455e-10
71 122 2.52294e-10
72 122 1.22299e-06
73 122 2.31679e-06
74 122 8.44159e-07
75 122 2.97118e-07
76 122 7.02827e-08
77 122 3.62439e-07
78 122 2.52824e-12
79 122 4.66081e-13
0 123 1.41464e-06
1 123 1.65697e-05
2 123 4.47256e-07
3 123 9.02171e-07
4 123 2.51029e-06
5 123 2.1831e-07
6 123 3.41682e-07
7 123 3.85185e-07
8 123 7.04899e-08
9 123 8.83193e-08
10 123 1.00796e-07
11 123 5.80569e-08
12 123 7.8802e-08
13 123 1.95494e-07
14 123 1.3263e-06
15 123 7.86554e-07
16 123 6.31284e-11
17 123 2.97642e-10
18 123 1.96904e-11
19 123 1.96549e-12
20 123 4.2597e-11
21 123 1.48812e-11
22 123 2.05773e-11
23 123 4.18571e-11
24 123 1.9611e-10
25 123 3.64831e-11
26 123 3.03562e-12
27 123 2.26556e-11
28 123 1.40635e-10
29 123 7.11228e-11
30 123 2.2297e-11
31 123 1.18485e-11
32 123 8.55328e-12
33 123 2.24285e-12
34 123 6.40686e-11
35 123 5.37288e-11
36 123 8.23751e-12
37 123 2.88312e-10
38 123 6.89517e-12
39 123 3.7026e-11
40 123 8.97801e-06
41 123 3.6081e-06
42 123 1.38823e-05
43 123 4.56667e-06
44 123 2.90033e-06
45 123 1.62157e-05
46 123 6.45198e-06
47 123 3.47939e-06
48 123 1.81399e-06
49 123 2.68662e-07
50 123 4.96754e-07
51 123 3.69313e-10
52 123 6.26484e-10
53 123 2.13816e-08
54 123 5.676e-05
55 123 3.25248e-05
56 123 6.85806e-06
57 123 5.08366e-05
58 123 1.04736e-05
59 123 9.45012e-06
60 123 3.40931e-11
61 123 2.33526e-11
62 123 6.36044e-11
63 123 6.97887e-11
64 123 7.4536e-13
65 123 1.9038e-11
66 123 7.39514e-11
67 123 2.02015e-11
68 123 3.80034e-10
69 123 2.02648e-11
70 123 2.52296e-10
71 123 1.31278e-10
72 123 2.31326e-06
73 123 1.22477e-06
74 123 2.98145e-07
75 123 8.4098e-07
76 123 3.62402e-07
77 123 7.02415e-08
78 123 4.75789e-13
79 123 2.51844e-12
0 124 4.96631e-09
1 124 4.56217e-10
2 124 4.86432e-09
3 124 2.13209e-08
4 124 1.13495e-09
5 124 2.5172e-10
6 124 2.12926e-08
7 124 5.53058e-09
8 124 5.11798e-10
9 124 5.25441e-11
10 124 1.4913e-07
11 124 5.05904e-08
12 124 1.76742e-08
13 124 4.65851e-08
14 124 2.01991e-09
15 124 4.98266e-08
16 124 3.11387e-07
17 124 4.88457e-07
18 124 4.78245e-07
19 124 1.22839e-06
20 124 3.07828e-08
21 124 8.01653e-09
22 124 1.56075e-06
23 124 6.49809e-07
24 124 2.86605e-07
25 124 6.66052e-06
26 124 1.1669e-06
27 124 4.11871e-06
28 124 1.14237e-05
29 124 4.42372e-06
30 124 9.09536e-06
31 124 2.82246e-06
32 124 6.61508e-06
33 124 7.55518e-07
34 124 4.70188e-06
35 124 3.04751e-06
36 124 9.73781e-07
37 124 1.53452e-05
38 124 1.80669e-06
39 124 1.2717e-06
40 124 3.45179e-08
41 124 2.78134e-09
42 124 2.97714e-08
43 124 3.27184e-08
44 124 8.45849e-09
45 124 2.36651e-08
46 124 1.24471e-08
47 124 1.11224e-09
48 124 5.29487e-08
49 124 4.84897e-09
50 124 2.29233e-07
51 124 9.26674e-08
52 124 3.82994e-08
53 124 6.44636e-08
54 124 2.01442e-07
55 124 3.40683e-09
56 124 4.07374e-08
57 124 7.14973e-08
58 124 1.0267e-07
59 124 7.62321e-08
60 124 6.22827e-06
61 124 2.03853e-05
62 124 3.38544e-05
63 124 3.52341e-06
64 124 7.82353e-09
65 124 7.0001e-09
66 124 2.78664e-05
67 124 1.37263e-05
68 124 9.46221e-05
69 124 1.17531e-05
70 124 2.65879e-05
71 124 6.40517e-05
72 124 4.04235e-08
73 124 1.91553e-08
74 124 6.63472e-08
75 124 3.00687e-08
76 124 5.687e-08
77 124 3.90751e-09
78 124 1.78791e-10
79 124 1.49679e-10
0 125 4.58253e-10
1 125 4.99026e-09
2 125 2.13442e-08
3 125 4.853e-09
4 125 2.56667e-10
5 125 1.13554e-09
6 125 5.5307e-09
7 125 2.12838e-08
8 125 5.30452e-11
9 125 5.10904e-10
10 125 5.0741e-08
11 125 1.49219e-07
12 125 4.65373e-08
13 125 1.78166e-08
14 125 4.99654e-08
15 125 2.0323e-09
16 125 4.90139e-07
17 125 3.11366e-07
18 125 1.22953e-06
19 125 4.78287e-07
20 125 7.96499e-09
21 125 3.07462e-08
22 125 6.48225e-07
23 125 1.5577e-06
24 125 6.65552e-06
25 125 2.88059e-07
26 125 4.13228e-06
27 125 1.1685e-06
28 125 4.40502e-06
29 125 1.14561e-05
30 125 2.809e-06
31 125 9.11993e-06
32 125 7.52178e-07
33 125 6.62945e-06
34 125 3.05709e-06
35 125 4.68199e-06
36 125 1.53671e-05
37 125 9.71126e-07
38 125 1.27564e-06
39 125 1.8e-06
40 125 2.79874e-09
41 125 3.45848e-08
42 125 3.26821e-08
43 125 2.98248e-08
44 125 2.36612e-08
45 125 8.41142e-09
46 125 1.11499e-09
47 125 1.24148e-08
48 125 4.8106e-09
49 125 5.29895e-08
50 125 9.26789e-08
51 125 2.29129e-07
52 125 6.46006e-08
53 125 3.82334e-08
54 125 3.43159e-09
55 125 2.01117e-07
56 125 7.14452e-08
57 125 4.04175e-08
58 125 7.60461e-08
59 125 1.02598e-07
60 125 2.03635e-05
61 125 6.22859e-06
62 125 3.56968e-06
63 125 3.38947e-05
64 125 6.98065e-09
65 125 7.85241e-09
66 125 1.37705e-05
67 125 2.79496e-05
68 125 1.1707e-05
69 125 9.46945e-05
70 125 6.3909e-05
71 125 2.65426e-05
72 125 1.90862e-08
73 125 4.03819e-08
74 125 3.01069e-08
75 125 6.63527e-08
76 125 3.86754e-09
77 125 5.67666e-08
78 125 1.4999e-10
79 125 1.78276e-10
0 126 4.52224e-07
1 126 2.29714e-07
2 126 2.35102e-06
3 126 2.30348e-06
4 126 3.22716e-07
5 126 3.07996e-07
6 126 3.11455e-06
7 126 2.91334e-06
8 126 1.37871e-08
9 126 7.16737e-09
10 126 2.09543e-05
11 126 9.91276e-06
12 126 7.42094e-07
13 126 1.00284e-05
14 126 4.96551e-07
15 126 3.26677e-06
16 126 5.86907e-09
17 126 1.69027e-09
18 126 5.03972e-09
19 126 3.67588e-09
20 126 1.16033e-10
21 126 4.57492e-10
22 126 4.69178e-09
23 126 8.64372e-09
24 126 8.49985e-09
25 126 3.5484e-08
26 126 8.33793e-09
27 126 1.88982e-08
28 126 6.594e-08
29 126 2.66286e-08
30 126 5.86693e-08
31 126 3.58179e-09
32 126 2.47763e-08
33 126 1.36999e-08
34 126 3.36967e-08
35 126 1.08942e-08
36 126 1.43729e-08
37 126 7.39727e-08
38 126 3.67432e-09
39 126 1.21833e-08
40 126 7.70276e-06
41 126 1.02553e-06
42 126 3.00306e-06
43 126 7.60918e-06
44 126 1.4515e-06
45 126 8.85532e-06
46 126 8.6383e-07
47 126 2.15894e-07
48 126 6.03094e-06
49 126 6.55224e-07
50 126 4.34187e-05
51 126 2.58598e-05
52 126 2.92136e-07
53 126 1.61589e-05
54 126 1.35366e-05
55 126 5.04574e-06
56 126 9.11358e-06
57 126 4.61946e-06
58 126 5.14882e-06
59 126 2.78908e-05
60 126 1.92436e-08
61 126 1.1693e-07
62 126 7.34701e-08
63 126 1.16581e-07
64 126 3.0893e-11
65 126 1.09922e-10
66 126 7.87369e-08
67 126 1.31925e-07
68 126 3.083e-07
69 126 2.37025e-07
70 126 9.83817e-08
71 126 3.73859e-07
72 126 1.70193e-06
73 126 2.93022e-06
74 126 1.93634e-05
75 126 1.20286e-07
76 126 7.11788e-06
77 126 2.73361e-06
78 126 7.24338e-12
79 126 2.45144e-12
0 127 2.27779e-07
1 127 4.52738e-07
2 127 2.31068e-06
3 127 2.35515e-06
4 127 3.09282e-07
5 127 3.24253e-07
6 127 2.91205e-06
7 127 3.11091e-06
8 127 7.18952e-09
9 127 1.37042e-08
10 127 9.95982e-06
11 127 2.09994e-05
12 127 9.98176e-06
13 127 7.34888e-07
14 127 3.28037e-06
15 127 4.99671e-07
16 127 1.70394e-09
17 127 5.88109e-09
18 127 3.68042e-09
19 127 5.03748e-09
20 127 4.56027e-10
21 127 1.15933e-10
22 127 8.62352e-09
23 127 4.6719e-09
24 127 3.54523e-08
25 127 8.50295e-09
26 127 1.8992e-08
27 127 8.36794e-09
28 127 2.65473e-08
29 127 6.61618e-08
30 127 3.54027e-09
31 127 5.88235e-08
32 127 1.36799e-08
33 127 2.48477e-08
34 127 1.09267e-08
35 127 3.35773e-08
36 127 7.41089e-08
37 127 1.43971e-08
38 127 1.21941e-08
39 127 3.63419e-09
40 127 1.03234e-06
41 127 7.72947e-06
42 127 7.60564e-06
43 127 3.00882e-06
44 127 8.87252e-06
45 127 1.45385e-06
46 127 2.16618e-07
47 127 8.6019e-07
48 127 6.4663e-07
49 127 6.02288e-06
50 127 2.58353e-05
51 127 4.33589e-05
52 127 1.62009e-05
53 127 2.928e-07
54 127 5.04497e-06
55 127 1.3478e-05
56 127 4.60401e-06
57 127 9.06399e-06
58 127 2.78737e-05
59 127 5.15724e-06
60 127 1.16747e-07
61 127 1.9173e-08
62 127 1.16984e-07
63 127 7.38447e-08
64 127 1.09687e-10
65 127 3.1066e-11
66 127 1.32317e-07
67 127 7.93402e-08
68 127 2.36861e-07
69 127 3.08758e-07
70 127 3.72828e-07
71 127 9.78639e-08
72 127 2.92037e-06
73 127 1.70019e-06
74 127 1.19159e-07
75 127 1.93548e-05
76 127 2.71813e-06
77 127 7.09523e-06
78 127 2.44703e-12
79 127 7.2476e-12
0 128 3.74633e-06
1 128 1.56005e-07
2 128 5.89052e-07
3 128 1.96788e-06
4 128 1.08896e-06
5 128 4.00186e-07
6 128 3.87883e-07
7 128 3.28615e-07
8 128 2.27897e-07
9 128 2.24185e-09
10 128 4.42712e-06
11 128 1.05874e-06
12 128 1.47295e-06
13 128 1.15809e-06
14 128 3.08531e-05
15 128 2.19233e-05
16 128 5.52965e-10
17 128 2.41917e-10
18 128 1.71341e-10
19 128 7.44694e-10
20 128 2.3616e-11
21 128 6.59197e-11
22 128 1.46181e-10
23 128 1.31029e-09
24 128 1.03766e-09
25 128 3.4761e-09
26 128 1.93721e-09
27 128 7.57115e-10
28 128 2.07e-09
29 128 6.99527e-09
30 128 5.97272e-09
31 128 4.84703e-10
32 128 1.32851e-09
33 128 2.52637e-09
34 128 1.16427e-09
35 128 3.45569e-09
36 128 1.29833e-09
37 128 9.00934e-09
38 128 1.1641e-09
39 128 4.56084e-10
40 128 7.37909e-06
41 128 1.63071e-06
42 128 2.21783e-06
43 128 7.53661e-06
44 128 1.77502e-07
45 128 3.84249e-06
46 128 4.14858e-06
47 128 1.5024e-07
48 128 6.32435e-07
49 128 1.26859e-05
50 128 4.86158e-06
51 128 1.92238e-06
52 128 5.85842e-06
53 128 2.03985e-06
54 128 5.11518e-05
55 128 1.37053e-06
56 128 1.26036e-05
57 128 1.64004e-05
58 128 1.82629e-05
59 128 5.84854e-06
60 128 7.77557e-09
61 128 6.36509e-09
62 128 9.07823e-09
63 128 9.88515e-09
64 128 9.39015e-12
65 128 8.70455e-12
66 128 1.72447e-08
67 128 3.87394e-09
68 128 1.73204e-08
69 128 3.82907e-08
70 128 2.428e-10
71 128 4.97275e-08
72 128 1.16196e-05
73 128 8.59068e-06
74 128 3.03216e-07
75 128 1.02777e-06
76 128 1.37203e-08
77 128 4.12104e-06
78 128 6.73371e-13
79 128 2.05748e-12
0 129 1.57609e-07
1 129 3.75305e-06
2 129 1.97034e-06
3 129 5.88355e-07
4 129 3.98388e-07
5 129 1.08485e-06
6 129 3.29473e-07
7 129 3.8979e-07
8 129 2.22936e-09
9 129 2.2741e-07
10 129 1.05273e-06
11 129 4.42459e-06
12 129 1.16248e-06
13 129 1.47354e-06
14 129 2.19469e-05
15 129 3.0884e-05
16 129 2.42554e-10
17 129 5.50132e-10
18 129 7.45349e-10
19 129 1.71442e-10
20 129 6.60121e-11
21 129 2.3719e-11
22 129 1.31095e-09
23 129 1.45297e-10
24 129 3.47227e-09
25 129 1.03707e-09
26 129 7.63e-10
27 129 1.93745e-09
28 129 6.97446e-09
29 129 2.07528e-09
30 129 4.87044e-10
31 129 5.99493e-09
32 129 2.5205e-09
33 129 1.33175e-09
34 129 3.4671e-09
35 129 1.15942e-09
36 129 9.0218e-09
37 129 1.29286e-09
38 129 4.54673e-10
39 129 1.15687e-09
40 129 1.63639e-06
41 129 7.38549e-06
42 129 7.51909e-06
43 129 2.22058e-06
44 129 3.84009e-06
45 129 1.7526e-07
46 129 1.49711e-07
47 129 4.14408e-06
48 129 1.26854e-05
49 129 6.27269e-07
50 129 1.91858e-06
51 129 4.88731e-06
52 129 2.02888e-06
53 129 5.8724e-06
54 129 1.36556e-06
55 129 5.11015e-05
56 129 1.63637e-05
57 129 1.25697e-05
58 129 5.85478e-06
59 129 1.83161e-05
60 129 6.34842e-09
61 129 7.76804e-09
62 129 9.90742e-09
63 129 9.09571e-09
64 129 8.67741e-12
65 129 9.44296e-12
66 129 3.9051e-09
67 129 1.73026e-08
68 129 3.82311e-08
69 129 1.73216e-08
70 129 4.96827e-08
71 129 2.47349e-10
72 129 8.58185e-06
73 129 1.16054e-05
74 129 1.03409e-06
75 129 3.01527e-07
76 129 4.12868e-06
77 129 1.37532e-08
78 129 2.04902e-12
79 129 6.73121e-13
0 130 1.88443e-07
1 130 1.6196e-07
2 130 1.77636e-08
3 130 1.81586e-06
4 130 1.02113e-07
5 130 8.87101e-08
6 130 9.98529e-07
7 130 1.03826e-06
8 130 3.45455e-09
9 130 3.90021e-09
10 130 6.88111e-06
11 130 1.2726e-05
12 130 2.42402e-05
13 130 8.99707e-07
14 130 1.49769e-06
15 130 1.65663e-06
16 130 7.47733e-11
17 130 3.13648e-10
18 130 1.483e-10
19 130 1.53467e-11
20 130 2.88146e-11
21 130 1.58851e-11
22 130 1.99887e-10
23 130 1.30273e-10
24 130 1.20929e-11
25 130 1.8244e-10
26 130 1.17264e-11
27 130 2.33556e-10
28 130 4.45477e-10
29 130 5.04477e-12
30 130 4.12885e-10
31 130 2.94445e-10
32 130 3.18035e-10
33 130 7.41238e-11
34 130 3.8779e-10
35 130 2.57221e-11
36 130 1.8739e-10
37 130 1.17796e-09
38 130 1.3347e-11
39 130 2.20086e-10
40 130 4.178e-06
41 130 7.1521e-08
42 130 8.54928e-06
43 130 7.55584e-06
44 130 2.28956e-07
45 130 3.49265e-06
46 130 9.32899e-08
47 130 2.88002e-07
48 130 1.01359e-05
49 130 5.12548e-06
50 130 1.3042e-05
51 130 1.31423e-06
52 130 2.6228e-06
53 130 5.47214e-07
54 130 2.36818e-08
55 130 4.12898e-06
56 130 1.60569e-06
57 130 5.67634e-05
58 130 2.53834e-05
59 130 2.11716e-05
60 130 1.46427e-10
61 130 1.23917e-09
62 130 8.02171e-10
63 130 1.47263e-09
64 130 5.78861e-12
65 130 2.56139e-11
66 130 2.78262e-10
67 130 1.64598e-09
68 130 4.56101e-09
69 130 1.19662e-09
70 130 2.92635e-09
71 130 2.25387e-09
72 130 1.55057e-06
73 130 2.1317e-07
74 130 6.18028e-07
75 130 1.20427e-05
76 130 7.06853e-06
77 130 1.11073e-05
78 130 1.02558e-12
79 130 5.89635e-12
0 131 1.61752e-07
1 131 1.89491e-07
2 131 1.81234e-06
3 131 1.71278e-08
4 131 8.88337e-08
5 131 1.02848e-07
6 131 1.03808e-06
7 131 1.00138e-06
8 131 3.90711e-09
9 131 3.42742e-09
10 131 1.26878e-05
11 131 6.89548e-06
12 131 8.9942e-07
13 131 2.42687e-05
14 131 1.66639e-06
15 131 1.49215e-06
16 131 3.15047e-10
17 131 7.49683e-11
18 131 1.52965e-11
19 131 1.482e-10
20 131 1.5862e-11
21 131 2.87996e-11
22 131 1.29858e-10
23 131 1.99576e-10
24 131 1.82526e-10
25 131 1.21069e-11
26 131 2.34131e-10
27 131 1.1789e-11
28 131 5.11437e-12
29 131 4.47585e-10
30 131 2.92747e-10
31 131 4.12727e-10
32 131 7.41902e-11
33 131 3.18963e-10
34 131 2.56845e-11
35 131 3.87308e-10
36 131 1.181e-09
37 131 1.8745e-10
38 131 2.20531e-10
39 131 1.32052e-11
40 131 7.09155e-08
41 131 4.1619e-06
42 131 7.55641e-06
43 131 8.53199e-06
44 131 3.49442e-06
45 131 2.26836e-07
46 131 2.88763e-07
47 131 9.24963e-08
48 131 5.14372e-06
49 131 1.01742e-05
50 131 1.31323e-06
51 131 1.30332e-05
52 131 5.4932e-07
53 131 2.61209e-06
54 131 4.13508e-06
55 131 2.2087e-08
56 131 5.68799e-05
57 131 1.60105e-06
58 131 2.11305e-05
59 131 2.52792e-05
60 131 1.23819e-09
61 131 1.4654e-10
62 131 1.4754e-09
63 131 8.04572e-10
64 131 2.56734e-11
65 131 5.76264e-12
66 131 1.64652e-09
67 131 2.81054e-10
68 131 1.19811e-09
69 131 4.56931e-09
70 131 2.24248e-09
71 131 2.92196e-09
72 131 2.15014e-07
73 131 1.54902e-06
74 131 1.20129e-05
75 131 6.18972e-07
76 131 1.11334e-05
77 131 7.09578e-06
78 131 5.88174e-12
79 131 1.02744e-12
0 132 1.84321e-07
1 132 1.04432e-08
2 132 3.79439e-08
3 132 2.95056e-09
4 132 5.5774e-06
5 132 3.14209e-05
6 132 4.99799e-06
7 132 2.74915e-06
8 132 1.2179e-06
9 132 9.96006e-07
10 132 5.04704e-09
11 132 3.3563e-09
12 132 9.79455e-09
13 132 5.29549e-09
14 132 2.42044e-10
15 132 5.51788e-10
16 132 3.02984e-10
17 132 4.09922e-11
18 132 2.36789e-12
19 132 5.598e-12
20 132 3.77491e-11
21 132 7.73534e-12
22 132 1.13639e-10
23 132 1.18525e-12
24 132 5.89887e-11
25 132 9.19369e-11
26 132 3.07184e-13
27 132 3.21251e-12
28 132 1.72818e-10
29 132 8.17503e-11
30 132 4.48385e-13
31 132 1.51965e-13
32 132 5.47039e-12
33 132 3.72693e-12
34 132 8.2652e-11
35 132 2.06768e-11
36 132 1.33258e-10
37 132 1.7592e-11
38 132 1.43963e-11
39 132 3.22449e-12
40 132 2.18947e-07
41 132 4.72551e-06
42 132 7.75509e-07
43 132 6.14154e-06
44 132 4.55969e-06
45 132 2.26992e-06
46 132 4.58899e-06
47 132 4.44786e-06
48 132 3.82732e-06
49 132 1.29259e-05
50 132 3.23891e-07
51 132 4.22088e-06
52 132 2.76493e-09
53 132 3.65654e-09
54 132 4.65479e-06
55 132 2.73358e-06
56 132 3.57297e-06
57 132 6.84232e-07
58 132 9.81316e-07
59 132 2.96398e-07
60 132 2.87062e-12
61 132 2.39333e-11
62 132 5.44229e-13
63 132 5.13204e-13
64 132 1.59835e-12
65 132 4.68124e-12
66 132 1.18381e-11
67 132 5.83956e-12
68 132 1.64255e-13
69 132 4.28921e-14
70 132 5.68454e-12
71 132 4.2493e-12
72 132 1.75609e-06
73 132 3.5878e-07
74 132 3.03641e-06
75 132 1.52271e-06
76 132 3.03379e-06
77 132 1.053e-05
78 132 2.30324e-12
79 132 1.12957e-12
0 133 1.05429e-08
1 133 1.84097e-07
2 133 2.97334e-09
3 133 3.79014e-08
4 133 3.143e-05
5 133 5.56163e-06
6 133 2.73616e-06
7 133 5.02304e-06
8 133 9.91051e-07
9 133 1.22209e-06
10 133 3.36031e-09
11 133 5.05192e-09
12 133 5.28846e-09
13 133 9.81052e-09
14 133 5.52692e-10
15 133 2.42829e-10
16 133 4.09289e-11
17 133 3.02531e-10
18 133 5.61283e-12
19 133 2.42728e-12
20 133 7.81055e-12
21 133 3.78487e-11
22 133 1.15571e-12
23 133 1.13654e-10
24 133 9.18768e-11
25 133 5.88841e-11
26 133 3.20087e-12
27 133 2.95734e-13
28 133 8.17704e-11
29 133 1.72781e-10
30 133 1.49449e-13
31 133 4.53528e-13
32 133 3.74656e-12
33 133 5.48117e-12
34 133 2.06625e-11
35 133 8.27846e-11
36 133 1.75343e-11
37 133 1.33142e-10
38 133 3.22677e-12
39 133 1.43358e-11
40 133 4.72181e-06
41 133 2.22113e-07
42 133 6.13561e-06
43 133 7.81832e-07
44 133 2.28001e-06
45 133 4.55214e-06
46 133 4.43154e-06
47 133 4.60319e-06
48 133 1.29333e-05
49 133 3.81762e-06
50 133 4.22055e-06
51 133 3.29227e-07
52 133 3.65599e-09
53 133 2.76165e-09
54 133 2.72281e-06
55 133 4.66405e-06
56 133 6.79618e-07
57 133 3.58024e-06
58 133 2.98303e-07
59 133 9.77422e-07
60 133 2.39199e-11
61 133 2.86789e-12
62 133 5.11679e-13
63 133 5.46472e-13
64 133 4.66361e-12
65 133 1.60083e-12
66 133 5.85153e-12
67 133 1.1779e-11
68 133 4.3096e-14
69 133 1.65358e-13
70 133 4.24107e-12
71 133 5.66433e-12
72 133 3.58506e-07
73 133 1.75582e-06
74 133 1.51766e-06
75 133 3.04115e-06
76 133 1.05281e-05
77 133 3.03845e-06
78 133 1.15184e-12
79 133 2.31596e-12
0 134 2.47235e-06
1 134 4.7181e-07
2 134 1.98995e-06
3 134 1.61992e-06
4 134 3.98414e-06
5 134 2.76418e-06
6 134 5.75028e-07
7 134 3.71017e-07
8 134 1.29494e-05
9 134 1.34193e-05
10 134 1.18714e-06
11 134 1.22154e-07
12 134 9.90353e-07
13 134 1.84707e-07
14 134 1.06648e-07
15 134 3.00618e-06
16 134 2.41483e-10
17 134 4.7349e-11
18 134 5.64011e-12
19 134 4.89293e-13
20 134 2.36091e-11
21 134 9.83498e-12
22 134 1.08085e-10
23 134 4.95666e-11
24 134 9.51872e-11
25 134 2.09616e-10
26 134 7.83637e-12
27 134 4.5448e-14
28 134 3.10807e-11
29 134 5.38064e-10
30 134 6.45433e-12
31 134 9.43049e-12
32 134 2.48264e-12
33 134 3.98611e-11
34 134 3.43966e-11
35 134 2.0778e-10
36 134 3.39656e-10
37 134 2.38202e-10
38 134 3.38799e-11
39 134 1.5108e-11
40 134 1.59527e-05
41 134 8.42047e-07
42 134 4.96681e-06
43 134 2.7747e-06
44 134 4.38551e-06
45 134 6.25098e-06
46 134 1.40137e-05
47 134 1.9663e-05
48 134 8.17687e-06
49 134 1.76129e-06
50 134 1.68471e-06
51 134 2.74225e-07
52 134 8.79553e-07
53 134 7.36731e-07
54 134 4.04933e-06
55 134 2.54721e-06
56 134 6.39762e-07
57 134 7.40021e-08
58 134 3.06914e-07
59 134 1.41275e-07
60 134 7.52018e-11
61 134 1.39122e-10
62 134 5.38628e-12
63 134 2.03858e-11
64 134 3.29116e-11
65 134 2.88413e-11
66 134 1.05495e-10
67 134 1.53226e-11
68 134 1.03122e-11
69 134 2.25647e-11
70 134 6.41049e-11
71 134 3.15655e-11
72 134 7.53856e-06
73 134 2.39177e-07
74 134 1.22191e-06
75 134 3.03713e-06
76 134 2.11605e-06
77 134 2.06797e-06
78 134 1.79735e-14
79 134 7.61242e-13
0 135 4.65969e-07
1 135 2.47844e-06
2 135 1.62155e-06
3 135 1.97472e-06
4 135 2.764e-06
5 135 3.98044e-06
6 135 3.68977e-07
7 135 5.75086e-07
8 135 1.34371e-05
9 135 1.29144e-05
10 135 1.22088e-07
11 135 1.18215e-06
12 135 1.84746e-07
13 135 9.85085e-07
14 135 3.00388e-06
15 135 1.05918e-07
16 135 4.7411e-11
17 135 2.41307e-10
18 135 5.11588e-13
19 135 5.62357e-12
20 135 9.8028e-12
21 135 2.35596e-11
22 135 4.95384e-11
23 135 1.08206e-10
24 135 2.09646e-10
25 135 9.51314e-11
26 135 4.6867e-14
27 135 7.83303e-12
28 135 5.3841e-10
29 135 3.1051e-11
30 135 9.4166e-12
31 135 6.47195e-12
32 135 3.9749e-11
33 135 2.4769e-12
34 135 2.07658e-10
35 135 3.4372e-11
36 135 2.37952e-10
37 135 3.39603e-10
38 135 1.51009e-11
39 135 3.39486e-11
40 135 8.35646e-07
41 135 1.5942e-05
42 135 2.76201e-06
43 135 4.96497e-06
44 135 6.215e-06
45 135 4.38739e-06
46 135 1.96818e-05
47 135 1.39729e-05
48 135 1.77124e-06
49 135 8.20293e-06
50 135 2.76012e-07
51 135 1.69143e-06
52 135 7.3275e-07
53 135 8.77192e-07
54 135 2.55068e-06
55 135 4.04049e-06
56 135 7.43305e-08
57 135 6.42669e-07
58 135 1.41572e-07
59 135 3.08604e-07
60 135 1.39031e-10
61 135 7.5057e-11
62 135 2.03611e-11
63 135 5.39817e-12
64 135 2.88566e-11
65 135 3.29076e-11
66 135 1.53761e-11
67 135 1.05547e-10
68 135 2.25055e-11
69 135 1.03049e-11
70 135 3.14987e-11
71 135 6.41489e-11
72 135 2.4021e-07
73 135 7.53239e-06
74 135 3.02955e-06
75 135 1.21855e-06
76 135 2.07176e-06
77 135 2.11857e-06
78 135 7.64617e-13
79 135 1.87489e-14
0 136 1.56019e-06
1 136 7.77176e-06
2 136 8.19279e-06
3 136 5.40277e-06
4 136 4.67176e-07
5 136 4.33815e-07
6 136 1.30333e-07
7 136 1.50265e-06
8 136 1.485e-06
9 136 2.8238e-06
10 136 5.67897e-07
11 136 6.02469e-06
12 136 5.32481e-07
13 136 3.18359e-06
14 136 8.5286e-07
15 136 4.38758e-08
16 136 1.50099e-11
17 136 2.96304e-11
18 136 6.01131e-13
19 136 3.13638e-12
20 136 1.9559e-12
21 136 5.9844e-12
22 136 1.57068e-11
23 136 4.41164e-12
24 136 7.5371e-12
25 136 1.06614e-12
26 136 2.87954e-13
27 136 1.21267e-12
28 136 3.54764e-12
29 136 1.35208e-12
30 136 6.05763e-13
31 136 4.74835e-13
32 136 3.21986e-12
33 136 2.58196e-13
34 136 2.81558e-12
35 136 4.89259e-13
36 136 6.46085e-12
37 136 1.63487e-12
38 136 3.80671e-12
39 136 1.70801e-12
40 136 4.23315e-06
41 136 1.02364e-08
42 136 2.4188e-06
43 136 2.38372e-05
44 136 2.10068e-06
45 136 1.81711e-05
46 136 1.61302e-06
47 136 3.86369e-06
48 136 1.27903e-06
49 136 1.70978e-06
50 136 8.0344e-06
51 136 9.54449e-06
52 136 7.4112e-07
53 136 5.63094e-06
54 136 3.78233e-07
55 136 6.22018e-07
56 136 7.50057e-07
57 136 7.17163e-08
58 136 7.08428e-07
59 136 5.54025e-07
60 136 5.58005e-12
61 136 2.11763e-12
62 136 2.10767e-12
63 136 4.05364e-12
64 136 3.08594e-12
65 136 3.97287e-12
66 136 9.85448e-12
67 136 1.92522e-13
68 136 7.42117e-14
69 136 6.65963e-13
70 136 4.36728e-13
71 136 8.34977e-13
72 136 5.37445e-07
73 136 6.91216e-07
74 136 1.06461e-06
75 136 6.26737e-07
76 136 2.82821e-07
77 136 1.08996e-06
78 136 1.38541e-12
79 136 3.20411e-13
0 137 7.77888e-06
1 137 1.55552e-06
2 137 5.41135e-06
3 137 8.21108e-06
4 137 4.32357e-07
5 137 4.67453e-07
6 137 1.50823e-06
7 137 1.30876e-07
8 137 2.82157e-06
9 137 1.48401e-06
10 137 6.03569e-06
11 137 5.69169e-07
12 137 3.18705e-06
13 137 5.32775e-07
14 137 4.47855e-08
15 137 8.52275e-07
16 137 3.00567e-11
17 137 1.49339e-11
18 137 3.14693e-12
19 137 6.0018e-13
20 137 5.92534e-12
21 137 1.96202e-12
22 137 4.51971e-12
23 137 1.56246e-11
24 137 1.13351e-12
25 137 7.56595e-12
26 137 1.21574e-12
27 137 2.89378e-13
28 137 1.41313e-12
29 137 3.6239e-12
30 137 4.76003e-13
31 137 6.08523e-13
32 137 2.62627e-13
33 137 3.20012e-12
34 137 4.72827e-13
35 137 2.87919e-12
36 137 1.6553e-12
37 137 6.46527e-12
38 137 1.7028e-12
39 137 3.81126e-12
40 137 9.56765e-09
41 137 4.24322e-06
42 137 2.38308e-05
43 137 2.42027e-06
44 137 1.824e-05
45 137 2.10291e-06
46 137 3.865e-06
47 137 1.6062e-06
48 137 1.70759e-06
49 137 1.27153e-06
50 137 9.53651e-06
51 137 8.00435e-06
52 137 5.64225e-06
53 137 7.41929e-07
54 137 6.21326e-07
55 137 3.77814e-07
56 137 7.15161e-08
57 137 7.48434e-07
58 137 5.52603e-07
59 137 7.06798e-07
60 137 2.115e-12
61 137 5.57061e-12
62 137 4.05549e-12
63 137 2.10378e-12
64 137 3.97545e-12
65 137 3.08957e-12
66 137 1.90377e-13
67 137 9.83652e-12
68 137 6.67128e-13
69 137 7.23334e-14
70 137 8.37732e-13
71 137 4.37901e-13
72 137 6.87003e-07
73 137 5.40347e-07
74 137 6.32138e-07
75 137 1.06919e-06
76 137 1.08852e-06
77 137 2.81482e-07
78 137 3.32886e-13
79 137 1.38786e-12
0 138 6.5527e-12
1 138 1.66356e-11
2 138 5.48641e-12
3 138 2.37168e-11
4 138 1.24923e-11
5 138 6.4297e-11
6 138 1.09181e-11
7 138 5.14159e-12
8 138 3.38549e-11
9 138 3.13278e-11
10 138 1.09443e-10
11 138 1.82884e-11
12 138 1.46621e-10
13 138 1.57749e-10
14 138 7.73055e-12
15 138 6.10197e-12
16 138 2.8159e-06
17 138 7.90801e-07
18 138 3.34856e-07
19 138 4.12913e-07
20 138 2.57847e-05
21 138 1.0811e-05
22 138 5.9785e-07
23 138 1.13988e-07
24 138 2.91488e-07
25 138 1.41531e-07
26 138 2.11478e-07
27 138 1.4559e-07
28 138 9.37151e-08
29 138 3.18087e-07
30 138 1.20701e-07
31 138 6.46652e-08
32 138 4.69038e-07
33 138 2.43677e-06
34 138 4.68354e-08
35 138 1.36596e-07
36 138 4.07415e-07
37 138 1.96261e-06
38 138 2.496e-07
39 138 6.90441e-06
40 138 6.29232e-11
41 138 8.89308e-11
42 138 1.81365e-11
43 138 3.53581e-11
44 138 1.30801e-10
45 138 6.03777e-11
46 138 2.1871e-11
47 138 1.62472e-11
48 138 3.75183e-12
49 138 8.24703e-12
50 138 1.68306e-11
51 138 4.75333e-13
52 138 8.42091e-12
53 138 6.30701e-13
54 138 7.61128e-12
55 138 5.34366e-12
56 138 1.09482e-11
57 138 5.08169e-12
58 138 2.50412e-12
59 138 5.539e-13
60 138 2.41561e-07
61 138 1.80164e-07
62 138 2.38651e-07
63 138 2.27476e-07
64 138 4.69174e-06
65 138 1.38536e-05
66 138 5.56471e-08
67 138 5.7749e-09
68 138 1.82103e-08
69 138 7.54918e-08
70 138 3.35295e-11
71 138 1.08663e-10
72 138 2.40594e-11
73 138 1.37425e-12
74 138 5.5319e-11
75 138 1.53612e-11
76 138 1.6604e-12
77 138 2.94724e-11
78 138 2.21692e-06
79 138 1.18477e-06
0 139 1.71167e-11
1 139 6.54616e-12
2 139 2.37007e-11
3 139 5.35784e-12
4 139 6.46327e-11
5 139 1.28497e-11
6 139 5.23722e-12
7 139 1.10389e-11
8 139 3.074e-11
9 139 3.39781e-11
10 139 1.86511e-11
11 139 1.09967e-10
12 139 1.58339e-10
13 139 1.47085e-10
14 139 6.11733e-12
15 139 7.68847e-12
16 139 7.88042e-07
17 139 2.81529e-06
18 139 4.15382e-07
19 139 3.33765e-07
20 139 1.0846e-05
21 139 2.58e-05
22 139 1.14278e-07
23 139 5.98478e-07
24 139 1.41757e-07
25 139 2.91636e-07
26 139 1.44768e-07
27 139 2.1151e-07
28 139 3.19068e-07
29 139 9.29116e-08
30 139 6.47854e-08
31 139 1.21336e-07
32 139 2.44111e-06
33 139 4.67497e-07
34 139 1.36314e-07
35 139 4.7176e-08
36 139 1.96389e-06
37 139 4.05517e-07
38 139 6.90008e-06
39 139 2.4831e-07
40 139 8.87032e-11
41 139 6.2997e-11
42 139 3.54932e-11
43 139 1.81604e-11
44 139 6.0501e-11
45 139 1.30921e-10
46 139 1.62931e-11
47 139 2.18511e-11
48 139 8.24438e-12
49 139 3.76703e-12
50 139 4.77946e-13
51 139 1.68007e-11
52 139 6.13461e-13
53 139 8.42695e-12
54 139 5.36753e-12
55 139 7.59137e-12
56 139 5.0612e-12
57 139 1.09406e-11
58 139 5.53394e-13
59 139 2.51182e-12
60 139 1.8007e-07
61 139 2.41724e-07
62 139 2.26647e-07
63 139 2.38683e-07
64 139 1.38589e-05
65 139 4.71178e-06
66 139 5.77648e-09
67 139 5.54926e-08
68 139 7.5517e-08
69 139 1.81786e-08
70 139 1.08409e-10
71 139 3.35134e-11
72 139 1.37303e-12
73 139 2.41276e-11
74 139 1.53905e-11
75 139 5.54226e-11
76 139 2.94519e-11
77 139 1.64602e-12
78 139 1.19053e-06
79 139 2.2158e-06
0 140 1.69374e-11
1 140 2.94736e-12
2 140 1.61368e-11
3 140 6.84754e-12
4 140 6.89474e-11
5 140 9.79461e-11
6 140 5.65483e-12
7 140 4.76045e-12
8 140 1.35729e-10
9 140 4.91298e-11
10 140 8.43668e-12
11 140 8.24817e-11
12 140 3.03585e-10
13 140 6.58061e-11
14 140 3.8955e-12
15 140 1.18579e-11
16 140 2.3538e-06
17 140 1.10531e-05
18 140 9.89107e-07
19 140 3.87729e-06
20 140 3.12945e-06
21 140 2.65484e-06
22 140 1.00437e-07
23 140 4.17662e-08
24 140 4.98961e-07
25 140 2.0303e-06
26 140 1.16438e-06
27 140 6.52443e-07
28 140 5.59783e-07
29 140 4.13015e-07
30 140 4.44335e-07
31 140 4.17808e-06
32 140 1.44557e-06
33 140 9.65099e-06
34 140 8.77799e-07
35 140 1.56673e-07
36 140 5.86912e-07
37 140 1.02914e-06
38 140 3.8103e-06
39 140 7.60649e-07
40 140 5.41783e-11
41 140 6.13767e-11
42 140 6.27442e-11
43 140 2.66409e-11
44 140 1.06261e-10
45 140 1.53888e-10
46 140 7.19735e-12
47 140 4.02938e-11
48 140 5.87187e-11
49 140 1.19954e-10
50 140 1.58441e-12
51 140 3.59296e-11
52 140 3.68387e-11
53 140 4.40655e-11
54 140 4.14022e-11
55 140 1.13331e-12
56 140 8.21952e-12
57 140 5.81715e-11
58 140 1.59362e-12
59 140 7.82199e-12
60 140 9.18429e-07
61 140 6.55189e-07
62 140 6.57882e-07
63 140 1.01066e-06
64 140 9.00659e-07
65 140 8.92633e-07
66 140 5.10539e-07
67 140 7.66707e-07
68 140 1.88853e-07
69 140 7.1516e-07
70 140 6.15839e-08
71 140 6.78326e-08
72 140 1.37243e-12
73 140 2.21631e-11
74 140 1.48661e-11
75 140 6.37576e-11
76 140 3.20183e-11
77 140 3.38607e-12
78 140 1.03179e-07
79 140 2.04464e-07
0 141 2.81654e-12
1 141 1.74125e-11
2 141 6.73963e-12
3 141 1.6174e-11
4 141 9.74611e-11
5 141 6.8537e-11
6 141 4.81748e-12
7 141 5.89668e-12
8 141 4.95795e-11
9 141 1.35348e-10
10 141 8.26043e-11
11 141 8.41316e-12
12 141 6.55354e-11
13 141 3.03589e-10
14 141 1.19162e-11
15 141 3.91919e-12
16 141 1.10648e-05
17 141 2.37319e-06
18 141 3.86193e-06
19 141 9.84142e-07
20 141 2.64113e-06
21 141 3.12483e-06
22 141 4.15964e-08
23 141 1.00326e-07
24 141 2.02373e-06
25 141 4.96312e-07
26 141 6.53122e-07
27 141 1.1645e-06
28 141 4.13621e-07
29 141 5.56336e-07
30 141 4.17745e-06
31 141 4.40484e-07
32 141 9.63079e-06
33 141 1.43679e-06
34 141 1.56225e-07
35 141 8.84138e-07
36 141 1.02627e-06
37 141 5.87029e-07
38 141 7.6209e-07
39 141 3.81721e-06
40 141 6.12554e-11
41 141 5.39894e-11
42 141 2.66153e-11
43 141 6.24993e-11
44 141 1.5374e-10
45 141 1.06006e-10
46 141 4.02537e-11
47 141 7.17182e-12
48 141 1.19744e-10
49 141 5.85995e-11
50 141 3.60523e-11
51 141 1.59906e-12
52 141 4.40597e-11
53 141 3.68745e-11
54 141 1.12758e-12
55 141 4.13325e-11
56 141 5.81528e-11
57 141 8.21533e-12
58 141 7.84826e-12
59 141 1.5936e-12
60 141 6.56976e-07
61 141 9.18896e-07
62 141 1.01329e-06
63 141 6.57631e-07
64 141 8.91548e-07
65 141 8.96283e-07
66 141 7.66008e-07
67 141 5.09499e-07
68 141 7.12819e-07
69 141 1.88239e-07
70 141 6.83977e-08
71 141 6.21405e-08
72 141 2.21529e-11
73 141 1.37073e-12
74 141 6.37627e-11
75 141 1.4866e-11
76 141 3.42146e-12
77 141 3.2074e-11
78 141 2.03561e-07
79 141 1.03139e-07
0 142 2.6771e-12
1 142 5.85398e-12
2 142 8.33617e-12
3 142 7.29315e-12
4 142 5.56252e-11
5 142 2.68997e-11
6 142 8.96988e-13
7 142 5.88059e-12
8 142 5.40536e-11
9 142 3.30093e-12
10 142 3.75366e-11
11 142 4.40951e-11
12 142 1.71505e-11
13 142 2.28028e-10
14 142 6.44328e-12
15 142 4.78117e-12
16 142 1.90834e-06
17 142 2.27519e-06
18 142 5.58782e-06
19 142 2.13594e-05
20 142 1.54007e-06
21 142 1.62237e-06
22 142 2.29148e-08
23 142 4.3568e-08
24 142 3.16266e-06
25 142 1.32912e-07
26 142 4.5853e-07
27 142 3.95706e-06
28 142 1.44779e-07
29 142 1.34555e-06
30 142 3.63733e-06
31 142 3.08418e-06
32 142 2.58049e-06
33 142 1.70169e-06
34 142 1.8173e-06
35 142 8.28646e-08
36 142 5.02453e-06
37 142 5.38714e-06
38 142 3.34152e-07
39 142 1.36089e-06
40 142 2.2298e-11
41 142 9.74339e-12
42 142 2.73335e-11
43 142 1.94204e-11
44 142 8.40145e-11
45 142 2.3739e-12
46 142 3.37189e-12
47 142 1.00925e-11
48 142 1.24549e-11
49 142 3.28242e-12
50 142 5.62408e-13
51 142 1.37697e-11
52 142 3.50087e-12
53 142 2.60382e-11
54 142 2.40378e-12
55 142 4.22188e-13
56 142 6.00767e-13
57 142 5.20975e-12
58 142 1.60264e-13
59 142 4.44223e-12
60 142 1.22414e-06
61 142 1.52917e-07
62 142 6.82545e-07
63 142 3.45924e-07
64 142 4.3366e-07
65 142 5.40835e-07
66 142 1.22453e-06
67 142 1.39906e-06
68 142 4.5249e-08
69 142 1.76293e-06
70 142 2.77859e-07
71 142 7.01714e-07
72 142 8.19758e-13
73 142 1.54624e-11
74 142 2.27927e-12
75 142 4.00597e-11
76 142 8.07402e-12
77 142 8.57622e-12
78 142 1.15311e-07
79 142 5.60986e-08
0 143 5.62838e-12
1 143 2.49544e-12
2 143 7.46229e-12
3 143 8.30044e-12
4 143 2.71296e-11
5 143 5.43672e-11
6 143 5.69761e-12
7 143 8.57849e-13
8 143 3.18608e-12
9 143 5.40973e-11
10 143 4.39653e-11
11 143 3.78047e-11
12 143 2.27441e-10
13 143 1.73188e-11
14 143 4.77094e-12
15 143 6.50091e-12
16 143 2.28111e-06
17 143 1.91395e-06
18 143 2.13303e-05
19 143 5.60566e-06
20 143 1.62222e-06
21 143 1.53276e-06
22 143 4.36161e-08
23 143 2.28122e-08
24 143 1.35153e-07
25 143 3.1593e-06
26 143 3.95207e-06
27 143 4.59869e-07
28 143 1.34653e-06
29 143 1.44068e-07
30 143 3.07328e-06
31 143 3.63333e-06
32 143 1.69679e-06
33 143 2.58443e-06
34 143 8.20708e-08
35 143 1.81799e-06
36 143 5.3782e-06
37 143 5.03917e-06
38 143 1.36085e-06
39 143 3.33175e-07
40 143 9.74488e-12
41 143 2.21671e-11
42 143 1.9377e-11
43 143 2.72102e-11
44 143 2.36496e-12
45 143 8.38755e-11
46 143 1.00755e-11
47 143 3.35687e-12
48 143 3.25284e-12
49 143 1.24067e-11
50 143 1.37912e-11
51 143 5.67794e-13
52 143 2.60293e-11
53 143 3.52066e-12
54 143 4.19789e-13
55 143 2.38928e-12
56 143 5.2019e-12
57 143 5.94731e-13
58 143 4.44096e-12
59 143 1.62169e-13
60 143 1.53939e-07
61 143 1.22257e-06
62 143 3.47664e-07
63 143 6.83059e-07
64 143 5.38392e-07
65 143 4.33878e-07
66 143 1.39661e-06
67 143 1.221e-06
68 143 1.76671e-06
69 143 4.51741e-08
70 143 7.02156e-07
71 143 2.77922e-07
72 143 1.54387e-11
73 143 8.26063e-13
74 143 4.0019e-11
75 143 2.26966e-12
76 143 8.61341e-12
77 143 8.10223e-12
78 143 5.6118e-08
79 143 1.1489e-07
