0 16 0.000580374
1 16 0.000711237
2 16 1.44133e-05
3 16 1.02364e-05
4 16 4.63876e-08
5 16 4.69133e-08
6 16 2.42419e-05
7 16 1.49653e-05
8 16 8.43228e-12
9 16 6.92802e-12
10 16 6.93786e-13
11 16 1.25659e-13
12 16 7.97169e-14
13 16 6.96522e-14
14 16 0.305503
15 16 0.151012
0 17 0.000711237
1 17 0.000580374
2 17 1.02364e-05
3 17 1.44133e-05
4 17 4.69133e-08
5 17 4.63876e-08
6 17 1.49653e-05
7 17 2.42419e-05
8 17 6.92803e-12
9 17 8.43231e-12
10 17 1.2566e-13
11 17 6.93786e-13
12 17 6.96513e-14
13 17 7.97165e-14
14 17 0.151012
15 17 0.305503
0 18 2.52376e-13
1 18 1.52922e-13
2 18 7.56859e-14
3 18 2.74445e-13
4 18 6.43396e-13
5 18 2.39514e-13
6 18 3.43396e-16
7 18 2.08905e-14
8 18 0.000100497
9 18 0.000366558
10 18 0.00186051
11 18 0.00177749
12 18 0.00612018
13 18 0.00397929
14 18 5.05433e-15
15 18 1.35721e-14
0 19 1.52921e-13
1 19 2.52377e-13
2 19 2.74447e-13
3 19 7.56873e-14
4 19 2.39515e-13
5 19 6.43393e-13
6 19 2.08903e-14
7 19 3.4359e-16
8 19 0.000366558
9 19 0.000100497
10 19 0.00177749
11 19 0.00186051
12 19 0.00397929
13 19 0.00612018
14 19 1.35701e-14
15 19 5.05475e-15
0 20 1.90478e-16
1 20 1.41006e-14
2 20 8.18202e-13
3 20 1.39528e-14
4 20 3.15551e-13
5 20 5.25021e-14
6 20 4.03126e-14
7 20 3.04456e-14
8 20 0.000112769
9 20 0.000156149
10 20 0.00297698
11 20 0.00563671
12 20 0.000145935
13 20 0.00404518
14 20 3.37543e-14
15 20 9.56936e-15
0 21 1.40987e-14
1 21 1.90456e-16
2 21 1.39532e-14
3 21 8.18205e-13
4 21 5.25011e-14
5 21 3.15552e-13
6 21 3.04459e-14
7 21 4.03108e-14
8 21 0.000156149
9 21 0.000112769
10 21 0.00563671
11 21 0.00297698
12 21 0.00404518
13 21 0.000145935
14 21 9.57043e-15
15 21 3.37525e-14
0 22 3.23342e-14
1 22 2.18354e-14
2 22 2.61653e-15
3 22 3.83196e-14
4 22 4.29111e-15
5 22 4.95209e-15
6 22 2.70958e-15
7 22 1.05347e-14
8 22 0.00214195
9 22 0.00664124
10 22 0.000435784
11 22 0.000193496
12 22 6.71211e-05
13 22 1.10741e-05
14 22 2.61418e-13
15 22 4.57976e-12
0 23 2.1837e-14
1 23 3.2333e-14
2 23 3.83174e-14
3 23 2.61614e-15
4 23 4.95168e-15
5 23 4.29128e-15
6 23 1.05358e-14
7 23 2.71019e-15
8 23 0.00664124
9 23 0.00214195
10 23 0.000193496
11 23 0.000435784
12 23 1.10741e-05
13 23 6.71211e-05
14 23 4.57979e-12
15 23 2.6142e-13
0 24 3.39002e-07
1 24 3.53097e-05
2 24 1.71715e-06
3 24 5.19858e-06
4 24 1.10863e-05
5 24 2.99428e-05
6 24 0.000517253
7 24 0.000745041
8 24 2.24928e-15
9 24 1.02463e-15
10 24 9.30838e-14
11 24 8.04656e-14
12 24 2.65278e-15
13 24 1.72227e-14
14 24 9.09604e-06
15 24 3.16115e-06
0 25 3.53097e-05
1 25 3.39002e-07
2 25 5.19858e-06
3 25 1.71715e-06
4 25 2.99428e-05
5 25 1.10863e-05
6 25 0.000745041
7 25 0.000517253
8 25 1.02474e-15
9 25 2.24918e-15
10 25 8.04629e-14
11 25 9.3083e-14
12 25 1.72212e-14
13 25 2.65287e-15
14 25 3.16115e-06
15 25 9.09604e-06
0 26 0.000239454
1 26 0.000172615
2 26 0.000141945
3 26 5.84744e-06
4 26 0.000133919
5 26 7.76121e-05
6 26 5.42282e-07
7 26 3.66515e-08
8 26 1.88354e-14
9 26 1.6491e-14
10 26 5.24859e-14
11 26 5.08589e-14
12 26 2.1044e-14
13 26 8.60035e-14
14 26 0.000621446
15 26 0.000135917
0 27 0.000172615
1 27 0.000239454
2 27 5.84744e-06
3 27 0.000141945
4 27 7.76121e-05
5 27 0.000133919
6 27 3.66515e-08
7 27 5.42282e-07
8 27 1.64898e-14
9 27 1.88375e-14
10 27 5.08616e-14
11 27 5.24871e-14
12 27 8.60051e-14
13 27 2.10427e-14
14 27 0.000135917
15 27 0.000621446
0 28 3.52719e-05
1 28 0.000323173
2 28 1.35403e-06
3 28 9.8483e-06
4 28 3.25933e-05
5 28 8.71063e-05
6 28 2.08146e-05
7 28 7.03769e-05
8 28 7.64116e-15
9 28 2.64911e-15
10 28 3.83449e-14
11 28 4.94e-15
12 28 3.48021e-14
13 28 1.64214e-13
14 28 8.59335e-05
15 28 7.26908e-05
0 29 0.000323173
1 29 3.52719e-05
2 29 9.8483e-06
3 29 1.35403e-06
4 29 8.71063e-05
5 29 3.25933e-05
6 29 7.03769e-05
7 29 2.08146e-05
8 29 2.64898e-15
9 29 7.6414e-15
10 29 4.94046e-15
11 29 3.83443e-14
12 29 1.64218e-13
13 29 3.47995e-14
14 29 7.26908e-05
15 29 8.59335e-05
0 30 0.000330583
1 30 0.000216619
2 30 1.14269e-05
3 30 0.000197293
4 30 0.00010919
5 30 0.000314448
6 30 6.56558e-08
7 30 3.77942e-06
8 30 1.82501e-14
9 30 5.18924e-14
10 30 3.02038e-14
11 30 8.52021e-15
12 30 1.6817e-13
13 30 6.62109e-15
14 30 4.10954e-05
15 30 0.000509232
0 31 0.000216619
1 31 0.000330583
2 31 0.000197293
3 31 1.14269e-05
4 31 0.000314448
5 31 0.00010919
6 31 3.77942e-06
7 31 6.56558e-08
8 31 5.18977e-14
9 31 1.82495e-14
10 31 8.52019e-15
11 31 3.02038e-14
12 31 6.62054e-15
13 31 1.68173e-13
14 31 0.000509232
15 31 4.10954e-05
