0 -0.237295924882051 3.07801e-05
1 -0.237295901479451 2.21207e-05
2 -0.23684439281212 6.07064e-05
3 -0.236844391594218 6.04406e-05
4 -0.235389716388185 7.29579e-05
5 -0.235389716154592 7.29254e-05
6 -0.235389512408374 2.85242e-05
7 -0.235389511753468 2.8259e-05
8 -0.235366455038694 4.16268e-05
9 -0.235366454585066 4.14989e-05
10 -0.234759812819506 6.89536e-05
11 -0.234759812596425 6.88916e-05
12 -0.234759657358205 7.09029e-05
13 -0.234759657116324 7.08418e-05
14 -0.234664123171152 7.11288e-05
15 -0.23466412303198 7.11029e-05
16 -0.232669986033471 7.10584e-05
17 -0.232669986023459 7.10536e-05
18 -0.232533644643899 8.76766e-05
19 -0.23253364463282 8.76702e-05
20 -0.232533532423601 4.74862e-05
21 -0.232533532419782 4.74844e-05
22 -0.23037365187182 6.74559e-05
23 -0.23037365186933 6.74525e-05
24 -0.156889019776731 6.76733e-08
25 -0.156889019776729 5.85475e-08
26 -0.154402203152821 8.07838e-08
27 -0.154402203152813 5.03604e-08
28 -0.15433772957659 5.22869e-08
29 -0.154337729576589 5.03604e-08
30 -0.154337724408788 8.52554e-08
31 -0.154337724408784 8.6648e-08
32 -0.151815211549101 4.25564e-08
33 -0.15181521154904 9.76424e-08
34 -0.151815206988184 6.78525e-08
35 -0.151815206988044 5.39203e-08
36 -0.151743558254366 9.34484e-08
37 -0.151743558254308 6.10141e-08
38 -0.151078320603572 7.2188e-08
39 -0.151078320603387 1.11976e-07
40 -0.151062803160472 4.49743e-08
41 -0.151062803160324 1.04889e-07
42 -0.151062794737813 7.19714e-08
43 -0.151062794737478 9.73934e-08
44 -0.149165774130414 1.81997e-07
45 -0.149165774125706 3.58456e-07
46 -0.148521797413206 3.02426e-07
47 -0.148521797408147 4.40369e-07
