#n 	 E_n 	 <H> 	 <H_dir> 	 <H_exc> 	 <H_0> 	 E_B (eV)
0  0.069484263679  0.069484263679  0.004477302691  -0.000000005566   0.073961560804  -0.121833522985
1  0.069692730469  0.069692730469  0.004368534086  -0.000195105469   0.073866159086  -0.113564835475
2  0.069694054921  0.069694054921  0.004365698053  -0.000195630541   0.073864122432  -0.113473375084
3  0.069694465023  0.069694465023  0.004364554115  -0.000195587351   0.073863431787  -0.113443422205
4  0.071569199731  0.071569199731  0.004589834407  -0.000013433780   0.076145600358  -0.124530268014
5  0.071571836004  0.071571836004  0.004581798620  -0.000014461571   0.076139173053  -0.124283635391
6  0.071574013038  0.071574013038  0.004582022018  -0.000012922005   0.076143113051  -0.124331608109
7  0.071709866316  0.071709866316  0.004534283272  -0.000059333522   0.076184816066  -0.121769647626
8  0.071711109751  0.071711109751  0.004531981949  -0.000059064027   0.076184027673  -0.121714358737
9  0.071717476496  0.071717476496  0.004518312895  -0.000057077352   0.076178712038  -0.121396464847
10  0.071814651780  0.071814651780  0.004487996015  -0.000227021023   0.076075626773  -0.115947094920
11  0.071816131688  0.071816131688  0.004486464728  -0.000226325657   0.076076270759  -0.115924348324
12  0.071821994849  0.071821994849  0.004469405446  -0.000224271033   0.076067129262  -0.115516050566
13  0.072118696243  0.072118696243  0.004274307663  -0.000469658867   0.075923345039  -0.103529820252
14  0.072120440498  0.072120440498  0.004269685527  -0.000466876793   0.075923249232  -0.103479749590
15  0.072373463200  0.072373463200  0.004243486987  -0.000658993230   0.075957956957  -0.097539093421
16  0.073083524209  0.073083524209  0.002811254254  -0.000000581152   0.075894197311  -0.076482350045
17  0.073083906759  0.073083906759  0.002810243341  -0.000000564376   0.075893585724  -0.076455298185
18  0.073084302676  0.073084302676  0.002808976090  -0.000000566145   0.075892712621  -0.076420766390
19  0.073133700345  0.073133700345  0.002822947830  -0.000006602071   0.075950046104  -0.076636710980
20  0.073141571830  0.073141571830  0.002807207277  -0.000006495832   0.075942283275  -0.076211279416
21  0.073141976012  0.073141976012  0.002806682460  -0.000006648576   0.075942009896  -0.076192842021
22  0.073144004607  0.073144004607  0.002803383777  -0.000006292452   0.075941095933  -0.076112770901
23  0.073148027071  0.073148027071  0.002820042950  -0.000014274307   0.075953795714  -0.076348892851
24  0.073148991871  0.073148991871  0.002819711249  -0.000014731348   0.075953971771  -0.076327430071
25  0.073179062054  0.073179062054  0.002800262855  -0.000000388721   0.075978936188  -0.076188495010
26  0.073179720252  0.073179720252  0.002798913273  -0.000000391575   0.075978241951  -0.076151693349
27  0.073181436708  0.073181436708  0.002796329656  -0.000000358789   0.075977407574  -0.076082281646
28  0.073598487516  0.073598487516  0.004782301928  -0.000009168751   0.078371620693  -0.129883636125
29  0.073606569879  0.073606569879  0.004766647389  -0.000008551586   0.078364665681  -0.129474448125
30  0.073614337975  0.073614337975  0.004753320080  -0.000008499611   0.078359158443  -0.129113207693
31  0.073700760506  0.073700760506  0.004748769045  -0.000080453267   0.078369076285  -0.127031407981
32  0.073702474193  0.073702474193  0.004745196625  -0.000081113931   0.078366556887  -0.126916219819
33  0.073863840366  0.073863840366  0.004684287326  -0.000253294040   0.078294833651  -0.120573530685
34  0.073992856974  0.073992856974  0.004610194961  -0.000308851522   0.078294200412  -0.117045576847
35  0.073994638654  0.073994638654  0.004611403398  -0.000308962572   0.078297079479  -0.117075438274
36  0.073997960339  0.073997960339  0.004596771853  -0.000297354535   0.078297377656  -0.116993164393
37  0.074047242069  0.074047242069  0.004633418419  -0.000297206494   0.078383453994  -0.117994397165
38  0.074048395384  0.074048395384  0.004628259232  -0.000296290855   0.078380363762  -0.117878924318
39  0.074050694474  0.074050694474  0.004623470761  -0.000296528543   0.078377636692  -0.117742155466
40  0.074060362919  0.074060362919  0.004477589771  -0.000000080102   0.078537872589  -0.121839306615
41  0.074270228253  0.074270228253  0.004390452383  -0.000275390919   0.078385289718  -0.111976583532
42  0.074271226140  0.074271226140  0.004390801580  -0.000275004895   0.078387022825  -0.111996589891
43  0.074272013169  0.074272013169  0.004393110872  -0.000275098831   0.078390025210  -0.112056872850
44  0.074374707908  0.074374707908  0.004200915360  -0.000002999271   0.078572623997  -0.114231173861
45  0.074383650055  0.074383650054  0.004180799470  -0.000002967800   0.078561481725  -0.113684648726
46  0.074474176842  0.074474176842  0.004168427583  -0.000144039356   0.078498565069  -0.109509237785
47  0.074484881988  0.074484881988  0.004144093581  -0.000139633061   0.078489342507  -0.108966976988
48  0.074490693661  0.074490693661  0.004136159225  -0.000146140119   0.078480712767  -0.108574005880
49  0.074628385438  0.074628385438  0.004046317109  -0.000225987792   0.078448714754  -0.103956509163
50  0.074641898206  0.074641898206  0.004031067868  -0.000231223136   0.078441742937  -0.103399094916
51  0.074646879581  0.074646879581  0.004013386844  -0.000224880383   0.078435386042  -0.103090564719
52  0.074976383459  0.074976383459  0.003354586404  -0.000000055273   0.078330914590  -0.091281488410
53  0.075206501264  0.075206501264  0.003466126947  -0.000289905282   0.078382722929  -0.086429438212
54  0.075208021540  0.075208021540  0.003464279427  -0.000290309634   0.078381991333  -0.086368161624
55  0.075209491554  0.075209491554  0.003455688678  -0.000287320787   0.078377859445  -0.086215726034
56  0.075241956631  0.075241956631  0.002852111047  -0.000007513010   0.078086554668  -0.077405495031
57  0.075242408957  0.075242408957  0.002851669660  -0.000007810251   0.078086268366  -0.077385395935
58  0.075245027310  0.075245027310  0.002844551809  -0.000007606943   0.078081972177  -0.077197241541
59  0.075275016092  0.075275016092  0.002850535770  -0.000001898257   0.078123653605  -0.077515414817
60  0.075276339294  0.075276339294  0.002847299112  -0.000002424748   0.078121213658  -0.077413014283
61  0.075283810582  0.075283810582  0.002826501528  -0.000010719412   0.078099592699  -0.076621373478
62  0.075306078722  0.075306078722  0.002904063981  -0.000004321324   0.078205821380  -0.078906057350
63  0.075306255927  0.075306255927  0.002899634910  -0.000004017047   0.078201873789  -0.078793815916
64  0.075306533907  0.075306533907  0.002898528617  -0.000004467255   0.078200595269  -0.078751461345
65  0.075321074291  0.075321074291  0.002900132820  -0.000026767892   0.078194439219  -0.078188282405
66  0.075321395588  0.075321395588  0.002898034591  -0.000026340629   0.078193089550  -0.078142813073
67  0.075321715110  0.075321715110  0.002898600879  -0.000028392467   0.078191923522  -0.078102389185
68  0.075329823954  0.075329823954  0.002825172757  -0.000010947866   0.078144048845  -0.076578999201
69  0.075331008142  0.075331008142  0.002822969641  -0.000011301690   0.078142676093  -0.076509421288
70  0.075331155617  0.075331155617  0.002823012772  -0.000011101349   0.078143067040  -0.076516046488
71  0.075345762859  0.075345762859  0.002907390979  -0.000000857029   0.078252296810  -0.079090857935
72  0.075345962200  0.075345962200  0.002907186071  -0.000000791861   0.078252356410  -0.079087055404
73  0.075346284965  0.075346284965  0.002906269014  -0.000000766673   0.078251787307  -0.079062786418
74  0.075352927902  0.075352927902  0.002900817145  -0.000000803719   0.078252941328  -0.078913425345
75  0.075353321540  0.075353321540  0.002899432457  -0.000000788904   0.078251965093  -0.078876149181
76  0.075362059251  0.075362059251  0.002932285738  -0.000000020594   0.078294324395  -0.079791039734
77  0.075405125769  0.075405125769  0.002928973589  -0.000002479578   0.078331619780  -0.079633999135
78  0.075405319905  0.075405319905  0.002928518023  -0.000002432592   0.078331405336  -0.079622881101
79  0.075406315723  0.075406315723  0.002926260434  -0.000002391087   0.078330185071  -0.079562578364
80  0.075609322036  0.075609322036  0.004935887106  -0.000003362101   0.080541847041  -0.134220910921
81  0.075645670011  0.075645670011  0.002785702030  -0.000002006577   0.078429365465  -0.075748250462
82  0.075646216113  0.075646216113  0.002784569494  -0.000002008709   0.078428776898  -0.075717374542
83  0.075647140203  0.075647140203  0.002771109431  -0.000000364858   0.078417884776  -0.075395838883
84  0.075647351348  0.075647351348  0.002781857125  -0.000001891537   0.078427316936  -0.075646755602
85  0.075648978701  0.075648978701  0.002765971575  -0.000000192719   0.078414757557  -0.075260714765
86  0.075655572462  0.075655572462  0.002778814056  -0.000002240325   0.078432146193  -0.075554458418
87  0.075656896740  0.075656896740  0.002775507792  -0.000002205030   0.078430199501  -0.075465450759
88  0.075657202547  0.075657202547  0.002775212023  -0.000002221248   0.078430193321  -0.075456961148
89  0.075943058248  0.075943058248  0.004849648664  -0.000267459160   0.080525247752  -0.124687791470
90  0.075959072597  0.075959072597  0.004842922728  -0.000290995414   0.080510999911  -0.123864314913
91  0.075962756818  0.075962756818  0.004853169797  -0.000304617961   0.080511308655  -0.123772463437
92  0.075963293171  0.075963293171  0.002431310815  -0.000000441212   0.078394162774  -0.066147365117
93  0.075964894912  0.075964894912  0.002427225903  -0.000000389349   0.078391731466  -0.066037620203
94  0.075966106653  0.075966106653  0.002424636472  -0.000000362181   0.078390380945  -0.065967897451
95  0.075998572243  0.075998572243  0.002413537465  -0.000001018600   0.078411091108  -0.065648015852
96  0.075999823638  0.075999823638  0.002410657264  -0.000001021120   0.078409459782  -0.065569572969
97  0.076000495604  0.076000495604  0.002410202800  -0.000000969112   0.078409729292  -0.065558621582
98  0.076002657603  0.076002657603  0.002424416573  -0.000000231215   0.078426842961  -0.065965477452
99  0.076004927562  0.076004927562  0.002420006716  -0.000000185543   0.078424748734  -0.065846721847
100  0.076035179650  0.076035179650  0.002407090955  -0.000001234431   0.078441036175  -0.065466724235
101  0.076068138880  0.076068138880  0.002389563772  -0.000000704568   0.078456998084  -0.065004203355
102  0.076068205259  0.076068205259  0.002389427785  -0.000000679028   0.078456954016  -0.065001197920
103  0.076068550769  0.076068550769  0.002388707482  -0.000000563583   0.078456694667  -0.064984738875
104  0.076161010573  0.076161010573  0.002982760714  -0.000000066614   0.079143704673  -0.081163282233
105  0.076184821063  0.076184821063  0.003016957024  -0.000030884722   0.079170893366  -0.081255207846
106  0.076185693976  0.076185693976  0.003019722547  -0.000032387924   0.079173028599  -0.081289557357
107  0.076185967380  0.076185967380  0.003020159829  -0.000032827519   0.079173299690  -0.081289494426
108  0.076253886932  0.076253886932  0.002910574285  -0.000000338221   0.079164122996  -0.079191597632
109  0.076258067942  0.076258067942  0.002909284059  -0.000000636787   0.079166715214  -0.079148364380
110  0.076264971970  0.076264971970  0.002937824360  -0.000016208765   0.079186587565  -0.079501250594
111  0.076266927084  0.076266927084  0.002938930708  -0.000017174256   0.079188683536  -0.079505083523
112  0.076269778270  0.076269778270  0.002947689142  -0.000021981101   0.079195486311  -0.079612611783
113  0.076271261028  0.076271261028  0.002943778435  -0.000020823370   0.079194216092  -0.079537699436
114  0.076274393465  0.076274393465  0.002949840000  -0.000024339032   0.079199894433  -0.079606977050
115  0.076275102097  0.076275102097  0.002951068427  -0.000024984593   0.079201185931  -0.079622837645
116  0.076322021164  0.076322021164  0.004416683562  -0.000088590796   0.080650113931  -0.117773463500
117  0.076331034924  0.076331034924  0.004353053376  -0.000035683185   0.080648405116  -0.117481687221
118  0.076411452726  0.076411452726  0.004214376472  -0.000030018337   0.080595810861  -0.113862242955
119  0.076437345349  0.076437345349  0.004314845942  -0.000166183047   0.080586008244  -0.112890925494
120  0.076531677263  0.076531677263  0.004125351417  -0.000110374978   0.080546653703  -0.109253129882
121  0.076562652925  0.076562652925  0.004146668491  -0.000140039752   0.080569281664  -0.109025977273
122  0.076572494737  0.076572494737  0.004123554696  -0.000111823637   0.080584225796  -0.109164818532
123  0.076575198033  0.076575198033  0.004121957002  -0.000135074409   0.080562080626  -0.108488657000
124  0.076601489014  0.076601489014  0.004073771136  -0.000116101007   0.080559159143  -0.107693744934
125  0.076728886746  0.076728886746  0.003941296563  -0.000096779659   0.080573403651  -0.104614687293
126  0.076749162434  0.076749162434  0.004149059323  -0.000314233880   0.080583987877  -0.104350969043
127  0.076752065075  0.076752065075  0.003894294114  -0.000103315757   0.080543043432  -0.103157828467
128  0.076759825288  0.076759825288  0.003885022531  -0.000105948989   0.080538898830  -0.102833881777
129  0.076854808279  0.076854808279  0.003868627175  -0.000032988620   0.080690446834  -0.104373094972
130  0.076889636689  0.076889636689  0.003929354224  -0.000118902820   0.080700088093  -0.103687717315
131  0.076934311047  0.076934311047  0.003887043605  -0.000175437620   0.080645917032  -0.100997995109
132  0.076942903888  0.076942903888  0.003807921995  -0.000049586301   0.080701239581  -0.102269575883
133  0.076957094101  0.076957094101  0.004164222501  -0.000442636455   0.080678680147  -0.101269566525
134  0.077023071896  0.077023071896  0.003832805859  -0.000179527824   0.080676349930  -0.099410809905
135  0.077030168070  0.077030168070  0.003891030099  -0.000250505159   0.080670693010  -0.099063780362
136  0.077036789921  0.077036789921  0.004082565242  -0.000488139850   0.080631215313  -0.097809347094
137  0.077038890496  0.077038890496  0.003867405512  -0.000248217178   0.080658078830  -0.098483181433
138  0.077053693212  0.077053693212  0.003810429345  -0.000223324666   0.080640797891  -0.097610140251
139  0.077060134146  0.077060134146  0.003914527079  -0.000312857254   0.080661803971  -0.098006478287
140  0.077394484166  0.077394484166  0.002866776569  -0.000000108400   0.080261152335  -0.078006054227
141  0.077427688425  0.077427688425  0.002886361882  -0.000018518786   0.080295531521  -0.078038025621
142  0.077429820615  0.077429820615  0.002885870029  -0.000019123883   0.080296566761  -0.078008176067
143  0.077430788125  0.077430788125  0.002884835975  -0.000019281741   0.080296342359  -0.077975742490
144  0.077487187620  0.077487187620  0.003309761449  -0.000016858552   0.080780090517  -0.089604497903
145  0.077489611626  0.077489611626  0.003161851791  -0.000040629475   0.080610833943  -0.084932828945
146  0.077491267663  0.077491267663  0.003026957810  -0.000011668860   0.080506556614  -0.082050233745
147  0.077503661138  0.077503661138  0.003030625366  -0.000005641846   0.080528644658  -0.082314036546
148  0.077504778086  0.077504778086  0.003117787171  -0.000040590592   0.080581974666  -0.083734827002
149  0.077507406284  0.077507406284  0.002995404800  -0.000004661466   0.080498149617  -0.081382313140
150  0.077507678440  0.077507678440  0.002997423225  -0.000004696037   0.080500405628  -0.081436296603
151  0.077509686884  0.077509686884  0.003021838497  -0.000011085562   0.080520439818  -0.081926802391
152  0.077510084881  0.077510084881  0.003025213698  -0.000004052781   0.080531245798  -0.082210018158
153  0.077515483085  0.077515483085  0.003001316058  -0.000002153418   0.080514645725  -0.081611414267
154  0.077535855396  0.077535855396  0.003348588428  -0.000017102679   0.080867341145  -0.090654391296
155  0.077540024456  0.077540024456  0.003326283881  -0.000092769830   0.080773538508  -0.087988444252
156  0.077556614914  0.077556614914  0.003480501899  -0.000025116553   0.081012000261  -0.094025872805
157  0.077571833287  0.077571833287  0.003473006396  -0.000030019783   0.081014819900  -0.093688485921
158  0.077576108800  0.077576108800  0.003408726541  -0.000044651350   0.080940183991  -0.091541195643
159  0.077594214170  0.077594214170  0.003476857275  -0.000047224586   0.081023846858  -0.093325106943
160  0.077605653903  0.077605653903  0.003478691688  -0.000142774003   0.080941571588  -0.090774990504
161  0.077611386637  0.077611386637  0.003498481197  -0.000119162477   0.080990705358  -0.091955993431
162  0.077621699935  0.077621699935  0.003439469547  -0.000125935299   0.080935234183  -0.090165905835
163  0.077657075375  0.077657075375  0.003141850160  -0.000014781896   0.080784143639  -0.085091905350
164  0.077658207502  0.077658207502  0.003194300324  -0.000014635142   0.080837872684  -0.086523141146
165  0.077666973440  0.077666973440  0.003062308363  -0.000022291477   0.080706990327  -0.082723115511
166  0.077711543931  0.077711543931  0.003053905123  -0.000061949502   0.080703499552  -0.081415301188
167  0.077742633608  0.077742633608  0.003409023208  -0.000185621684   0.080966035132  -0.087713268230
168  0.077788061324  0.077788061324  0.002989606839  -0.000005236183   0.080772431980  -0.081208903678
169  0.077793311583  0.077793311583  0.002972132704  -0.000003245039   0.080762199249  -0.080787589823
170  0.077800794213  0.077800794213  0.002939455492  -0.000002121379   0.080738128326  -0.079928973479
171  0.077819370685  0.077819370685  0.003016794077  -0.000019254286   0.080816910477  -0.081567254280
172  0.077823093677  0.077823093677  0.002974094544  -0.000023320111   0.080773868110  -0.080294703396
173  0.077834318397  0.077834318397  0.002936934095  -0.000017806799   0.080753445692  -0.079433540488
174  0.077842299084  0.077842299084  0.002875246962  -0.000009405053   0.080708140992  -0.077983570513
175  0.077846737571  0.077846737571  0.002935368861  -0.000011750957   0.080770355475  -0.079555736242
176  0.077847717984  0.077847717984  0.002863245234  -0.000004477447   0.080706485770  -0.077791073752
177  0.077854068958  0.077854068958  0.002987192893  -0.000032696123   0.080808565729  -0.080395993415
178  0.077865172698  0.077865172698  0.003028485549  -0.000048207919   0.080845450328  -0.081097526711
179  0.077880446009  0.077880446009  0.002936093879  -0.000031641318   0.080784898570  -0.079034220409
180  0.077891865295  0.077891865295  0.002970388118  -0.000029916862   0.080832336551  -0.080014339538
181  0.077891973266  0.077891973266  0.002977055157  -0.000033481852   0.080835546570  -0.080098750622
182  0.077897450731  0.077897450731  0.003017438932  -0.000049817829   0.080865071834  -0.080753124884
183  0.077909534547  0.077909534547  0.002875553470  -0.000017223111   0.080767864906  -0.077779170722
184  0.077921603257  0.077921603257  0.002853077936  -0.000005139317   0.080769541876  -0.077496396931
185  0.077928617242  0.077928617242  0.002845320115  -0.000004454782   0.080769482576  -0.077303922928
186  0.077937390193  0.077937390193  0.002831741932  -0.000003999310   0.080765132816  -0.076946835598
187  0.077960638439  0.077960638439  0.002842996728  -0.000013635783   0.080789999384  -0.076990872405
188  0.077961721070  0.077961721070  0.002858508409  -0.000014196147   0.080806033333  -0.077397718700
189  0.077970831378  0.077970831378  0.002899608934  -0.000015918103   0.080854522209  -0.078469264680
190  0.077971447399  0.077971447399  0.002839108070  -0.000017731429   0.080792824040  -0.076773608340
191  0.077974731568  0.077974731568  0.002836533900  -0.000018261947   0.080793003522  -0.076689125427
192  0.077979851796  0.077979851796  0.002838763270  -0.000009255606   0.080809359460  -0.076994864847
193  0.077980081932  0.077980081932  0.002839531424  -0.000013922760   0.080805690597  -0.076888767620
194  0.077984215521  0.077984215521  0.002852622797  -0.000016784227   0.080820054092  -0.077167137681
195  0.077994056682  0.077994056682  0.002845527555  -0.000005339917   0.080834244320  -0.077285481907
196  0.078011918356  0.078011918356  0.002875361784  -0.000018264717   0.080869015423  -0.077745611130
197  0.078057960489  0.078057960489  0.002858446389  -0.000017448412   0.080898958466  -0.077307532362
198  0.078093174446  0.078093174446  0.003163463376  -0.000257389815   0.080999248007  -0.079078330081
199  0.078098707593  0.078098707593  0.002907247317  -0.000099622712   0.080906332199  -0.076399396188
200  0.078116479787  0.078116479787  0.002908707571  -0.000108669850   0.080916517508  -0.076192946439
201  0.078128824109  0.078128824109  0.002418095378  -0.000000217458   0.080546702029  -0.065793843239
202  0.078130690811  0.078130690811  0.002755872638  -0.000066721634   0.080819841815  -0.073175563631
203  0.078142120117  0.078142120117  0.002565827542  -0.000028802538   0.080679145120  -0.069036002187
204  0.078148416352  0.078148416352  0.002455996103  -0.000004362386   0.080600050069  -0.066712385742
205  0.078154640200  0.078154640200  0.002553405691  -0.000018808991   0.080689236900  -0.068969924656
206  0.078162826473  0.078162826473  0.002738256022  -0.000048630176   0.080852452319  -0.073188484748
207  0.078164740801  0.078164740801  0.002659689349  -0.000035216280   0.080789213871  -0.071415586480
208  0.078194768537  0.078194768537  0.002533731949  -0.000008609446   0.080719891040  -0.068712118467
209  0.078212777588  0.078212777588  0.002567771329  -0.000005964066   0.080774584851  -0.069710362158
210  0.078217068851  0.078217068851  0.002544860960  -0.000000496506   0.080761433305  -0.069235718901
211  0.078218405069  0.078218405069  0.002520269491  -0.000000977790   0.080737696769  -0.068553454176
212  0.078236290384  0.078236290384  0.002556268571  -0.000015211053   0.080777347903  -0.069145732549
213  0.078241461360  0.078241461360  0.002474521730  -0.000000852596   0.080715130495  -0.067312000288
214  0.078249570229  0.078249570229  0.002506601498  -0.000005240336   0.080750931391  -0.068065539119
215  0.078255950379  0.078255950379  0.002550828044  -0.000010853434   0.080795924990  -0.069116265109
216  0.078305654996  0.078305654996  0.002619875685  -0.000002398509   0.080923132172  -0.071225218427
217  0.078312713811  0.078312713811  0.002688065983  -0.000004209457   0.080996570337  -0.073031493467
218  0.078325385608  0.078325385608  0.002769645198  -0.000006884523   0.081088146283  -0.075178585828
219  0.078331765370  0.078331765370  0.002724005171  -0.000007768311   0.081048002229  -0.073912607686
220  0.078335756578  0.078335756578  0.002738971746  -0.000004382791   0.081070345533  -0.074411993888
221  0.078336129543  0.078336129543  0.002714539453  -0.000004675733   0.081045993263  -0.073739185654
222  0.078349733133  0.078349733133  0.002739086241  -0.000010205741   0.081078613633  -0.074256658840
223  0.078350900061  0.078350900061  0.002899882391  -0.000017972046   0.081232810406  -0.078420815151
224  0.078357917125  0.078357917125  0.002853669695  -0.000013074454   0.081198512365  -0.077296573334
225  0.078359534956  0.078359534956  0.002838326490  -0.000012575337   0.081185286109  -0.076892644931
226  0.078360853162  0.078360853162  0.002878911851  -0.000013841601   0.081225923412  -0.077962572603
227  0.078366890240  0.078366890240  0.002751546064  -0.000005273880   0.081113162425  -0.074729910923
228  0.078370518233  0.078370518233  0.002971106460  -0.000004017247   0.081337607446  -0.080738651412
229  0.078372016588  0.078372016588  0.002982261207  -0.000002619149   0.081351658646  -0.081080231882
230  0.078376646782  0.078376646782  0.002956079752  -0.000002980679   0.081329745855  -0.080357960112
231  0.078381934933  0.078381934933  0.002857782092  -0.000011764803   0.081227952223  -0.077444114859
232  0.078385399370  0.078385399370  0.002816132683  -0.000010804486   0.081190727567  -0.076336907699
233  0.078390729666  0.078390729666  0.002738296078  -0.000004831465   0.081124194280  -0.074381398994
234  0.078398300025  0.078398300025  0.002823161435  -0.000008680739   0.081212780721  -0.076585960017
235  0.078399596273  0.078399596273  0.002588316719  -0.000001192428   0.080986720564  -0.070399273933
236  0.078402298377  0.078402298377  0.002795056039  -0.000005546386   0.081191808030  -0.075906462970
237  0.078407188746  0.078407188746  0.002783828794  -0.000010378454   0.081180639087  -0.075469466596
238  0.078409855305  0.078409855305  0.002767109418  -0.000010723260   0.081166241463  -0.075005126301
239  0.078414994640  0.078414994640  0.002936943063  -0.000029272946   0.081322664757  -0.079121774636
240  0.078422600288  0.078422600288  0.002824779416  -0.000006466205   0.081240913499  -0.076690248092
241  0.078428084762  0.078428084762  0.002883899600  -0.000006801791   0.081305182571  -0.078289859314
242  0.078435571993  0.078435571993  0.002795279978  -0.000008669779   0.081222182192  -0.075827564759
243  0.078447116833  0.078447116833  0.002798088547  -0.000010107232   0.081235098148  -0.075864874756
244  0.078548254675  0.078548254675  0.002832813137  -0.000019003980   0.081362063832  -0.076567686498
245  0.078550136974  0.078550136974  0.002835528246  -0.000016814098   0.081368851121  -0.076701158162
246  0.078567549835  0.078567549835  0.002829847975  -0.000009952292   0.081387445518  -0.076733309384
247  0.078574585641  0.078574585641  0.002861801437  -0.000011736303   0.081424650775  -0.077554262399
248  0.078576158821  0.078576158821  0.002812455536  -0.000026321274   0.081362293083  -0.075814613856
249  0.078579967631  0.078579967631  0.002847041925  -0.000016519142   0.081410490414  -0.077022487660
250  0.078580264855  0.078580264855  0.002870791957  -0.000011365223   0.081439691589  -0.077809004630
251  0.078602136545  0.078602136545  0.002772406695  -0.000013471356   0.081361071884  -0.075074493078
252  0.078605463804  0.078605463804  0.002761800860  -0.000013324463   0.081353940200  -0.074789890622
253  0.078606306103  0.078606306103  0.002761351630  -0.000004900402   0.081362757331  -0.075006896955
254  0.078617737740  0.078617737740  0.002754412054  -0.000014098536   0.081358051258  -0.074567767262
255  0.078642616404  0.078642616404  0.004221299641  -0.000033583952   0.082830332093  -0.113953606693
256  0.078665488475  0.078665488475  0.002833054354  -0.000045617096   0.081452925733  -0.075850070200
257  0.078681649479  0.078681649479  0.002782702977  -0.000014369446   0.081449983010  -0.075330231041
258  0.078686194124  0.078686194124  0.002901262710  -0.000092392778   0.081495064056  -0.076433283262
259  0.078688763008  0.078688763008  0.002797175656  -0.000012478987   0.081473459677  -0.075775494941
260  0.078691930189  0.078691930189  0.002827329768  -0.000048646044   0.081470613913  -0.075611874300
261  0.078697651215  0.078697651215  0.002817834730  -0.000034550436   0.081480935509  -0.075737062232
262  0.078699174474  0.078699174474  0.002798691241  -0.000017963186   0.081479902529  -0.075667503391
263  0.078702482380  0.078702482380  0.002763842086  -0.000009034327   0.081457290139  -0.074962175857
264  0.078705513836  0.078705513836  0.004128095613  -0.000034858444   0.082798751005  -0.111382713891
265  0.078707690802  0.078707690802  0.002790756938  -0.000034435531   0.081464012209  -0.075003364335
266  0.078719254211  0.078719254211  0.004114253934  -0.000042662585   0.082790845560  -0.110793700829
267  0.078794082538  0.078794082538  0.002211033176  -0.000000254742   0.081004860972  -0.060158376281
268  0.078794125715  0.078794125715  0.002210879645  -0.000000227901   0.081004777460  -0.060154928881
269  0.078794144442  0.078794144442  0.002210770115  -0.000000244180   0.081004670377  -0.060151505427
270  0.078797132664  0.078797132664  0.002210082179  -0.000000042679   0.081007172164  -0.060138268856
271  0.078862110308  0.078862110308  0.004107191387  -0.000146112921   0.082823188774  -0.107786490561
272  0.078939865179  0.078939865179  0.003983986991  -0.000153118976   0.082770733194  -0.104243281904
273  0.079035159824  0.079035159824  0.004018341657  -0.000240751948   0.082812749534  -0.102793504621
274  0.079043393397  0.079043393397  0.004017969854  -0.000262066974   0.082799296277  -0.102203375636
275  0.079044451005  0.079044451005  0.003878045752  -0.000211139221   0.082711357536  -0.099781660372
276  0.079076292498  0.079076292498  0.003923071332  -0.000238848790   0.082760515040  -0.100252853286
277  0.079094964978  0.079094964978  0.003861439810  -0.000186421980   0.082769982809  -0.100002380191
278  0.079102894025  0.079102894025  0.003853937313  -0.000181286800   0.082775544538  -0.099937962166
279  0.079115610522  0.079115610522  0.003835805134  -0.000177590921   0.082773824735  -0.099545130237
280  0.079166244237  0.079166244237  0.002539340057  -0.000001187051   0.081704397243  -0.069066696725
281  0.079170796531  0.079170796531  0.002531945672  -0.000001032910   0.081701709293  -0.068869679537
282  0.079177848825  0.079177848825  0.002533005387  -0.000000698695   0.081710155517  -0.068907610322
283  0.079181496737  0.079181496737  0.002533065795  -0.000001280021   0.081713282511  -0.068893435396
284  0.079350057114  0.079350057114  0.003523381554  -0.000010526367   0.082862912302  -0.095589707655
285  0.079358817986  0.079358817986  0.003653033094  -0.000088873076   0.082922978004  -0.096985783912
286  0.079433397829  0.079433397829  0.003521224990  -0.000095954171   0.082858668648  -0.093206414363
287  0.079460850620  0.079460850620  0.003479786975  -0.000095244576   0.082845393019  -0.092098137056
288  0.079520854449  0.079520854449  0.003466813120  -0.000049985225   0.082937682344  -0.092976670602
289  0.079579405146  0.079579405146  0.003503372981  -0.000094057860   0.082988720267  -0.092772237481
290  0.079600514915  0.079600514915  0.003431956175  -0.000081719613   0.082950751478  -0.091164627190
291  0.079645430212  0.079645430212  0.003429278416  -0.000095722645   0.082978985983  -0.090710719490
292  0.079666699311  0.079666699311  0.003300830107  -0.000047839683   0.082919689736  -0.088518423641
293  0.079706833837  0.079706833837  0.003341504881  -0.000057092903   0.082991245815  -0.089373448103
294  0.079722777435  0.079722777435  0.003289778905  -0.000065789364   0.082946766976  -0.087729268994
295  0.079763228120  0.079763228120  0.003254228566  -0.000105770827   0.082911685860  -0.085673942932
296  0.079809910215  0.079809910215  0.003212580748  -0.000029886568   0.082992604394  -0.086605564395
297  0.079819516933  0.079819516933  0.003197231564  -0.000036104397   0.082980644101  -0.086018695804
298  0.079861820945  0.079861820945  0.003200831877  -0.000076402487   0.082986250335  -0.085020097880
299  0.079871309194  0.079871309194  0.003204866208  -0.000086373671   0.082989801731  -0.084858547822
300  0.079948659183  0.079948659183  0.003099714492  -0.000014613860   0.083033759815  -0.083949907351
301  0.080005482945  0.080005482945  0.003107996158  -0.000051201514   0.083062277589  -0.083179661778
302  0.080021991864  0.080021991864  0.002919531522  -0.000035408713   0.082906114674  -0.078481019411
303  0.080023353554  0.080023353554  0.003112254757  -0.000068094707   0.083067513604  -0.082835856789
304  0.080068271689  0.080068271689  0.002900951397  -0.000022893509   0.082946329577  -0.078315984411
305  0.080069285887  0.080069285887  0.002899667225  -0.000020381800   0.082948571313  -0.078349387429
306  0.080071936880  0.080071936880  0.002996548463  -0.000043342729   0.083025142614  -0.080360862490
307  0.080077754286  0.080077754286  0.002836468543  -0.000021836867   0.082892385961  -0.076590068370
308  0.080083159690  0.080083159690  0.002894909608  -0.000053903246   0.082924166052  -0.077307760522
309  0.080087756158  0.080087756158  0.002889315518  -0.000027922662   0.082949149014  -0.077862505567
310  0.080088576107  0.080088576107  0.002889894674  -0.000063024960   0.082915445821  -0.076923082533
311  0.080092350644  0.080092350644  0.002837121273  -0.000023654293   0.082905817624  -0.076558375386
312  0.080097854426  0.080097854426  0.002860947458  -0.000013968263   0.082944833621  -0.077470289655
313  0.080103475615  0.080103475615  0.002876957313  -0.000022208118   0.082958224810  -0.077681722254
314  0.080114273198  0.080114273198  0.002915118045  -0.000036229196   0.082993162048  -0.078338596038
315  0.080118446143  0.080118446143  0.002893905881  -0.000041410582   0.082970941442  -0.077620390578
316  0.080142043485  0.080142043485  0.002760299084  -0.000012066831   0.082890275738  -0.074783247120
317  0.080158726914  0.080158726914  0.002807404873  -0.000007606032   0.082958525755  -0.076186446194
318  0.080166324216  0.080166324216  0.002780839567  -0.000018478369   0.082928685414  -0.075167715515
319  0.080186739540  0.080186739540  0.002812589242  -0.000019615878   0.082979712904  -0.076000715407
320  0.080195599158  0.080195599158  0.002800339067  -0.000006952292   0.082988985933  -0.076011964874
321  0.080204451407  0.080204451407  0.002881952763  -0.000010119302   0.083076284868  -0.078146609054
322  0.080213236074  0.080213236074  0.002737967517  -0.000015995259   0.082935208332  -0.074068675909
323  0.080221372250  0.080221372250  0.002810207174  -0.000011450798   0.083020128625  -0.076158079234
324  0.080222810782  0.080222810782  0.002811617623  -0.000009687943   0.083024740462  -0.076244429289
325  0.080234738589  0.080234738589  0.002769860999  -0.000015577456   0.082989022132  -0.074947911200
326  0.080235361653  0.080235361653  0.002762250967  -0.000014625244   0.082982987376  -0.074766742594
327  0.080249880017  0.080249880017  0.002729432530  -0.000013030786   0.082966281761  -0.073917094415
328  0.080284865305  0.080284865305  0.002768545608  -0.000009250776   0.083044160137  -0.075084275395
329  0.080286437422  0.080286437422  0.002742677218  -0.000010716670   0.083018397970  -0.074340471262
330  0.080296223533  0.080296223533  0.002831696116  -0.000021288368   0.083106631280  -0.076475129380
331  0.080305184462  0.080305184462  0.002967475003  -0.000025264236   0.083247395229  -0.080061674061
332  0.080313573284  0.080313573284  0.003007754445  -0.000027504252   0.083293823478  -0.081096780116
333  0.080374163048  0.080374163048  0.003115378925  -0.000019749380   0.083469792593  -0.084236413814
334  0.080389236222  0.080389236222  0.003277562178  -0.000094598383   0.083572200017  -0.086612901011
335  0.080391556255  0.080391556255  0.003191084571  -0.000076588610   0.083506052215  -0.084749795388
336  0.080407483513  0.080407483513  0.003139766387  -0.000042429272   0.083504820628  -0.084282879165
337  0.080428192104  0.080428192104  0.003150061662  -0.000043665732   0.083534588034  -0.084529382196
338  0.080437879703  0.080437879703  0.003180651951  -0.000070577507   0.083547954147  -0.084629479729
339  0.080448548672  0.080448548672  0.003150882300  -0.000032684043   0.083566746929  -0.084850540052
340  0.080462825512  0.080462825512  0.003016900223  -0.000026490039   0.083453235695  -0.081373247661
341  0.080464406909  0.080464406909  0.003068106562  -0.000038804109   0.083493709362  -0.082431560756
342  0.080470618556  0.080470618556  0.003068711972  -0.000035634144   0.083503696384  -0.082534294018
343  0.080477042944  0.080477042944  0.003122677050  -0.000046345762   0.083553374232  -0.083711281202
344  0.080503361944  0.080503361944  0.003040123932  -0.000033028463   0.083510457413  -0.081827277634
345  0.080506594296  0.080506594296  0.003079344136  -0.000048389859   0.083537548573  -0.082476509222
346  0.080520452015  0.080520452015  0.003053432502  -0.000058298827   0.083515585690  -0.081501780474
347  0.080523915476  0.080523915476  0.002999370495  -0.000057126318   0.083466159653  -0.080062583202
348  0.080543374067  0.080543374067  0.003082518101  -0.000076153227   0.083549738940  -0.081807397124
349  0.080548905508  0.080548905508  0.003065717299  -0.000070089183   0.083544533624  -0.081515234931
350  0.080563253524  0.080563253524  0.002950131752  -0.000015761159   0.083497624117  -0.079848331962
351  0.080567028912  0.080567028912  0.003014215686  -0.000052005256   0.083529239342  -0.080605892894
352  0.080572344115  0.080572344115  0.002958947314  -0.000031924678   0.083499366751  -0.079648383760
353  0.080584390821  0.080584390821  0.002954430717  -0.000029689263   0.083509132275  -0.079586309616
354  0.080587480431  0.080587480431  0.002981058849  -0.000015260476   0.083553278804  -0.080703525856
355  0.080592267431  0.080592267431  0.002863784466  -0.000011386753   0.083444665144  -0.077617735125
356  0.080601139955  0.080601139955  0.002936383723  -0.000025870233   0.083511653445  -0.079199146783
357  0.080607991349  0.080607991349  0.002933265120  -0.000014807058   0.083526449410  -0.079415329687
358  0.080610993628  0.080610993628  0.002909227100  -0.000039422914   0.083480797814  -0.078091389621
359  0.080619991223  0.080619991223  0.002929988523  -0.000017370869   0.083532608876  -0.079256404014
360  0.080624141336  0.080624141336  0.002934455783  -0.000015642800   0.083542954320  -0.079424987618
361  0.080627157482  0.080627157482  0.002940026500  -0.000018812284   0.083548371698  -0.079490328528
362  0.080634763441  0.080634763441  0.002895786631  -0.000023583314   0.083506966759  -0.078156673361
363  0.080637098686  0.080637098686  0.002886085106  -0.000023355231   0.083499828560  -0.077898887705
364  0.080651162525  0.080651162525  0.002948488306  -0.000019199492   0.083580451339  -0.079710049641
365  0.080652640904  0.080652640904  0.002904120701  -0.000027900821   0.083528860784  -0.078265969663
366  0.080655603730  0.080655603730  0.002940671241  -0.000019581299   0.083576693672  -0.079486946847
367  0.080656494077  0.080656494077  0.002890225663  -0.000019590965   0.083527128775  -0.078113989022
368  0.080661150388  0.080661150388  0.002908459015  -0.000024291568   0.083545317835  -0.078482234061
369  0.080666722486  0.080666722486  0.002995683729  -0.000030459383   0.083631946832  -0.080687905774
370  0.080669272269  0.080669272269  0.002901445574  -0.000015885592   0.083554832251  -0.078520126887
371  0.080671410409  0.080671410409  0.002918422820  -0.000015786928   0.083574046301  -0.078984786300
372  0.080676054137  0.080676054137  0.002927576440  -0.000023633604   0.083579996972  -0.079020350072
373  0.080685594532  0.080685594532  0.002859393890  -0.000007339942   0.083537648480  -0.077608380803
374  0.080688691189  0.080688691189  0.002888916345  -0.000008413420   0.083569194114  -0.078382517305
375  0.080692942404  0.080692942404  0.002902944210  -0.000016239100   0.083579647514  -0.078551287425
376  0.080694430620  0.080694430620  0.002966432161  -0.000036533162   0.083624329619  -0.079726653617
377  0.080700567737  0.080700567737  0.002880457117  -0.000008018405   0.083573006449  -0.078163078780
378  0.080714739939  0.080714739939  0.002898775740  -0.000018503505   0.083595012175  -0.078376239920
379  0.080719743595  0.080719743595  0.002842988884  -0.000012270781   0.083550461698  -0.077027802592
380  0.080735184387  0.080735184387  0.002789532347  -0.000008826349   0.083515890385  -0.075666903205
381  0.080746981379  0.080746981379  0.002838990847  -0.000009363963   0.083576608263  -0.076998108986
382  0.080750111726  0.080750111726  0.002821282150  -0.000013314565   0.083558079311  -0.076408729149
383  0.080754354821  0.080754354821  0.002825290805  -0.000005628580   0.083574017046  -0.076726956667
384  0.080764074639  0.080764074639  0.002819723339  -0.000007045299   0.083576752678  -0.076536907205
385  0.080767844029  0.080767844029  0.002741982661  -0.000008870325   0.083500956365  -0.074371813027
386  0.080770501673  0.080770501673  0.002676590445  -0.000006382411   0.083440709707  -0.072660098890
387  0.080778909336  0.080778909336  0.002686649090  -0.000006765474   0.083458792953  -0.072923385053
388  0.080779397917  0.080779397917  0.002690443808  -0.000013241446   0.083456600279  -0.072850424335
389  0.080790025357  0.080790025357  0.002615289463  -0.000006671343   0.083398643477  -0.070984151098
390  0.080794110290  0.080794110290  0.002611556540  -0.000008221768   0.083397445063  -0.070840383836
391  0.080796748375  0.080796748375  0.002599700324  -0.000009408140   0.083387040560  -0.070485476742
392  0.080805025186  0.080805025186  0.002865217406  -0.000014152832   0.083656089759  -0.077581458538
393  0.080809209316  0.080809209316  0.002809474372  -0.000009037196   0.083609646492  -0.076203816171
394  0.080818514809  0.080818514809  0.002851667756  -0.000012875863   0.083657306702  -0.077247501724
395  0.080830109279  0.080830109279  0.002906287370  -0.000052760273   0.083683636377  -0.077648467262
396  0.080851356831  0.080851356831  0.002921922594  -0.000006480124   0.083766799301  -0.079333271234
397  0.080862769085  0.080862769085  0.002796159922  -0.000014422061   0.083644506946  -0.075694981625
398  0.080867723913  0.080867723913  0.002965893251  -0.000007619025   0.083825998139  -0.080498783281
399  0.080872863038  0.080872863038  0.002714974371  -0.000008027683   0.083579809726  -0.073659809109
400  0.080884884571  0.080884884571  0.002744983564  -0.000010170173   0.083619697962  -0.074418101090
401  0.080891882754  0.080891882754  0.002801466897  -0.000005194644   0.083688155007  -0.076090482779
402  0.080901909596  0.080901909596  0.002868038774  -0.000054930850   0.083715017519  -0.076548604955
403  0.080911832668  0.080911832668  0.002944387481  -0.000043266576   0.083812953573  -0.078943561406
404  0.080914559113  0.080914559113  0.002882207322  -0.000050811127   0.083745955308  -0.077046254409
405  0.080925843236  0.080925843236  0.002747208806  -0.000022299045   0.083650752997  -0.074148609470
406  0.080929207938  0.080929207938  0.002652595772  -0.000017197113   0.083564606597  -0.071712887068
407  0.080932768636  0.080932768636  0.002676995543  -0.000024102444   0.083585661736  -0.072188935290
408  0.080934430462  0.080934430462  0.002697518776  -0.000031726596   0.083600222642  -0.072539937339
409  0.080941894187  0.080941894187  0.002553528469  -0.000019516855   0.083475905802  -0.068954003644
410  0.080944028177  0.080944028177  0.002460893633  -0.000008259382   0.083396662428  -0.066739611639
411  0.080946965242  0.080946965242  0.002911876425  -0.000051040241   0.083807801427  -0.077847357755
412  0.080955320216  0.080955320216  0.002487051590  -0.000008432350   0.083433939456  -0.067446699594
413  0.080963516809  0.080963516809  0.002724469566  -0.000040216954   0.083647769421  -0.073042271547
414  0.080964483204  0.080964483204  0.002482430460  -0.000011716712   0.083435196951  -0.067231580076
415  0.080966708016  0.080966708016  0.002748303808  -0.000043128365   0.083671883458  -0.073611611033
416  0.081028049447  0.081028049447  0.003117164097  -0.000001974632   0.084143238911  -0.084768666597
417  0.081067396800  0.081067396800  0.002465486038  -0.000003706202   0.083529176636  -0.066988475836
418  0.081069898041  0.081069898041  0.002443316436  -0.000002179272   0.083511035206  -0.066426759841
419  0.081072342996  0.081072342996  0.002429422462  -0.000002286866   0.083499478592  -0.066045757544
420  0.081090837666  0.081090837666  0.002936073166  -0.000067233140   0.083959677693  -0.078065153496
421  0.081094371813  0.081094371813  0.002465110567  -0.000016160208   0.083543322171  -0.066639367796
422  0.081097216416  0.081097216416  0.003127721018  -0.000020500427   0.084204437008  -0.084551822410
423  0.081098704293  0.081098704293  0.003157371016  -0.000005477153   0.084250598157  -0.085767444677
424  0.081104806851  0.081104806851  0.003105322917  -0.000075741437   0.084134388331  -0.082439153476
425  0.081110898732  0.081110898732  0.003124564420  -0.000124654200   0.084110808953  -0.081631756980
426  0.081126099361  0.081126099361  0.003172507411  -0.000028337270   0.084270269502  -0.085557271373
427  0.081127889712  0.081127889712  0.003187437550  -0.000029519402   0.084285807859  -0.085931373877
428  0.081133534631  0.081133534631  0.003175154614  -0.000025970385   0.084282718859  -0.085693711709
429  0.081141805841  0.081141805841  0.003011155938  -0.000048913339   0.084104048440  -0.080606768257
430  0.081146987004  0.081146987004  0.002981753682  -0.000025961446   0.084102779239  -0.080431244829
431  0.081175288877  0.081175288877  0.003009192135  -0.000074312685   0.084110168328  -0.079862178686
432  0.081187066226  0.081187066226  0.002983643602  -0.000058411295   0.084112298533  -0.079599666401
433  0.081188146278  0.081188146278  0.002994179712  -0.000061633875   0.084120692115  -0.079798677798
434  0.081192946141  0.081192946141  0.003000302986  -0.000067989630   0.084125259497  -0.079792351658
435  0.081197803539  0.081197803539  0.003054335176  -0.000072881430   0.084179257286  -0.081129530483
436  0.081222922111  0.081222922111  0.003022649327  -0.000055984506   0.084189586932  -0.080727103111
437  0.081229370057  0.081229370057  0.003058424986  -0.000060451005   0.084227344038  -0.081579069193
438  0.081243127177  0.081243127177  0.002839540112  -0.000024902294   0.084057764995  -0.076590235521
439  0.081263167695  0.081263167695  0.002969950346  -0.000084896167   0.084148221875  -0.078506363296
440  0.081268563261  0.081268563261  0.002863187207  -0.000020892369   0.084110858099  -0.077342821746
441  0.081280559462  0.081280559462  0.002877023049  -0.000031536091   0.084126046420  -0.077429683819
442  0.081289379641  0.081289379641  0.002829257604  -0.000042465521   0.084076171725  -0.075832514103
443  0.081310375404  0.081310375404  0.002864335209  -0.000027001860   0.084147708753  -0.077207812699
444  0.081323002134  0.081323002134  0.002855292381  -0.000008137595   0.084170156920  -0.077475067752
445  0.081327671620  0.081327671620  0.002843126611  -0.000009916079   0.084160882152  -0.077095625074
446  0.081348087964  0.081348087964  0.002916389444  -0.000022504269   0.084241973138  -0.078746667033
447  0.081349583701  0.081349583701  0.002851420417  -0.000021270660   0.084179733458  -0.077012337091
448  0.081356760003  0.081356760003  0.002838799890  -0.000025346447   0.084170213445  -0.076558007006
449  0.081369441668  0.081369441668  0.002790460223  -0.000028686586   0.084131215305  -0.075151727125
450  0.081380834646  0.081380834646  0.002839989334  -0.000016281093   0.084204542887  -0.076837054427
451  0.081385991843  0.081385991843  0.002779894861  -0.000022378102   0.084143508602  -0.075035891548
452  0.081391351668  0.081391351668  0.002801671943  -0.000020618927   0.084172404685  -0.075676346047
453  0.081402514699  0.081402514699  0.002820667163  -0.000009651007   0.084213530855  -0.076491685015
454  0.081406608447  0.081406608447  0.002820673960  -0.000010462606   0.084216819801  -0.076469785219
455  0.081421002789  0.081421002789  0.002770375588  -0.000007929832   0.084183448545  -0.075170016434
456  0.081428935001  0.081428935001  0.002782471289  -0.000009753029   0.084201653261  -0.075449545671
457  0.081439723451  0.081439723451  0.002750705755  -0.000011009117   0.084179420089  -0.074550981095
458  0.081460380268  0.081460380268  0.002742548190  -0.000005217541   0.084197710916  -0.074486599203
459  0.081471634296  0.081471634296  0.002724052788  -0.000004504299   0.084191182785  -0.074002721753
460  0.081508806940  0.081508806940  0.002661976985  -0.000007694806   0.084163089120  -0.072226734098
461  0.081532923735  0.081532923735  0.002635334531  -0.000016340506   0.084151917760  -0.071266494014
462  0.081593034816  0.081593034816  0.002587074544  -0.000007167229   0.084172942131  -0.070202889916
463  0.081607266095  0.081607266095  0.002575432050  -0.000004508822   0.084178189322  -0.069958420309
464  0.081743844592  0.081743844592  0.003423494365  -0.000024077863   0.085143261094  -0.092502882201
465  0.081750998609  0.081750998609  0.003424489622  -0.000032116568   0.085143371663  -0.092311220114
466  0.081801444618  0.081801444618  0.003329014915  -0.000032745769   0.085097713764  -0.089696098230
467  0.081950916539  0.081950916539  0.003243159082  -0.000088169092   0.085105906529  -0.085851694610
468  0.081954917057  0.081954917057  0.003362168701  -0.000118253155   0.085198832603  -0.088271483490
469  0.081965228604  0.081965228604  0.003196850157  -0.000083941449   0.085078137312  -0.084706604006
470  0.081976372880  0.081976372880  0.003206457854  -0.000090008028   0.085092822706  -0.084802962805
471  0.081989832901  0.081989832901  0.003346708736  -0.000142356209   0.085194185429  -0.087194918358
472  0.082014300679  0.082014300679  0.003198349527  -0.000068382678   0.085144267529  -0.085170779935
473  0.082026955355  0.082026955355  0.003169233442  -0.000063611728   0.085132577069  -0.084508314726
474  0.082030659073  0.082030659073  0.003175338745  -0.000076710372   0.085129287446  -0.084318016092
475  0.082082048585  0.082082048585  0.003273520045  -0.000201460333   0.085154108296  -0.083595045631
476  0.082341041238  0.082341041238  0.003248444305  -0.000066990123   0.085522495420  -0.086571822333
477  0.082356285388  0.082356285388  0.003144458018  -0.000051050807   0.085449692599  -0.084175940982
478  0.082382034568  0.082382034568  0.003140190387  -0.000039704422   0.085482520534  -0.084368563800
479  0.082434264766  0.082434264766  0.003125603495  -0.000053212336   0.085506655925  -0.083604064794
480  0.082481828547  0.082481828547  0.002975547235  -0.000015915588   0.085441460194  -0.080535720594
481  0.082498720098  0.082498720098  0.003028251068  -0.000037988654   0.085488982512  -0.081369226645
482  0.082524658219  0.082524658219  0.002908619660  -0.000042048560   0.085391229318  -0.078003412818
483  0.082535504798  0.082535504798  0.002952287062  -0.000030618796   0.085457173064  -0.079502683842
484  0.082538863768  0.082538863768  0.003014508795  -0.000033292894   0.085520079669  -0.081123058368
485  0.082562545548  0.082562545548  0.002965434968  -0.000031305708   0.085496674808  -0.079841764953
486  0.082581328193  0.082581328193  0.002944474072  -0.000028011668   0.085497790597  -0.079361025059
487  0.082624981586  0.082624981586  0.002985299323  -0.000058134935   0.085552145974  -0.079652241029
488  0.082761305729  0.082761305729  0.003049615005  -0.000020823119   0.085790097616  -0.082417667548
489  0.082763011499  0.082763011499  0.003078157974  -0.000040115083   0.085801054390  -0.082669400333
490  0.082777958850  0.082777958850  0.003057036060  -0.000049939131   0.085785055780  -0.081827317385
491  0.082807212238  0.082807212238  0.003055314839  -0.000047892504   0.085814634572  -0.081836172109
492  0.082860816432  0.082860816432  0.002847308191  -0.000025472152   0.085682652471  -0.076786109184
493  0.082872789017  0.082872789017  0.002680540180  -0.000014861273   0.085538467924  -0.072536855017
494  0.082878507704  0.082878507704  0.002829294427  -0.000015472546   0.085692329584  -0.076568032719
495  0.082886383654  0.082886383654  0.002714925015  -0.000032544042   0.085568764628  -0.072991341631
496  0.082892118967  0.082892118967  0.002543355439  -0.000004474599   0.085430999807  -0.069086502081
497  0.082896066645  0.082896066645  0.002685192244  -0.000019379132   0.085561879757  -0.072540506933
498  0.082900295137  0.082900295137  0.002587527932  -0.000011524987   0.085476298082  -0.070096646535
499  0.082908999373  0.082908999373  0.002828433814  -0.000022153237   0.085715279950  -0.076362823299
500  0.082914281838  0.082914281838  0.002813684536  -0.000025618642   0.085702347732  -0.075867176271
501  0.082932143121  0.082932143121  0.002610087031  -0.000012569789   0.085529660363  -0.070682080681
502  0.082934238023  0.082934238023  0.002758295813  -0.000023479190   0.085669054646  -0.074418189054
503  0.082939286797  0.082939286797  0.002676537348  -0.000012353807   0.085603470338  -0.072496164003
504  0.082949087332  0.082949087332  0.002719245466  -0.000025731511   0.085642601286  -0.073294285611
505  0.082954351633  0.082954351633  0.002669907191  -0.000026630641   0.085597628183  -0.071927255513
506  0.082959577622  0.082959577622  0.002678865100  -0.000008976022   0.085629466700  -0.072651419663
507  0.082966185090  0.082966185090  0.002596900341  -0.000018196917   0.085544888515  -0.070170130369
508  0.082967783693  0.082967783693  0.002584651643  -0.000024265461   0.085528169875  -0.069671692546
509  0.082975655217  0.082975655217  0.002611880318  -0.000013812182   0.085573723352  -0.070697071275
510  0.082979639554  0.082979639554  0.002644288308  -0.000015794775   0.085608133087  -0.071524988930
511  0.082984553806  0.082984553806  0.002562064666  -0.000035458064   0.085511160408  -0.068752502877
512  0.083120656562  0.083120656562  0.003059079243  -0.000021060104   0.086158675701  -0.082668753993
513  0.083145802915  0.083145802915  0.003050605424  -0.000029479557   0.086166928782  -0.082209064417
514  0.083168862816  0.083168862816  0.002997579950  -0.000028880007   0.086137562758  -0.080782481614
515  0.083186255222  0.083186255222  0.002994818298  -0.000038316415   0.086142757105  -0.080450555336
516  0.083211684282  0.083211684282  0.002980031758  -0.000029238769   0.086162477270  -0.080295208329
517  0.083224628421  0.083224628421  0.002961486824  -0.000035967060   0.086150148184  -0.079607488490
518  0.083237320694  0.083237320694  0.002975329230  -0.000043612039   0.086169037885  -0.079776129174
519  0.083246320296  0.083246320296  0.002976092356  -0.000034717357   0.086187695295  -0.080038931642
520  0.083263836849  0.083263836849  0.002949901490  -0.000026608787   0.086187129552  -0.079546887052
521  0.083283003183  0.083283003183  0.002906075350  -0.000014950114   0.086174128420  -0.078671565273
522  0.083294223968  0.083294223968  0.002910426523  -0.000022914126   0.086181736366  -0.078573254849
523  0.083299331607  0.083299331607  0.002894570388  -0.000022640459   0.086171261535  -0.078149234059
524  0.083304413669  0.083304413669  0.002904623435  -0.000025601246   0.086183435857  -0.078342224379
525  0.083305315234  0.083305315234  0.002900609046  -0.000025430054   0.086180494225  -0.078237645618
526  0.083312747312  0.083312747312  0.002888723251  -0.000034928173   0.086166542390  -0.077655759389
527  0.083323942057  0.083323942057  0.002974927712  -0.000094976278   0.086203893490  -0.078367510446
528  0.083349016656  0.083349016656  0.002828545862  -0.000027056801   0.086150505716  -0.076232439413
529  0.083350399974  0.083350399974  0.002826445460  -0.000023160044   0.086153685391  -0.076281320783
530  0.083355106389  0.083355106389  0.002804362791  -0.000016518033   0.086142951148  -0.075861158853
531  0.083363198953  0.083363198953  0.002812576489  -0.000034674235   0.086141101207  -0.075590609409
532  0.083376256838  0.083376256838  0.002774237373  -0.000022762559   0.086127731653  -0.074871481768
533  0.083381250880  0.083381250880  0.002793408699  -0.000042957251   0.086131702328  -0.074843634528
534  0.083385291871  0.083385291871  0.002720917918  -0.000009978514   0.086096231276  -0.073768456504
535  0.083395644789  0.083395644789  0.002728209212  -0.000013660964   0.086110193037  -0.073866658195
536  0.083402903240  0.083402903240  0.002753388745  -0.000029577487   0.086126714499  -0.074118717681
537  0.083407631129  0.083407631129  0.002745125294  -0.000029907056   0.086122849367  -0.073884889552
538  0.083431737491  0.083431737491  0.002735921498  -0.000015763324   0.086151895666  -0.074019312152
539  0.083440385845  0.083440385845  0.002726523458  -0.000026851374   0.086140057929  -0.073461856945
540  0.083449406592  0.083449406592  0.002668891021  -0.000015130513   0.086103167100  -0.072212538696
541  0.083466481416  0.083466481416  0.002686290335  -0.000018043811   0.086134727941  -0.072606723485
542  0.083469535428  0.083469535428  0.002702757029  -0.000012444821   0.086159847637  -0.073207161635
543  0.083482041257  0.083482041257  0.002696253337  -0.000017636918   0.086160657676  -0.072888902820
544  0.083507299489  0.083507299489  0.002633947809  -0.000009422524   0.086131824774  -0.071417007346
545  0.083518714929  0.083518714929  0.002628869584  -0.000009535500   0.086138049013  -0.071275747487
546  0.083535459203  0.083535459203  0.002628973283  -0.000016579903   0.086147852583  -0.071086881225
547  0.083543568436  0.083543568436  0.002615869466  -0.000012707766   0.086146730135  -0.070835674269
548  0.083835068852  0.083835068852  0.002982389089  -0.000017531177   0.086799926763  -0.080677934575
549  0.083845277795  0.083845277795  0.002985536846  -0.000016891692   0.086813922949  -0.080780990754
550  0.083853647778  0.083853647778  0.002996151471  -0.000035216353   0.086814582896  -0.080571189864
551  0.083862572140  0.083862572140  0.003012430314  -0.000048973435   0.086826029019  -0.080639810517
552  0.083871830252  0.083871830252  0.003012686516  -0.000057452560   0.086827064208  -0.080416053288
553  0.083893843333  0.083893843333  0.002942275821  -0.000043424155   0.086792694999  -0.078881812226
554  0.083897388500  0.083897388500  0.003000714000  -0.000081499031   0.086816603469  -0.079435926209
555  0.083910029204  0.083910029204  0.002918326319  -0.000043992981   0.086784362542  -0.078214634205
556  0.083919095614  0.083919095614  0.002906993537  -0.000029458015   0.086796631136  -0.078301770104
557  0.083947069067  0.083947069067  0.002872550945  -0.000036162059   0.086783457954  -0.077182112552
558  0.083954773941  0.083954773941  0.002864253663  -0.000041802425   0.086777225178  -0.076802849605
559  0.083959116038  0.083959116038  0.002941004556  -0.000085230213   0.086814890381  -0.077709617946
560  0.084751591109  0.084751591109  0.002815429759  -0.000001556160   0.087565464709  -0.076569440062
561  0.084804020369  0.084804020369  0.002823397314  -0.000050626691   0.087576790993  -0.075450970538
562  0.084804696020  0.084804696020  0.002822397285  -0.000050851026   0.087576242280  -0.075417653885
563  0.084806817173  0.084806817173  0.002819579710  -0.000050906275   0.087575490609  -0.075339480318
564  0.085199481183  0.085199481183  0.002922724485  -0.000026875724   0.088095329944  -0.078800098980
565  0.085217000603  0.085217000603  0.002895450257  -0.000024520422   0.088087930438  -0.078122020113
566  0.085219291802  0.085219291802  0.002893723164  -0.000025136119   0.088087878847  -0.078058269522
567  0.085227838036  0.085227838036  0.002885809020  -0.000028214098   0.088085432958  -0.077759158475
568  0.085462619574  0.085462619574  0.002837953094  -0.000022577891   0.088277994778  -0.076610300811
569  0.085466424551  0.085466424551  0.002822761167  -0.000019229286   0.088269956432  -0.076288027434
570  0.085478478630  0.085478478630  0.002828638132  -0.000030817667   0.088276299095  -0.076132611797
571  0.085487480178  0.085487480178  0.002813174166  -0.000027343832   0.088273310512  -0.075806343565
572  0.085819862522  0.085819862522  0.002939119937  -0.000014958699   0.088744023760  -0.079570521118
573  0.085821205384  0.085821205384  0.002938208031  -0.000015452271   0.088743961144  -0.079532276086
574  0.085826594289  0.085826594289  0.002927326946  -0.000014902580   0.088739018655  -0.079251144391
575  0.085835489455  0.085835489455  0.002919400300  -0.000018104798   0.088736784956  -0.078948312408
