972 
I -29.02 23.456 -29.3191
I -35.5201 28.5468 -28.7486
I -29.2815 17.6726 -35.8164
I -35.4418 17.4913 -29.531
I -28.2085 23.3706 -5.94722
I -35.1741 28.4496 -5.95956
I -35.2279 18.1878 -17.7587
I -28.2253 23.2892 -17.797
I -35.1759 28.6449 -17.678
I -28.8446 29.0143 -23.6257
I -28.766 17.3696 -11.8874
I -35.2358 18.334 -5.69155
I -28.2253 23.2892 17.797
I -35.1759 28.6449 17.678
I -35.2358 18.334 5.69155
I -28.2085 23.3706 5.94722
I -35.1741 28.4496 5.95956
I -28.6804 28.9894 0
I -28.766 17.3696 11.8874
I -35.2279 18.1878 17.7587
I -35.4418 17.4913 29.531
I -29.02 23.456 29.3191
I -35.5201 28.5468 28.7486
I -28.8446 29.0143 23.6257
I -29.2815 17.6726 35.8164
I -17.611 35.4694 -29.4805
I -17.5857 29.3618 -35.7939
I -28.7883 28.7356 -35.7595
Pb -29.5311 29.5164 -29.6912
Pb -29.1426 29.2566 -17.7166
I -28.7335 35.5227 -28.852
I -23.4519 29.0457 -29.4149
I -16.7553 35.1606 -6.02479
I -29.6328 35.3513 -17.6022
I -23.2559 29.8061 -17.7779
I -16.78 35.0578 -17.5745
I -17.3869 28.5028 -11.891
I -28.6577 28.9019 -11.8295
Pb -29.1574 29.3216 -5.92191
Pb -29.1574 29.3216 5.92191
I -30.0227 35.3481 -5.79283
I -23.2875 30.0128 -5.93163
I -16.78 35.0578 17.5745
I -30.0227 35.3481 5.79283
I -23.2875 30.0128 5.93163
I -16.7553 35.1606 6.02479
I -17.3869 28.5028 11.891
I -28.6577 28.9019 11.8295
Pb -29.1426 29.2566 17.7166
Pb -29.5311 29.5164 29.6912
I -29.6328 35.3513 17.6022
I -23.2559 29.8061 17.7779
I -28.7335 35.5227 28.852
I -23.4519 29.0457 29.4149
I -17.611 35.4694 29.4805
I -17.5857 29.3618 35.7939
I -28.7883 28.7356 35.7595
I -29.0536 0.101063 -29.3133
I -35.4879 6.13696 -29.6079
I -29.486 -5.65616 -35.7597
I -35.4212 -5.81407 -29.3546
I -27.9606 0.161351 -5.97231
I -35.127 5.08418 -6.23415
I -34.9633 -5.11398 -17.6305
I -27.7127 0.0516198 -17.8896
I -34.9942 4.98593 -17.3861
I -29.0731 6.00124 -23.7416
I -28.6056 -5.82782 -11.8373
I -34.9405 -5.16307 -5.75084
I -27.7127 0.0516198 17.8896
I -34.9942 4.98593 17.3861
I -34.9405 -5.16307 5.75084
I -27.9606 0.161351 5.97231
I -35.127 5.08418 6.23415
I -29.0753 6.09248 0
I -28.6056 -5.82782 11.8373
I -34.9633 -5.11398 17.6305
I -35.4212 -5.81407 29.3546
I -29.0536 0.101063 29.3133
I -35.4879 6.13696 29.6079
I -29.0731 6.00124 23.7416
I -29.486 -5.65616 35.7597
I -17.5187 11.7512 -29.7245
I -23.4371 17.5649 -29.663
I -17.8938 5.88943 -36.0704
I -29.3337 5.83156 -35.796
Pb -29.435 5.94013 -29.7069
Pb -29.4062 17.6282 -29.7197
Pb -28.9529 5.84358 -17.7839
Pb -29.1623 17.4324 -17.7915
I -28.9826 11.7758 -29.5468
I -23.4555 5.93433 -29.5714
I -16.2054 11.753 -6.24659
I -23.3 16.4594 -6.07311
I -30.0083 11.6333 -17.7779
I -23.1365 7.30349 -18.2092
I -15.962 11.6203 -18.0469
I -23.2306 16.254 -17.9125
I -28.8966 17.4609 -23.7408
I -17.5729 17.4845 -23.9283
I -17.771 5.832 -11.9935
I -28.3247 5.80012 -11.8825
Pb -29.1487 5.93136 -5.96859
Pb -29.2373 17.5491 -5.95806
Pb -29.1487 5.93136 5.96859
Pb -29.2373 17.5491 5.95806
I -29.9223 11.7344 -5.94179
I -23.2285 7.07434 -5.65157
I -15.962 11.6203 18.0469
I -23.2306 16.254 17.9125
I -29.9223 11.7344 5.94179
I -23.2285 7.07434 5.65157
I -16.2054 11.753 6.24659
I -23.3 16.4594 6.07311
I -28.6806 17.5588 0
I -17.7268 17.4086 0
I -17.771 5.832 11.9935
I -28.3247 5.80012 11.8825
Pb -28.9529 5.84358 17.7839
Pb -29.1623 17.4324 17.7915
Pb -29.435 5.94013 29.7069
Pb -29.4062 17.6282 29.7197
I -30.0083 11.6333 17.7779
I -23.1365 7.30349 18.2092
I -28.9826 11.7758 29.5468
I -23.4555 5.93433 29.5714
I -17.5187 11.7512 29.7245
I -23.4371 17.5649 29.663
I -28.8966 17.4609 23.7408
I -17.5729 17.4845 23.9283
I -17.8938 5.88943 36.0704
I -29.3337 5.83156 35.796
I -5.9218 23.4385 -29.8446
I -11.7539 29.04 -29.417
I -5.95319 17.5435 -36.0411
I -17.5892 17.6648 -36.0099
Pb -17.5875 17.6058 -29.9673
Pb -17.6143 29.4246 -29.712
Pb -17.3684 17.375 -17.9445
Pb -17.4143 29.0066 -17.7928
I -17.5541 23.4564 -29.6281
I -11.7412 17.5726 -29.6215
I -4.81079 23.1633 -6.14908
I -11.7106 27.9819 -6.01804
I -18.7301 23.1643 -18.0133
I -11.6277 18.9162 -18.1296
I -4.50152 23.1354 -17.8455
I -11.6198 27.844 -17.9275
I -17.5351 28.9132 -23.7384
I -5.84103 28.811 -23.7953
I -6.18468 17.1314 -12.0061
I -17.3257 17.5681 -11.9867
Pb -17.4994 17.4999 -6.015
Pb -17.4799 29.154 -5.96377
Pb -17.4994 17.4999 6.015
Pb -17.4799 29.154 5.96377
I -18.676 23.2799 -5.83746
I -11.7415 18.7395 -5.76155
I -4.50152 23.1354 17.8455
I -11.6198 27.844 17.9275
I -18.676 23.2799 5.83746
I -11.7415 18.7395 5.76155
I -4.81079 23.1633 6.14908
I -11.7106 27.9819 6.01804
I -17.497 28.8181 0
I -6.09779 28.5426 0
I -6.18468 17.1314 12.0061
I -17.3257 17.5681 11.9867
Pb -17.3684 17.375 17.9445
Pb -17.4143 29.0066 17.7928
Pb -17.5875 17.6058 29.9673
Pb -17.6143 29.4246 29.712
I -18.7301 23.1643 18.0133
I -11.6277 18.9162 18.1296
I -17.5541 23.4564 29.6281
I -11.7412 17.5726 29.6215
I -5.9218 23.4385 29.8446
I -11.7539 29.04 29.417
I -17.5351 28.9132 23.7384
I -5.84103 28.811 23.7953
I -5.95319 17.5435 36.0411
I -17.5892 17.6648 36.0099
I 5.56164 35.47 -29.6071
I 5.90092 29.2825 -35.7589
I -6.02112 29.3911 -35.8789
Pb -5.91779 29.3941 -29.774
Pb -5.8196 29.029 -17.8209
I -5.8182 35.4328 -29.5861
I -0.0787185 28.9514 -29.5623
I 6.46591 35.0342 -6.22338
I -6.66165 35.0762 -17.7808
I -0.0360522 29.9909 -17.8427
I 6.61334 34.9618 -17.3256
I 5.7284 28.235 -11.8442
I -5.72381 28.7274 -11.9
Pb -5.93578 29.0891 -5.95891
Pb -5.93578 29.0891 5.95891
I -6.64545 35.0867 -5.71399
I -0.129095 29.7298 -5.78489
I 6.61334 34.9618 17.3256
I -6.64545 35.0867 5.71399
I -0.129095 29.7298 5.78489
I 6.46591 35.0342 6.22338
I 5.7284 28.235 11.8442
I -5.72381 28.7274 11.9
Pb -5.8196 29.029 17.8209
Pb -5.91779 29.3941 29.774
I -6.66165 35.0762 17.7808
I -0.0360522 29.9909 17.8427
I -5.8182 35.4328 29.5861
I -0.0787185 28.9514 29.5623
I 5.56164 35.47 29.6071
I 5.90092 29.2825 35.7589
I -6.02112 29.3911 35.8789
I -29.0275 -23.2531 -29.1056
I -35.4513 -17.2357 -29.3552
I -28.813 -28.4844 -35.5921
I -35.5223 -28.3193 -28.5288
I -28.1666 -23.1369 -5.8731
I -35.0274 -17.8969 -6.12126
I -35.0387 -28.584 -17.4358
I -28.0677 -23.1958 -17.6297
I -35.0603 -18.0021 -17.2941
I -29.0341 -17.2664 -23.5721
I -28.4976 -28.8263 -11.7266
I -34.965 -28.471 -5.87342
I -28.0677 -23.1958 17.6297
I -35.0603 -18.0021 17.2941
I -34.965 -28.471 5.87342
I -28.1666 -23.1369 5.8731
I -35.0274 -17.8969 6.12126
I -28.8745 -17.2133 0
I -28.4976 -28.8263 11.7266
I -35.0387 -28.584 17.4358
I -35.5223 -28.3193 28.5288
I -29.0275 -23.2531 29.1056
I -35.4513 -17.2357 29.3552
I -29.0341 -17.2664 23.5721
I -28.813 -28.4844 35.5921
I -17.538 -11.6024 -29.5699
I -23.4339 -5.72215 -29.8216
I -17.7362 -17.5621 -35.8402
I -29.2367 -17.4554 -35.6159
Pb -29.4049 -17.4228 -29.5344
Pb -29.3841 -5.73861 -29.6598
Pb -28.9999 -17.3509 -17.6404
Pb -28.8841 -5.74641 -17.7403
I -28.9535 -11.5722 -29.4017
I -23.4203 -17.3914 -29.3229
I -16.0687 -11.3265 -6.29895
I -22.9866 -6.68772 -6.19394
I -29.7806 -11.5504 -17.7029
I -23.0964 -16.1746 -18.0308
I -15.8494 -11.4611 -17.7657
I -23.0074 -7.12079 -17.6715
I -28.698 -5.79266 -23.6904
I -17.7275 -5.80443 -23.8724
I -17.5544 -17.3671 -11.8674
I -28.29 -17.3057 -11.766
Pb -29.005 -17.3 -5.8978
Pb -28.9164 -5.63743 -5.91443
Pb -29.005 -17.3 5.8978
Pb -28.9164 -5.63743 5.91443
I -29.423 -11.4718 -5.77686
I -23.0137 -16.4221 -5.55982
I -15.8494 -11.4611 17.7657
I -23.0074 -7.12079 17.6715
I -29.423 -11.4718 5.77686
I -23.0137 -16.4221 5.55982
I -16.0687 -11.3265 6.29895
I -22.9866 -6.68772 6.19394
I -28.3627 -5.46335 0
I -17.6338 -5.8005 0
I -17.5544 -17.3671 11.8674
I -28.29 -17.3057 11.766
Pb -28.9999 -17.3509 17.6404
Pb -28.8841 -5.74641 17.7403
Pb -29.4049 -17.4228 29.5344
Pb -29.3841 -5.73861 29.6598
I -29.7806 -11.5504 17.7029
I -23.0964 -16.1746 18.0308
I -28.9535 -11.5722 29.4017
I -23.4203 -17.3914 29.3229
I -17.538 -11.6024 29.5699
I -23.4339 -5.72215 29.8216
I -28.698 -5.79266 23.6904
I -17.7275 -5.80443 23.8724
I -17.7362 -17.5621 35.8402
I -29.2367 -17.4554 35.6159
I -5.86806 0.0531694 -29.9478
I -11.7441 5.86925 -29.9775
I -6.19281 -6.10376 -35.9927
I -17.4702 -5.8567 -35.9551
Pb -17.5664 -5.76507 -29.9178
Pb -17.6015 5.91033 -30.0357
Pb -17.2316 -5.64461 -17.8888
Pb -17.3645 5.81826 -17.9606
I -17.576 0.0732288 -29.6423
I -11.7205 -5.72944 -29.3992
I -4.44804 0.142274 -6.54503
I -11.6857 4.55647 -6.44758
I -18.9224 0.0800564 -18.1216
I -11.4823 -4.23246 -18.4157
I -4.30928 0.0271403 -17.6406
I -11.6 4.33277 -17.8172
I -17.3118 5.92195 -23.9765
I -6.12931 5.59512 -23.9924
I -6.11525 -6.2117 -11.9649
I -16.8453 -5.22714 -11.9423
Pb -17.2005 -5.51668 -5.99382
Pb -17.414 5.99032 -6.02158
Pb -17.2005 -5.51668 5.99382
Pb -17.414 5.99032 6.02158
I -18.5988 0.221168 -5.56158
I -11.4247 -4.31799 -5.48671
I -4.30928 0.0271403 17.6406
I -11.6 4.33277 17.8172
I -18.5988 0.221168 5.56158
I -11.4247 -4.31799 5.48671
I -4.44804 0.142274 6.54503
I -11.6857 4.55647 6.44758
I -17.2089 6.46362 0
I -6.54244 5.65729 0
I -6.11525 -6.2117 11.9649
I -16.8453 -5.22714 11.9423
Pb -17.2316 -5.64461 17.8888
Pb -17.3645 5.81826 17.9606
Pb -17.5664 -5.76507 29.9178
Pb -17.6015 5.91033 30.0357
I -18.9224 0.0800564 18.1216
I -11.4823 -4.23246 18.4157
I -17.576 0.0732288 29.6423
I -11.7205 -5.72944 29.3992
I -5.86806 0.0531694 29.9478
I -11.7441 5.86925 29.9775
I -17.3118 5.92195 23.9765
I -6.12931 5.59512 23.9924
I -6.19281 -6.10376 35.9927
I -17.4702 -5.8567 35.9551
I 5.79275 11.7309 -29.8823
I -0.0641978 17.5253 -29.7356
I 5.69093 5.70074 -35.9842
I -5.67804 6.11984 -36.0783
Pb -5.88595 5.8974 -30.0521
Pb -5.90628 17.5748 -30.0041
Pb -5.79672 5.81905 -18.0013
Pb -5.87354 17.3208 -17.9721
I -5.93652 11.731 -29.5587
I -0.0511398 5.9534 -29.4746
I 6.92182 11.4951 -6.46196
I -0.233147 16.1069 -6.32735
I -7.38441 11.5798 -18.3736
I -0.0375867 7.30034 -18.4409
I 7.21091 11.5216 -17.7018
I -0.0820633 15.898 -17.9017
I -5.79205 17.683 -23.9578
I 5.64932 17.2689 -23.9054
I 5.151 5.31068 -11.9803
I -5.57146 6.29224 -12.0255
Pb -5.93486 5.87085 -6.03282
Pb -5.99418 17.3848 -6.02908
Pb -5.93486 5.87085 6.03282
Pb -5.99418 17.3848 6.02908
I -7.29984 11.6335 -5.65478
I -0.170933 7.17667 -5.50481
I 7.21091 11.5216 17.7018
I -0.0820633 15.898 17.9017
I -7.29984 11.6335 5.65478
I -0.170933 7.17667 5.50481
I 6.92182 11.4951 6.46196
I -0.233147 16.1069 6.32735
I -5.8807 17.7534 0
I 5.04616 16.9552 0
I 5.151 5.31068 11.9803
I -5.57146 6.29224 12.0255
Pb -5.79672 5.81905 18.0013
Pb -5.87354 17.3208 17.9721
Pb -5.88595 5.8974 30.0521
Pb -5.90628 17.5748 30.0041
I -7.38441 11.5798 18.3736
I -0.0375867 7.30034 18.4409
I -5.93652 11.731 29.5587
I -0.0511398 5.9534 29.4746
I 5.79275 11.7309 29.8823
I -0.0641978 17.5253 29.7356
I -5.79205 17.683 23.9578
I 5.64932 17.2689 23.9054
I 5.69093 5.70074 35.9842
I -5.67804 6.11984 36.0783
I 17.3755 23.4292 -29.6073
I 11.5979 29.0583 -29.2396
I 17.4856 17.4878 -35.8334
I 5.92282 17.8548 -35.9948
Pb 5.77623 17.5852 -29.9612
Pb 5.761 29.4189 -29.6693
Pb 5.7226 17.2926 -17.9076
Pb 5.73426 28.927 -17.7409
I 5.76998 23.4387 -29.5034
I 11.6072 17.5554 -29.4854
I 18.1406 22.9216 -6.07415
I 11.4451 27.9362 -5.93448
I 4.34288 23.0904 -18.1801
I 11.4886 18.8031 -18.0703
I 18.5974 22.99 -17.6085
I 11.5299 27.706 -17.7881
I 5.66436 29.0744 -23.7032
I 17.3951 28.7133 -23.5802
I 16.9092 16.7918 -11.8705
I 5.82699 17.6501 -11.9439
Pb 5.55315 17.2418 -5.98017
Pb 5.66548 29.0457 -5.94595
Pb 5.55315 17.2418 5.98017
Pb 5.66548 29.0457 5.94595
I 4.61708 23.0889 -5.60206
I 11.3551 18.3543 -5.50156
I 18.5974 22.99 17.6085
I 11.5299 27.706 17.7881
I 4.61708 23.0889 5.60206
I 11.3551 18.3543 5.50156
I 18.1406 22.9216 6.07415
I 11.4451 27.9362 5.93448
I 5.60053 28.9748 0
I 17.1396 28.3529 0
I 16.9092 16.7918 11.8705
I 5.82699 17.6501 11.9439
Pb 5.7226 17.2926 17.9076
Pb 5.73426 28.927 17.7409
Pb 5.77623 17.5852 29.9612
Pb 5.761 29.4189 29.6693
I 4.34288 23.0904 18.1801
I 11.4886 18.8031 18.0703
I 5.76998 23.4387 29.5034
I 11.6072 17.5554 29.4854
I 17.3755 23.4292 29.6073
I 11.5979 29.0583 29.2396
I 5.66436 29.0744 23.7032
I 17.3951 28.7133 23.5802
I 17.4856 17.4878 35.8334
I 5.92282 17.8548 35.9948
I 28.5517 35.4906 -28.6135
I 28.6335 28.7397 -35.5877
I 17.4349 29.4217 -35.6359
Pb 17.459 29.3881 -29.5506
Pb 17.3262 28.8631 -17.662
I 17.4385 35.4258 -29.2212
I 23.2954 29.0049 -29.2354
I 29.4467 35.0826 -5.8533
I 16.8344 34.9344 -17.4564
I 23.1694 29.5961 -17.6313
I 29.447 35.2083 -17.3673
I 28.6025 28.6443 -11.7192
I 17.3338 28.4702 -11.7819
Pb 17.2487 28.8624 -5.88429
Pb 17.2487 28.8624 5.88429
I 16.8458 34.8942 -5.82499
I 23.1008 29.3272 -5.8227
I 29.447 35.2083 17.3673
I 16.8458 34.8942 5.82499
I 23.1008 29.3272 5.8227
I 29.4467 35.0826 5.8533
I 28.6025 28.6443 11.7192
I 17.3338 28.4702 11.7819
Pb 17.3262 28.8631 17.662
Pb 17.459 29.3881 29.5506
I 16.8344 34.9344 17.4564
I 23.1694 29.5961 17.6313
I 17.4385 35.4258 29.2212
I 23.2954 29.0049 29.2354
I 28.5517 35.4906 28.6135
I 28.6335 28.7397 35.5877
I 17.4349 29.4217 35.6359
I -17.6686 -35.3209 -29.3832
I -23.453 -28.8584 -29.2683
Pb -29.5391 -29.3046 -29.5313
Pb -29.0037 -29.1685 -17.5908
I -28.7592 -35.3205 -28.7473
I -16.6988 -34.9269 -5.91813
I -23.0127 -29.4255 -5.93905
I -29.4737 -35.2644 -17.5921
I -16.629 -34.976 -17.3707
I -23.111 -29.7048 -17.5834
I -28.803 -28.8472 -23.4706
I -17.5184 -28.8652 -23.5974
Pb -28.9274 -29.1001 -5.85753
Pb -28.9274 -29.1001 5.85753
I -29.3613 -35.1671 -5.73069
I -16.629 -34.976 17.3707
I -23.111 -29.7048 17.5834
I -29.3613 -35.1671 5.73069
I -16.6988 -34.9269 5.91813
I -23.0127 -29.4255 5.93905
I -28.4937 -28.6879 0
I -17.2863 -28.6084 0
Pb -29.0037 -29.1685 17.5908
Pb -29.5391 -29.3046 29.5313
I -29.4737 -35.2644 17.5921
I -28.7592 -35.3205 28.7473
I -17.6686 -35.3209 29.3832
I -23.453 -28.8584 29.2683
I -28.803 -28.8472 23.4706
I -17.5184 -28.8652 23.5974
I -5.92244 -23.3321 -29.7343
I -11.7284 -17.421 -29.6581
I -6.06788 -29.2919 -35.7406
I -17.5783 -29.1528 -35.6421
Pb -17.6135 -29.27 -29.5686
Pb -17.5783 -17.4533 -29.7982
Pb -17.2778 -28.9312 -17.6692
Pb -17.2491 -17.2418 -17.8018
I -17.5502 -23.3001 -29.3968
I -11.7508 -28.8924 -29.2348
I -4.53926 -23.0282 -6.31422
I -11.3585 -18.3508 -6.37365
I -18.5202 -23.0609 -17.9427
I -11.4766 -27.8464 -17.8806
I -4.47693 -23.1439 -17.5596
I -11.4811 -18.6894 -17.5517
I -17.2662 -17.2847 -23.7631
I -6.07793 -17.7564 -23.7958
I -5.6164 -28.93 -11.8257
I -17.0357 -28.3438 -11.7837
Pb -17.163 -28.8905 -5.89232
Pb -17.1372 -17.1301 -5.92747
Pb -17.163 -28.8905 5.89232
Pb -17.1372 -17.1301 5.92747
I -18.1277 -22.9604 -5.64104
I -11.3684 -27.8784 -5.78576
I -4.47693 -23.1439 17.5596
I -11.4811 -18.6894 17.5517
I -18.1277 -22.9604 5.64104
I -11.3684 -27.8784 5.78576
I -4.53926 -23.0282 6.31422
I -11.3585 -18.3508 6.37365
I -16.7541 -16.7503 0
I -5.97246 -17.664 0
I -5.6164 -28.93 11.8257
I -17.0357 -28.3438 11.7837
Pb -17.2778 -28.9312 17.6692
Pb -17.2491 -17.2418 17.8018
Pb -17.6135 -29.27 29.5686
Pb -17.5783 -17.4533 29.7982
I -18.5202 -23.0609 17.9427
I -11.4766 -27.8464 17.8806
I -17.5502 -23.3001 29.3968
I -11.7508 -28.8924 29.2348
I -5.92244 -23.3321 29.7343
I -11.7284 -17.421 29.6581
I -17.2662 -17.2847 23.7631
I -6.07793 -17.7564 23.7958
I -6.06788 -29.2919 35.7406
I -17.5783 -29.1528 35.6421
I 5.77897 -11.6645 -29.8225
I -0.037358 -5.79986 -29.9533
I 5.63913 -17.8256 -35.8666
I -5.75828 -17.4312 -35.8629
Pb -5.87633 -17.4692 -29.8257
Pb -5.88633 -5.79568 -29.9684
Pb -5.68447 -17.2979 -17.8575
Pb -5.73258 -5.7905 -17.9451
I -5.93525 -11.628 -29.3567
I -0.0388679 -17.4257 -29.2609
I 7.26834 -11.5747 -6.51778
I 0.0750845 -7.10774 -6.55775
I -7.18312 -11.561 -18.3772
I 0.109801 -16.0661 -18.3416
I 7.24264 -11.6275 -17.5436
I 0.0593469 -7.25292 -17.5463
I -5.4615 -5.49296 -23.9207
I 5.4523 -6.19135 -23.8665
I 5.70342 -17.8966 -11.9125
I -5.14045 -16.9006 -11.915
Pb -5.55136 -17.1842 -5.94438
Pb -5.6565 -5.64331 -5.97881
Pb -5.55136 -17.1842 5.94438
Pb -5.6565 -5.64331 5.97881
I -6.92634 -11.4271 -5.42525
I 0.261194 -16.0736 -5.46978
I 7.24264 -11.6275 17.5436
I 0.0593469 -7.25292 17.5463
I -6.92634 -11.4271 5.42525
I 0.261194 -16.0736 5.46978
I 7.26834 -11.5747 6.51778
I 0.0750845 -7.10774 6.55775
I -5.21215 -5.0352 0
I 5.24962 -6.32847 0
I 5.70342 -17.8966 11.9125
I -5.14045 -16.9006 11.915
Pb -5.68447 -17.2979 17.8575
Pb -5.73258 -5.7905 17.9451
Pb -5.87633 -17.4692 29.8257
Pb -5.88633 -5.79568 29.9684
I -7.18312 -11.561 18.3772
I 0.109801 -16.0661 18.3416
I -5.93525 -11.628 29.3567
I -0.0388679 -17.4257 29.2609
I 5.77897 -11.6645 29.8225
I -0.037358 -5.79986 29.9533
I -5.4615 -5.49296 23.9207
I 5.4523 -6.19135 23.8665
I 5.63913 -17.8256 35.8666
I -5.75828 -17.4312 35.8629
I 17.4545 0.0362487 -29.7617
I 11.6418 5.88213 -29.8256
I 17.35 -6.07793 -35.8288
I 6.15357 -5.65206 -35.925
Pb 5.81781 -5.80235 -29.8996
Pb 5.78591 5.87161 -29.956
Pb 5.86001 -5.81155 -17.917
Pb 5.70546 5.71705 -17.9352
I 5.72869 0.0373089 -29.3599
I 11.6539 -5.75182 -29.2123
I 18.5599 -0.265714 -6.46154
I 11.3366 4.3318 -6.52438
I 4.33586 -0.0657908 -18.4364
I 11.6384 -4.48508 -18.4601
I 18.6766 -0.091733 -17.5125
I 11.512 4.28182 -17.5495
I 6.08239 6.1161 -23.9056
I 17.1947 5.51592 -23.823
I 17.0703 -6.57179 -11.9307
I 6.4574 -5.42556 -11.9512
Pb 5.83935 -5.81127 -5.96677
Pb 5.57692 5.736 -6.00442
Pb 5.83935 -5.81127 5.96677
Pb 5.57692 5.736 6.00442
I 4.37069 -0.0593563 -5.38633
I 11.6263 -4.58213 -5.36356
I 18.6766 -0.091733 17.5125
I 11.512 4.28182 17.5495
I 4.37069 -0.0593563 5.38633
I 11.6263 -4.58213 5.36356
I 18.5599 -0.265714 6.46154
I 11.3366 4.3318 6.52438
I 5.92611 6.37386 0
I 16.6084 4.90738 0
I 17.0703 -6.57179 11.9307
I 6.4574 -5.42556 11.9512
Pb 5.86001 -5.81155 17.917
Pb 5.70546 5.71705 17.9352
Pb 5.81781 -5.80235 29.8996
Pb 5.78591 5.87161 29.956
I 4.33586 -0.0657908 18.4364
I 11.6384 -4.48508 18.4601
I 5.72869 0.0373089 29.3599
I 11.6539 -5.75182 29.2123
I 17.4545 0.0362487 29.7617
I 11.6418 5.88213 29.8256
I 6.08239 6.1161 23.9056
I 17.1947 5.51592 23.823
I 17.35 -6.07793 35.8288
I 6.15357 -5.65206 35.925
I 28.8748 11.7485 -29.359
I 23.2977 17.5434 -29.5077
I 29.2144 5.85296 -35.6399
I 17.8054 6.12372 -35.8931
Pb 17.5022 5.88212 -29.8607
Pb 17.4511 17.5655 -29.7936
Pb 17.31 5.69532 -17.8588
Pb 17.2222 17.2154 -17.8076
I 17.3958 11.7137 -29.3002
I 23.361 5.90995 -29.3274
I 29.3921 11.3857 -6.02675
I 23.0099 16.3769 -6.12974
I 15.9095 11.4584 -18.2849
I 23.1218 6.95943 -18.174
I 29.8501 11.4853 -17.5099
I 23.0881 16.0895 -17.6451
I 17.494 17.6634 -23.7629
I 28.6885 17.3891 -23.5798
I 28.275 5.3655 -11.7982
I 17.6718 5.93223 -11.8954
Pb 17.1286 5.47369 -5.91596
Pb 17.1251 17.0835 -5.93578
Pb 17.1286 5.47369 5.91596
Pb 17.1251 17.0835 5.93578
I 15.9884 11.2873 -5.53868
I 22.9213 6.64116 -5.50271
I 29.8501 11.4853 17.5099
I 23.0881 16.0895 17.6451
I 15.9884 11.2873 5.53868
I 22.9213 6.64116 5.50271
I 29.3921 11.3857 6.02675
I 23.0099 16.3769 6.12974
I 17.4929 17.3361 0
I 28.3625 17.1572 0
I 28.275 5.3655 11.7982
I 17.6718 5.93223 11.8954
Pb 17.31 5.69532 17.8588
Pb 17.2222 17.2154 17.8076
Pb 17.5022 5.88212 29.8607
Pb 17.4511 17.5655 29.7936
I 15.9095 11.4584 18.2849
I 23.1218 6.95943 18.174
I 17.3958 11.7137 29.3002
I 23.361 5.90995 29.3274
I 28.8748 11.7485 29.359
I 23.2977 17.5434 29.5077
I 17.494 17.6634 23.7629
I 28.6885 17.3891 23.5798
I 29.2144 5.85296 35.6399
I 17.8054 6.12372 35.8931
I 35.3691 28.5273 -28.5783
I 29.1613 17.6579 -35.6465
Pb 29.2594 17.5996 -29.5542
Pb 29.3741 29.4905 -29.5251
Pb 29.0275 17.2888 -17.6689
Pb 29.0589 29.1084 -17.5846
I 28.8665 23.4237 -29.1632
I 35.2941 17.519 -29.308
I 35.0535 28.3697 -5.82779
I 28.1448 23.1416 -17.6671
I 35.1058 17.9842 -17.7453
I 35.0888 28.5441 -17.5347
I 28.7186 28.9408 -23.4715
I 28.7237 17.2258 -11.782
Pb 29.0045 17.215 -5.88149
Pb 29.0185 29.0173 -5.85898
Pb 29.0045 17.215 5.88149
Pb 29.0185 29.0173 5.85898
I 28.241 23.0564 -5.82476
I 35.0338 17.7364 -5.69055
I 35.0888 28.5441 17.5347
I 28.241 23.0564 5.82476
I 35.0338 17.7364 5.69055
I 35.0535 28.3697 5.82779
I 28.5768 28.7053 0
I 28.7237 17.2258 11.782
Pb 29.0275 17.2888 17.6689
Pb 29.0589 29.1084 17.5846
Pb 29.2594 17.5996 29.5542
Pb 29.3741 29.4905 29.5251
I 28.1448 23.1416 17.6671
I 35.1058 17.9842 17.7453
I 28.8665 23.4237 29.1632
I 35.2941 17.519 29.308
I 35.3691 28.5273 28.5783
I 28.7186 28.9408 23.4715
I 29.1613 17.6579 35.6465
I 5.58892 -35.4379 -29.6496
I -0.0669549 -28.8801 -29.4195
Pb -5.91473 -29.2732 -29.6398
Pb -5.6907 -29.0837 -17.7389
I -5.87815 -35.3112 -29.4045
I 6.69441 -35.0762 -6.15348
I 0.212936 -29.6976 -6.15068
I -6.4324 -35.1174 -17.8779
I 6.70384 -35.2098 -17.3743
I 0.123815 -29.8883 -17.5805
I -5.75237 -28.6607 -23.6669
I 5.71117 -29.3082 -23.669
Pb -5.58271 -28.9816 -5.87905
Pb -5.58271 -28.9816 5.87905
I -6.3491 -34.9783 -5.56587
I 6.70384 -35.2098 17.3743
I 0.123815 -29.8883 17.5805
I -6.3491 -34.9783 5.56587
I 6.69441 -35.0762 6.15348
I 0.212936 -29.6976 6.15068
I -5.53238 -28.177 0
I 5.74479 -28.9506 0
Pb -5.6907 -29.0837 17.7389
Pb -5.91473 -29.2732 29.6398
I -6.4324 -35.1174 17.8779
I -5.87815 -35.3112 29.4045
I 5.58892 -35.4379 29.6496
I -0.0669549 -28.8801 29.4195
I -5.75237 -28.6607 23.6669
I 5.71117 -29.3082 23.669
I 17.3889 -23.3856 -29.7277
I 11.6553 -17.4408 -29.6736
I 17.3812 -29.358 -35.7459
I 5.83926 -29.1436 -35.6954
Pb 5.78139 -29.3694 -29.622
Pb 5.79887 -17.5257 -29.8358
Pb 5.93471 -29.181 -17.7441
Pb 5.86207 -17.4323 -17.8717
I 5.79409 -23.388 -29.2772
I 11.6329 -29.0094 -29.215
I 18.8963 -23.3699 -6.27246
I 11.7998 -18.8159 -6.39433
I 4.79715 -23.2741 -18.245
I 11.7445 -28.1953 -17.9551
I 18.3725 -23.3385 -17.6078
I 11.6796 -18.6441 -17.5831
I 6.13526 -17.231 -23.8102
I 17.2839 -17.9142 -23.7716
I 17.6301 -29.0757 -11.8728
I 6.25503 -28.4871 -11.8515
Pb 6.03783 -29.0553 -5.9145
Pb 6.05287 -17.3503 -5.91999
Pb 6.03783 -29.0553 5.9145
Pb 6.05287 -17.3503 5.91999
I 4.85877 -23.1407 -5.55362
I 11.838 -27.9642 -5.83442
I 18.3725 -23.3385 17.6078
I 11.6796 -18.6441 17.5831
I 4.85877 -23.1407 5.55362
I 11.838 -27.9642 5.83442
I 18.8963 -23.3699 6.27246
I 11.7998 -18.8159 6.39433
I 6.62172 -16.9032 0
I 17.3211 -18.0473 0
I 17.6301 -29.0757 11.8728
I 6.25503 -28.4871 11.8515
Pb 5.93471 -29.181 17.7441
Pb 5.86207 -17.4323 17.8717
Pb 5.78139 -29.3694 29.622
Pb 5.79887 -17.5257 29.8358
I 4.79715 -23.2741 18.245
I 11.7445 -28.1953 17.9551
I 5.79409 -23.388 29.2772
I 11.6329 -29.0094 29.215
I 17.3889 -23.3856 29.7277
I 11.6553 -17.4408 29.6736
I 6.13526 -17.231 23.8102
I 17.2839 -17.9142 23.7716
I 17.3812 -29.358 35.7459
I 5.83926 -29.1436 35.6954
I 28.886 -11.6303 -29.3868
I 23.3778 -5.74237 -29.8254
I 29.0914 -17.4685 -35.683
I 17.6745 -17.331 -35.8031
Pb 17.5174 -17.511 -29.7664
Pb 17.5031 -5.82372 -29.794
Pb 17.4905 -17.4845 -17.869
Pb 17.3615 -5.89763 -17.8804
I 17.4557 -11.6622 -29.1105
I 23.3752 -17.4836 -29.2103
I 30.0404 -11.823 -6.1446
I 23.1801 -7.23941 -6.36541
I 16.3106 -11.72 -18.4064
I 23.3721 -16.8259 -18.1554
I 29.6245 -11.7457 -17.73
I 23.2058 -6.9623 -17.5183
I 17.9328 -5.49997 -23.7911
I 28.6861 -5.91621 -23.6745
I 28.752 -17.6921 -11.8684
I 17.9561 -17.3324 -11.9245
Pb 17.5692 -17.5917 -5.92539
Pb 17.3669 -6.04824 -5.93433
Pb 17.5692 -17.5917 5.92539
Pb 17.3669 -6.04824 5.93433
I 16.176 -11.8413 -5.53777
I 23.3737 -16.448 -5.74386
I 29.6245 -11.7457 17.73
I 23.2058 -6.9623 17.5183
I 16.176 -11.8413 5.53777
I 23.3737 -16.448 5.74386
I 30.0404 -11.823 6.1446
I 23.1801 -7.23941 6.36541
I 17.9529 -5.70352 0
I 28.2818 -6.11281 0
I 28.752 -17.6921 11.8684
I 17.9561 -17.3324 11.9245
Pb 17.4905 -17.4845 17.869
Pb 17.3615 -5.89763 17.8804
Pb 17.5174 -17.511 29.7664
Pb 17.5031 -5.82372 29.794
I 16.3106 -11.72 18.4064
I 23.3721 -16.8259 18.1554
I 17.4557 -11.6622 29.1105
I 23.3752 -17.4836 29.2103
I 28.886 -11.6303 29.3868
I 23.3778 -5.74237 29.8254
I 17.9328 -5.49997 23.7911
I 28.6861 -5.91621 23.6745
I 29.0914 -17.4685 35.683
I 17.6745 -17.331 35.8031
I 35.4114 6.13477 -29.4733
I 29.4542 -5.5804 -35.7306
Pb 29.3108 -5.77642 -29.6409
Pb 29.3463 5.91184 -29.5633
Pb 29.1549 -5.89281 -17.7625
Pb 28.998 5.68857 -17.6756
I 28.9706 0.069969 -29.1625
I 35.3557 -5.84022 -29.3159
I 34.8927 5.06596 -5.99801
I 27.9534 -0.11832 -17.9295
I 35.1996 -5.50226 -17.8318
I 35.0329 4.90195 -17.2466
I 29.1392 5.95867 -23.6059
I 29.0665 -6.04469 -11.8461
Pb 29.0793 -6.04257 -5.8782
Pb 28.8476 5.54287 -5.89844
Pb 29.0793 -6.04257 5.8782
Pb 28.8476 5.54287 5.89844
I 27.8533 -0.264205 -5.77833
I 35.0697 -5.1547 -5.59395
I 35.0329 4.90195 17.2466
I 27.8533 -0.264205 5.77833
I 35.0697 -5.1547 5.59395
I 34.8927 5.06596 5.99801
I 28.7308 5.77943 0
I 29.0665 -6.04469 11.8461
Pb 29.1549 -5.89281 17.7625
Pb 28.998 5.68857 17.6756
Pb 29.3108 -5.77642 29.6409
Pb 29.3463 5.91184 29.5633
I 27.9534 -0.11832 17.9295
I 35.1996 -5.50226 17.8318
I 28.9706 0.069969 29.1625
I 35.3557 -5.84022 29.3159
I 35.4114 6.13477 29.4733
I 29.1392 5.95867 23.6059
I 29.4542 -5.5804 35.7306
I 28.6163 -35.4314 -28.9172
I 23.372 -28.8928 -29.3431
Pb 17.5104 -29.325 -29.6681
Pb 17.5429 -29.2808 -17.7927
I 17.4965 -35.371 -29.3656
I 30.2545 -35.4343 -5.98308
I 23.3948 -30.3176 -6.08029
I 17.252 -35.3086 -17.837
I 29.6326 -35.4329 -17.5676
I 23.4247 -29.5476 -17.8061
I 17.5462 -28.7788 -23.6959
I 28.9245 -29.0271 -23.6533
Pb 17.612 -29.2273 -5.89965
Pb 17.612 -29.2273 5.89965
I 16.6817 -35.2204 -5.70189
I 29.6326 -35.4329 17.5676
I 23.4247 -29.5476 17.8061
I 16.6817 -35.2204 5.70189
I 30.2545 -35.4343 5.98308
I 23.3948 -30.3176 6.08029
I 17.622 -28.4716 0
I 28.6267 -29.0462 0
Pb 17.5429 -29.2808 17.7927
Pb 17.5104 -29.325 29.6681
I 17.252 -35.3086 17.837
I 17.4965 -35.371 29.3656
I 28.6163 -35.4314 28.9172
I 23.372 -28.8928 29.3431
I 17.5462 -28.7788 23.6959
I 28.9245 -29.0271 23.6533
I 35.421 -17.3364 -29.5659
I 28.6354 -28.5351 -35.7506
Pb 29.4506 -29.4045 -29.7194
Pb 29.3537 -17.4935 -29.622
Pb 29.3582 -29.3788 -17.7644
Pb 29.3577 -17.5822 -17.7623
I 29.0043 -23.3423 -29.2023
I 35.4723 -28.5326 -28.8429
I 35.2986 -18.4949 -6.07581
I 28.6373 -23.4164 -17.8163
I 35.3857 -28.8144 -17.8053
I 35.3953 -18.0153 -17.4992
I 29.2675 -17.3938 -23.6688
I 28.9043 -29.0394 -11.8568
Pb 29.2328 -29.4149 -5.90991
Pb 29.2981 -17.6398 -5.92089
Pb 29.2328 -29.4149 5.90991
Pb 29.2981 -17.6398 5.92089
I 28.2023 -23.4698 -5.91704
I 35.2513 -28.4971 -5.94504
I 35.3953 -18.0153 17.4992
I 28.2023 -23.4698 5.91704
I 35.2513 -28.4971 5.94504
I 35.2986 -18.4949 6.07581
I 29.0126 -17.3669 0
I 28.9043 -29.0394 11.8568
Pb 29.3582 -29.3788 17.7644
Pb 29.3577 -17.5822 17.7623
Pb 29.4506 -29.4045 29.7194
Pb 29.3537 -17.4935 29.622
I 28.6373 -23.4164 17.8163
I 35.3857 -28.8144 17.8053
I 29.0043 -23.3423 29.2023
I 35.4723 -28.5326 28.8429
I 35.421 -17.3364 29.5659
I 29.2675 -17.3938 23.6688
I 28.6354 -28.5351 35.7506
