575
I -17.826000 35.652000 0.000000
I -17.826000 29.710000 -5.942000
I -23.768000 29.710000 0.000000
I -17.826000 35.652000 23.768000
I -23.768000 29.710000 11.884000
I -17.826000 35.652000 11.884000
I -17.826000 29.710000 17.826000
I -23.768000 29.710000 23.768000
I -17.826000 35.652000 47.536000
I -23.768000 29.710000 35.652000
I -17.826000 35.652000 35.652000
I -17.826000 29.710000 41.594000
I -23.768000 29.710000 47.536000
I -17.826000 11.884000 0.000000
I -23.768000 17.826000 0.000000
I -17.826000 5.942000 -5.942000
I -23.768000 5.942000 0.000000
I -17.826000 11.884000 23.768000
I -23.768000 17.826000 23.768000
I -23.768000 5.942000 11.884000
I -17.826000 11.884000 11.884000
I -23.768000 17.826000 11.884000
I -17.826000 17.826000 5.942000
I -17.826000 5.942000 17.826000
I -23.768000 5.942000 23.768000
I -17.826000 11.884000 47.536000
I -23.768000 17.826000 47.536000
I -23.768000 5.942000 35.652000
I -17.826000 11.884000 35.652000
I -23.768000 17.826000 35.652000
I -17.826000 17.826000 29.710000
I -17.826000 5.942000 41.594000
I -23.768000 5.942000 47.536000
I -17.826000 17.826000 53.478000
I -5.942000 23.768000 0.000000
I -11.884000 29.710000 0.000000
I -5.942000 17.826000 -5.942000
I -17.826000 17.826000 -5.942000
Pb -17.826000 17.826000 0.000000
Pb -17.826000 29.710000 0.000000
Pb -17.826000 17.826000 11.884000
Pb -17.826000 29.710000 11.884000
I -17.826000 23.768000 0.000000
I -11.884000 17.826000 0.000000
I -5.942000 23.768000 23.768000
I -11.884000 29.710000 23.768000
I -17.826000 23.768000 11.884000
I -11.884000 17.826000 11.884000
I -5.942000 23.768000 11.884000
I -11.884000 29.710000 11.884000
I -17.826000 29.710000 5.942000
I -5.942000 29.710000 5.942000
I -5.942000 17.826000 17.826000
I -17.826000 17.826000 17.826000
Pb -17.826000 17.826000 23.768000
Pb -17.826000 29.710000 23.768000
Pb -17.826000 17.826000 35.652000
Pb -17.826000 29.710000 35.652000
I -17.826000 23.768000 23.768000
I -11.884000 17.826000 23.768000
I -5.942000 23.768000 47.536000
I -11.884000 29.710000 47.536000
I -17.826000 23.768000 35.652000
I -11.884000 17.826000 35.652000
I -5.942000 23.768000 35.652000
I -11.884000 29.710000 35.652000
I -17.826000 29.710000 29.710000
I -5.942000 29.710000 29.710000
I -5.942000 17.826000 41.594000
I -17.826000 17.826000 41.594000
Pb -17.826000 17.826000 47.536000
Pb -17.826000 29.710000 47.536000
I -17.826000 23.768000 47.536000
I -11.884000 17.826000 47.536000
I -17.826000 29.710000 53.478000
I -5.942000 29.710000 53.478000
I 5.942000 35.652000 0.000000
I 5.942000 29.710000 -5.942000
I -5.942000 29.710000 -5.942000
Pb -5.942000 29.710000 0.000000
Pb -5.942000 29.710000 11.884000
I -5.942000 35.652000 0.000000
I 0.000000 29.710000 0.000000
I 5.942000 35.652000 23.768000
I -5.942000 35.652000 11.884000
I 0.000000 29.710000 11.884000
I 5.942000 35.652000 11.884000
I 5.942000 29.710000 17.826000
I -5.942000 29.710000 17.826000
Pb -5.942000 29.710000 23.768000
Pb -5.942000 29.710000 35.652000
I -5.942000 35.652000 23.768000
I 0.000000 29.710000 23.768000
I 5.942000 35.652000 47.536000
I -5.942000 35.652000 35.652000
I 0.000000 29.710000 35.652000
I 5.942000 35.652000 35.652000
I 5.942000 29.710000 41.594000
I -5.942000 29.710000 41.594000
Pb -5.942000 29.710000 47.536000
I -5.942000 35.652000 47.536000
I 0.000000 29.710000 47.536000
I -17.826000 -11.884000 0.000000
I -23.768000 -5.942000 0.000000
I -17.826000 -17.826000 -5.942000
I -23.768000 -17.826000 0.000000
I -17.826000 -11.884000 23.768000
I -23.768000 -5.942000 23.768000
I -23.768000 -17.826000 11.884000
I -17.826000 -11.884000 11.884000
I -23.768000 -5.942000 11.884000
I -17.826000 -5.942000 5.942000
I -17.826000 -17.826000 17.826000
I -23.768000 -17.826000 23.768000
I -17.826000 -11.884000 47.536000
I -23.768000 -5.942000 47.536000
I -23.768000 -17.826000 35.652000
I -17.826000 -11.884000 35.652000
I -23.768000 -5.942000 35.652000
I -17.826000 -5.942000 29.710000
I -17.826000 -17.826000 41.594000
I -23.768000 -17.826000 47.536000
I -17.826000 -5.942000 53.478000
I -5.942000 0.000000 0.000000
I -11.884000 5.942000 0.000000
I -5.942000 -5.942000 -5.942000
I -17.826000 -5.942000 -5.942000
Pb -17.826000 -5.942000 0.000000
Pb -17.826000 5.942000 0.000000
Pb -17.826000 -5.942000 11.884000
Pb -17.826000 5.942000 11.884000
I -17.826000 0.000000 0.000000
I -11.884000 -5.942000 0.000000
I -5.942000 0.000000 23.768000
I -11.884000 5.942000 23.768000
I -17.826000 0.000000 11.884000
I -11.884000 -5.942000 11.884000
I -5.942000 0.000000 11.884000
I -11.884000 5.942000 11.884000
I -17.826000 5.942000 5.942000
I -5.942000 5.942000 5.942000
I -5.942000 -5.942000 17.826000
I -17.826000 -5.942000 17.826000
Pb -17.826000 -5.942000 23.768000
Pb -17.826000 5.942000 23.768000
Pb -17.826000 -5.942000 35.652000
Pb -17.826000 5.942000 35.652000
I -17.826000 0.000000 23.768000
I -11.884000 -5.942000 23.768000
I -5.942000 0.000000 47.536000
I -11.884000 5.942000 47.536000
I -17.826000 0.000000 35.652000
I -11.884000 -5.942000 35.652000
I -5.942000 0.000000 35.652000
I -11.884000 5.942000 35.652000
I -17.826000 5.942000 29.710000
I -5.942000 5.942000 29.710000
I -5.942000 -5.942000 41.594000
I -17.826000 -5.942000 41.594000
Pb -17.826000 -5.942000 47.536000
Pb -17.826000 5.942000 47.536000
I -17.826000 0.000000 47.536000
I -11.884000 -5.942000 47.536000
I -17.826000 5.942000 53.478000
I -5.942000 5.942000 53.478000
I 5.942000 11.884000 0.000000
I 0.000000 17.826000 0.000000
I 5.942000 5.942000 -5.942000
I -5.942000 5.942000 -5.942000
Pb -5.942000 5.942000 0.000000
Pb -5.942000 17.826000 0.000000
Pb -5.942000 5.942000 11.884000
Pb -5.942000 17.826000 11.884000
I -5.942000 11.884000 0.000000
I 0.000000 5.942000 0.000000
I 5.942000 11.884000 23.768000
I 0.000000 17.826000 23.768000
I -5.942000 11.884000 11.884000
I 0.000000 5.942000 11.884000
I 5.942000 11.884000 11.884000
I 0.000000 17.826000 11.884000
I -5.942000 17.826000 5.942000
I 5.942000 17.826000 5.942000
I 5.942000 5.942000 17.826000
I -5.942000 5.942000 17.826000
Pb -5.942000 5.942000 23.768000
Pb -5.942000 17.826000 23.768000
Pb -5.942000 5.942000 35.652000
Pb -5.942000 17.826000 35.652000
I -5.942000 11.884000 23.768000
I 0.000000 5.942000 23.768000
I 5.942000 11.884000 47.536000
I 0.000000 17.826000 47.536000
I -5.942000 11.884000 35.652000
I 0.000000 5.942000 35.652000
I 5.942000 11.884000 35.652000
I 0.000000 17.826000 35.652000
I -5.942000 17.826000 29.710000
I 5.942000 17.826000 29.710000
I 5.942000 5.942000 41.594000
I -5.942000 5.942000 41.594000
Pb -5.942000 5.942000 47.536000
Pb -5.942000 17.826000 47.536000
I -5.942000 11.884000 47.536000
I 0.000000 5.942000 47.536000
I -5.942000 17.826000 53.478000
I 5.942000 17.826000 53.478000
I 17.826000 23.768000 0.000000
I 11.884000 29.710000 0.000000
I 17.826000 17.826000 -5.942000
I 5.942000 17.826000 -5.942000
Pb 5.942000 17.826000 0.000000
Pb 5.942000 29.710000 0.000000
Pb 5.942000 17.826000 11.884000
Pb 5.942000 29.710000 11.884000
I 5.942000 23.768000 0.000000
I 11.884000 17.826000 0.000000
I 17.826000 23.768000 23.768000
I 11.884000 29.710000 23.768000
I 5.942000 23.768000 11.884000
I 11.884000 17.826000 11.884000
I 17.826000 23.768000 11.884000
I 11.884000 29.710000 11.884000
I 5.942000 29.710000 5.942000
I 17.826000 29.710000 5.942000
I 17.826000 17.826000 17.826000
I 5.942000 17.826000 17.826000
Pb 5.942000 17.826000 23.768000
Pb 5.942000 29.710000 23.768000
Pb 5.942000 17.826000 35.652000
Pb 5.942000 29.710000 35.652000
I 5.942000 23.768000 23.768000
I 11.884000 17.826000 23.768000
I 17.826000 23.768000 47.536000
I 11.884000 29.710000 47.536000
I 5.942000 23.768000 35.652000
I 11.884000 17.826000 35.652000
I 17.826000 23.768000 35.652000
I 11.884000 29.710000 35.652000
I 5.942000 29.710000 29.710000
I 17.826000 29.710000 29.710000
I 17.826000 17.826000 41.594000
I 5.942000 17.826000 41.594000
Pb 5.942000 17.826000 47.536000
Pb 5.942000 29.710000 47.536000
I 5.942000 23.768000 47.536000
I 11.884000 17.826000 47.536000
I 5.942000 29.710000 53.478000
I 17.826000 29.710000 53.478000
I 29.710000 35.652000 0.000000
I 29.710000 29.710000 -5.942000
I 17.826000 29.710000 -5.942000
Pb 17.826000 29.710000 0.000000
Pb 17.826000 29.710000 11.884000
I 17.826000 35.652000 0.000000
I 23.768000 29.710000 0.000000
I 29.710000 35.652000 23.768000
I 17.826000 35.652000 11.884000
I 23.768000 29.710000 11.884000
I 29.710000 35.652000 11.884000
I 29.710000 29.710000 17.826000
I 17.826000 29.710000 17.826000
Pb 17.826000 29.710000 23.768000
Pb 17.826000 29.710000 35.652000
I 17.826000 35.652000 23.768000
I 23.768000 29.710000 23.768000
I 29.710000 35.652000 47.536000
I 17.826000 35.652000 35.652000
I 23.768000 29.710000 35.652000
I 29.710000 35.652000 35.652000
I 29.710000 29.710000 41.594000
I 17.826000 29.710000 41.594000
Pb 17.826000 29.710000 47.536000
I 17.826000 35.652000 47.536000
I 23.768000 29.710000 47.536000
I -5.942000 -23.768000 0.000000
I -11.884000 -17.826000 0.000000
Pb -17.826000 -17.826000 0.000000
Pb -17.826000 -17.826000 11.884000
I -17.826000 -23.768000 0.000000
I -5.942000 -23.768000 23.768000
I -11.884000 -17.826000 23.768000
I -17.826000 -23.768000 11.884000
I -5.942000 -23.768000 11.884000
I -11.884000 -17.826000 11.884000
I -17.826000 -17.826000 5.942000
I -5.942000 -17.826000 5.942000
Pb -17.826000 -17.826000 23.768000
Pb -17.826000 -17.826000 35.652000
I -17.826000 -23.768000 23.768000
I -5.942000 -23.768000 47.536000
I -11.884000 -17.826000 47.536000
I -17.826000 -23.768000 35.652000
I -5.942000 -23.768000 35.652000
I -11.884000 -17.826000 35.652000
I -17.826000 -17.826000 29.710000
I -5.942000 -17.826000 29.710000
Pb -17.826000 -17.826000 47.536000
I -17.826000 -23.768000 47.536000
I -17.826000 -17.826000 53.478000
I -5.942000 -17.826000 53.478000
I 5.942000 -11.884000 0.000000
I 0.000000 -5.942000 0.000000
I 5.942000 -17.826000 -5.942000
I -5.942000 -17.826000 -5.942000
Pb -5.942000 -17.826000 0.000000
Pb -5.942000 -5.942000 0.000000
Pb -5.942000 -17.826000 11.884000
Pb -5.942000 -5.942000 11.884000
I -5.942000 -11.884000 0.000000
I 0.000000 -17.826000 0.000000
I 5.942000 -11.884000 23.768000
I 0.000000 -5.942000 23.768000
I -5.942000 -11.884000 11.884000
I 0.000000 -17.826000 11.884000
I 5.942000 -11.884000 11.884000
I 0.000000 -5.942000 11.884000
I -5.942000 -5.942000 5.942000
I 5.942000 -5.942000 5.942000
I 5.942000 -17.826000 17.826000
I -5.942000 -17.826000 17.826000
Pb -5.942000 -17.826000 23.768000
Pb -5.942000 -5.942000 23.768000
Pb -5.942000 -17.826000 35.652000
Pb -5.942000 -5.942000 35.652000
I -5.942000 -11.884000 23.768000
I 0.000000 -17.826000 23.768000
I 5.942000 -11.884000 47.536000
I 0.000000 -5.942000 47.536000
I -5.942000 -11.884000 35.652000
I 0.000000 -17.826000 35.652000
I 5.942000 -11.884000 35.652000
I 0.000000 -5.942000 35.652000
I -5.942000 -5.942000 29.710000
I 5.942000 -5.942000 29.710000
I 5.942000 -17.826000 41.594000
I -5.942000 -17.826000 41.594000
Pb -5.942000 -17.826000 47.536000
Pb -5.942000 -5.942000 47.536000
I -5.942000 -11.884000 47.536000
I 0.000000 -17.826000 47.536000
I -5.942000 -5.942000 53.478000
I 5.942000 -5.942000 53.478000
I 17.826000 0.000000 0.000000
I 11.884000 5.942000 0.000000
I 17.826000 -5.942000 -5.942000
I 5.942000 -5.942000 -5.942000
Pb 5.942000 -5.942000 0.000000
Pb 5.942000 5.942000 0.000000
Pb 5.942000 -5.942000 11.884000
Pb 5.942000 5.942000 11.884000
I 5.942000 0.000000 0.000000
I 11.884000 -5.942000 0.000000
I 17.826000 0.000000 23.768000
I 11.884000 5.942000 23.768000
I 5.942000 0.000000 11.884000
I 11.884000 -5.942000 11.884000
I 17.826000 0.000000 11.884000
I 11.884000 5.942000 11.884000
I 5.942000 5.942000 5.942000
I 17.826000 5.942000 5.942000
I 17.826000 -5.942000 17.826000
I 5.942000 -5.942000 17.826000
Pb 5.942000 -5.942000 23.768000
Pb 5.942000 5.942000 23.768000
Pb 5.942000 -5.942000 35.652000
Pb 5.942000 5.942000 35.652000
I 5.942000 0.000000 23.768000
I 11.884000 -5.942000 23.768000
I 17.826000 0.000000 47.536000
I 11.884000 5.942000 47.536000
I 5.942000 0.000000 35.652000
I 11.884000 -5.942000 35.652000
I 17.826000 0.000000 35.652000
I 11.884000 5.942000 35.652000
I 5.942000 5.942000 29.710000
I 17.826000 5.942000 29.710000
I 17.826000 -5.942000 41.594000
I 5.942000 -5.942000 41.594000
Pb 5.942000 -5.942000 47.536000
Pb 5.942000 5.942000 47.536000
I 5.942000 0.000000 47.536000
I 11.884000 -5.942000 47.536000
I 5.942000 5.942000 53.478000
I 17.826000 5.942000 53.478000
I 29.710000 11.884000 0.000000
I 23.768000 17.826000 0.000000
I 29.710000 5.942000 -5.942000
I 17.826000 5.942000 -5.942000
Pb 17.826000 5.942000 0.000000
Pb 17.826000 17.826000 0.000000
Pb 17.826000 5.942000 11.884000
Pb 17.826000 17.826000 11.884000
I 17.826000 11.884000 0.000000
I 23.768000 5.942000 0.000000
I 29.710000 11.884000 23.768000
I 23.768000 17.826000 23.768000
I 17.826000 11.884000 11.884000
I 23.768000 5.942000 11.884000
I 29.710000 11.884000 11.884000
I 23.768000 17.826000 11.884000
I 17.826000 17.826000 5.942000
I 29.710000 17.826000 5.942000
I 29.710000 5.942000 17.826000
I 17.826000 5.942000 17.826000
Pb 17.826000 5.942000 23.768000
Pb 17.826000 17.826000 23.768000
Pb 17.826000 5.942000 35.652000
Pb 17.826000 17.826000 35.652000
I 17.826000 11.884000 23.768000
I 23.768000 5.942000 23.768000
I 29.710000 11.884000 47.536000
I 23.768000 17.826000 47.536000
I 17.826000 11.884000 35.652000
I 23.768000 5.942000 35.652000
I 29.710000 11.884000 35.652000
I 23.768000 17.826000 35.652000
I 17.826000 17.826000 29.710000
I 29.710000 17.826000 29.710000
I 29.710000 5.942000 41.594000
I 17.826000 5.942000 41.594000
Pb 17.826000 5.942000 47.536000
Pb 17.826000 17.826000 47.536000
I 17.826000 11.884000 47.536000
I 23.768000 5.942000 47.536000
I 17.826000 17.826000 53.478000
I 29.710000 17.826000 53.478000
I 35.652000 29.710000 0.000000
I 29.710000 17.826000 -5.942000
Pb 29.710000 17.826000 0.000000
Pb 29.710000 29.710000 0.000000
Pb 29.710000 17.826000 11.884000
Pb 29.710000 29.710000 11.884000
I 29.710000 23.768000 0.000000
I 35.652000 17.826000 0.000000
I 35.652000 29.710000 23.768000
I 29.710000 23.768000 11.884000
I 35.652000 17.826000 11.884000
I 35.652000 29.710000 11.884000
I 29.710000 29.710000 5.942000
I 29.710000 17.826000 17.826000
Pb 29.710000 17.826000 23.768000
Pb 29.710000 29.710000 23.768000
Pb 29.710000 17.826000 35.652000
Pb 29.710000 29.710000 35.652000
I 29.710000 23.768000 23.768000
I 35.652000 17.826000 23.768000
I 35.652000 29.710000 47.536000
I 29.710000 23.768000 35.652000
I 35.652000 17.826000 35.652000
I 35.652000 29.710000 35.652000
I 29.710000 29.710000 29.710000
I 29.710000 17.826000 41.594000
Pb 29.710000 17.826000 47.536000
Pb 29.710000 29.710000 47.536000
I 29.710000 23.768000 47.536000
I 35.652000 17.826000 47.536000
I 29.710000 29.710000 53.478000
I 17.826000 -23.768000 0.000000
I 11.884000 -17.826000 0.000000
Pb 5.942000 -17.826000 0.000000
Pb 5.942000 -17.826000 11.884000
I 5.942000 -23.768000 0.000000
I 17.826000 -23.768000 23.768000
I 11.884000 -17.826000 23.768000
I 5.942000 -23.768000 11.884000
I 17.826000 -23.768000 11.884000
I 11.884000 -17.826000 11.884000
I 5.942000 -17.826000 5.942000
I 17.826000 -17.826000 5.942000
Pb 5.942000 -17.826000 23.768000
Pb 5.942000 -17.826000 35.652000
I 5.942000 -23.768000 23.768000
I 17.826000 -23.768000 47.536000
I 11.884000 -17.826000 47.536000
I 5.942000 -23.768000 35.652000
I 17.826000 -23.768000 35.652000
I 11.884000 -17.826000 35.652000
I 5.942000 -17.826000 29.710000
I 17.826000 -17.826000 29.710000
Pb 5.942000 -17.826000 47.536000
I 5.942000 -23.768000 47.536000
I 5.942000 -17.826000 53.478000
I 17.826000 -17.826000 53.478000
I 29.710000 -11.884000 0.000000
I 23.768000 -5.942000 0.000000
I 29.710000 -17.826000 -5.942000
I 17.826000 -17.826000 -5.942000
Pb 17.826000 -17.826000 0.000000
Pb 17.826000 -5.942000 0.000000
Pb 17.826000 -17.826000 11.884000
Pb 17.826000 -5.942000 11.884000
I 17.826000 -11.884000 0.000000
I 23.768000 -17.826000 0.000000
I 29.710000 -11.884000 23.768000
I 23.768000 -5.942000 23.768000
I 17.826000 -11.884000 11.884000
I 23.768000 -17.826000 11.884000
I 29.710000 -11.884000 11.884000
I 23.768000 -5.942000 11.884000
I 17.826000 -5.942000 5.942000
I 29.710000 -5.942000 5.942000
I 29.710000 -17.826000 17.826000
I 17.826000 -17.826000 17.826000
Pb 17.826000 -17.826000 23.768000
Pb 17.826000 -5.942000 23.768000
Pb 17.826000 -17.826000 35.652000
Pb 17.826000 -5.942000 35.652000
I 17.826000 -11.884000 23.768000
I 23.768000 -17.826000 23.768000
I 29.710000 -11.884000 47.536000
I 23.768000 -5.942000 47.536000
I 17.826000 -11.884000 35.652000
I 23.768000 -17.826000 35.652000
I 29.710000 -11.884000 35.652000
I 23.768000 -5.942000 35.652000
I 17.826000 -5.942000 29.710000
I 29.710000 -5.942000 29.710000
I 29.710000 -17.826000 41.594000
I 17.826000 -17.826000 41.594000
Pb 17.826000 -17.826000 47.536000
Pb 17.826000 -5.942000 47.536000
I 17.826000 -11.884000 47.536000
I 23.768000 -17.826000 47.536000
I 17.826000 -5.942000 53.478000
I 29.710000 -5.942000 53.478000
I 35.652000 5.942000 0.000000
I 29.710000 -5.942000 -5.942000
Pb 29.710000 -5.942000 0.000000
Pb 29.710000 5.942000 0.000000
Pb 29.710000 -5.942000 11.884000
Pb 29.710000 5.942000 11.884000
I 29.710000 0.000000 0.000000
I 35.652000 -5.942000 0.000000
I 35.652000 5.942000 23.768000
I 29.710000 0.000000 11.884000
I 35.652000 -5.942000 11.884000
I 35.652000 5.942000 11.884000
I 29.710000 5.942000 5.942000
I 29.710000 -5.942000 17.826000
Pb 29.710000 -5.942000 23.768000
Pb 29.710000 5.942000 23.768000
Pb 29.710000 -5.942000 35.652000
Pb 29.710000 5.942000 35.652000
I 29.710000 0.000000 23.768000
I 35.652000 -5.942000 23.768000
I 35.652000 5.942000 47.536000
I 29.710000 0.000000 35.652000
I 35.652000 -5.942000 35.652000
I 35.652000 5.942000 35.652000
I 29.710000 5.942000 29.710000
I 29.710000 -5.942000 41.594000
Pb 29.710000 -5.942000 47.536000
Pb 29.710000 5.942000 47.536000
I 29.710000 0.000000 47.536000
I 35.652000 -5.942000 47.536000
I 29.710000 5.942000 53.478000
I 35.652000 -17.826000 0.000000
Pb 29.710000 -17.826000 0.000000
Pb 29.710000 -17.826000 11.884000
I 29.710000 -23.768000 0.000000
I 35.652000 -17.826000 23.768000
I 29.710000 -23.768000 11.884000
I 35.652000 -17.826000 11.884000
I 29.710000 -17.826000 5.942000
Pb 29.710000 -17.826000 23.768000
Pb 29.710000 -17.826000 35.652000
I 29.710000 -23.768000 23.768000
I 35.652000 -17.826000 47.536000
I 29.710000 -23.768000 35.652000
I 35.652000 -17.826000 35.652000
I 29.710000 -17.826000 29.710000
Pb 29.710000 -17.826000 47.536000
I 29.710000 -23.768000 47.536000
I 29.710000 -17.826000 53.478000
