0 -0.22926949730969 2.56964e-07
1 -0.229269497309644 2.50399e-07
2 -0.228955010892314 2.75142e-07
3 -0.228955010892263 2.5874e-07
4 -0.228872154920846 2.51216e-07
5 -0.22887215492077 2.02592e-07
6 -0.227492971368071 2.40332e-07
7 -0.227492971368043 2.64286e-07
8 -0.15898746827512 1.00887e-06
9 -0.158987468275002 1.01092e-06
10 -0.157501252111337 1.02181e-06
11 -0.157501252109548 1.04354e-06
12 -0.157438484802019 1.02239e-06
13 -0.157438484800438 1.03652e-06
14 -0.156902389063355 1.06155e-06
15 -0.156902389048947 1.20308e-06
