#n 	 E_n 	 <H> 	 <H_dir> 	 <H_exc> 	 <H_0> 	 E_B (eV)
0  0.065173037834  0.065173037834  0.003569073313  -0.000002944085   0.068739167062  -0.097039368888
1  0.065261025316  0.065261025316  0.003544634869  -0.000089233432   0.068716426754  -0.094026310665
2  0.065283861625  0.065283861625  0.003538045140  -0.000111399672   0.068710507093  -0.093243820487
3  0.065302649268  0.065302649268  0.003531485790  -0.000129217975   0.068704917082  -0.092580470401
4  0.066608897871  0.066608897871  0.003333025418  -0.000003055512   0.069938867777  -0.090613143113
5  0.066657994277  0.066657994277  0.003334188747  -0.000020509301   0.069971673723  -0.090169856869
6  0.066660042956  0.066660042956  0.003338263832  -0.000026491315   0.069971815473  -0.090117966680
7  0.066692438585  0.066692438585  0.003341786560  -0.000051591472   0.069982633674  -0.089530814634
8  0.066721632645  0.066721632645  0.003333083299  -0.000102015233   0.069952700711  -0.087921885575
9  0.066740166649  0.066740166649  0.003343272439  -0.000065960209   0.070017478879  -0.089180254014
10  0.066828062933  0.066828062933  0.003334734892  -0.000188310167   0.069974487658  -0.085618621757
11  0.066906374273  0.066906374273  0.003339164842  -0.000246292272   0.069999246843  -0.084161392661
12  0.067072526721  0.067072526721  0.003335000594  -0.000002796319   0.070404730995  -0.090673943387
13  0.067125395067  0.067125395067  0.003328546503  -0.000061030999   0.070392910570  -0.088913671363
14  0.067139985085  0.067139985085  0.003327336671  -0.000077392093   0.070389929664  -0.088435541903
15  0.067376796823  0.067376796823  0.003308517353  -0.000311409270   0.070373904906  -0.081555506891
16  0.067658027350  0.067658027350  0.002281399539  -0.000000056886   0.069939370003  -0.062078527464
17  0.067659884800  0.067659884800  0.002283544000  -0.000000579448   0.069942849351  -0.062122661590
18  0.067665108135  0.067665108135  0.002282357501  -0.000000584946   0.069946880690  -0.062090225699
19  0.067668255084  0.067668255084  0.002287334167  -0.000002754569   0.069952834682  -0.062166609254
20  0.067715535219  0.067715535219  0.002292060432  -0.000000563859   0.070007031792  -0.062354829847
21  0.067718692053  0.067718692053  0.002297418199  -0.000002479561   0.070013630691  -0.062448493235
22  0.067721660765  0.067721660765  0.002290971759  -0.000000160646   0.070012471878  -0.062336177525
23  0.067723926958  0.067723926958  0.002293024645  -0.000000663415   0.070016288188  -0.062378358383
24  0.068154786353  0.068154786353  0.002311403613  -0.000000089755   0.070466100211  -0.062894085918
25  0.068155696705  0.068155696705  0.002314783308  -0.000001972239   0.070468507773  -0.062934827111
26  0.068155916278  0.068155916278  0.002315762403  -0.000002565995   0.070469112686  -0.062945312745
27  0.068159579426  0.068159579426  0.002328302460  -0.000009152576   0.070478729310  -0.063107315149
28  0.068497654983  0.068497654983  0.002755391399  -0.000001921458   0.071251124923  -0.074925771937
29  0.068540610688  0.068540610688  0.002773191218  -0.000046602267   0.071267199639  -0.074194302581
30  0.068543221223  0.068543221223  0.002765306508  -0.000047108807   0.071261418925  -0.073965964927
31  0.068571224016  0.068571224016  0.002790301373  -0.000075097087   0.071286428302  -0.073884509897
32  0.068665890463  0.068665890463  0.002780052236  -0.000002987343   0.071442955356  -0.075567823629
33  0.068699100701  0.068699100701  0.002766453938  -0.000033291876   0.071432262763  -0.074373166127
34  0.068749451882  0.068749451882  0.002791531101  -0.000075738766   0.071465244217  -0.073900511554
35  0.068773090414  0.068773090414  0.002727170309  -0.000015558056   0.071484702668  -0.073786765673
36  0.068779677743  0.068779677743  0.002787300225  -0.000103629498   0.071463348470  -0.073026437622
37  0.068785495140  0.068785495140  0.002705411908  -0.000020954082   0.071469952966  -0.073047855678
38  0.068795006071  0.068795006071  0.002695558791  -0.000044863458   0.071445701404  -0.072129130978
39  0.068806580835  0.068806580835  0.002695169932  -0.000055643187   0.071446107581  -0.071825218080
40  0.069030505787  0.069030505787  0.002501561703  -0.000005332490   0.071526735001  -0.067925891616
41  0.069044804114  0.069044804114  0.002485269100  -0.000001784595   0.071528288619  -0.067579090271
42  0.069045918036  0.069045918036  0.002401334011  -0.000000925861   0.071446326186  -0.065318466330
43  0.069046179374  0.069046179374  0.002413112150  -0.000004085014   0.071455206509  -0.065553000996
44  0.069060075809  0.069060075809  0.002694213372  -0.000005391103   0.071748898078  -0.073166618291
45  0.069095696475  0.069095696475  0.002664586027  -0.000015184764   0.071745097738  -0.072093917538
46  0.069104573866  0.069104573866  0.002776484185  -0.000008345153   0.071872712898  -0.075324938461
47  0.069116841764  0.069116841764  0.002766360692  -0.000054311459   0.071828890998  -0.073798656516
48  0.069164817497  0.069164817497  0.002770711983  -0.000068372079   0.071867157400  -0.073534452053
49  0.069185443358  0.069185443358  0.002746849750  -0.000115947844   0.071816345264  -0.071590524137
50  0.069191794220  0.069191794220  0.002754572206  -0.000091022595   0.071855343830  -0.072478913872
51  0.069229903198  0.069229903198  0.002755452852  -0.000118724781   0.071866631269  -0.071749062244
52  0.069491528219  0.069491528219  0.002423786909  -0.000000787335   0.071914527793  -0.065933210606
53  0.069494415025  0.069494415025  0.002452045874  -0.000012647873   0.071933813026  -0.066379434762
54  0.069495963885  0.069495963885  0.002447255088  -0.000008929213   0.071934289759  -0.066350260693
55  0.069497269320  0.069497269320  0.002439624388  -0.000004608035   0.071932285674  -0.066260204005
56  0.069544535220  0.069544535220  0.002596666323  -0.000002904100   0.072138297443  -0.070579901358
57  0.069551421546  0.069551421546  0.002503439552  -0.000019013118   0.072035847980  -0.067604721473
58  0.069554990634  0.069554990634  0.002478719415  -0.000007468466   0.072026241583  -0.067246198080
59  0.069556256033  0.069556256033  0.002526711990  -0.000026580925   0.072056387099  -0.068032066469
60  0.069573862174  0.069573862174  0.002585160605  -0.000002682423   0.072156340357  -0.070272846815
61  0.069603492802  0.069603492802  0.002704388292  -0.000032282407   0.072275598686  -0.072711742070
62  0.069617666225  0.069617666225  0.002688707691  -0.000038750802   0.072267623114  -0.072109036893
63  0.069649140320  0.069649140320  0.002679865714  -0.000068901703   0.072260104330  -0.071047986076
