1315
 Cs -35.93316411634981  36.05417422661597 -23.56947603193919
 Cs -35.93316411634981  36.05417422661597 -3.193919084765184e-08
 Cs -35.93316411634981  36.05417422661597  23.56947596806081
 Cs -34.91481411634982  23.34255622661597 -35.35421403193919
 Cs -35.10191211634982  34.98959722661597 -35.35421403193919
  I -28.24772111634982  23.72974522661597 -30.30492503193919
  I -35.37243911634982  28.43916622661597 -30.30492503193919
  I -30.13748911634982  17.26040122661597 -35.35421403193919
 Cs -35.74606711634982  24.40713222661597 -23.56947603193919
 Cs -34.91481411634982  23.34255622661597 -11.78473803193919
 Cs -35.55896911634981  12.76009122661597 -23.56947603193919
 Cs -35.10191211634982  34.98959722661597 -11.78473803193919
  I -35.28844211634982  19.31052222661597 -28.61876503193919
  I -28.24772111634982  23.72974522661597 -6.73544903193919
  I -35.37243911634982  28.43916622661597 -6.73544903193919
  I -35.28844211634982  19.31052222661597 -18.52018703193919
  I -28.24772111634982  23.72974522661597 -16.83402703193919
  I -35.37243911634982  28.43916622661597 -16.83402703193919
  I -30.29784211634981  28.88069722661597 -23.56947603193919
  I -30.13748911634982  17.26040122661597 -11.78473803193919
 Cs -35.74606711634982  24.40713222661597 -3.193919084765184e-08
 Cs -34.91481411634982  23.34255622661597  11.78473796806081
 Cs -35.55896911634981  12.76009122661597 -3.193919084765184e-08
 Cs -35.10191211634982  34.98959722661597  11.78473796806081
  I -35.28844211634982  19.31052222661597 -5.049289031939193
  I -28.24772111634982  23.72974522661597  16.83402696806081
  I -35.37243911634982  28.43916622661597  16.83402696806081
  I -35.28844211634982  19.31052222661597  5.049288968060807
  I -28.24772111634982  23.72974522661597  6.735448968060808
  I -35.37243911634982  28.43916622661597  6.735448968060808
  I -30.29784211634981  28.88069722661597 -3.193919084765184e-08
  I -30.13748911634982  17.26040122661597  11.78473796806081
 Cs -35.74606711634982  24.40713222661597  23.56947596806081
 Cs -34.91481411634982  23.34255622661597  35.3542139680608
 Cs -35.55896911634981  12.76009122661597  23.56947596806081
 Cs -35.10191211634982  34.98959722661597  35.3542139680608
  I -35.28844211634982  19.31052222661597  18.52018696806081
  I -35.28844211634982  19.31052222661597  28.61876496806081
  I -28.24772111634982  23.72974522661597  30.30492596806081
  I -35.37243911634982  28.43916622661597  30.30492596806081
  I -30.29784211634981  28.88069722661597  23.56947596806081
  I -30.13748911634982  17.26040122661597  35.3542139680608
 Cs -23.45487111634981  34.80249922661597 -35.35421403193919
  I -16.78777711634982  35.18968822661597 -30.30492503193919
  I -18.67754611634981  28.72034522661597 -35.35421403193919
  I -28.90309611634981  30.32893422661597 -35.35421403193919
 Cs -24.28612311634981  35.86707622661597 -23.56947603193919
 Cs -23.45487111634981  34.80249922661597 -11.78473803193919
 Cs -24.09902511634981  24.22003522661597 -23.56947603193919
 Pb -29.60046911634981  29.60481622661597 -29.46184503193919
 Pb -29.60046911634981  29.60481622661597 -17.67710703193919
  I -30.95321711634982  35.47988722661597 -28.61876503193919
  I -23.82849811634981  30.77046622661597 -28.61876503193919
  I -16.78777711634982  35.18968822661597 -6.73544903193919
  I -30.95321711634982  35.47988722661597 -18.52018703193919
  I -23.82849811634981  30.77046622661597 -18.52018703193919
  I -16.78777711634982  35.18968822661597 -16.83402703193919
  I -18.67754611634981  28.72034522661597 -11.78473803193919
  I -28.90309611634981  30.32893422661597 -11.78473803193919
 Cs -24.28612311634981  35.86707622661597 -3.193919084765184e-08
 Cs -23.45487111634981  34.80249922661597  11.78473796806081
 Cs -24.09902511634981  24.22003522661597 -3.193919084765184e-08
 Pb -29.60046911634981  29.60481622661597 -5.892369031939189
 Pb -29.60046911634981  29.60481622661597  5.892368968060808
  I -30.95321711634982  35.47988722661597 -5.049289031939193
  I -23.82849811634981  30.77046622661597 -5.049289031939193
  I -16.78777711634982  35.18968822661597  16.83402696806081
  I -30.95321711634982  35.47988722661597  5.049288968060807
  I -23.82849811634981  30.77046622661597  5.049288968060807
  I -16.78777711634982  35.18968822661597  6.735448968060808
  I -18.67754611634981  28.72034522661597  11.78473796806081
  I -28.90309611634981  30.32893422661597  11.78473796806081
 Cs -24.28612311634981  35.86707622661597  23.56947596806081
 Cs -23.45487111634981  34.80249922661597  35.3542139680608
 Cs -24.09902511634981  24.22003522661597  23.56947596806081
 Pb -29.60046911634981  29.60481622661597  17.67710696806081
 Pb -29.60046911634981  29.60481622661597  29.46184496806081
  I -30.95321711634982  35.47988722661597  18.52018696806081
  I -23.82849811634981  30.77046622661597  18.52018696806081
  I -30.95321711634982  35.47988722661597  28.61876496806081
  I -23.82849811634981  30.77046622661597  28.61876496806081
  I -16.78777711634982  35.18968822661597  30.30492596806081
  I -18.67754611634981  28.72034522661597  35.3542139680608
  I -28.90309611634981  30.32893422661597  35.3542139680608
 Cs -12.63908211634982  35.67997822661597 -23.56947603193919
 Cs -12.63908211634982  35.67997822661597 -3.193919084765184e-08
 Cs -12.63908211634982  35.67997822661597  23.56947596806081
 Cs -34.54061911634982  0.04847322661597131 -35.35421403193919
 Cs -34.72771711634982  11.69551422661597 -35.35421403193919
  I -27.87352511634981  0.4356622266159713 -30.30492503193919
  I -34.99824411634982  5.145083226615971 -30.30492503193919
  I -29.76329411634982 -6.033680773384029 -35.35421403193919
 Cs -35.37187111634982  1.113050226615971 -23.56947603193919
 Cs -34.54061911634982  0.04847322661597131 -11.78473803193919
 Cs -35.18477311634982 -10.53399177338403 -23.56947603193919
 Cs -34.72771711634982  11.69551422661597 -11.78473803193919
  I -34.91424611634982 -3.983559773384028 -28.61876503193919
  I -27.87352511634981  0.4356622266159713 -6.73544903193919
  I -34.99824411634982  5.145083226615971 -6.73544903193919
  I -34.91424611634982 -3.983559773384028 -18.52018703193919
  I -27.87352511634981  0.4356622266159713 -16.83402703193919
  I -34.99824411634982  5.145083226615971 -16.83402703193919
  I -29.92364611634981  5.586615226615971 -23.56947603193919
  I -29.76329411634982 -6.033680773384029 -11.78473803193919
 Cs -35.37187111634982  1.113050226615971 -3.193919084765184e-08
 Cs -34.54061911634982  0.04847322661597131  11.78473796806081
 Cs -35.18477311634982 -10.53399177338403 -3.193919084765184e-08
 Cs -34.72771711634982  11.69551422661597  11.78473796806081
  I -34.91424611634982 -3.983559773384028 -5.049289031939193
  I -27.87352511634981  0.4356622266159713  16.83402696806081
  I -34.99824411634982  5.145083226615971  16.83402696806081
  I -34.91424611634982 -3.983559773384028  5.049288968060807
  I -27.87352511634981  0.4356622266159713  6.735448968060808
  I -34.99824411634982  5.145083226615971  6.735448968060808
  I -29.92364611634981  5.586615226615971 -3.193919084765184e-08
  I -29.76329411634982 -6.033680773384029  11.78473796806081
 Cs -35.37187111634982  1.113050226615971  23.56947596806081
 Cs -34.54061911634982  0.04847322661597131  35.3542139680608
 Cs -35.18477311634982 -10.53399177338403  23.56947596806081
 Cs -34.72771711634982  11.69551422661597  35.3542139680608
  I -34.91424611634982 -3.983559773384028  18.52018696806081
  I -34.91424611634982 -3.983559773384028  28.61876496806081
  I -27.87352511634981  0.4356622266159713  30.30492596806081
  I -34.99824411634982  5.145083226615971  30.30492596806081
  I -29.92364611634981  5.586615226615971  23.56947596806081
  I -29.76329411634982 -6.033680773384029  35.3542139680608
 Cs -23.08067511634981  11.50841622661597 -35.35421403193919
 Cs -23.26777311634982  23.15545822661597 -35.35421403193919
  I -16.41358211634982  11.89560622661597 -30.30492503193919
  I -23.53830011634981  16.60502622661597 -30.30492503193919
  I -18.30335011634982  5.426262226615971 -35.35421403193919
  I -28.52890011634981  7.034851226615971 -35.35421403193919
 Cs -23.91192811634981  12.57299322661597 -23.56947603193919
 Cs -23.08067511634981  11.50841622661597 -11.78473803193919
 Cs -23.72483011634981  0.9259522266159713 -23.56947603193919
 Cs -23.26777311634982  23.15545822661597 -11.78473803193919
 Pb -29.22627311634981  6.310733226615971 -29.46184503193919
 Pb -29.41337111634981  17.95777422661597 -29.46184503193919
 Pb -29.22627311634981  6.310733226615971 -17.67710703193919
 Pb -29.41337111634981  17.95777422661597 -17.67710703193919
  I -30.57902111634981  12.18580422661597 -28.61876503193919
  I -23.45430311634981  7.476383226615972 -28.61876503193919
  I -16.41358211634982  11.89560622661597 -6.73544903193919
  I -23.53830011634981  16.60502622661597 -6.73544903193919
  I -30.57902111634981  12.18580422661597 -18.52018703193919
  I -23.45430311634981  7.476383226615972 -18.52018703193919
  I -16.41358211634982  11.89560622661597 -16.83402703193919
  I -23.53830011634981  16.60502622661597 -16.83402703193919
  I -28.68925311634981  18.65514722661597 -23.56947603193919
  I -18.46370311634981  17.04655822661597 -23.56947603193919
  I -18.30335011634982  5.426262226615971 -11.78473803193919
  I -28.52890011634981  7.034851226615971 -11.78473803193919
 Cs -23.91192811634981  12.57299322661597 -3.193919084765184e-08
 Cs -23.08067511634981  11.50841622661597  11.78473796806081
 Cs -23.72483011634981  0.9259522266159713 -3.193919084765184e-08
 Cs -23.26777311634982  23.15545822661597  11.78473796806081
 Pb -29.22627311634981  6.310733226615971 -5.892369031939189
 Pb -29.41337111634981  17.95777422661597 -5.892369031939189
 Pb -29.22627311634981  6.310733226615971  5.892368968060808
 Pb -29.41337111634981  17.95777422661597  5.892368968060808
  I -30.57902111634981  12.18580422661597 -5.049289031939193
  I -23.45430311634981  7.476383226615972 -5.049289031939193
  I -16.41358211634982  11.89560622661597  16.83402696806081
  I -23.53830011634981  16.60502622661597  16.83402696806081
  I -30.57902111634981  12.18580422661597  5.049288968060807
  I -23.45430311634981  7.476383226615972  5.049288968060807
  I -16.41358211634982  11.89560622661597  6.735448968060808
  I -23.53830011634981  16.60502622661597  6.735448968060808
  I -28.68925311634981  18.65514722661597 -3.193919084765184e-08
  I -18.46370311634981  17.04655822661597 -3.193919084765184e-08
  I -18.30335011634982  5.426262226615971  11.78473796806081
  I -28.52890011634981  7.034851226615971  11.78473796806081
 Cs -23.91192811634981  12.57299322661597  23.56947596806081
 Cs -23.08067511634981  11.50841622661597  35.3542139680608
 Cs -23.72483011634981  0.9259522266159713  23.56947596806081
 Cs -23.26777311634982  23.15545822661597  35.3542139680608
 Pb -29.22627311634981  6.310733226615971  17.67710696806081
 Pb -29.41337111634981  17.95777422661597  17.67710696806081
 Pb -29.22627311634981  6.310733226615971  29.46184496806081
 Pb -29.41337111634981  17.95777422661597  29.46184496806081
  I -30.57902111634981  12.18580422661597  18.52018696806081
  I -23.45430311634981  7.476383226615972  18.52018696806081
  I -30.57902111634981  12.18580422661597  28.61876496806081
  I -23.45430311634981  7.476383226615972  28.61876496806081
  I -16.41358211634982  11.89560622661597  30.30492596806081
  I -23.53830011634981  16.60502622661597  30.30492596806081
  I -28.68925311634981  18.65514722661597  23.56947596806081
  I -18.46370311634981  17.04655822661597  23.56947596806081
  I -18.30335011634982  5.426262226615971  35.3542139680608
  I -28.52890011634981  7.034851226615971  35.3542139680608
 Cs -11.62073211634982  22.96836022661597 -35.35421403193919
 Cs -11.80782911634982  34.61540122661597 -35.35421403193919
  I -4.953638116349815  23.35554922661597 -30.30492503193919
  I -12.07835711634982  28.06497022661597 -30.30492503193919
  I -6.843407116349815  16.88620622661597 -35.35421403193919
  I -17.06895711634981  18.49479522661597 -35.35421403193919
 Cs -12.45198411634982  24.03293722661597 -23.56947603193919
 Cs -11.62073211634982  22.96836022661597 -11.78473803193919
 Cs -12.26488611634982  12.38589522661597 -23.56947603193919
 Cs -11.80782911634982  34.61540122661597 -11.78473803193919
 Pb -17.76633011634981  17.77067722661597 -29.46184503193919
 Pb -17.95342711634981  29.41771822661597 -29.46184503193919
 Pb -17.76633011634981  17.77067722661597 -17.67710703193919
 Pb -17.95342711634981  29.41771822661597 -17.67710703193919
  I -19.11907811634982  23.64574822661597 -28.61876503193919
  I -11.99435911634982  18.93632722661597 -28.61876503193919
  I -4.953638116349815  23.35554922661597 -6.73544903193919
  I -12.07835711634982  28.06497022661597 -6.73544903193919
  I -19.11907811634982  23.64574822661597 -18.52018703193919
  I -11.99435911634982  18.93632722661597 -18.52018703193919
  I -4.953638116349815  23.35554922661597 -16.83402703193919
  I -12.07835711634982  28.06497022661597 -16.83402703193919
  I -17.22930911634981  30.11509122661597 -23.56947603193919
  I -7.003759116349815  28.50650222661597 -23.56947603193919
  I -6.843407116349815  16.88620622661597 -11.78473803193919
  I -17.06895711634981  18.49479522661597 -11.78473803193919
 Cs -12.45198411634982  24.03293722661597 -3.193919084765184e-08
 Cs -11.62073211634982  22.96836022661597  11.78473796806081
 Cs -12.26488611634982  12.38589522661597 -3.193919084765184e-08
 Cs -11.80782911634982  34.61540122661597  11.78473796806081
 Pb -17.76633011634981  17.77067722661597 -5.892369031939189
 Pb -17.95342711634981  29.41771822661597 -5.892369031939189
 Pb -17.76633011634981  17.77067722661597  5.892368968060808
 Pb -17.95342711634981  29.41771822661597  5.892368968060808
  I -19.11907811634982  23.64574822661597 -5.049289031939193
  I -11.99435911634982  18.93632722661597 -5.049289031939193
  I -4.953638116349815  23.35554922661597  16.83402696806081
  I -12.07835711634982  28.06497022661597  16.83402696806081
  I -19.11907811634982  23.64574822661597  5.049288968060807
  I -11.99435911634982  18.93632722661597  5.049288968060807
  I -4.953638116349815  23.35554922661597  6.735448968060808
  I -12.07835711634982  28.06497022661597  6.735448968060808
  I -17.22930911634981  30.11509122661597 -3.193919084765184e-08
  I -7.003759116349815  28.50650222661597 -3.193919084765184e-08
  I -6.843407116349815  16.88620622661597  11.78473796806081
  I -17.06895711634981  18.49479522661597  11.78473796806081
 Cs -12.45198411634982  24.03293722661597  23.56947596806081
 Cs -11.62073211634982  22.96836022661597  35.3542139680608
 Cs -12.26488611634982  12.38589522661597  23.56947596806081
 Cs -11.80782911634982  34.61540122661597  35.3542139680608
 Pb -17.76633011634981  17.77067722661597  17.67710696806081
 Pb -17.95342711634981  29.41771822661597  17.67710696806081
 Pb -17.76633011634981  17.77067722661597  29.46184496806081
 Pb -17.95342711634981  29.41771822661597  29.46184496806081
  I -19.11907811634982  23.64574822661597  18.52018696806081
  I -11.99435911634982  18.93632722661597  18.52018696806081
  I -19.11907811634982  23.64574822661597  28.61876496806081
  I -11.99435911634982  18.93632722661597  28.61876496806081
  I -4.953638116349815  23.35554922661597  30.30492596806081
  I -12.07835711634982  28.06497022661597  30.30492596806081
  I -17.22930911634981  30.11509122661597  23.56947596806081
  I -7.003759116349815  28.50650222661597  23.56947596806081
  I -6.843407116349815  16.88620622661597  35.3542139680608
  I -17.06895711634981  18.49479522661597  35.3542139680608
 Cs -0.1607881163498152  34.42830422661597 -35.35421403193919
  I  6.506305883650185  34.81549322661597 -30.30492503193919
  I  4.616536883650185  28.34614922661597 -35.35421403193919
  I -5.609013116349815  29.95473922661597 -35.35421403193919
 Cs -0.9920401163498151  35.49288022661597 -23.56947603193919
 Cs -0.1607881163498152  34.42830422661597 -11.78473803193919
 Cs -0.8049431163498152  23.84583922661597 -23.56947603193919
 Pb -6.306386116349815  29.23062022661597 -29.46184503193919
 Pb -6.306386116349815  29.23062022661597 -17.67710703193919
  I -7.659134116349815  35.10569122661597 -28.61876503193919
  I -0.5344161163498151  30.39627022661597 -28.61876503193919
  I  6.506305883650185  34.81549322661597 -6.73544903193919
  I -7.659134116349815  35.10569122661597 -18.52018703193919
  I -0.5344161163498151  30.39627022661597 -18.52018703193919
  I  6.506305883650185  34.81549322661597 -16.83402703193919
  I  4.616536883650185  28.34614922661597 -11.78473803193919
  I -5.609013116349815  29.95473922661597 -11.78473803193919
 Cs -0.9920401163498151  35.49288022661597 -3.193919084765184e-08
 Cs -0.1607881163498152  34.42830422661597  11.78473796806081
 Cs -0.8049431163498152  23.84583922661597 -3.193919084765184e-08
 Pb -6.306386116349815  29.23062022661597 -5.892369031939189
 Pb -6.306386116349815  29.23062022661597  5.892368968060808
  I -7.659134116349815  35.10569122661597 -5.049289031939193
  I -0.5344161163498151  30.39627022661597 -5.049289031939193
  I  6.506305883650185  34.81549322661597  16.83402696806081
  I -7.659134116349815  35.10569122661597  5.049288968060807
  I -0.5344161163498151  30.39627022661597  5.049288968060807
  I  6.506305883650185  34.81549322661597  6.735448968060808
  I  4.616536883650185  28.34614922661597  11.78473796806081
  I -5.609013116349815  29.95473922661597  11.78473796806081
 Cs -0.9920401163498151  35.49288022661597  23.56947596806081
 Cs -0.1607881163498152  34.42830422661597  35.3542139680608
 Cs -0.8049431163498152  23.84583922661597  23.56947596806081
 Pb -6.306386116349815  29.23062022661597  17.67710696806081
 Pb -6.306386116349815  29.23062022661597  29.46184496806081
  I -7.659134116349815  35.10569122661597  18.52018696806081
  I -0.5344161163498151  30.39627022661597  18.52018696806081
  I -7.659134116349815  35.10569122661597  28.61876496806081
  I -0.5344161163498151  30.39627022661597  28.61876496806081
  I  6.506305883650185  34.81549322661597  30.30492596806081
  I  4.616536883650185  28.34614922661597  35.3542139680608
  I -5.609013116349815  29.95473922661597  35.3542139680608
 Cs  10.65500088365018  35.30578322661597 -23.56947603193919
 Cs  10.65500088365018  35.30578322661597 -3.193919084765184e-08
 Cs  10.65500088365018  35.30578322661597  23.56947596806081
 Cs -34.16642311634982 -23.24560977338403 -35.35421403193919
 Cs -34.35352111634982 -11.59856877338403 -35.35421403193919
  I -27.49933011634981 -22.85842077338403 -30.30492503193919
  I -34.62404811634982 -18.14899977338403 -30.30492503193919
  I -29.38909811634981 -29.32776377338403 -35.35421403193919
 Cs -34.99767611634982 -22.18103277338403 -23.56947603193919
 Cs -34.16642311634982 -23.24560977338403 -11.78473803193919
 Cs -34.81057811634982 -33.82807377338403 -23.56947603193919
 Cs -34.35352111634982 -11.59856877338403 -11.78473803193919
  I -34.54005111634982 -27.27764277338403 -28.61876503193919
  I -27.49933011634981 -22.85842077338403 -6.73544903193919
  I -34.62404811634982 -18.14899977338403 -6.73544903193919
  I -34.54005111634982 -27.27764277338403 -18.52018703193919
  I -27.49933011634981 -22.85842077338403 -16.83402703193919
  I -34.62404811634982 -18.14899977338403 -16.83402703193919
  I -29.54945111634981 -17.70746777338403 -23.56947603193919
  I -29.38909811634981 -29.32776377338403 -11.78473803193919
 Cs -34.99767611634982 -22.18103277338403 -3.193919084765184e-08
 Cs -34.16642311634982 -23.24560977338403  11.78473796806081
 Cs -34.81057811634982 -33.82807377338403 -3.193919084765184e-08
 Cs -34.35352111634982 -11.59856877338403  11.78473796806081
  I -34.54005111634982 -27.27764277338403 -5.049289031939193
  I -27.49933011634981 -22.85842077338403  16.83402696806081
  I -34.62404811634982 -18.14899977338403  16.83402696806081
  I -34.54005111634982 -27.27764277338403  5.049288968060807
  I -27.49933011634981 -22.85842077338403  6.735448968060808
  I -34.62404811634982 -18.14899977338403  6.735448968060808
  I -29.54945111634981 -17.70746777338403 -3.193919084765184e-08
  I -29.38909811634981 -29.32776377338403  11.78473796806081
 Cs -34.99767611634982 -22.18103277338403  23.56947596806081
 Cs -34.16642311634982 -23.24560977338403  35.3542139680608
 Cs -34.81057811634982 -33.82807377338403  23.56947596806081
 Cs -34.35352111634982 -11.59856877338403  35.3542139680608
  I -34.54005111634982 -27.27764277338403  18.52018696806081
  I -34.54005111634982 -27.27764277338403  28.61876496806081
  I -27.49933011634981 -22.85842077338403  30.30492596806081
  I -34.62404811634982 -18.14899977338403  30.30492596806081
  I -29.54945111634981 -17.70746777338403  23.56947596806081
  I -29.38909811634981 -29.32776377338403  35.3542139680608
 Cs -22.70648011634981 -11.78566577338403 -35.35421403193919
 Cs -22.89357811634981 -0.1386247733840287 -35.35421403193919
  I -16.03938611634981 -11.39847677338403 -30.30492503193919
  I -23.16410511634981 -6.689055773384029 -30.30492503193919
  I -17.92915511634981 -17.86782077338403 -35.35421403193919
  I -28.15470511634981 -16.25923077338403 -35.35421403193919
 Cs -23.53773211634982 -10.72108877338403 -23.56947603193919
 Cs -22.70648011634981 -11.78566577338403 -11.78473803193919
 Cs -23.35063411634981 -22.36813077338403 -23.56947603193919
 Cs -22.89357811634981 -0.1386247733840287 -11.78473803193919
 Pb -28.85207811634982 -16.98334977338403 -29.46184503193919
 Pb -29.03917611634981 -5.336307773384029 -29.46184503193919
 Pb -28.85207811634982 -16.98334977338403 -17.67710703193919
 Pb -29.03917611634981 -5.336307773384029 -17.67710703193919
  I -30.20482611634981 -11.10827877338403 -28.61876503193919
  I -23.08010711634982 -15.81769877338403 -28.61876503193919
  I -16.03938611634981 -11.39847677338403 -6.73544903193919
  I -23.16410511634981 -6.689055773384029 -6.73544903193919
  I -30.20482611634981 -11.10827877338403 -18.52018703193919
  I -23.08010711634982 -15.81769877338403 -18.52018703193919
  I -16.03938611634981 -11.39847677338403 -16.83402703193919
  I -23.16410511634981 -6.689055773384029 -16.83402703193919
  I -28.31505711634981 -4.638934773384029 -23.56947603193919
  I -18.08950711634981 -6.247523773384029 -23.56947603193919
  I -17.92915511634981 -17.86782077338403 -11.78473803193919
  I -28.15470511634981 -16.25923077338403 -11.78473803193919
 Cs -23.53773211634982 -10.72108877338403 -3.193919084765184e-08
 Cs -22.70648011634981 -11.78566577338403  11.78473796806081
 Cs -23.35063411634981 -22.36813077338403 -3.193919084765184e-08
 Cs -22.89357811634981 -0.1386247733840287  11.78473796806081
 Pb -28.85207811634982 -16.98334977338403 -5.892369031939189
 Pb -29.03917611634981 -5.336307773384029 -5.892369031939189
 Pb -28.85207811634982 -16.98334977338403  5.892368968060808
 Pb -29.03917611634981 -5.336307773384029  5.892368968060808
  I -30.20482611634981 -11.10827877338403 -5.049289031939193
  I -23.08010711634982 -15.81769877338403 -5.049289031939193
  I -16.03938611634981 -11.39847677338403  16.83402696806081
  I -23.16410511634981 -6.689055773384029  16.83402696806081
  I -30.20482611634981 -11.10827877338403  5.049288968060807
  I -23.08010711634982 -15.81769877338403  5.049288968060807
  I -16.03938611634981 -11.39847677338403  6.735448968060808
  I -23.16410511634981 -6.689055773384029  6.735448968060808
  I -28.31505711634981 -4.638934773384029 -3.193919084765184e-08
  I -18.08950711634981 -6.247523773384029 -3.193919084765184e-08
  I -17.92915511634981 -17.86782077338403  11.78473796806081
  I -28.15470511634981 -16.25923077338403  11.78473796806081
 Cs -23.53773211634982 -10.72108877338403  23.56947596806081
 Cs -22.70648011634981 -11.78566577338403  35.3542139680608
 Cs -23.35063411634981 -22.36813077338403  23.56947596806081
 Cs -22.89357811634981 -0.1386247733840287  35.3542139680608
 Pb -28.85207811634982 -16.98334977338403  17.67710696806081
 Pb -29.03917611634981 -5.336307773384029  17.67710696806081
 Pb -28.85207811634982 -16.98334977338403  29.46184496806081
 Pb -29.03917611634981 -5.336307773384029  29.46184496806081
  I -30.20482611634981 -11.10827877338403  18.52018696806081
  I -23.08010711634982 -15.81769877338403  18.52018696806081
  I -30.20482611634981 -11.10827877338403  28.61876496806081
  I -23.08010711634982 -15.81769877338403  28.61876496806081
  I -16.03938611634981 -11.39847677338403  30.30492596806081
  I -23.16410511634981 -6.689055773384029  30.30492596806081
  I -28.31505711634981 -4.638934773384029  23.56947596806081
  I -18.08950711634981 -6.247523773384029  23.56947596806081
  I -17.92915511634981 -17.86782077338403  35.3542139680608
  I -28.15470511634981 -16.25923077338403  35.3542139680608
 Cs -11.24653611634982 -0.3257227733840287 -35.35421403193919
 Cs -11.43363411634982  11.32131922661597 -35.35421403193919
  I -4.579443116349815  0.06146722661597132 -30.30492503193919
  I -11.70416111634982  4.770887226615971 -30.30492503193919
  I -6.469211116349815 -6.407876773384029 -35.35421403193919
  I -16.69476111634981 -4.799287773384028 -35.35421403193919
 Cs -12.07778911634982  0.7388542266159713 -23.56947603193919
 Cs -11.24653611634982 -0.3257227733840287 -11.78473803193919
 Cs -11.89069111634982 -10.90818677338403 -23.56947603193919
 Cs -11.43363411634982  11.32131922661597 -11.78473803193919
 Pb -17.39213411634982 -5.523405773384029 -29.46184503193919
 Pb -17.57923211634981  6.123635226615971 -29.46184503193919
 Pb -17.39213411634982 -5.523405773384029 -17.67710703193919
 Pb -17.57923211634981  6.123635226615971 -17.67710703193919
  I -18.74488211634981  0.3516652266159713 -28.61876503193919
  I -11.62016411634982 -4.357755773384029 -28.61876503193919
  I -4.579443116349815  0.06146722661597132 -6.73544903193919
  I -11.70416111634982  4.770887226615971 -6.73544903193919
  I -18.74488211634981  0.3516652266159713 -18.52018703193919
  I -11.62016411634982 -4.357755773384029 -18.52018703193919
  I -4.579443116349815  0.06146722661597132 -16.83402703193919
  I -11.70416111634982  4.770887226615971 -16.83402703193919
  I -16.85511411634981  6.821008226615971 -23.56947603193919
  I -6.629564116349814  5.212419226615971 -23.56947603193919
  I -6.469211116349815 -6.407876773384029 -11.78473803193919
  I -16.69476111634981 -4.799287773384028 -11.78473803193919
 Cs -12.07778911634982  0.7388542266159713 -3.193919084765184e-08
 Cs -11.24653611634982 -0.3257227733840287  11.78473796806081
 Cs -11.89069111634982 -10.90818677338403 -3.193919084765184e-08
 Cs -11.43363411634982  11.32131922661597  11.78473796806081
 Pb -17.39213411634982 -5.523405773384029 -5.892369031939189
 Pb -17.57923211634981  6.123635226615971 -5.892369031939189
 Pb -17.39213411634982 -5.523405773384029  5.892368968060808
 Pb -17.57923211634981  6.123635226615971  5.892368968060808
  I -18.74488211634981  0.3516652266159713 -5.049289031939193
  I -11.62016411634982 -4.357755773384029 -5.049289031939193
  I -4.579443116349815  0.06146722661597132  16.83402696806081
  I -11.70416111634982  4.770887226615971  16.83402696806081
  I -18.74488211634981  0.3516652266159713  5.049288968060807
  I -11.62016411634982 -4.357755773384029  5.049288968060807
  I -4.579443116349815  0.06146722661597132  6.735448968060808
  I -11.70416111634982  4.770887226615971  6.735448968060808
  I -16.85511411634981  6.821008226615971 -3.193919084765184e-08
  I -6.629564116349814  5.212419226615971 -3.193919084765184e-08
  I -6.469211116349815 -6.407876773384029  11.78473796806081
  I -16.69476111634981 -4.799287773384028  11.78473796806081
 Cs -12.07778911634982  0.7388542266159713  23.56947596806081
 Cs -11.24653611634982 -0.3257227733840287  35.3542139680608
 Cs -11.89069111634982 -10.90818677338403  23.56947596806081
 Cs -11.43363411634982  11.32131922661597  35.3542139680608
 Pb -17.39213411634982 -5.523405773384029  17.67710696806081
 Pb -17.57923211634981  6.123635226615971  17.67710696806081
 Pb -17.39213411634982 -5.523405773384029  29.46184496806081
 Pb -17.57923211634981  6.123635226615971  29.46184496806081
  I -18.74488211634981  0.3516652266159713  18.52018696806081
  I -11.62016411634982 -4.357755773384029  18.52018696806081
  I -18.74488211634981  0.3516652266159713  28.61876496806081
  I -11.62016411634982 -4.357755773384029  28.61876496806081
  I -4.579443116349815  0.06146722661597132  30.30492596806081
  I -11.70416111634982  4.770887226615971  30.30492596806081
  I -16.85511411634981  6.821008226615971  23.56947596806081
  I -6.629564116349814  5.212419226615971  23.56947596806081
  I -6.469211116349815 -6.407876773384029  35.3542139680608
  I -16.69476111634981 -4.799287773384028  35.3542139680608
 Cs  0.2134068836501848  11.13422122661597 -35.35421403193919
 Cs  0.02630988365018479  22.78126222661597 -35.35421403193919
  I  6.880500883650186  11.52141022661597 -30.30492503193919
  I -0.2442171163498152  16.23083122661597 -30.30492503193919
  I  4.990732883650185  5.052067226615971 -35.35421403193919
  I -5.234817116349815  6.660656226615971 -35.35421403193919
 Cs -0.6178451163498152  12.19879822661597 -23.56947603193919
 Cs  0.2134068836501848  11.13422122661597 -11.78473803193919
 Cs -0.4307471163498152  0.5517562266159713 -23.56947603193919
 Cs  0.02630988365018479  22.78126222661597 -11.78473803193919
 Pb -5.932191116349815  5.936538226615971 -29.46184503193919
 Pb -6.119288116349815  17.58357922661597 -29.46184503193919
 Pb -5.932191116349815  5.936538226615971 -17.67710703193919
 Pb -6.119288116349815  17.58357922661597 -17.67710703193919
  I -7.284938116349815  11.81160822661597 -28.61876503193919
  I -0.1602201163498152  7.102188226615971 -28.61876503193919
  I  6.880500883650186  11.52141022661597 -6.73544903193919
  I -0.2442171163498152  16.23083122661597 -6.73544903193919
  I -7.284938116349815  11.81160822661597 -18.52018703193919
  I -0.1602201163498152  7.102188226615971 -18.52018703193919
  I  6.880500883650186  11.52141022661597 -16.83402703193919
  I -0.2442171163498152  16.23083122661597 -16.83402703193919
  I -5.395170116349814  18.28095222661597 -23.56947603193919
  I  4.830379883650185  16.67236322661597 -23.56947603193919
  I  4.990732883650185  5.052067226615971 -11.78473803193919
  I -5.234817116349815  6.660656226615971 -11.78473803193919
 Cs -0.6178451163498152  12.19879822661597 -3.193919084765184e-08
 Cs  0.2134068836501848  11.13422122661597  11.78473796806081
 Cs -0.4307471163498152  0.5517562266159713 -3.193919084765184e-08
 Cs  0.02630988365018479  22.78126222661597  11.78473796806081
 Pb -5.932191116349815  5.936538226615971 -5.892369031939189
 Pb -6.119288116349815  17.58357922661597 -5.892369031939189
 Pb -5.932191116349815  5.936538226615971  5.892368968060808
 Pb -6.119288116349815  17.58357922661597  5.892368968060808
  I -7.284938116349815  11.81160822661597 -5.049289031939193
  I -0.1602201163498152  7.102188226615971 -5.049289031939193
  I  6.880500883650186  11.52141022661597  16.83402696806081
  I -0.2442171163498152  16.23083122661597  16.83402696806081
  I -7.284938116349815  11.81160822661597  5.049288968060807
  I -0.1602201163498152  7.102188226615971  5.049288968060807
  I  6.880500883650186  11.52141022661597  6.735448968060808
  I -0.2442171163498152  16.23083122661597  6.735448968060808
  I -5.395170116349814  18.28095222661597 -3.193919084765184e-08
  I  4.830379883650185  16.67236322661597 -3.193919084765184e-08
  I  4.990732883650185  5.052067226615971  11.78473796806081
  I -5.234817116349815  6.660656226615971  11.78473796806081
 Cs -0.6178451163498152  12.19879822661597  23.56947596806081
 Cs  0.2134068836501848  11.13422122661597  35.3542139680608
 Cs -0.4307471163498152  0.5517562266159713  23.56947596806081
 Cs  0.02630988365018479  22.78126222661597  35.3542139680608
 Pb -5.932191116349815  5.936538226615971  17.67710696806081
 Pb -6.119288116349815  17.58357922661597  17.67710696806081
 Pb -5.932191116349815  5.936538226615971  29.46184496806081
 Pb -6.119288116349815  17.58357922661597  29.46184496806081
  I -7.284938116349815  11.81160822661597  18.52018696806081
  I -0.1602201163498152  7.102188226615971  18.52018696806081
  I -7.284938116349815  11.81160822661597  28.61876496806081
  I -0.1602201163498152  7.102188226615971  28.61876496806081
  I  6.880500883650186  11.52141022661597  30.30492596806081
  I -0.2442171163498152  16.23083122661597  30.30492596806081
  I -5.395170116349814  18.28095222661597  23.56947596806081
  I  4.830379883650185  16.67236322661597  23.56947596806081
  I  4.990732883650185  5.052067226615971  35.3542139680608
  I -5.234817116349815  6.660656226615971  35.3542139680608
 Cs  11.67335088365019  22.59416522661597 -35.35421403193919
 Cs  11.48625288365018  34.24120622661597 -35.35421403193919
  I  18.34044488365019  22.98135422661597 -30.30492503193919
  I  11.21572588365018  27.69077522661597 -30.30492503193919
  I  16.45067588365018  16.51201022661597 -35.35421403193919
  I  6.225125883650185  18.12059922661597 -35.35421403193919
 Cs  10.84209888365018  23.65874122661597 -23.56947603193919
 Cs  11.67335088365019  22.59416522661597 -11.78473803193919
 Cs  11.02919588365018  12.01170022661597 -23.56947603193919
 Cs  11.48625288365018  34.24120622661597 -11.78473803193919
 Pb  5.527752883650185  17.39648122661597 -29.46184503193919
 Pb  5.340654883650185  29.04352322661597 -29.46184503193919
 Pb  5.527752883650185  17.39648122661597 -17.67710703193919
 Pb  5.340654883650185  29.04352322661597 -17.67710703193919
  I  4.175004883650185  23.27155222661597 -28.61876503193919
  I  11.29972388365018  18.56213122661597 -28.61876503193919
  I  18.34044488365019  22.98135422661597 -6.73544903193919
  I  11.21572588365018  27.69077522661597 -6.73544903193919
  I  4.175004883650185  23.27155222661597 -18.52018703193919
  I  11.29972388365018  18.56213122661597 -18.52018703193919
  I  18.34044488365019  22.98135422661597 -16.83402703193919
  I  11.21572588365018  27.69077522661597 -16.83402703193919
  I  6.064773883650185  29.74089622661597 -23.56947603193919
  I  16.29032388365018  28.13230622661597 -23.56947603193919
  I  16.45067588365018  16.51201022661597 -11.78473803193919
  I  6.225125883650185  18.12059922661597 -11.78473803193919
 Cs  10.84209888365018  23.65874122661597 -3.193919084765184e-08
 Cs  11.67335088365019  22.59416522661597  11.78473796806081
 Cs  11.02919588365018  12.01170022661597 -3.193919084765184e-08
 Cs  11.48625288365018  34.24120622661597  11.78473796806081
 Pb  5.527752883650185  17.39648122661597 -5.892369031939189
 Pb  5.340654883650185  29.04352322661597 -5.892369031939189
 Pb  5.527752883650185  17.39648122661597  5.892368968060808
 Pb  5.340654883650185  29.04352322661597  5.892368968060808
  I  4.175004883650185  23.27155222661597 -5.049289031939193
  I  11.29972388365018  18.56213122661597 -5.049289031939193
  I  18.34044488365019  22.98135422661597  16.83402696806081
  I  11.21572588365018  27.69077522661597  16.83402696806081
  I  4.175004883650185  23.27155222661597  5.049288968060807
  I  11.29972388365018  18.56213122661597  5.049288968060807
  I  18.34044488365019  22.98135422661597  6.735448968060808
  I  11.21572588365018  27.69077522661597  6.735448968060808
  I  6.064773883650185  29.74089622661597 -3.193919084765184e-08
  I  16.29032388365018  28.13230622661597 -3.193919084765184e-08
  I  16.45067588365018  16.51201022661597  11.78473796806081
  I  6.225125883650185  18.12059922661597  11.78473796806081
 Cs  10.84209888365018  23.65874122661597  23.56947596806081
 Cs  11.67335088365019  22.59416522661597  35.3542139680608
 Cs  11.02919588365018  12.01170022661597  23.56947596806081
 Cs  11.48625288365018  34.24120622661597  35.3542139680608
 Pb  5.527752883650185  17.39648122661597  17.67710696806081
 Pb  5.340654883650185  29.04352322661597  17.67710696806081
 Pb  5.527752883650185  17.39648122661597  29.46184496806081
 Pb  5.340654883650185  29.04352322661597  29.46184496806081
  I  4.175004883650185  23.27155222661597  18.52018696806081
  I  11.29972388365018  18.56213122661597  18.52018696806081
  I  4.175004883650185  23.27155222661597  28.61876496806081
  I  11.29972388365018  18.56213122661597  28.61876496806081
  I  18.34044488365019  22.98135422661597  30.30492596806081
  I  11.21572588365018  27.69077522661597  30.30492596806081
  I  6.064773883650185  29.74089622661597  23.56947596806081
  I  16.29032388365018  28.13230622661597  23.56947596806081
  I  16.45067588365018  16.51201022661597  35.3542139680608
  I  6.225125883650185  18.12059922661597  35.3542139680608
 Cs  23.13329488365019  34.05410822661597 -35.35421403193919
  I  29.80038788365018  34.44129822661597 -30.30492503193919
  I  27.91061988365018  27.97195422661597 -35.35421403193919
  I  17.68506988365019  29.58054322661597 -35.35421403193919
 Cs  22.30204188365019  35.11868522661597 -23.56947603193919
 Cs  23.13329488365019  34.05410822661597 -11.78473803193919
 Cs  22.48913988365019  23.47164422661597 -23.56947603193919
 Pb  16.98769688365019  28.85642522661597 -29.46184503193919
 Pb  16.98769688365019  28.85642522661597 -17.67710703193919
  I  15.63494888365018  34.73149622661597 -28.61876503193919
  I  22.75966688365019  30.02207522661597 -28.61876503193919
  I  29.80038788365018  34.44129822661597 -6.73544903193919
  I  15.63494888365018  34.73149622661597 -18.52018703193919
  I  22.75966688365019  30.02207522661597 -18.52018703193919
  I  29.80038788365018  34.44129822661597 -16.83402703193919
  I  27.91061988365018  27.97195422661597 -11.78473803193919
  I  17.68506988365019  29.58054322661597 -11.78473803193919
 Cs  22.30204188365019  35.11868522661597 -3.193919084765184e-08
 Cs  23.13329488365019  34.05410822661597  11.78473796806081
 Cs  22.48913988365019  23.47164422661597 -3.193919084765184e-08
 Pb  16.98769688365019  28.85642522661597 -5.892369031939189
 Pb  16.98769688365019  28.85642522661597  5.892368968060808
  I  15.63494888365018  34.73149622661597 -5.049289031939193
  I  22.75966688365019  30.02207522661597 -5.049289031939193
  I  29.80038788365018  34.44129822661597  16.83402696806081
  I  15.63494888365018  34.73149622661597  5.049288968060807
  I  22.75966688365019  30.02207522661597  5.049288968060807
  I  29.80038788365018  34.44129822661597  6.735448968060808
  I  27.91061988365018  27.97195422661597  11.78473796806081
  I  17.68506988365019  29.58054322661597  11.78473796806081
 Cs  22.30204188365019  35.11868522661597  23.56947596806081
 Cs  23.13329488365019  34.05410822661597  35.3542139680608
 Cs  22.48913988365019  23.47164422661597  23.56947596806081
 Pb  16.98769688365019  28.85642522661597  17.67710696806081
 Pb  16.98769688365019  28.85642522661597  29.46184496806081
  I  15.63494888365018  34.73149622661597  18.52018696806081
  I  22.75966688365019  30.02207522661597  18.52018696806081
  I  15.63494888365018  34.73149622661597  28.61876496806081
  I  22.75966688365019  30.02207522661597  28.61876496806081
  I  29.80038788365018  34.44129822661597  30.30492596806081
  I  27.91061988365018  27.97195422661597  35.3542139680608
  I  17.68506988365019  29.58054322661597  35.3542139680608
 Cs  33.94908388365018  34.93158722661597 -23.56947603193919
 Cs  33.94908388365018  34.93158722661597 -3.193919084765184e-08
 Cs  33.94908388365018  34.93158722661597  23.56947596806081
 Cs -33.97932611634982 -34.89265077338403 -35.35421403193919
 Cs -33.97932611634982 -34.89265077338403 -11.78473803193919
 Cs -33.97932611634982 -34.89265077338403  11.78473796806081
 Cs -33.97932611634982 -34.89265077338403  35.3542139680608
 Cs -22.33228411634981 -35.07974877338403 -35.35421403193919
 Cs -22.51938211634981 -23.43270777338403 -35.35421403193919
  I -15.66519111634982 -34.69255977338403 -30.30492503193919
  I -22.78990911634981 -29.98313877338403 -30.30492503193919
 Cs -23.16353711634981 -34.01517177338403 -23.56947603193919
 Cs -22.33228411634981 -35.07974877338403 -11.78473803193919
 Cs -22.51938211634981 -23.43270777338403 -11.78473803193919
 Pb -28.66498011634981 -28.63039077338403 -29.46184503193919
 Pb -28.66498011634981 -28.63039077338403 -17.67710703193919
  I -29.83063011634981 -34.40236177338403 -28.61876503193919
  I -15.66519111634982 -34.69255977338403 -6.73544903193919
  I -22.78990911634981 -29.98313877338403 -6.73544903193919
  I -29.83063011634981 -34.40236177338403 -18.52018703193919
  I -15.66519111634982 -34.69255977338403 -16.83402703193919
  I -22.78990911634981 -29.98313877338403 -16.83402703193919
  I -27.94086211634981 -27.93301777338403 -23.56947603193919
  I -17.71531211634981 -29.54160677338403 -23.56947603193919
 Cs -23.16353711634981 -34.01517177338403 -3.193919084765184e-08
 Cs -22.33228411634981 -35.07974877338403  11.78473796806081
 Cs -22.51938211634981 -23.43270777338403  11.78473796806081
 Pb -28.66498011634981 -28.63039077338403 -5.892369031939189
 Pb -28.66498011634981 -28.63039077338403  5.892368968060808
  I -29.83063011634981 -34.40236177338403 -5.049289031939193
  I -15.66519111634982 -34.69255977338403  16.83402696806081
  I -22.78990911634981 -29.98313877338403  16.83402696806081
  I -29.83063011634981 -34.40236177338403  5.049288968060807
  I -15.66519111634982 -34.69255977338403  6.735448968060808
  I -22.78990911634981 -29.98313877338403  6.735448968060808
  I -27.94086211634981 -27.93301777338403 -3.193919084765184e-08
  I -17.71531211634981 -29.54160677338403 -3.193919084765184e-08
 Cs -23.16353711634981 -34.01517177338403  23.56947596806081
 Cs -22.33228411634981 -35.07974877338403  35.3542139680608
 Cs -22.51938211634981 -23.43270777338403  35.3542139680608
 Pb -28.66498011634981 -28.63039077338403  17.67710696806081
 Pb -28.66498011634981 -28.63039077338403  29.46184496806081
  I -29.83063011634981 -34.40236177338403  18.52018696806081
  I -29.83063011634981 -34.40236177338403  28.61876496806081
  I -15.66519111634982 -34.69255977338403  30.30492596806081
  I -22.78990911634981 -29.98313877338403  30.30492596806081
  I -27.94086211634981 -27.93301777338403  23.56947596806081
  I -17.71531211634981 -29.54160677338403  23.56947596806081
 Cs -10.87234111634982 -23.61980477338403 -35.35421403193919
 Cs -11.05943811634982 -11.97276377338403 -35.35421403193919
  I -4.205247116349815 -23.23261577338403 -30.30492503193919
  I -11.32996611634982 -18.52319477338403 -30.30492503193919
  I -6.095016116349814 -29.70195977338403 -35.35421403193919
  I -16.32056611634981 -28.09336977338403 -35.35421403193919
 Cs -11.70359311634982 -22.55522877338403 -23.56947603193919
 Cs -10.87234111634982 -23.61980477338403 -11.78473803193919
 Cs -11.51649511634982 -34.20226977338403 -23.56947603193919
 Cs -11.05943811634982 -11.97276377338403 -11.78473803193919
 Pb -17.01793911634982 -28.81748877338403 -29.46184503193919
 Pb -17.20503611634981 -17.17044677338403 -29.46184503193919
 Pb -17.01793911634982 -28.81748877338403 -17.67710703193919
 Pb -17.20503611634981 -17.17044677338403 -17.67710703193919
  I -18.37068711634981 -22.94241777338403 -28.61876503193919
  I -11.24596811634982 -27.65183877338403 -28.61876503193919
  I -4.205247116349815 -23.23261577338403 -6.73544903193919
  I -11.32996611634982 -18.52319477338403 -6.73544903193919
  I -18.37068711634981 -22.94241777338403 -18.52018703193919
  I -11.24596811634982 -27.65183877338403 -18.52018703193919
  I -4.205247116349815 -23.23261577338403 -16.83402703193919
  I -11.32996611634982 -18.52319477338403 -16.83402703193919
  I -16.48091811634981 -16.47307377338403 -23.56947603193919
  I -6.255368116349815 -18.08166277338403 -23.56947603193919
  I -6.095016116349814 -29.70195977338403 -11.78473803193919
  I -16.32056611634981 -28.09336977338403 -11.78473803193919
 Cs -11.70359311634982 -22.55522877338403 -3.193919084765184e-08
 Cs -10.87234111634982 -23.61980477338403  11.78473796806081
 Cs -11.51649511634982 -34.20226977338403 -3.193919084765184e-08
 Cs -11.05943811634982 -11.97276377338403  11.78473796806081
 Pb -17.01793911634982 -28.81748877338403 -5.892369031939189
 Pb -17.20503611634981 -17.17044677338403 -5.892369031939189
 Pb -17.01793911634982 -28.81748877338403  5.892368968060808
 Pb -17.20503611634981 -17.17044677338403  5.892368968060808
  I -18.37068711634981 -22.94241777338403 -5.049289031939193
  I -11.24596811634982 -27.65183877338403 -5.049289031939193
  I -4.205247116349815 -23.23261577338403  16.83402696806081
  I -11.32996611634982 -18.52319477338403  16.83402696806081
  I -18.37068711634981 -22.94241777338403  5.049288968060807
  I -11.24596811634982 -27.65183877338403  5.049288968060807
  I -4.205247116349815 -23.23261577338403  6.735448968060808
  I -11.32996611634982 -18.52319477338403  6.735448968060808
  I -16.48091811634981 -16.47307377338403 -3.193919084765184e-08
  I -6.255368116349815 -18.08166277338403 -3.193919084765184e-08
  I -6.095016116349814 -29.70195977338403  11.78473796806081
  I -16.32056611634981 -28.09336977338403  11.78473796806081
 Cs -11.70359311634982 -22.55522877338403  23.56947596806081
 Cs -10.87234111634982 -23.61980477338403  35.3542139680608
 Cs -11.51649511634982 -34.20226977338403  23.56947596806081
 Cs -11.05943811634982 -11.97276377338403  35.3542139680608
 Pb -17.01793911634982 -28.81748877338403  17.67710696806081
 Pb -17.20503611634981 -17.17044677338403  17.67710696806081
 Pb -17.01793911634982 -28.81748877338403  29.46184496806081
 Pb -17.20503611634981 -17.17044677338403  29.46184496806081
  I -18.37068711634981 -22.94241777338403  18.52018696806081
  I -11.24596811634982 -27.65183877338403  18.52018696806081
  I -18.37068711634981 -22.94241777338403  28.61876496806081
  I -11.24596811634982 -27.65183877338403  28.61876496806081
  I -4.205247116349815 -23.23261577338403  30.30492596806081
  I -11.32996611634982 -18.52319477338403  30.30492596806081
  I -16.48091811634981 -16.47307377338403  23.56947596806081
  I -6.255368116349815 -18.08166277338403  23.56947596806081
  I -6.095016116349814 -29.70195977338403  35.3542139680608
  I -16.32056611634981 -28.09336977338403  35.3542139680608
 Cs  0.5876028836501849 -12.15986177338403 -35.35421403193919
 Cs  0.4005048836501848 -0.5128197733840286 -35.35421403193919
  I  7.254695883650185 -11.77267177338403 -30.30492503193919
  I  0.1299778836501848 -7.063251773384029 -30.30492503193919
  I  5.364927883650185 -18.24201577338403 -35.35421403193919
  I -4.860622116349814 -16.63342677338403 -35.35421403193919
 Cs -0.2436491163498152 -11.09528477338403 -23.56947603193919
 Cs  0.5876028836501849 -12.15986177338403 -11.78473803193919
 Cs -0.05655211634981521 -22.74232577338403 -23.56947603193919
 Cs  0.4005048836501848 -0.5128197733840286 -11.78473803193919
 Pb -5.557995116349815 -17.35754477338403 -29.46184503193919
 Pb -5.745093116349815 -5.710503773384029 -29.46184503193919
 Pb -5.557995116349815 -17.35754477338403 -17.67710703193919
 Pb -5.745093116349815 -5.710503773384029 -17.67710703193919
  I -6.910743116349815 -11.48247377338403 -28.61876503193919
  I  0.2139748836501848 -16.19189477338403 -28.61876503193919
  I  7.254695883650185 -11.77267177338403 -6.73544903193919
  I  0.1299778836501848 -7.063251773384029 -6.73544903193919
  I -6.910743116349815 -11.48247377338403 -18.52018703193919
  I  0.2139748836501848 -16.19189477338403 -18.52018703193919
  I  7.254695883650185 -11.77267177338403 -16.83402703193919
  I  0.1299778836501848 -7.063251773384029 -16.83402703193919
  I -5.020975116349815 -5.013130773384029 -23.56947603193919
  I  5.204574883650185 -6.621719773384029 -23.56947603193919
  I  5.364927883650185 -18.24201577338403 -11.78473803193919
  I -4.860622116349814 -16.63342677338403 -11.78473803193919
 Cs -0.2436491163498152 -11.09528477338403 -3.193919084765184e-08
 Cs  0.5876028836501849 -12.15986177338403  11.78473796806081
 Cs -0.05655211634981521 -22.74232577338403 -3.193919084765184e-08
 Cs  0.4005048836501848 -0.5128197733840286  11.78473796806081
 Pb -5.557995116349815 -17.35754477338403 -5.892369031939189
 Pb -5.745093116349815 -5.710503773384029 -5.892369031939189
 Pb -5.557995116349815 -17.35754477338403  5.892368968060808
 Pb -5.745093116349815 -5.710503773384029  5.892368968060808
  I -6.910743116349815 -11.48247377338403 -5.049289031939193
  I  0.2139748836501848 -16.19189477338403 -5.049289031939193
  I  7.254695883650185 -11.77267177338403  16.83402696806081
  I  0.1299778836501848 -7.063251773384029  16.83402696806081
  I -6.910743116349815 -11.48247377338403  5.049288968060807
  I  0.2139748836501848 -16.19189477338403  5.049288968060807
  I  7.254695883650185 -11.77267177338403  6.735448968060808
  I  0.1299778836501848 -7.063251773384029  6.735448968060808
  I -5.020975116349815 -5.013130773384029 -3.193919084765184e-08
  I  5.204574883650185 -6.621719773384029 -3.193919084765184e-08
  I  5.364927883650185 -18.24201577338403  11.78473796806081
  I -4.860622116349814 -16.63342677338403  11.78473796806081
 Cs -0.2436491163498152 -11.09528477338403  23.56947596806081
 Cs  0.5876028836501849 -12.15986177338403  35.3542139680608
 Cs -0.05655211634981521 -22.74232577338403  23.56947596806081
 Cs  0.4005048836501848 -0.5128197733840286  35.3542139680608
 Pb -5.557995116349815 -17.35754477338403  17.67710696806081
 Pb -5.745093116349815 -5.710503773384029  17.67710696806081
 Pb -5.557995116349815 -17.35754477338403  29.46184496806081
 Pb -5.745093116349815 -5.710503773384029  29.46184496806081
  I -6.910743116349815 -11.48247377338403  18.52018696806081
  I  0.2139748836501848 -16.19189477338403  18.52018696806081
  I -6.910743116349815 -11.48247377338403  28.61876496806081
  I  0.2139748836501848 -16.19189477338403  28.61876496806081
  I  7.254695883650185 -11.77267177338403  30.30492596806081
  I  0.1299778836501848 -7.063251773384029  30.30492596806081
  I -5.020975116349815 -5.013130773384029  23.56947596806081
  I  5.204574883650185 -6.621719773384029  23.56947596806081
  I  5.364927883650185 -18.24201577338403  35.3542139680608
  I -4.860622116349814 -16.63342677338403  35.3542139680608
 Cs  12.04754688365018 -0.6999177733840286 -35.35421403193919
 Cs  11.86044888365018  10.94712322661597 -35.35421403193919
  I  18.71463988365019 -0.3127287733840287 -30.30492503193919
  I  11.58992188365018  4.396692226615971 -30.30492503193919
  I  16.82487188365019 -6.782071773384029 -35.35421403193919
  I  6.599321883650185 -5.173482773384029 -35.35421403193919
 Cs  11.21629388365018  0.3646592266159713 -23.56947603193919
 Cs  12.04754688365018 -0.6999177733840286 -11.78473803193919
 Cs  11.40339188365019 -11.28238277338403 -23.56947603193919
 Cs  11.86044888365018  10.94712322661597 -11.78473803193919
 Pb  5.901948883650185 -5.897601773384029 -29.46184503193919
 Pb  5.714850883650185  5.749440226615971 -29.46184503193919
 Pb  5.901948883650185 -5.897601773384029 -17.67710703193919
 Pb  5.714850883650185  5.749440226615971 -17.67710703193919
  I  4.549200883650185 -0.02253077338402869 -28.61876503193919
  I  11.67391888365018 -4.731950773384029 -28.61876503193919
  I  18.71463988365019 -0.3127287733840287 -6.73544903193919
  I  11.58992188365018  4.396692226615971 -6.73544903193919
  I  4.549200883650185 -0.02253077338402869 -18.52018703193919
  I  11.67391888365018 -4.731950773384029 -18.52018703193919
  I  18.71463988365019 -0.3127287733840287 -16.83402703193919
  I  11.58992188365018  4.396692226615971 -16.83402703193919
  I  6.438968883650185  6.446813226615971 -23.56947603193919
  I  16.66451888365019  4.838224226615971 -23.56947603193919
  I  16.82487188365019 -6.782071773384029 -11.78473803193919
  I  6.599321883650185 -5.173482773384029 -11.78473803193919
 Cs  11.21629388365018  0.3646592266159713 -3.193919084765184e-08
 Cs  12.04754688365018 -0.6999177733840286  11.78473796806081
 Cs  11.40339188365019 -11.28238277338403 -3.193919084765184e-08
 Cs  11.86044888365018  10.94712322661597  11.78473796806081
 Pb  5.901948883650185 -5.897601773384029 -5.892369031939189
 Pb  5.714850883650185  5.749440226615971 -5.892369031939189
 Pb  5.901948883650185 -5.897601773384029  5.892368968060808
 Pb  5.714850883650185  5.749440226615971  5.892368968060808
  I  4.549200883650185 -0.02253077338402869 -5.049289031939193
  I  11.67391888365018 -4.731950773384029 -5.049289031939193
  I  18.71463988365019 -0.3127287733840287  16.83402696806081
  I  11.58992188365018  4.396692226615971  16.83402696806081
  I  4.549200883650185 -0.02253077338402869  5.049288968060807
  I  11.67391888365018 -4.731950773384029  5.049288968060807
  I  18.71463988365019 -0.3127287733840287  6.735448968060808
  I  11.58992188365018  4.396692226615971  6.735448968060808
  I  6.438968883650185  6.446813226615971 -3.193919084765184e-08
  I  16.66451888365019  4.838224226615971 -3.193919084765184e-08
  I  16.82487188365019 -6.782071773384029  11.78473796806081
  I  6.599321883650185 -5.173482773384029  11.78473796806081
 Cs  11.21629388365018  0.3646592266159713  23.56947596806081
 Cs  12.04754688365018 -0.6999177733840286  35.3542139680608
 Cs  11.40339188365019 -11.28238277338403  23.56947596806081
 Cs  11.86044888365018  10.94712322661597  35.3542139680608
 Pb  5.901948883650185 -5.897601773384029  17.67710696806081
 Pb  5.714850883650185  5.749440226615971  17.67710696806081
 Pb  5.901948883650185 -5.897601773384029  29.46184496806081
 Pb  5.714850883650185  5.749440226615971  29.46184496806081
  I  4.549200883650185 -0.02253077338402869  18.52018696806081
  I  11.67391888365018 -4.731950773384029  18.52018696806081
  I  4.549200883650185 -0.02253077338402869  28.61876496806081
  I  11.67391888365018 -4.731950773384029  28.61876496806081
  I  18.71463988365019 -0.3127287733840287  30.30492596806081
  I  11.58992188365018  4.396692226615971  30.30492596806081
  I  6.438968883650185  6.446813226615971  23.56947596806081
  I  16.66451888365019  4.838224226615971  23.56947596806081
  I  16.82487188365019 -6.782071773384029  35.3542139680608
  I  6.599321883650185 -5.173482773384029  35.3542139680608
 Cs  23.50748988365019  10.76002522661597 -35.35421403193919
 Cs  23.32039188365018  22.40706722661597 -35.35421403193919
  I  30.17458388365019  11.14721522661597 -30.30492503193919
  I  23.04986488365019  15.85663522661597 -30.30492503193919
  I  28.28481488365018  4.677871226615971 -35.35421403193919
  I  18.05926488365019  6.286460226615971 -35.35421403193919
 Cs  22.67623788365018  11.82460222661597 -23.56947603193919
 Cs  23.50748988365019  10.76002522661597 -11.78473803193919
 Cs  22.86333588365019  0.1775612266159713 -23.56947603193919
 Cs  23.32039188365018  22.40706722661597 -11.78473803193919
 Pb  17.36189188365019  5.562342226615971 -29.46184503193919
 Pb  17.17479388365019  17.20938322661597 -29.46184503193919
 Pb  17.36189188365019  5.562342226615971 -17.67710703193919
 Pb  17.17479388365019  17.20938322661597 -17.67710703193919
  I  16.00914388365019  11.43741322661597 -28.61876503193919
  I  23.13386288365018  6.727992226615971 -28.61876503193919
  I  30.17458388365019  11.14721522661597 -6.73544903193919
  I  23.04986488365019  15.85663522661597 -6.73544903193919
  I  16.00914388365019  11.43741322661597 -18.52018703193919
  I  23.13386288365018  6.727992226615971 -18.52018703193919
  I  30.17458388365019  11.14721522661597 -16.83402703193919
  I  23.04986488365019  15.85663522661597 -16.83402703193919
  I  17.89891288365019  17.90675722661597 -23.56947603193919
  I  28.12446288365019  16.29816722661597 -23.56947603193919
  I  28.28481488365018  4.677871226615971 -11.78473803193919
  I  18.05926488365019  6.286460226615971 -11.78473803193919
 Cs  22.67623788365018  11.82460222661597 -3.193919084765184e-08
 Cs  23.50748988365019  10.76002522661597  11.78473796806081
 Cs  22.86333588365019  0.1775612266159713 -3.193919084765184e-08
 Cs  23.32039188365018  22.40706722661597  11.78473796806081
 Pb  17.36189188365019  5.562342226615971 -5.892369031939189
 Pb  17.17479388365019  17.20938322661597 -5.892369031939189
 Pb  17.36189188365019  5.562342226615971  5.892368968060808
 Pb  17.17479388365019  17.20938322661597  5.892368968060808
  I  16.00914388365019  11.43741322661597 -5.049289031939193
  I  23.13386288365018  6.727992226615971 -5.049289031939193
  I  30.17458388365019  11.14721522661597  16.83402696806081
  I  23.04986488365019  15.85663522661597  16.83402696806081
  I  16.00914388365019  11.43741322661597  5.049288968060807
  I  23.13386288365018  6.727992226615971  5.049288968060807
  I  30.17458388365019  11.14721522661597  6.735448968060808
  I  23.04986488365019  15.85663522661597  6.735448968060808
  I  17.89891288365019  17.90675722661597 -3.193919084765184e-08
  I  28.12446288365019  16.29816722661597 -3.193919084765184e-08
  I  28.28481488365018  4.677871226615971  11.78473796806081
  I  18.05926488365019  6.286460226615971  11.78473796806081
 Cs  22.67623788365018  11.82460222661597  23.56947596806081
 Cs  23.50748988365019  10.76002522661597  35.3542139680608
 Cs  22.86333588365019  0.1775612266159713  23.56947596806081
 Cs  23.32039188365018  22.40706722661597  35.3542139680608
 Pb  17.36189188365019  5.562342226615971  17.67710696806081
 Pb  17.17479388365019  17.20938322661597  17.67710696806081
 Pb  17.36189188365019  5.562342226615971  29.46184496806081
 Pb  17.17479388365019  17.20938322661597  29.46184496806081
  I  16.00914388365019  11.43741322661597  18.52018696806081
  I  23.13386288365018  6.727992226615971  18.52018696806081
  I  16.00914388365019  11.43741322661597  28.61876496806081
  I  23.13386288365018  6.727992226615971  28.61876496806081
  I  30.17458388365019  11.14721522661597  30.30492596806081
  I  23.04986488365019  15.85663522661597  30.30492596806081
  I  17.89891288365019  17.90675722661597  23.56947596806081
  I  28.12446288365019  16.29816722661597  23.56947596806081
  I  28.28481488365018  4.677871226615971  35.3542139680608
  I  18.05926488365019  6.286460226615971  35.3542139680608
 Cs  34.96743388365018  22.21996922661597 -35.35421403193919
 Cs  34.78033588365018  33.86701022661597 -35.35421403193919
  I  34.50980888365018  27.31657922661597 -30.30492503193919
  I  29.51920888365019  17.74640422661597 -35.35421403193919
 Cs  34.13618088365018  23.28454622661597 -23.56947603193919
 Cs  34.96743388365018  22.21996922661597 -11.78473803193919
 Cs  34.32327888365018  11.63750522661597 -23.56947603193919
 Cs  34.78033588365018  33.86701022661597 -11.78473803193919
 Pb  28.82183588365019  17.02228622661597 -29.46184503193919
 Pb  28.63473788365019  28.66932722661597 -29.46184503193919
 Pb  28.82183588365019  17.02228622661597 -17.67710703193919
 Pb  28.63473788365019  28.66932722661597 -17.67710703193919
  I  27.46908788365019  22.89735722661597 -28.61876503193919
  I  34.59380588365018  18.18793622661597 -28.61876503193919
  I  34.50980888365018  27.31657922661597 -6.73544903193919
  I  27.46908788365019  22.89735722661597 -18.52018703193919
  I  34.59380588365018  18.18793622661597 -18.52018703193919
  I  34.50980888365018  27.31657922661597 -16.83402703193919
  I  29.35885588365019  29.36670022661597 -23.56947603193919
  I  29.51920888365019  17.74640422661597 -11.78473803193919
 Cs  34.13618088365018  23.28454622661597 -3.193919084765184e-08
 Cs  34.96743388365018  22.21996922661597  11.78473796806081
 Cs  34.32327888365018  11.63750522661597 -3.193919084765184e-08
 Cs  34.78033588365018  33.86701022661597  11.78473796806081
 Pb  28.82183588365019  17.02228622661597 -5.892369031939189
 Pb  28.63473788365019  28.66932722661597 -5.892369031939189
 Pb  28.82183588365019  17.02228622661597  5.892368968060808
 Pb  28.63473788365019  28.66932722661597  5.892368968060808
  I  27.46908788365019  22.89735722661597 -5.049289031939193
  I  34.59380588365018  18.18793622661597 -5.049289031939193
  I  34.50980888365018  27.31657922661597  16.83402696806081
  I  27.46908788365019  22.89735722661597  5.049288968060807
  I  34.59380588365018  18.18793622661597  5.049288968060807
  I  34.50980888365018  27.31657922661597  6.735448968060808
  I  29.35885588365019  29.36670022661597 -3.193919084765184e-08
  I  29.51920888365019  17.74640422661597  11.78473796806081
 Cs  34.13618088365018  23.28454622661597  23.56947596806081
 Cs  34.96743388365018  22.21996922661597  35.3542139680608
 Cs  34.32327888365018  11.63750522661597  23.56947596806081
 Cs  34.78033588365018  33.86701022661597  35.3542139680608
 Pb  28.82183588365019  17.02228622661597  17.67710696806081
 Pb  28.63473788365019  28.66932722661597  17.67710696806081
 Pb  28.82183588365019  17.02228622661597  29.46184496806081
 Pb  28.63473788365019  28.66932722661597  29.46184496806081
  I  27.46908788365019  22.89735722661597  18.52018696806081
  I  34.59380588365018  18.18793622661597  18.52018696806081
  I  27.46908788365019  22.89735722661597  28.61876496806081
  I  34.59380588365018  18.18793622661597  28.61876496806081
  I  34.50980888365018  27.31657922661597  30.30492596806081
  I  29.35885588365019  29.36670022661597  23.56947596806081
  I  29.51920888365019  17.74640422661597  35.3542139680608
 Cs -10.68524311634981 -35.26684677338403 -35.35421403193919
 Cs -10.68524311634981 -35.26684677338403 -11.78473803193919
 Cs -10.68524311634981 -35.26684677338403  11.78473796806081
 Cs -10.68524311634981 -35.26684677338403  35.3542139680608
 Cs  0.9617978836501848 -35.45394377338403 -35.35421403193919
 Cs  0.7747008836501849 -23.80690277338403 -35.35421403193919
  I  7.628891883650185 -35.06675477338403 -30.30492503193919
  I  0.5041738836501848 -30.35733377338403 -30.30492503193919
 Cs  0.1305458836501848 -34.38936777338403 -23.56947603193919
 Cs  0.9617978836501848 -35.45394377338403 -11.78473803193919
 Cs  0.7747008836501849 -23.80690277338403 -11.78473803193919
 Pb -5.370897116349814 -29.00458677338403 -29.46184503193919
 Pb -5.370897116349814 -29.00458677338403 -17.67710703193919
  I -6.536548116349815 -34.77655677338403 -28.61876503193919
  I  7.628891883650185 -35.06675477338403 -6.73544903193919
  I  0.5041738836501848 -30.35733377338403 -6.73544903193919
  I -6.536548116349815 -34.77655677338403 -18.52018703193919
  I  7.628891883650185 -35.06675477338403 -16.83402703193919
  I  0.5041738836501848 -30.35733377338403 -16.83402703193919
  I -4.646779116349815 -28.30721277338403 -23.56947603193919
  I  5.578770883650185 -29.91580277338403 -23.56947603193919
 Cs  0.1305458836501848 -34.38936777338403 -3.193919084765184e-08
 Cs  0.9617978836501848 -35.45394377338403  11.78473796806081
 Cs  0.7747008836501849 -23.80690277338403  11.78473796806081
 Pb -5.370897116349814 -29.00458677338403 -5.892369031939189
 Pb -5.370897116349814 -29.00458677338403  5.892368968060808
  I -6.536548116349815 -34.77655677338403 -5.049289031939193
  I  7.628891883650185 -35.06675477338403  16.83402696806081
  I  0.5041738836501848 -30.35733377338403  16.83402696806081
  I -6.536548116349815 -34.77655677338403  5.049288968060807
  I  7.628891883650185 -35.06675477338403  6.735448968060808
  I  0.5041738836501848 -30.35733377338403  6.735448968060808
  I -4.646779116349815 -28.30721277338403 -3.193919084765184e-08
  I  5.578770883650185 -29.91580277338403 -3.193919084765184e-08
 Cs  0.1305458836501848 -34.38936777338403  23.56947596806081
 Cs  0.9617978836501848 -35.45394377338403  35.3542139680608
 Cs  0.7747008836501849 -23.80690277338403  35.3542139680608
 Pb -5.370897116349814 -29.00458677338403  17.67710696806081
 Pb -5.370897116349814 -29.00458677338403  29.46184496806081
  I -6.536548116349815 -34.77655677338403  18.52018696806081
  I -6.536548116349815 -34.77655677338403  28.61876496806081
  I  7.628891883650185 -35.06675477338403  30.30492596806081
  I  0.5041738836501848 -30.35733377338403  30.30492596806081
  I -4.646779116349815 -28.30721277338403  23.56947596806081
  I  5.578770883650185 -29.91580277338403  23.56947596806081
 Cs  12.42174188365018 -23.99400077338403 -35.35421403193919
 Cs  12.23464388365018 -12.34695877338403 -35.35421403193919
  I  19.08883588365019 -23.60681177338403 -30.30492503193919
  I  11.96411688365018 -18.89739077338403 -30.30492503193919
  I  17.19906688365019 -30.07615477338403 -35.35421403193919
  I  6.973516883650185 -28.46756577338403 -35.35421403193919
 Cs  11.59048988365018 -22.92942377338403 -23.56947603193919
 Cs  12.42174188365018 -23.99400077338403 -11.78473803193919
 Cs  11.77758688365018 -34.57646477338403 -23.56947603193919
 Cs  12.23464388365018 -12.34695877338403 -11.78473803193919
 Pb  6.276143883650185 -29.19168377338403 -29.46184503193919
 Pb  6.089045883650186 -17.54464277338403 -29.46184503193919
 Pb  6.276143883650185 -29.19168377338403 -17.67710703193919
 Pb  6.089045883650186 -17.54464277338403 -17.67710703193919
  I  4.923395883650185 -23.31661277338403 -28.61876503193919
  I  12.04811488365018 -28.02603377338403 -28.61876503193919
  I  19.08883588365019 -23.60681177338403 -6.73544903193919
  I  11.96411688365018 -18.89739077338403 -6.73544903193919
  I  4.923395883650185 -23.31661277338403 -18.52018703193919
  I  12.04811488365018 -28.02603377338403 -18.52018703193919
  I  19.08883588365019 -23.60681177338403 -16.83402703193919
  I  11.96411688365018 -18.89739077338403 -16.83402703193919
  I  6.813164883650185 -16.84726977338403 -23.56947603193919
  I  17.03871488365019 -18.45585877338403 -23.56947603193919
  I  17.19906688365019 -30.07615477338403 -11.78473803193919
  I  6.973516883650185 -28.46756577338403 -11.78473803193919
 Cs  11.59048988365018 -22.92942377338403 -3.193919084765184e-08
 Cs  12.42174188365018 -23.99400077338403  11.78473796806081
 Cs  11.77758688365018 -34.57646477338403 -3.193919084765184e-08
 Cs  12.23464388365018 -12.34695877338403  11.78473796806081
 Pb  6.276143883650185 -29.19168377338403 -5.892369031939189
 Pb  6.089045883650186 -17.54464277338403 -5.892369031939189
 Pb  6.276143883650185 -29.19168377338403  5.892368968060808
 Pb  6.089045883650186 -17.54464277338403  5.892368968060808
  I  4.923395883650185 -23.31661277338403 -5.049289031939193
  I  12.04811488365018 -28.02603377338403 -5.049289031939193
  I  19.08883588365019 -23.60681177338403  16.83402696806081
  I  11.96411688365018 -18.89739077338403  16.83402696806081
  I  4.923395883650185 -23.31661277338403  5.049288968060807
  I  12.04811488365018 -28.02603377338403  5.049288968060807
  I  19.08883588365019 -23.60681177338403  6.735448968060808
  I  11.96411688365018 -18.89739077338403  6.735448968060808
  I  6.813164883650185 -16.84726977338403 -3.193919084765184e-08
  I  17.03871488365019 -18.45585877338403 -3.193919084765184e-08
  I  17.19906688365019 -30.07615477338403  11.78473796806081
  I  6.973516883650185 -28.46756577338403  11.78473796806081
 Cs  11.59048988365018 -22.92942377338403  23.56947596806081
 Cs  12.42174188365018 -23.99400077338403  35.3542139680608
 Cs  11.77758688365018 -34.57646477338403  23.56947596806081
 Cs  12.23464388365018 -12.34695877338403  35.3542139680608
 Pb  6.276143883650185 -29.19168377338403  17.67710696806081
 Pb  6.089045883650186 -17.54464277338403  17.67710696806081
 Pb  6.276143883650185 -29.19168377338403  29.46184496806081
 Pb  6.089045883650186 -17.54464277338403  29.46184496806081
  I  4.923395883650185 -23.31661277338403  18.52018696806081
  I  12.04811488365018 -28.02603377338403  18.52018696806081
  I  4.923395883650185 -23.31661277338403  28.61876496806081
  I  12.04811488365018 -28.02603377338403  28.61876496806081
  I  19.08883588365019 -23.60681177338403  30.30492596806081
  I  11.96411688365018 -18.89739077338403  30.30492596806081
  I  6.813164883650185 -16.84726977338403  23.56947596806081
  I  17.03871488365019 -18.45585877338403  23.56947596806081
  I  17.19906688365019 -30.07615477338403  35.3542139680608
  I  6.973516883650185 -28.46756577338403  35.3542139680608
 Cs  23.88168588365019 -12.53405677338403 -35.35421403193919
 Cs  23.69458788365019 -0.8870157733840286 -35.35421403193919
  I  30.54877888365019 -12.14686777338403 -30.30492503193919
  I  23.42406088365018 -7.437446773384029 -30.30492503193919
  I  28.65901088365019 -18.61621077338403 -35.35421403193919
  I  18.43346088365018 -17.00762177338403 -35.35421403193919
 Cs  23.05043288365018 -11.46947977338403 -23.56947603193919
 Cs  23.88168588365019 -12.53405677338403 -11.78473803193919
 Cs  23.23753088365019 -23.11652177338403 -23.56947603193919
 Cs  23.69458788365019 -0.8870157733840286 -11.78473803193919
 Pb  17.73608788365019 -17.73174077338403 -29.46184503193919
 Pb  17.54898988365019 -6.084698773384029 -29.46184503193919
 Pb  17.73608788365019 -17.73174077338403 -17.67710703193919
 Pb  17.54898988365019 -6.084698773384029 -17.67710703193919
  I  16.38333988365019 -11.85666977338403 -28.61876503193919
  I  23.50805788365019 -16.56608977338403 -28.61876503193919
  I  30.54877888365019 -12.14686777338403 -6.73544903193919
  I  23.42406088365018 -7.437446773384029 -6.73544903193919
  I  16.38333988365019 -11.85666977338403 -18.52018703193919
  I  23.50805788365019 -16.56608977338403 -18.52018703193919
  I  30.54877888365019 -12.14686777338403 -16.83402703193919
  I  23.42406088365018 -7.437446773384029 -16.83402703193919
  I  18.27310788365019 -5.387325773384029 -23.56947603193919
  I  28.49865788365019 -6.995914773384029 -23.56947603193919
  I  28.65901088365019 -18.61621077338403 -11.78473803193919
  I  18.43346088365018 -17.00762177338403 -11.78473803193919
 Cs  23.05043288365018 -11.46947977338403 -3.193919084765184e-08
 Cs  23.88168588365019 -12.53405677338403  11.78473796806081
 Cs  23.23753088365019 -23.11652177338403 -3.193919084765184e-08
 Cs  23.69458788365019 -0.8870157733840286  11.78473796806081
 Pb  17.73608788365019 -17.73174077338403 -5.892369031939189
 Pb  17.54898988365019 -6.084698773384029 -5.892369031939189
 Pb  17.73608788365019 -17.73174077338403  5.892368968060808
 Pb  17.54898988365019 -6.084698773384029  5.892368968060808
  I  16.38333988365019 -11.85666977338403 -5.049289031939193
  I  23.50805788365019 -16.56608977338403 -5.049289031939193
  I  30.54877888365019 -12.14686777338403  16.83402696806081
  I  23.42406088365018 -7.437446773384029  16.83402696806081
  I  16.38333988365019 -11.85666977338403  5.049288968060807
  I  23.50805788365019 -16.56608977338403  5.049288968060807
  I  30.54877888365019 -12.14686777338403  6.735448968060808
  I  23.42406088365018 -7.437446773384029  6.735448968060808
  I  18.27310788365019 -5.387325773384029 -3.193919084765184e-08
  I  28.49865788365019 -6.995914773384029 -3.193919084765184e-08
  I  28.65901088365019 -18.61621077338403  11.78473796806081
  I  18.43346088365018 -17.00762177338403  11.78473796806081
 Cs  23.05043288365018 -11.46947977338403  23.56947596806081
 Cs  23.88168588365019 -12.53405677338403  35.3542139680608
 Cs  23.23753088365019 -23.11652177338403  23.56947596806081
 Cs  23.69458788365019 -0.8870157733840286  35.3542139680608
 Pb  17.73608788365019 -17.73174077338403  17.67710696806081
 Pb  17.54898988365019 -6.084698773384029  17.67710696806081
 Pb  17.73608788365019 -17.73174077338403  29.46184496806081
 Pb  17.54898988365019 -6.084698773384029  29.46184496806081
  I  16.38333988365019 -11.85666977338403  18.52018696806081
  I  23.50805788365019 -16.56608977338403  18.52018696806081
  I  16.38333988365019 -11.85666977338403  28.61876496806081
  I  23.50805788365019 -16.56608977338403  28.61876496806081
  I  30.54877888365019 -12.14686777338403  30.30492596806081
  I  23.42406088365018 -7.437446773384029  30.30492596806081
  I  18.27310788365019 -5.387325773384029  23.56947596806081
  I  28.49865788365019 -6.995914773384029  23.56947596806081
  I  28.65901088365019 -18.61621077338403  35.3542139680608
  I  18.43346088365018 -17.00762177338403  35.3542139680608
 Cs  35.34162888365018 -1.074113773384029 -35.35421403193919
 Cs  35.15453088365018  10.57292822661597 -35.35421403193919
  I  34.88400388365018  4.022496226615971 -30.30492503193919
  I  29.89340388365019 -5.547678773384029 -35.35421403193919
 Cs  34.51037688365018 -0.009536773384028689 -23.56947603193919
 Cs  35.34162888365018 -1.074113773384029 -11.78473803193919
 Cs  34.69747488365018 -11.65657777338403 -23.56947603193919
 Cs  35.15453088365018  10.57292822661597 -11.78473803193919
 Pb  29.19603088365018 -6.271796773384029 -29.46184503193919
 Pb  29.00893388365019  5.375244226615971 -29.46184503193919
 Pb  29.19603088365018 -6.271796773384029 -17.67710703193919
 Pb  29.00893388365019  5.375244226615971 -17.67710703193919
  I  27.84328288365019 -0.3967257733840287 -28.61876503193919
  I  34.96800188365018 -5.106146773384029 -28.61876503193919
  I  34.88400388365018  4.022496226615971 -6.73544903193919
  I  27.84328288365019 -0.3967257733840287 -18.52018703193919
  I  34.96800188365018 -5.106146773384029 -18.52018703193919
  I  34.88400388365018  4.022496226615971 -16.83402703193919
  I  29.73305188365019  6.072617226615971 -23.56947603193919
  I  29.89340388365019 -5.547678773384029 -11.78473803193919
 Cs  34.51037688365018 -0.009536773384028689 -3.193919084765184e-08
 Cs  35.34162888365018 -1.074113773384029  11.78473796806081
 Cs  34.69747488365018 -11.65657777338403 -3.193919084765184e-08
 Cs  35.15453088365018  10.57292822661597  11.78473796806081
 Pb  29.19603088365018 -6.271796773384029 -5.892369031939189
 Pb  29.00893388365019  5.375244226615971 -5.892369031939189
 Pb  29.19603088365018 -6.271796773384029  5.892368968060808
 Pb  29.00893388365019  5.375244226615971  5.892368968060808
  I  27.84328288365019 -0.3967257733840287 -5.049289031939193
  I  34.96800188365018 -5.106146773384029 -5.049289031939193
  I  34.88400388365018  4.022496226615971  16.83402696806081
  I  27.84328288365019 -0.3967257733840287  5.049288968060807
  I  34.96800188365018 -5.106146773384029  5.049288968060807
  I  34.88400388365018  4.022496226615971  6.735448968060808
  I  29.73305188365019  6.072617226615971 -3.193919084765184e-08
  I  29.89340388365019 -5.547678773384029  11.78473796806081
 Cs  34.51037688365018 -0.009536773384028689  23.56947596806081
 Cs  35.34162888365018 -1.074113773384029  35.3542139680608
 Cs  34.69747488365018 -11.65657777338403  23.56947596806081
 Cs  35.15453088365018  10.57292822661597  35.3542139680608
 Pb  29.19603088365018 -6.271796773384029  17.67710696806081
 Pb  29.00893388365019  5.375244226615971  17.67710696806081
 Pb  29.19603088365018 -6.271796773384029  29.46184496806081
 Pb  29.00893388365019  5.375244226615971  29.46184496806081
  I  27.84328288365019 -0.3967257733840287  18.52018696806081
  I  34.96800188365018 -5.106146773384029  18.52018696806081
  I  27.84328288365019 -0.3967257733840287  28.61876496806081
  I  34.96800188365018 -5.106146773384029  28.61876496806081
  I  34.88400388365018  4.022496226615971  30.30492596806081
  I  29.73305188365019  6.072617226615971  23.56947596806081
  I  29.89340388365019 -5.547678773384029  35.3542139680608
 Cs  12.60883988365018 -35.64104177338403 -35.35421403193919
 Cs  12.60883988365018 -35.64104177338403 -11.78473803193919
 Cs  12.60883988365018 -35.64104177338403  11.78473796806081
 Cs  12.60883988365018 -35.64104177338403  35.3542139680608
 Cs  24.25588088365019 -35.82813977338403 -35.35421403193919
 Cs  24.06878288365019 -24.18109877338403 -35.35421403193919
  I  30.92297488365019 -35.44095077338403 -30.30492503193919
  I  23.79825588365019 -30.73152977338403 -30.30492503193919
 Cs  23.42462888365019 -34.76356277338403 -23.56947603193919
 Cs  24.25588088365019 -35.82813977338403 -11.78473803193919
 Cs  24.06878288365019 -24.18109877338403 -11.78473803193919
 Pb  17.92318488365019 -29.37878177338403 -29.46184503193919
 Pb  17.92318488365019 -29.37878177338403 -17.67710703193919
  I  16.75753488365019 -35.15075177338403 -28.61876503193919
  I  30.92297488365019 -35.44095077338403 -6.73544903193919
  I  23.79825588365019 -30.73152977338403 -6.73544903193919
  I  16.75753488365019 -35.15075177338403 -18.52018703193919
  I  30.92297488365019 -35.44095077338403 -16.83402703193919
  I  23.79825588365019 -30.73152977338403 -16.83402703193919
  I  18.64730388365018 -28.68140877338403 -23.56947603193919
  I  28.87285388365019 -30.28999777338403 -23.56947603193919
 Cs  23.42462888365019 -34.76356277338403 -3.193919084765184e-08
 Cs  24.25588088365019 -35.82813977338403  11.78473796806081
 Cs  24.06878288365019 -24.18109877338403  11.78473796806081
 Pb  17.92318488365019 -29.37878177338403 -5.892369031939189
 Pb  17.92318488365019 -29.37878177338403  5.892368968060808
  I  16.75753488365019 -35.15075177338403 -5.049289031939193
  I  30.92297488365019 -35.44095077338403  16.83402696806081
  I  23.79825588365019 -30.73152977338403  16.83402696806081
  I  16.75753488365019 -35.15075177338403  5.049288968060807
  I  30.92297488365019 -35.44095077338403  6.735448968060808
  I  23.79825588365019 -30.73152977338403  6.735448968060808
  I  18.64730388365018 -28.68140877338403 -3.193919084765184e-08
  I  28.87285388365019 -30.28999777338403 -3.193919084765184e-08
 Cs  23.42462888365019 -34.76356277338403  23.56947596806081
 Cs  24.25588088365019 -35.82813977338403  35.3542139680608
 Cs  24.06878288365019 -24.18109877338403  35.3542139680608
 Pb  17.92318488365019 -29.37878177338403  17.67710696806081
 Pb  17.92318488365019 -29.37878177338403  29.46184496806081
  I  16.75753488365019 -35.15075177338403  18.52018696806081
  I  16.75753488365019 -35.15075177338403  28.61876496806081
  I  30.92297488365019 -35.44095077338403  30.30492596806081
  I  23.79825588365019 -30.73152977338403  30.30492596806081
  I  18.64730388365018 -28.68140877338403  23.56947596806081
  I  28.87285388365019 -30.28999777338403  23.56947596806081
 Cs  35.71582488365019 -24.36819577338403 -35.35421403193919
 Cs  35.52872688365018 -12.72115477338403 -35.35421403193919
  I  35.25819988365019 -19.27158577338403 -30.30492503193919
  I  30.26759988365018 -28.84176077338403 -35.35421403193919
 Cs  34.88457188365018 -23.30361977338403 -23.56947603193919
 Cs  35.71582488365019 -24.36819577338403 -11.78473803193919
 Cs  35.07166988365018 -34.95066077338403 -23.56947603193919
 Cs  35.52872688365018 -12.72115477338403 -11.78473803193919
 Pb  29.57022688365019 -29.56587977338403 -29.46184503193919
 Pb  29.38312888365019 -17.91883777338403 -29.46184503193919
 Pb  29.57022688365019 -29.56587977338403 -17.67710703193919
 Pb  29.38312888365019 -17.91883777338403 -17.67710703193919
  I  28.21747888365019 -23.69080877338403 -28.61876503193919
  I  35.34219688365018 -28.40022977338403 -28.61876503193919
  I  35.25819988365019 -19.27158577338403 -6.73544903193919
  I  28.21747888365019 -23.69080877338403 -18.52018703193919
  I  35.34219688365018 -28.40022977338403 -18.52018703193919
  I  35.25819988365019 -19.27158577338403 -16.83402703193919
  I  30.10724688365019 -17.22146477338403 -23.56947603193919
  I  30.26759988365018 -28.84176077338403 -11.78473803193919
 Cs  34.88457188365018 -23.30361977338403 -3.193919084765184e-08
 Cs  35.71582488365019 -24.36819577338403  11.78473796806081
 Cs  35.07166988365018 -34.95066077338403 -3.193919084765184e-08
 Cs  35.52872688365018 -12.72115477338403  11.78473796806081
 Pb  29.57022688365019 -29.56587977338403 -5.892369031939189
 Pb  29.38312888365019 -17.91883777338403 -5.892369031939189
 Pb  29.57022688365019 -29.56587977338403  5.892368968060808
 Pb  29.38312888365019 -17.91883777338403  5.892368968060808
  I  28.21747888365019 -23.69080877338403 -5.049289031939193
  I  35.34219688365018 -28.40022977338403 -5.049289031939193
  I  35.25819988365019 -19.27158577338403  16.83402696806081
  I  28.21747888365019 -23.69080877338403  5.049288968060807
  I  35.34219688365018 -28.40022977338403  5.049288968060807
  I  35.25819988365019 -19.27158577338403  6.735448968060808
  I  30.10724688365019 -17.22146477338403 -3.193919084765184e-08
  I  30.26759988365018 -28.84176077338403  11.78473796806081
 Cs  34.88457188365018 -23.30361977338403  23.56947596806081
 Cs  35.71582488365019 -24.36819577338403  35.3542139680608
 Cs  35.07166988365018 -34.95066077338403  23.56947596806081
 Cs  35.52872688365018 -12.72115477338403  35.3542139680608
 Pb  29.57022688365019 -29.56587977338403  17.67710696806081
 Pb  29.38312888365019 -17.91883777338403  17.67710696806081
 Pb  29.57022688365019 -29.56587977338403  29.46184496806081
 Pb  29.38312888365019 -17.91883777338403  29.46184496806081
  I  28.21747888365019 -23.69080877338403  18.52018696806081
  I  35.34219688365018 -28.40022977338403  18.52018696806081
  I  28.21747888365019 -23.69080877338403  28.61876496806081
  I  35.34219688365018 -28.40022977338403  28.61876496806081
  I  35.25819988365019 -19.27158577338403  30.30492596806081
  I  30.10724688365019 -17.22146477338403  23.56947596806081
  I  30.26759988365018 -28.84176077338403  35.3542139680608
 Cs  35.90292188365018 -36.01523777338403 -35.35421403193919
 Cs  35.90292188365018 -36.01523777338403 -11.78473803193919
 Cs  35.90292188365018 -36.01523777338403  11.78473796806081
 Cs  35.90292188365018 -36.01523777338403  35.3542139680608
