1315
Cs -35.9331641163  36.0541742266 -23.5694760319 55
Cs -35.9331641163  36.0541742266 -0.0000000319 55
Cs -35.9331641163  36.0541742266  23.5694759681 55
Cs -34.9148141163  23.3425562266 -35.3542140319 55
Cs -35.1019121163  34.9895972266 -35.3542140319 55
I -28.2477211163  23.7297452266 -30.3049250319 53
I -35.3724391163  28.4391662266 -30.3049250319 53
I -30.1374891163  17.2604012266 -35.3542140319 53
Cs -35.7460671163  24.4071322266 -23.5694760319 55
Cs -34.9148141163  23.3425562266 -11.7847380319 55
Cs -35.5589691163  12.7600912266 -23.5694760319 55
Cs -35.1019121163  34.9895972266 -11.7847380319 55
I -35.2884421163  19.3105222266 -28.6187650319 53
I -28.2477211163  23.7297452266 -6.7354490319 53
I -35.3724391163  28.4391662266 -6.7354490319 53
I -35.2884421163  19.3105222266 -18.5201870319 53
I -28.2477211163  23.7297452266 -16.8340270319 53
I -35.3724391163  28.4391662266 -16.8340270319 53
I -30.2978421163  28.8806972266 -23.5694760319 53
I -30.1374891163  17.2604012266 -11.7847380319 53
Cs -35.7460671163  24.4071322266 -0.0000000319 55
Cs -34.9148141163  23.3425562266  11.7847379681 55
Cs -35.5589691163  12.7600912266 -0.0000000319 55
Cs -35.1019121163  34.9895972266  11.7847379681 55
I -35.2884421163  19.3105222266 -5.0492890319 53
I -28.2477211163  23.7297452266  16.8340269681 53
I -35.3724391163  28.4391662266  16.8340269681 53
I -35.2884421163  19.3105222266  5.0492889681 53
I -28.2477211163  23.7297452266  6.7354489681 53
I -35.3724391163  28.4391662266  6.7354489681 53
I -30.2978421163  28.8806972266 -0.0000000319 53
I -30.1374891163  17.2604012266  11.7847379681 53
Cs -35.7460671163  24.4071322266  23.5694759681 55
Cs -34.9148141163  23.3425562266  35.3542139681 55
Cs -35.5589691163  12.7600912266  23.5694759681 55
Cs -35.1019121163  34.9895972266  35.3542139681 55
I -35.2884421163  19.3105222266  18.5201869681 53
I -35.2884421163  19.3105222266  28.6187649681 53
I -28.2477211163  23.7297452266  30.3049259681 53
I -35.3724391163  28.4391662266  30.3049259681 53
I -30.2978421163  28.8806972266  23.5694759681 53
I -30.1374891163  17.2604012266  35.3542139681 53
Cs -23.4548711163  34.8024992266 -35.3542140319 55
I -16.7877771163  35.1896882266 -30.3049250319 53
I -18.6775461163  28.7203452266 -35.3542140319 53
I -28.9030961163  30.3289342266 -35.3542140319 53
Cs -24.2861231163  35.8670762266 -23.5694760319 55
Cs -23.4548711163  34.8024992266 -11.7847380319 55
Cs -24.0990251163  24.2200352266 -23.5694760319 55
Pb -29.6004691163  29.6048162266 -29.4618450319 82
Pb -29.6004691163  29.6048162266 -17.6771070319 82
I -30.9532171163  35.4798872266 -28.6187650319 53
I -23.8284981163  30.7704662266 -28.6187650319 53
I -16.7877771163  35.1896882266 -6.7354490319 53
I -30.9532171163  35.4798872266 -18.5201870319 53
I -23.8284981163  30.7704662266 -18.5201870319 53
I -16.7877771163  35.1896882266 -16.8340270319 53
I -18.6775461163  28.7203452266 -11.7847380319 53
I -28.9030961163  30.3289342266 -11.7847380319 53
Cs -24.2861231163  35.8670762266 -0.0000000319 55
Cs -23.4548711163  34.8024992266  11.7847379681 55
Cs -24.0990251163  24.2200352266 -0.0000000319 55
Pb -29.6004691163  29.6048162266 -5.8923690319 82
Pb -29.6004691163  29.6048162266  5.8923689681 82
I -30.9532171163  35.4798872266 -5.0492890319 53
I -23.8284981163  30.7704662266 -5.0492890319 53
I -16.7877771163  35.1896882266  16.8340269681 53
I -30.9532171163  35.4798872266  5.0492889681 53
I -23.8284981163  30.7704662266  5.0492889681 53
I -16.7877771163  35.1896882266  6.7354489681 53
I -18.6775461163  28.7203452266  11.7847379681 53
I -28.9030961163  30.3289342266  11.7847379681 53
Cs -24.2861231163  35.8670762266  23.5694759681 55
Cs -23.4548711163  34.8024992266  35.3542139681 55
Cs -24.0990251163  24.2200352266  23.5694759681 55
Pb -29.6004691163  29.6048162266  17.6771069681 82
Pb -29.6004691163  29.6048162266  29.4618449681 82
I -30.9532171163  35.4798872266  18.5201869681 53
I -23.8284981163  30.7704662266  18.5201869681 53
I -30.9532171163  35.4798872266  28.6187649681 53
I -23.8284981163  30.7704662266  28.6187649681 53
I -16.7877771163  35.1896882266  30.3049259681 53
I -18.6775461163  28.7203452266  35.3542139681 53
I -28.9030961163  30.3289342266  35.3542139681 53
Cs -12.6390821163  35.6799782266 -23.5694760319 55
Cs -12.6390821163  35.6799782266 -0.0000000319 55
Cs -12.6390821163  35.6799782266  23.5694759681 55
Cs -34.5406191163  0.0484732266 -35.3542140319 55
Cs -34.7277171163  11.6955142266 -35.3542140319 55
I -27.8735251163  0.4356622266 -30.3049250319 53
I -34.9982441163  5.1450832266 -30.3049250319 53
I -29.7632941163 -6.0336807734 -35.3542140319 53
Cs -35.3718711163  1.1130502266 -23.5694760319 55
Cs -34.5406191163  0.0484732266 -11.7847380319 55
Cs -35.1847731163 -10.5339917734 -23.5694760319 55
Cs -34.7277171163  11.6955142266 -11.7847380319 55
I -34.9142461163 -3.9835597734 -28.6187650319 53
I -27.8735251163  0.4356622266 -6.7354490319 53
I -34.9982441163  5.1450832266 -6.7354490319 53
I -34.9142461163 -3.9835597734 -18.5201870319 53
I -27.8735251163  0.4356622266 -16.8340270319 53
I -34.9982441163  5.1450832266 -16.8340270319 53
I -29.9236461163  5.5866152266 -23.5694760319 53
I -29.7632941163 -6.0336807734 -11.7847380319 53
Cs -35.3718711163  1.1130502266 -0.0000000319 55
Cs -34.5406191163  0.0484732266  11.7847379681 55
Cs -35.1847731163 -10.5339917734 -0.0000000319 55
Cs -34.7277171163  11.6955142266  11.7847379681 55
I -34.9142461163 -3.9835597734 -5.0492890319 53
I -27.8735251163  0.4356622266  16.8340269681 53
I -34.9982441163  5.1450832266  16.8340269681 53
I -34.9142461163 -3.9835597734  5.0492889681 53
I -27.8735251163  0.4356622266  6.7354489681 53
I -34.9982441163  5.1450832266  6.7354489681 53
I -29.9236461163  5.5866152266 -0.0000000319 53
I -29.7632941163 -6.0336807734  11.7847379681 53
Cs -35.3718711163  1.1130502266  23.5694759681 55
Cs -34.5406191163  0.0484732266  35.3542139681 55
Cs -35.1847731163 -10.5339917734  23.5694759681 55
Cs -34.7277171163  11.6955142266  35.3542139681 55
I -34.9142461163 -3.9835597734  18.5201869681 53
I -34.9142461163 -3.9835597734  28.6187649681 53
I -27.8735251163  0.4356622266  30.3049259681 53
I -34.9982441163  5.1450832266  30.3049259681 53
I -29.9236461163  5.5866152266  23.5694759681 53
I -29.7632941163 -6.0336807734  35.3542139681 53
Cs -23.0806751163  11.5084162266 -35.3542140319 55
Cs -23.2677731163  23.1554582266 -35.3542140319 55
I -16.4135821163  11.8956062266 -30.3049250319 53
I -23.5383001163  16.6050262266 -30.3049250319 53
I -18.3033501163  5.4262622266 -35.3542140319 53
I -28.5289001163  7.0348512266 -35.3542140319 53
Cs -23.9119281163  12.5729932266 -23.5694760319 55
Cs -23.0806751163  11.5084162266 -11.7847380319 55
Cs -23.7248301163  0.9259522266 -23.5694760319 55
Cs -23.2677731163  23.1554582266 -11.7847380319 55
Pb -29.2262731163  6.3107332266 -29.4618450319 82
Pb -29.4133711163  17.9577742266 -29.4618450319 82
Pb -29.2262731163  6.3107332266 -17.6771070319 82
Pb -29.4133711163  17.9577742266 -17.6771070319 82
I -30.5790211163  12.1858042266 -28.6187650319 53
I -23.4543031163  7.4763832266 -28.6187650319 53
I -16.4135821163  11.8956062266 -6.7354490319 53
I -23.5383001163  16.6050262266 -6.7354490319 53
I -30.5790211163  12.1858042266 -18.5201870319 53
I -23.4543031163  7.4763832266 -18.5201870319 53
I -16.4135821163  11.8956062266 -16.8340270319 53
I -23.5383001163  16.6050262266 -16.8340270319 53
I -28.6892531163  18.6551472266 -23.5694760319 53
I -18.4637031163  17.0465582266 -23.5694760319 53
I -18.3033501163  5.4262622266 -11.7847380319 53
I -28.5289001163  7.0348512266 -11.7847380319 53
Cs -23.9119281163  12.5729932266 -0.0000000319 55
Cs -23.0806751163  11.5084162266  11.7847379681 55
Cs -23.7248301163  0.9259522266 -0.0000000319 55
Cs -23.2677731163  23.1554582266  11.7847379681 55
Pb -29.2262731163  6.3107332266 -5.8923690319 82
Pb -29.4133711163  17.9577742266 -5.8923690319 82
Pb -29.2262731163  6.3107332266  5.8923689681 82
Pb -29.4133711163  17.9577742266  5.8923689681 82
I -30.5790211163  12.1858042266 -5.0492890319 53
I -23.4543031163  7.4763832266 -5.0492890319 53
I -16.4135821163  11.8956062266  16.8340269681 53
I -23.5383001163  16.6050262266  16.8340269681 53
I -30.5790211163  12.1858042266  5.0492889681 53
I -23.4543031163  7.4763832266  5.0492889681 53
I -16.4135821163  11.8956062266  6.7354489681 53
I -23.5383001163  16.6050262266  6.7354489681 53
I -28.6892531163  18.6551472266 -0.0000000319 53
I -18.4637031163  17.0465582266 -0.0000000319 53
I -18.3033501163  5.4262622266  11.7847379681 53
I -28.5289001163  7.0348512266  11.7847379681 53
Cs -23.9119281163  12.5729932266  23.5694759681 55
Cs -23.0806751163  11.5084162266  35.3542139681 55
Cs -23.7248301163  0.9259522266  23.5694759681 55
Cs -23.2677731163  23.1554582266  35.3542139681 55
Pb -29.2262731163  6.3107332266  17.6771069681 82
Pb -29.4133711163  17.9577742266  17.6771069681 82
Pb -29.2262731163  6.3107332266  29.4618449681 82
Pb -29.4133711163  17.9577742266  29.4618449681 82
I -30.5790211163  12.1858042266  18.5201869681 53
I -23.4543031163  7.4763832266  18.5201869681 53
I -30.5790211163  12.1858042266  28.6187649681 53
I -23.4543031163  7.4763832266  28.6187649681 53
I -16.4135821163  11.8956062266  30.3049259681 53
I -23.5383001163  16.6050262266  30.3049259681 53
I -28.6892531163  18.6551472266  23.5694759681 53
I -18.4637031163  17.0465582266  23.5694759681 53
I -18.3033501163  5.4262622266  35.3542139681 53
I -28.5289001163  7.0348512266  35.3542139681 53
Cs -11.6207321163  22.9683602266 -35.3542140319 55
Cs -11.8078291163  34.6154012266 -35.3542140319 55
I -4.9536381163  23.3555492266 -30.3049250319 53
I -12.0783571163  28.0649702266 -30.3049250319 53
I -6.8434071163  16.8862062266 -35.3542140319 53
I -17.0689571163  18.4947952266 -35.3542140319 53
Cs -12.4519841163  24.0329372266 -23.5694760319 55
Cs -11.6207321163  22.9683602266 -11.7847380319 55
Cs -12.2648861163  12.3858952266 -23.5694760319 55
Cs -11.8078291163  34.6154012266 -11.7847380319 55
Pb -17.7663301163  17.7706772266 -29.4618450319 82
Pb -17.9534271163  29.4177182266 -29.4618450319 82
Pb -17.7663301163  17.7706772266 -17.6771070319 82
Pb -17.9534271163  29.4177182266 -17.6771070319 82
I -19.1190781163  23.6457482266 -28.6187650319 53
I -11.9943591163  18.9363272266 -28.6187650319 53
I -4.9536381163  23.3555492266 -6.7354490319 53
I -12.0783571163  28.0649702266 -6.7354490319 53
I -19.1190781163  23.6457482266 -18.5201870319 53
I -11.9943591163  18.9363272266 -18.5201870319 53
I -4.9536381163  23.3555492266 -16.8340270319 53
I -12.0783571163  28.0649702266 -16.8340270319 53
I -17.2293091163  30.1150912266 -23.5694760319 53
I -7.0037591163  28.5065022266 -23.5694760319 53
I -6.8434071163  16.8862062266 -11.7847380319 53
I -17.0689571163  18.4947952266 -11.7847380319 53
Cs -12.4519841163  24.0329372266 -0.0000000319 55
Cs -11.6207321163  22.9683602266  11.7847379681 55
Cs -12.2648861163  12.3858952266 -0.0000000319 55
Cs -11.8078291163  34.6154012266  11.7847379681 55
Pb -17.7663301163  17.7706772266 -5.8923690319 82
Pb -17.9534271163  29.4177182266 -5.8923690319 82
Pb -17.7663301163  17.7706772266  5.8923689681 82
Pb -17.9534271163  29.4177182266  5.8923689681 82
I -19.1190781163  23.6457482266 -5.0492890319 53
I -11.9943591163  18.9363272266 -5.0492890319 53
I -4.9536381163  23.3555492266  16.8340269681 53
I -12.0783571163  28.0649702266  16.8340269681 53
I -19.1190781163  23.6457482266  5.0492889681 53
I -11.9943591163  18.9363272266  5.0492889681 53
I -4.9536381163  23.3555492266  6.7354489681 53
I -12.0783571163  28.0649702266  6.7354489681 53
I -17.2293091163  30.1150912266 -0.0000000319 53
I -7.0037591163  28.5065022266 -0.0000000319 53
I -6.8434071163  16.8862062266  11.7847379681 53
I -17.0689571163  18.4947952266  11.7847379681 53
Cs -12.4519841163  24.0329372266  23.5694759681 55
Cs -11.6207321163  22.9683602266  35.3542139681 55
Cs -12.2648861163  12.3858952266  23.5694759681 55
Cs -11.8078291163  34.6154012266  35.3542139681 55
Pb -17.7663301163  17.7706772266  17.6771069681 82
Pb -17.9534271163  29.4177182266  17.6771069681 82
Pb -17.7663301163  17.7706772266  29.4618449681 82
Pb -17.9534271163  29.4177182266  29.4618449681 82
I -19.1190781163  23.6457482266  18.5201869681 53
I -11.9943591163  18.9363272266  18.5201869681 53
I -19.1190781163  23.6457482266  28.6187649681 53
I -11.9943591163  18.9363272266  28.6187649681 53
I -4.9536381163  23.3555492266  30.3049259681 53
I -12.0783571163  28.0649702266  30.3049259681 53
I -17.2293091163  30.1150912266  23.5694759681 53
I -7.0037591163  28.5065022266  23.5694759681 53
I -6.8434071163  16.8862062266  35.3542139681 53
I -17.0689571163  18.4947952266  35.3542139681 53
Cs -0.1607881163  34.4283042266 -35.3542140319 55
I  6.5063058837  34.8154932266 -30.3049250319 53
I  4.6165368837  28.3461492266 -35.3542140319 53
I -5.6090131163  29.9547392266 -35.3542140319 53
Cs -0.9920401163  35.4928802266 -23.5694760319 55
Cs -0.1607881163  34.4283042266 -11.7847380319 55
Cs -0.8049431163  23.8458392266 -23.5694760319 55
Pb -6.3063861163  29.2306202266 -29.4618450319 82
Pb -6.3063861163  29.2306202266 -17.6771070319 82
I -7.6591341163  35.1056912266 -28.6187650319 53
I -0.5344161163  30.3962702266 -28.6187650319 53
I  6.5063058837  34.8154932266 -6.7354490319 53
I -7.6591341163  35.1056912266 -18.5201870319 53
I -0.5344161163  30.3962702266 -18.5201870319 53
I  6.5063058837  34.8154932266 -16.8340270319 53
I  4.6165368837  28.3461492266 -11.7847380319 53
I -5.6090131163  29.9547392266 -11.7847380319 53
Cs -0.9920401163  35.4928802266 -0.0000000319 55
Cs -0.1607881163  34.4283042266  11.7847379681 55
Cs -0.8049431163  23.8458392266 -0.0000000319 55
Pb -6.3063861163  29.2306202266 -5.8923690319 82
Pb -6.3063861163  29.2306202266  5.8923689681 82
I -7.6591341163  35.1056912266 -5.0492890319 53
I -0.5344161163  30.3962702266 -5.0492890319 53
I  6.5063058837  34.8154932266  16.8340269681 53
I -7.6591341163  35.1056912266  5.0492889681 53
I -0.5344161163  30.3962702266  5.0492889681 53
I  6.5063058837  34.8154932266  6.7354489681 53
I  4.6165368837  28.3461492266  11.7847379681 53
I -5.6090131163  29.9547392266  11.7847379681 53
Cs -0.9920401163  35.4928802266  23.5694759681 55
Cs -0.1607881163  34.4283042266  35.3542139681 55
Cs -0.8049431163  23.8458392266  23.5694759681 55
Pb -6.3063861163  29.2306202266  17.6771069681 82
Pb -6.3063861163  29.2306202266  29.4618449681 82
I -7.6591341163  35.1056912266  18.5201869681 53
I -0.5344161163  30.3962702266  18.5201869681 53
I -7.6591341163  35.1056912266  28.6187649681 53
I -0.5344161163  30.3962702266  28.6187649681 53
I  6.5063058837  34.8154932266  30.3049259681 53
I  4.6165368837  28.3461492266  35.3542139681 53
I -5.6090131163  29.9547392266  35.3542139681 53
Cs  10.6550008837  35.3057832266 -23.5694760319 55
Cs  10.6550008837  35.3057832266 -0.0000000319 55
Cs  10.6550008837  35.3057832266  23.5694759681 55
Cs -34.1664231163 -23.2456097734 -35.3542140319 55
Cs -34.3535211163 -11.5985687734 -35.3542140319 55
I -27.4993301163 -22.8584207734 -30.3049250319 53
I -34.6240481163 -18.1489997734 -30.3049250319 53
I -29.3890981163 -29.3277637734 -35.3542140319 53
Cs -34.9976761163 -22.1810327734 -23.5694760319 55
Cs -34.1664231163 -23.2456097734 -11.7847380319 55
Cs -34.8105781163 -33.8280737734 -23.5694760319 55
Cs -34.3535211163 -11.5985687734 -11.7847380319 55
I -34.5400511163 -27.2776427734 -28.6187650319 53
I -27.4993301163 -22.8584207734 -6.7354490319 53
I -34.6240481163 -18.1489997734 -6.7354490319 53
I -34.5400511163 -27.2776427734 -18.5201870319 53
I -27.4993301163 -22.8584207734 -16.8340270319 53
I -34.6240481163 -18.1489997734 -16.8340270319 53
I -29.5494511163 -17.7074677734 -23.5694760319 53
I -29.3890981163 -29.3277637734 -11.7847380319 53
Cs -34.9976761163 -22.1810327734 -0.0000000319 55
Cs -34.1664231163 -23.2456097734  11.7847379681 55
Cs -34.8105781163 -33.8280737734 -0.0000000319 55
Cs -34.3535211163 -11.5985687734  11.7847379681 55
I -34.5400511163 -27.2776427734 -5.0492890319 53
I -27.4993301163 -22.8584207734  16.8340269681 53
I -34.6240481163 -18.1489997734  16.8340269681 53
I -34.5400511163 -27.2776427734  5.0492889681 53
I -27.4993301163 -22.8584207734  6.7354489681 53
I -34.6240481163 -18.1489997734  6.7354489681 53
I -29.5494511163 -17.7074677734 -0.0000000319 53
I -29.3890981163 -29.3277637734  11.7847379681 53
Cs -34.9976761163 -22.1810327734  23.5694759681 55
Cs -34.1664231163 -23.2456097734  35.3542139681 55
Cs -34.8105781163 -33.8280737734  23.5694759681 55
Cs -34.3535211163 -11.5985687734  35.3542139681 55
I -34.5400511163 -27.2776427734  18.5201869681 53
I -34.5400511163 -27.2776427734  28.6187649681 53
I -27.4993301163 -22.8584207734  30.3049259681 53
I -34.6240481163 -18.1489997734  30.3049259681 53
I -29.5494511163 -17.7074677734  23.5694759681 53
I -29.3890981163 -29.3277637734  35.3542139681 53
Cs -22.7064801163 -11.7856657734 -35.3542140319 55
Cs -22.8935781163 -0.1386247734 -35.3542140319 55
I -16.0393861163 -11.3984767734 -30.3049250319 53
I -23.1641051163 -6.6890557734 -30.3049250319 53
I -17.9291551163 -17.8678207734 -35.3542140319 53
I -28.1547051163 -16.2592307734 -35.3542140319 53
Cs -23.5377321163 -10.7210887734 -23.5694760319 55
Cs -22.7064801163 -11.7856657734 -11.7847380319 55
Cs -23.3506341163 -22.3681307734 -23.5694760319 55
Cs -22.8935781163 -0.1386247734 -11.7847380319 55
Pb -28.8520781163 -16.9833497734 -29.4618450319 82
Pb -29.0391761163 -5.3363077734 -29.4618450319 82
Pb -28.8520781163 -16.9833497734 -17.6771070319 82
Pb -29.0391761163 -5.3363077734 -17.6771070319 82
I -30.2048261163 -11.1082787734 -28.6187650319 53
I -23.0801071163 -15.8176987734 -28.6187650319 53
I -16.0393861163 -11.3984767734 -6.7354490319 53
I -23.1641051163 -6.6890557734 -6.7354490319 53
I -30.2048261163 -11.1082787734 -18.5201870319 53
I -23.0801071163 -15.8176987734 -18.5201870319 53
I -16.0393861163 -11.3984767734 -16.8340270319 53
I -23.1641051163 -6.6890557734 -16.8340270319 53
I -28.3150571163 -4.6389347734 -23.5694760319 53
I -18.0895071163 -6.2475237734 -23.5694760319 53
I -17.9291551163 -17.8678207734 -11.7847380319 53
I -28.1547051163 -16.2592307734 -11.7847380319 53
Cs -23.5377321163 -10.7210887734 -0.0000000319 55
Cs -22.7064801163 -11.7856657734  11.7847379681 55
Cs -23.3506341163 -22.3681307734 -0.0000000319 55
Cs -22.8935781163 -0.1386247734  11.7847379681 55
Pb -28.8520781163 -16.9833497734 -5.8923690319 82
Pb -29.0391761163 -5.3363077734 -5.8923690319 82
Pb -28.8520781163 -16.9833497734  5.8923689681 82
Pb -29.0391761163 -5.3363077734  5.8923689681 82
I -30.2048261163 -11.1082787734 -5.0492890319 53
I -23.0801071163 -15.8176987734 -5.0492890319 53
I -16.0393861163 -11.3984767734  16.8340269681 53
I -23.1641051163 -6.6890557734  16.8340269681 53
I -30.2048261163 -11.1082787734  5.0492889681 53
I -23.0801071163 -15.8176987734  5.0492889681 53
I -16.0393861163 -11.3984767734  6.7354489681 53
I -23.1641051163 -6.6890557734  6.7354489681 53
I -28.3150571163 -4.6389347734 -0.0000000319 53
I -18.0895071163 -6.2475237734 -0.0000000319 53
I -17.9291551163 -17.8678207734  11.7847379681 53
I -28.1547051163 -16.2592307734  11.7847379681 53
Cs -23.5377321163 -10.7210887734  23.5694759681 55
Cs -22.7064801163 -11.7856657734  35.3542139681 55
Cs -23.3506341163 -22.3681307734  23.5694759681 55
Cs -22.8935781163 -0.1386247734  35.3542139681 55
Pb -28.8520781163 -16.9833497734  17.6771069681 82
Pb -29.0391761163 -5.3363077734  17.6771069681 82
Pb -28.8520781163 -16.9833497734  29.4618449681 82
Pb -29.0391761163 -5.3363077734  29.4618449681 82
I -30.2048261163 -11.1082787734  18.5201869681 53
I -23.0801071163 -15.8176987734  18.5201869681 53
I -30.2048261163 -11.1082787734  28.6187649681 53
I -23.0801071163 -15.8176987734  28.6187649681 53
I -16.0393861163 -11.3984767734  30.3049259681 53
I -23.1641051163 -6.6890557734  30.3049259681 53
I -28.3150571163 -4.6389347734  23.5694759681 53
I -18.0895071163 -6.2475237734  23.5694759681 53
I -17.9291551163 -17.8678207734  35.3542139681 53
I -28.1547051163 -16.2592307734  35.3542139681 53
Cs -11.2465361163 -0.3257227734 -35.3542140319 55
Cs -11.4336341163  11.3213192266 -35.3542140319 55
I -4.5794431163  0.0614672266 -30.3049250319 53
I -11.7041611163  4.7708872266 -30.3049250319 53
I -6.4692111163 -6.4078767734 -35.3542140319 53
I -16.6947611163 -4.7992877734 -35.3542140319 53
Cs -12.0777891163  0.7388542266 -23.5694760319 55
Cs -11.2465361163 -0.3257227734 -11.7847380319 55
Cs -11.8906911163 -10.9081867734 -23.5694760319 55
Cs -11.4336341163  11.3213192266 -11.7847380319 55
Pb -17.3921341163 -5.5234057734 -29.4618450319 82
Pb -17.5792321163  6.1236352266 -29.4618450319 82
Pb -17.3921341163 -5.5234057734 -17.6771070319 82
Pb -17.5792321163  6.1236352266 -17.6771070319 82
I -18.7448821163  0.3516652266 -28.6187650319 53
I -11.6201641163 -4.3577557734 -28.6187650319 53
I -4.5794431163  0.0614672266 -6.7354490319 53
I -11.7041611163  4.7708872266 -6.7354490319 53
I -18.7448821163  0.3516652266 -18.5201870319 53
I -11.6201641163 -4.3577557734 -18.5201870319 53
I -4.5794431163  0.0614672266 -16.8340270319 53
I -11.7041611163  4.7708872266 -16.8340270319 53
I -16.8551141163  6.8210082266 -23.5694760319 53
I -6.6295641163  5.2124192266 -23.5694760319 53
I -6.4692111163 -6.4078767734 -11.7847380319 53
I -16.6947611163 -4.7992877734 -11.7847380319 53
Cs -12.0777891163  0.7388542266 -0.0000000319 55
Cs -11.2465361163 -0.3257227734  11.7847379681 55
Cs -11.8906911163 -10.9081867734 -0.0000000319 55
Cs -11.4336341163  11.3213192266  11.7847379681 55
Pb -17.3921341163 -5.5234057734 -5.8923690319 82
Pb -17.5792321163  6.1236352266 -5.8923690319 82
Pb -17.3921341163 -5.5234057734  5.8923689681 82
Pb -17.5792321163  6.1236352266  5.8923689681 82
I -18.7448821163  0.3516652266 -5.0492890319 53
I -11.6201641163 -4.3577557734 -5.0492890319 53
I -4.5794431163  0.0614672266  16.8340269681 53
I -11.7041611163  4.7708872266  16.8340269681 53
I -18.7448821163  0.3516652266  5.0492889681 53
I -11.6201641163 -4.3577557734  5.0492889681 53
I -4.5794431163  0.0614672266  6.7354489681 53
I -11.7041611163  4.7708872266  6.7354489681 53
I -16.8551141163  6.8210082266 -0.0000000319 53
I -6.6295641163  5.2124192266 -0.0000000319 53
I -6.4692111163 -6.4078767734  11.7847379681 53
I -16.6947611163 -4.7992877734  11.7847379681 53
Cs -12.0777891163  0.7388542266  23.5694759681 55
Cs -11.2465361163 -0.3257227734  35.3542139681 55
Cs -11.8906911163 -10.9081867734  23.5694759681 55
Cs -11.4336341163  11.3213192266  35.3542139681 55
Pb -17.3921341163 -5.5234057734  17.6771069681 82
Pb -17.5792321163  6.1236352266  17.6771069681 82
Pb -17.3921341163 -5.5234057734  29.4618449681 82
Pb -17.5792321163  6.1236352266  29.4618449681 82
I -18.7448821163  0.3516652266  18.5201869681 53
I -11.6201641163 -4.3577557734  18.5201869681 53
I -18.7448821163  0.3516652266  28.6187649681 53
I -11.6201641163 -4.3577557734  28.6187649681 53
I -4.5794431163  0.0614672266  30.3049259681 53
I -11.7041611163  4.7708872266  30.3049259681 53
I -16.8551141163  6.8210082266  23.5694759681 53
I -6.6295641163  5.2124192266  23.5694759681 53
I -6.4692111163 -6.4078767734  35.3542139681 53
I -16.6947611163 -4.7992877734  35.3542139681 53
Cs  0.2134068837  11.1342212266 -35.3542140319 55
Cs  0.0263098837  22.7812622266 -35.3542140319 55
I  6.8805008837  11.5214102266 -30.3049250319 53
I -0.2442171163  16.2308312266 -30.3049250319 53
I  4.9907328837  5.0520672266 -35.3542140319 53
I -5.2348171163  6.6606562266 -35.3542140319 53
Cs -0.6178451163  12.1987982266 -23.5694760319 55
Cs  0.2134068837  11.1342212266 -11.7847380319 55
Cs -0.4307471163  0.5517562266 -23.5694760319 55
Cs  0.0263098837  22.7812622266 -11.7847380319 55
Pb -5.9321911163  5.9365382266 -29.4618450319 82
Pb -6.1192881163  17.5835792266 -29.4618450319 82
Pb -5.9321911163  5.9365382266 -17.6771070319 82
Pb -6.1192881163  17.5835792266 -17.6771070319 82
I -7.2849381163  11.8116082266 -28.6187650319 53
I -0.1602201163  7.1021882266 -28.6187650319 53
I  6.8805008837  11.5214102266 -6.7354490319 53
I -0.2442171163  16.2308312266 -6.7354490319 53
I -7.2849381163  11.8116082266 -18.5201870319 53
I -0.1602201163  7.1021882266 -18.5201870319 53
I  6.8805008837  11.5214102266 -16.8340270319 53
I -0.2442171163  16.2308312266 -16.8340270319 53
I -5.3951701163  18.2809522266 -23.5694760319 53
I  4.8303798837  16.6723632266 -23.5694760319 53
I  4.9907328837  5.0520672266 -11.7847380319 53
I -5.2348171163  6.6606562266 -11.7847380319 53
Cs -0.6178451163  12.1987982266 -0.0000000319 55
Cs  0.2134068837  11.1342212266  11.7847379681 55
Cs -0.4307471163  0.5517562266 -0.0000000319 55
Cs  0.0263098837  22.7812622266  11.7847379681 55
Pb -5.9321911163  5.9365382266 -5.8923690319 82
Pb -6.1192881163  17.5835792266 -5.8923690319 82
Pb -5.9321911163  5.9365382266  5.8923689681 82
Pb -6.1192881163  17.5835792266  5.8923689681 82
I -7.2849381163  11.8116082266 -5.0492890319 53
I -0.1602201163  7.1021882266 -5.0492890319 53
I  6.8805008837  11.5214102266  16.8340269681 53
I -0.2442171163  16.2308312266  16.8340269681 53
I -7.2849381163  11.8116082266  5.0492889681 53
I -0.1602201163  7.1021882266  5.0492889681 53
I  6.8805008837  11.5214102266  6.7354489681 53
I -0.2442171163  16.2308312266  6.7354489681 53
I -5.3951701163  18.2809522266 -0.0000000319 53
I  4.8303798837  16.6723632266 -0.0000000319 53
I  4.9907328837  5.0520672266  11.7847379681 53
I -5.2348171163  6.6606562266  11.7847379681 53
Cs -0.6178451163  12.1987982266  23.5694759681 55
Cs  0.2134068837  11.1342212266  35.3542139681 55
Cs -0.4307471163  0.5517562266  23.5694759681 55
Cs  0.0263098837  22.7812622266  35.3542139681 55
Pb -5.9321911163  5.9365382266  17.6771069681 82
Pb -6.1192881163  17.5835792266  17.6771069681 82
Pb -5.9321911163  5.9365382266  29.4618449681 82
Pb -6.1192881163  17.5835792266  29.4618449681 82
I -7.2849381163  11.8116082266  18.5201869681 53
I -0.1602201163  7.1021882266  18.5201869681 53
I -7.2849381163  11.8116082266  28.6187649681 53
I -0.1602201163  7.1021882266  28.6187649681 53
I  6.8805008837  11.5214102266  30.3049259681 53
I -0.2442171163  16.2308312266  30.3049259681 53
I -5.3951701163  18.2809522266  23.5694759681 53
I  4.8303798837  16.6723632266  23.5694759681 53
I  4.9907328837  5.0520672266  35.3542139681 53
I -5.2348171163  6.6606562266  35.3542139681 53
Cs  11.6733508837  22.5941652266 -35.3542140319 55
Cs  11.4862528837  34.2412062266 -35.3542140319 55
I  18.3404448837  22.9813542266 -30.3049250319 53
I  11.2157258837  27.6907752266 -30.3049250319 53
I  16.4506758837  16.5120102266 -35.3542140319 53
I  6.2251258837  18.1205992266 -35.3542140319 53
Cs  10.8420988837  23.6587412266 -23.5694760319 55
Cs  11.6733508837  22.5941652266 -11.7847380319 55
Cs  11.0291958837  12.0117002266 -23.5694760319 55
Cs  11.4862528837  34.2412062266 -11.7847380319 55
Pb  5.5277528837  17.3964812266 -29.4618450319 82
Pb  5.3406548837  29.0435232266 -29.4618450319 82
Pb  5.5277528837  17.3964812266 -17.6771070319 82
Pb  5.3406548837  29.0435232266 -17.6771070319 82
I  4.1750048837  23.2715522266 -28.6187650319 53
I  11.2997238837  18.5621312266 -28.6187650319 53
I  18.3404448837  22.9813542266 -6.7354490319 53
I  11.2157258837  27.6907752266 -6.7354490319 53
I  4.1750048837  23.2715522266 -18.5201870319 53
I  11.2997238837  18.5621312266 -18.5201870319 53
I  18.3404448837  22.9813542266 -16.8340270319 53
I  11.2157258837  27.6907752266 -16.8340270319 53
I  6.0647738837  29.7408962266 -23.5694760319 53
I  16.2903238837  28.1323062266 -23.5694760319 53
I  16.4506758837  16.5120102266 -11.7847380319 53
I  6.2251258837  18.1205992266 -11.7847380319 53
Cs  10.8420988837  23.6587412266 -0.0000000319 55
Cs  11.6733508837  22.5941652266  11.7847379681 55
Cs  11.0291958837  12.0117002266 -0.0000000319 55
Cs  11.4862528837  34.2412062266  11.7847379681 55
Pb  5.5277528837  17.3964812266 -5.8923690319 82
Pb  5.3406548837  29.0435232266 -5.8923690319 82
Pb  5.5277528837  17.3964812266  5.8923689681 82
Pb  5.3406548837  29.0435232266  5.8923689681 82
I  4.1750048837  23.2715522266 -5.0492890319 53
I  11.2997238837  18.5621312266 -5.0492890319 53
I  18.3404448837  22.9813542266  16.8340269681 53
I  11.2157258837  27.6907752266  16.8340269681 53
I  4.1750048837  23.2715522266  5.0492889681 53
I  11.2997238837  18.5621312266  5.0492889681 53
I  18.3404448837  22.9813542266  6.7354489681 53
I  11.2157258837  27.6907752266  6.7354489681 53
I  6.0647738837  29.7408962266 -0.0000000319 53
I  16.2903238837  28.1323062266 -0.0000000319 53
I  16.4506758837  16.5120102266  11.7847379681 53
I  6.2251258837  18.1205992266  11.7847379681 53
Cs  10.8420988837  23.6587412266  23.5694759681 55
Cs  11.6733508837  22.5941652266  35.3542139681 55
Cs  11.0291958837  12.0117002266  23.5694759681 55
Cs  11.4862528837  34.2412062266  35.3542139681 55
Pb  5.5277528837  17.3964812266  17.6771069681 82
Pb  5.3406548837  29.0435232266  17.6771069681 82
Pb  5.5277528837  17.3964812266  29.4618449681 82
Pb  5.3406548837  29.0435232266  29.4618449681 82
I  4.1750048837  23.2715522266  18.5201869681 53
I  11.2997238837  18.5621312266  18.5201869681 53
I  4.1750048837  23.2715522266  28.6187649681 53
I  11.2997238837  18.5621312266  28.6187649681 53
I  18.3404448837  22.9813542266  30.3049259681 53
I  11.2157258837  27.6907752266  30.3049259681 53
I  6.0647738837  29.7408962266  23.5694759681 53
I  16.2903238837  28.1323062266  23.5694759681 53
I  16.4506758837  16.5120102266  35.3542139681 53
I  6.2251258837  18.1205992266  35.3542139681 53
Cs  23.1332948837  34.0541082266 -35.3542140319 55
I  29.8003878837  34.4412982266 -30.3049250319 53
I  27.9106198837  27.9719542266 -35.3542140319 53
I  17.6850698837  29.5805432266 -35.3542140319 53
Cs  22.3020418837  35.1186852266 -23.5694760319 55
Cs  23.1332948837  34.0541082266 -11.7847380319 55
Cs  22.4891398837  23.4716442266 -23.5694760319 55
Pb  16.9876968837  28.8564252266 -29.4618450319 82
Pb  16.9876968837  28.8564252266 -17.6771070319 82
I  15.6349488837  34.7314962266 -28.6187650319 53
I  22.7596668837  30.0220752266 -28.6187650319 53
I  29.8003878837  34.4412982266 -6.7354490319 53
I  15.6349488837  34.7314962266 -18.5201870319 53
I  22.7596668837  30.0220752266 -18.5201870319 53
I  29.8003878837  34.4412982266 -16.8340270319 53
I  27.9106198837  27.9719542266 -11.7847380319 53
I  17.6850698837  29.5805432266 -11.7847380319 53
Cs  22.3020418837  35.1186852266 -0.0000000319 55
Cs  23.1332948837  34.0541082266  11.7847379681 55
Cs  22.4891398837  23.4716442266 -0.0000000319 55
Pb  16.9876968837  28.8564252266 -5.8923690319 82
Pb  16.9876968837  28.8564252266  5.8923689681 82
I  15.6349488837  34.7314962266 -5.0492890319 53
I  22.7596668837  30.0220752266 -5.0492890319 53
I  29.8003878837  34.4412982266  16.8340269681 53
I  15.6349488837  34.7314962266  5.0492889681 53
I  22.7596668837  30.0220752266  5.0492889681 53
I  29.8003878837  34.4412982266  6.7354489681 53
I  27.9106198837  27.9719542266  11.7847379681 53
I  17.6850698837  29.5805432266  11.7847379681 53
Cs  22.3020418837  35.1186852266  23.5694759681 55
Cs  23.1332948837  34.0541082266  35.3542139681 55
Cs  22.4891398837  23.4716442266  23.5694759681 55
Pb  16.9876968837  28.8564252266  17.6771069681 82
Pb  16.9876968837  28.8564252266  29.4618449681 82
I  15.6349488837  34.7314962266  18.5201869681 53
I  22.7596668837  30.0220752266  18.5201869681 53
I  15.6349488837  34.7314962266  28.6187649681 53
I  22.7596668837  30.0220752266  28.6187649681 53
I  29.8003878837  34.4412982266  30.3049259681 53
I  27.9106198837  27.9719542266  35.3542139681 53
I  17.6850698837  29.5805432266  35.3542139681 53
Cs  33.9490838837  34.9315872266 -23.5694760319 55
Cs  33.9490838837  34.9315872266 -0.0000000319 55
Cs  33.9490838837  34.9315872266  23.5694759681 55
Cs -33.9793261163 -34.8926507734 -35.3542140319 55
Cs -33.9793261163 -34.8926507734 -11.7847380319 55
Cs -33.9793261163 -34.8926507734  11.7847379681 55
Cs -33.9793261163 -34.8926507734  35.3542139681 55
Cs -22.3322841163 -35.0797487734 -35.3542140319 55
Cs -22.5193821163 -23.4327077734 -35.3542140319 55
I -15.6651911163 -34.6925597734 -30.3049250319 53
I -22.7899091163 -29.9831387734 -30.3049250319 53
Cs -23.1635371163 -34.0151717734 -23.5694760319 55
Cs -22.3322841163 -35.0797487734 -11.7847380319 55
Cs -22.5193821163 -23.4327077734 -11.7847380319 55
Pb -28.6649801163 -28.6303907734 -29.4618450319 82
Pb -28.6649801163 -28.6303907734 -17.6771070319 82
I -29.8306301163 -34.4023617734 -28.6187650319 53
I -15.6651911163 -34.6925597734 -6.7354490319 53
I -22.7899091163 -29.9831387734 -6.7354490319 53
I -29.8306301163 -34.4023617734 -18.5201870319 53
I -15.6651911163 -34.6925597734 -16.8340270319 53
I -22.7899091163 -29.9831387734 -16.8340270319 53
I -27.9408621163 -27.9330177734 -23.5694760319 53
I -17.7153121163 -29.5416067734 -23.5694760319 53
Cs -23.1635371163 -34.0151717734 -0.0000000319 55
Cs -22.3322841163 -35.0797487734  11.7847379681 55
Cs -22.5193821163 -23.4327077734  11.7847379681 55
Pb -28.6649801163 -28.6303907734 -5.8923690319 82
Pb -28.6649801163 -28.6303907734  5.8923689681 82
I -29.8306301163 -34.4023617734 -5.0492890319 53
I -15.6651911163 -34.6925597734  16.8340269681 53
I -22.7899091163 -29.9831387734  16.8340269681 53
I -29.8306301163 -34.4023617734  5.0492889681 53
I -15.6651911163 -34.6925597734  6.7354489681 53
I -22.7899091163 -29.9831387734  6.7354489681 53
I -27.9408621163 -27.9330177734 -0.0000000319 53
I -17.7153121163 -29.5416067734 -0.0000000319 53
Cs -23.1635371163 -34.0151717734  23.5694759681 55
Cs -22.3322841163 -35.0797487734  35.3542139681 55
Cs -22.5193821163 -23.4327077734  35.3542139681 55
Pb -28.6649801163 -28.6303907734  17.6771069681 82
Pb -28.6649801163 -28.6303907734  29.4618449681 82
I -29.8306301163 -34.4023617734  18.5201869681 53
I -29.8306301163 -34.4023617734  28.6187649681 53
I -15.6651911163 -34.6925597734  30.3049259681 53
I -22.7899091163 -29.9831387734  30.3049259681 53
I -27.9408621163 -27.9330177734  23.5694759681 53
I -17.7153121163 -29.5416067734  23.5694759681 53
Cs -10.8723411163 -23.6198047734 -35.3542140319 55
Cs -11.0594381163 -11.9727637734 -35.3542140319 55
I -4.2052471163 -23.2326157734 -30.3049250319 53
I -11.3299661163 -18.5231947734 -30.3049250319 53
I -6.0950161163 -29.7019597734 -35.3542140319 53
I -16.3205661163 -28.0933697734 -35.3542140319 53
Cs -11.7035931163 -22.5552287734 -23.5694760319 55
Cs -10.8723411163 -23.6198047734 -11.7847380319 55
Cs -11.5164951163 -34.2022697734 -23.5694760319 55
Cs -11.0594381163 -11.9727637734 -11.7847380319 55
Pb -17.0179391163 -28.8174887734 -29.4618450319 82
Pb -17.2050361163 -17.1704467734 -29.4618450319 82
Pb -17.0179391163 -28.8174887734 -17.6771070319 82
Pb -17.2050361163 -17.1704467734 -17.6771070319 82
I -18.3706871163 -22.9424177734 -28.6187650319 53
I -11.2459681163 -27.6518387734 -28.6187650319 53
I -4.2052471163 -23.2326157734 -6.7354490319 53
I -11.3299661163 -18.5231947734 -6.7354490319 53
I -18.3706871163 -22.9424177734 -18.5201870319 53
I -11.2459681163 -27.6518387734 -18.5201870319 53
I -4.2052471163 -23.2326157734 -16.8340270319 53
I -11.3299661163 -18.5231947734 -16.8340270319 53
I -16.4809181163 -16.4730737734 -23.5694760319 53
I -6.2553681163 -18.0816627734 -23.5694760319 53
I -6.0950161163 -29.7019597734 -11.7847380319 53
I -16.3205661163 -28.0933697734 -11.7847380319 53
Cs -11.7035931163 -22.5552287734 -0.0000000319 55
Cs -10.8723411163 -23.6198047734  11.7847379681 55
Cs -11.5164951163 -34.2022697734 -0.0000000319 55
Cs -11.0594381163 -11.9727637734  11.7847379681 55
Pb -17.0179391163 -28.8174887734 -5.8923690319 82
Pb -17.2050361163 -17.1704467734 -5.8923690319 82
Pb -17.0179391163 -28.8174887734  5.8923689681 82
Pb -17.2050361163 -17.1704467734  5.8923689681 82
I -18.3706871163 -22.9424177734 -5.0492890319 53
I -11.2459681163 -27.6518387734 -5.0492890319 53
I -4.2052471163 -23.2326157734  16.8340269681 53
I -11.3299661163 -18.5231947734  16.8340269681 53
I -18.3706871163 -22.9424177734  5.0492889681 53
I -11.2459681163 -27.6518387734  5.0492889681 53
I -4.2052471163 -23.2326157734  6.7354489681 53
I -11.3299661163 -18.5231947734  6.7354489681 53
I -16.4809181163 -16.4730737734 -0.0000000319 53
I -6.2553681163 -18.0816627734 -0.0000000319 53
I -6.0950161163 -29.7019597734  11.7847379681 53
I -16.3205661163 -28.0933697734  11.7847379681 53
Cs -11.7035931163 -22.5552287734  23.5694759681 55
Cs -10.8723411163 -23.6198047734  35.3542139681 55
Cs -11.5164951163 -34.2022697734  23.5694759681 55
Cs -11.0594381163 -11.9727637734  35.3542139681 55
Pb -17.0179391163 -28.8174887734  17.6771069681 82
Pb -17.2050361163 -17.1704467734  17.6771069681 82
Pb -17.0179391163 -28.8174887734  29.4618449681 82
Pb -17.2050361163 -17.1704467734  29.4618449681 82
I -18.3706871163 -22.9424177734  18.5201869681 53
I -11.2459681163 -27.6518387734  18.5201869681 53
I -18.3706871163 -22.9424177734  28.6187649681 53
I -11.2459681163 -27.6518387734  28.6187649681 53
I -4.2052471163 -23.2326157734  30.3049259681 53
I -11.3299661163 -18.5231947734  30.3049259681 53
I -16.4809181163 -16.4730737734  23.5694759681 53
I -6.2553681163 -18.0816627734  23.5694759681 53
I -6.0950161163 -29.7019597734  35.3542139681 53
I -16.3205661163 -28.0933697734  35.3542139681 53
Cs  0.5876028837 -12.1598617734 -35.3542140319 55
Cs  0.4005048837 -0.5128197734 -35.3542140319 55
I  7.2546958837 -11.7726717734 -30.3049250319 53
I  0.1299778837 -7.0632517734 -30.3049250319 53
I  5.3649278837 -18.2420157734 -35.3542140319 53
I -4.8606221163 -16.6334267734 -35.3542140319 53
Cs -0.2436491163 -11.0952847734 -23.5694760319 55
Cs  0.5876028837 -12.1598617734 -11.7847380319 55
Cs -0.0565521163 -22.7423257734 -23.5694760319 55
Cs  0.4005048837 -0.5128197734 -11.7847380319 55
Pb -5.5579951163 -17.3575447734 -29.4618450319 82
Pb -5.7450931163 -5.7105037734 -29.4618450319 82
Pb -5.5579951163 -17.3575447734 -17.6771070319 82
Pb -5.7450931163 -5.7105037734 -17.6771070319 82
I -6.9107431163 -11.4824737734 -28.6187650319 53
I  0.2139748837 -16.1918947734 -28.6187650319 53
I  7.2546958837 -11.7726717734 -6.7354490319 53
I  0.1299778837 -7.0632517734 -6.7354490319 53
I -6.9107431163 -11.4824737734 -18.5201870319 53
I  0.2139748837 -16.1918947734 -18.5201870319 53
I  7.2546958837 -11.7726717734 -16.8340270319 53
I  0.1299778837 -7.0632517734 -16.8340270319 53
I -5.0209751163 -5.0131307734 -23.5694760319 53
I  5.2045748837 -6.6217197734 -23.5694760319 53
I  5.3649278837 -18.2420157734 -11.7847380319 53
I -4.8606221163 -16.6334267734 -11.7847380319 53
Cs -0.2436491163 -11.0952847734 -0.0000000319 55
Cs  0.5876028837 -12.1598617734  11.7847379681 55
Cs -0.0565521163 -22.7423257734 -0.0000000319 55
Cs  0.4005048837 -0.5128197734  11.7847379681 55
Pb -5.5579951163 -17.3575447734 -5.8923690319 82
Pb -5.7450931163 -5.7105037734 -5.8923690319 82
Pb -5.5579951163 -17.3575447734  5.8923689681 82
Pb -5.7450931163 -5.7105037734  5.8923689681 82
I -6.9107431163 -11.4824737734 -5.0492890319 53
I  0.2139748837 -16.1918947734 -5.0492890319 53
I  7.2546958837 -11.7726717734  16.8340269681 53
I  0.1299778837 -7.0632517734  16.8340269681 53
I -6.9107431163 -11.4824737734  5.0492889681 53
I  0.2139748837 -16.1918947734  5.0492889681 53
I  7.2546958837 -11.7726717734  6.7354489681 53
I  0.1299778837 -7.0632517734  6.7354489681 53
I -5.0209751163 -5.0131307734 -0.0000000319 53
I  5.2045748837 -6.6217197734 -0.0000000319 53
I  5.3649278837 -18.2420157734  11.7847379681 53
I -4.8606221163 -16.6334267734  11.7847379681 53
Cs -0.2436491163 -11.0952847734  23.5694759681 55
Cs  0.5876028837 -12.1598617734  35.3542139681 55
Cs -0.0565521163 -22.7423257734  23.5694759681 55
Cs  0.4005048837 -0.5128197734  35.3542139681 55
Pb -5.5579951163 -17.3575447734  17.6771069681 82
Pb -5.7450931163 -5.7105037734  17.6771069681 82
Pb -5.5579951163 -17.3575447734  29.4618449681 82
Pb -5.7450931163 -5.7105037734  29.4618449681 82
I -6.9107431163 -11.4824737734  18.5201869681 53
I  0.2139748837 -16.1918947734  18.5201869681 53
I -6.9107431163 -11.4824737734  28.6187649681 53
I  0.2139748837 -16.1918947734  28.6187649681 53
I  7.2546958837 -11.7726717734  30.3049259681 53
I  0.1299778837 -7.0632517734  30.3049259681 53
I -5.0209751163 -5.0131307734  23.5694759681 53
I  5.2045748837 -6.6217197734  23.5694759681 53
I  5.3649278837 -18.2420157734  35.3542139681 53
I -4.8606221163 -16.6334267734  35.3542139681 53
Cs  12.0475468837 -0.6999177734 -35.3542140319 55
Cs  11.8604488837  10.9471232266 -35.3542140319 55
I  18.7146398837 -0.3127287734 -30.3049250319 53
I  11.5899218837  4.3966922266 -30.3049250319 53
I  16.8248718837 -6.7820717734 -35.3542140319 53
I  6.5993218837 -5.1734827734 -35.3542140319 53
Cs  11.2162938837  0.3646592266 -23.5694760319 55
Cs  12.0475468837 -0.6999177734 -11.7847380319 55
Cs  11.4033918837 -11.2823827734 -23.5694760319 55
Cs  11.8604488837  10.9471232266 -11.7847380319 55
Pb  5.9019488837 -5.8976017734 -29.4618450319 82
Pb  5.7148508837  5.7494402266 -29.4618450319 82
Pb  5.9019488837 -5.8976017734 -17.6771070319 82
Pb  5.7148508837  5.7494402266 -17.6771070319 82
I  4.5492008837 -0.0225307734 -28.6187650319 53
I  11.6739188837 -4.7319507734 -28.6187650319 53
I  18.7146398837 -0.3127287734 -6.7354490319 53
I  11.5899218837  4.3966922266 -6.7354490319 53
I  4.5492008837 -0.0225307734 -18.5201870319 53
I  11.6739188837 -4.7319507734 -18.5201870319 53
I  18.7146398837 -0.3127287734 -16.8340270319 53
I  11.5899218837  4.3966922266 -16.8340270319 53
I  6.4389688837  6.4468132266 -23.5694760319 53
I  16.6645188837  4.8382242266 -23.5694760319 53
I  16.8248718837 -6.7820717734 -11.7847380319 53
I  6.5993218837 -5.1734827734 -11.7847380319 53
Cs  11.2162938837  0.3646592266 -0.0000000319 55
Cs  12.0475468837 -0.6999177734  11.7847379681 55
Cs  11.4033918837 -11.2823827734 -0.0000000319 55
Cs  11.8604488837  10.9471232266  11.7847379681 55
Pb  5.9019488837 -5.8976017734 -5.8923690319 82
Pb  5.7148508837  5.7494402266 -5.8923690319 82
Pb  5.9019488837 -5.8976017734  5.8923689681 82
Pb  5.7148508837  5.7494402266  5.8923689681 82
I  4.5492008837 -0.0225307734 -5.0492890319 53
I  11.6739188837 -4.7319507734 -5.0492890319 53
I  18.7146398837 -0.3127287734  16.8340269681 53
I  11.5899218837  4.3966922266  16.8340269681 53
I  4.5492008837 -0.0225307734  5.0492889681 53
I  11.6739188837 -4.7319507734  5.0492889681 53
I  18.7146398837 -0.3127287734  6.7354489681 53
I  11.5899218837  4.3966922266  6.7354489681 53
I  6.4389688837  6.4468132266 -0.0000000319 53
I  16.6645188837  4.8382242266 -0.0000000319 53
I  16.8248718837 -6.7820717734  11.7847379681 53
I  6.5993218837 -5.1734827734  11.7847379681 53
Cs  11.2162938837  0.3646592266  23.5694759681 55
Cs  12.0475468837 -0.6999177734  35.3542139681 55
Cs  11.4033918837 -11.2823827734  23.5694759681 55
Cs  11.8604488837  10.9471232266  35.3542139681 55
Pb  5.9019488837 -5.8976017734  17.6771069681 82
Pb  5.7148508837  5.7494402266  17.6771069681 82
Pb  5.9019488837 -5.8976017734  29.4618449681 82
Pb  5.7148508837  5.7494402266  29.4618449681 82
I  4.5492008837 -0.0225307734  18.5201869681 53
I  11.6739188837 -4.7319507734  18.5201869681 53
I  4.5492008837 -0.0225307734  28.6187649681 53
I  11.6739188837 -4.7319507734  28.6187649681 53
I  18.7146398837 -0.3127287734  30.3049259681 53
I  11.5899218837  4.3966922266  30.3049259681 53
I  6.4389688837  6.4468132266  23.5694759681 53
I  16.6645188837  4.8382242266  23.5694759681 53
I  16.8248718837 -6.7820717734  35.3542139681 53
I  6.5993218837 -5.1734827734  35.3542139681 53
Cs  23.5074898837  10.7600252266 -35.3542140319 55
Cs  23.3203918837  22.4070672266 -35.3542140319 55
I  30.1745838837  11.1472152266 -30.3049250319 53
I  23.0498648837  15.8566352266 -30.3049250319 53
I  28.2848148837  4.6778712266 -35.3542140319 53
I  18.0592648837  6.2864602266 -35.3542140319 53
Cs  22.6762378837  11.8246022266 -23.5694760319 55
Cs  23.5074898837  10.7600252266 -11.7847380319 55
Cs  22.8633358837  0.1775612266 -23.5694760319 55
Cs  23.3203918837  22.4070672266 -11.7847380319 55
Pb  17.3618918837  5.5623422266 -29.4618450319 82
Pb  17.1747938837  17.2093832266 -29.4618450319 82
Pb  17.3618918837  5.5623422266 -17.6771070319 82
Pb  17.1747938837  17.2093832266 -17.6771070319 82
I  16.0091438837  11.4374132266 -28.6187650319 53
I  23.1338628837  6.7279922266 -28.6187650319 53
I  30.1745838837  11.1472152266 -6.7354490319 53
I  23.0498648837  15.8566352266 -6.7354490319 53
I  16.0091438837  11.4374132266 -18.5201870319 53
I  23.1338628837  6.7279922266 -18.5201870319 53
I  30.1745838837  11.1472152266 -16.8340270319 53
I  23.0498648837  15.8566352266 -16.8340270319 53
I  17.8989128837  17.9067572266 -23.5694760319 53
I  28.1244628837  16.2981672266 -23.5694760319 53
I  28.2848148837  4.6778712266 -11.7847380319 53
I  18.0592648837  6.2864602266 -11.7847380319 53
Cs  22.6762378837  11.8246022266 -0.0000000319 55
Cs  23.5074898837  10.7600252266  11.7847379681 55
Cs  22.8633358837  0.1775612266 -0.0000000319 55
Cs  23.3203918837  22.4070672266  11.7847379681 55
Pb  17.3618918837  5.5623422266 -5.8923690319 82
Pb  17.1747938837  17.2093832266 -5.8923690319 82
Pb  17.3618918837  5.5623422266  5.8923689681 82
Pb  17.1747938837  17.2093832266  5.8923689681 82
I  16.0091438837  11.4374132266 -5.0492890319 53
I  23.1338628837  6.7279922266 -5.0492890319 53
I  30.1745838837  11.1472152266  16.8340269681 53
I  23.0498648837  15.8566352266  16.8340269681 53
I  16.0091438837  11.4374132266  5.0492889681 53
I  23.1338628837  6.7279922266  5.0492889681 53
I  30.1745838837  11.1472152266  6.7354489681 53
I  23.0498648837  15.8566352266  6.7354489681 53
I  17.8989128837  17.9067572266 -0.0000000319 53
I  28.1244628837  16.2981672266 -0.0000000319 53
I  28.2848148837  4.6778712266  11.7847379681 53
I  18.0592648837  6.2864602266  11.7847379681 53
Cs  22.6762378837  11.8246022266  23.5694759681 55
Cs  23.5074898837  10.7600252266  35.3542139681 55
Cs  22.8633358837  0.1775612266  23.5694759681 55
Cs  23.3203918837  22.4070672266  35.3542139681 55
Pb  17.3618918837  5.5623422266  17.6771069681 82
Pb  17.1747938837  17.2093832266  17.6771069681 82
Pb  17.3618918837  5.5623422266  29.4618449681 82
Pb  17.1747938837  17.2093832266  29.4618449681 82
I  16.0091438837  11.4374132266  18.5201869681 53
I  23.1338628837  6.7279922266  18.5201869681 53
I  16.0091438837  11.4374132266  28.6187649681 53
I  23.1338628837  6.7279922266  28.6187649681 53
I  30.1745838837  11.1472152266  30.3049259681 53
I  23.0498648837  15.8566352266  30.3049259681 53
I  17.8989128837  17.9067572266  23.5694759681 53
I  28.1244628837  16.2981672266  23.5694759681 53
I  28.2848148837  4.6778712266  35.3542139681 53
I  18.0592648837  6.2864602266  35.3542139681 53
Cs  34.9674338837  22.2199692266 -35.3542140319 55
Cs  34.7803358837  33.8670102266 -35.3542140319 55
I  34.5098088837  27.3165792266 -30.3049250319 53
I  29.5192088837  17.7464042266 -35.3542140319 53
Cs  34.1361808837  23.2845462266 -23.5694760319 55
Cs  34.9674338837  22.2199692266 -11.7847380319 55
Cs  34.3232788837  11.6375052266 -23.5694760319 55
Cs  34.7803358837  33.8670102266 -11.7847380319 55
Pb  28.8218358837  17.0222862266 -29.4618450319 82
Pb  28.6347378837  28.6693272266 -29.4618450319 82
Pb  28.8218358837  17.0222862266 -17.6771070319 82
Pb  28.6347378837  28.6693272266 -17.6771070319 82
I  27.4690878837  22.8973572266 -28.6187650319 53
I  34.5938058837  18.1879362266 -28.6187650319 53
I  34.5098088837  27.3165792266 -6.7354490319 53
I  27.4690878837  22.8973572266 -18.5201870319 53
I  34.5938058837  18.1879362266 -18.5201870319 53
I  34.5098088837  27.3165792266 -16.8340270319 53
I  29.3588558837  29.3667002266 -23.5694760319 53
I  29.5192088837  17.7464042266 -11.7847380319 53
Cs  34.1361808837  23.2845462266 -0.0000000319 55
Cs  34.9674338837  22.2199692266  11.7847379681 55
Cs  34.3232788837  11.6375052266 -0.0000000319 55
Cs  34.7803358837  33.8670102266  11.7847379681 55
Pb  28.8218358837  17.0222862266 -5.8923690319 82
Pb  28.6347378837  28.6693272266 -5.8923690319 82
Pb  28.8218358837  17.0222862266  5.8923689681 82
Pb  28.6347378837  28.6693272266  5.8923689681 82
I  27.4690878837  22.8973572266 -5.0492890319 53
I  34.5938058837  18.1879362266 -5.0492890319 53
I  34.5098088837  27.3165792266  16.8340269681 53
I  27.4690878837  22.8973572266  5.0492889681 53
I  34.5938058837  18.1879362266  5.0492889681 53
I  34.5098088837  27.3165792266  6.7354489681 53
I  29.3588558837  29.3667002266 -0.0000000319 53
I  29.5192088837  17.7464042266  11.7847379681 53
Cs  34.1361808837  23.2845462266  23.5694759681 55
Cs  34.9674338837  22.2199692266  35.3542139681 55
Cs  34.3232788837  11.6375052266  23.5694759681 55
Cs  34.7803358837  33.8670102266  35.3542139681 55
Pb  28.8218358837  17.0222862266  17.6771069681 82
Pb  28.6347378837  28.6693272266  17.6771069681 82
Pb  28.8218358837  17.0222862266  29.4618449681 82
Pb  28.6347378837  28.6693272266  29.4618449681 82
I  27.4690878837  22.8973572266  18.5201869681 53
I  34.5938058837  18.1879362266  18.5201869681 53
I  27.4690878837  22.8973572266  28.6187649681 53
I  34.5938058837  18.1879362266  28.6187649681 53
I  34.5098088837  27.3165792266  30.3049259681 53
I  29.3588558837  29.3667002266  23.5694759681 53
I  29.5192088837  17.7464042266  35.3542139681 53
Cs -10.6852431163 -35.2668467734 -35.3542140319 55
Cs -10.6852431163 -35.2668467734 -11.7847380319 55
Cs -10.6852431163 -35.2668467734  11.7847379681 55
Cs -10.6852431163 -35.2668467734  35.3542139681 55
Cs  0.9617978837 -35.4539437734 -35.3542140319 55
Cs  0.7747008837 -23.8069027734 -35.3542140319 55
I  7.6288918837 -35.0667547734 -30.3049250319 53
I  0.5041738837 -30.3573337734 -30.3049250319 53
Cs  0.1305458837 -34.3893677734 -23.5694760319 55
Cs  0.9617978837 -35.4539437734 -11.7847380319 55
Cs  0.7747008837 -23.8069027734 -11.7847380319 55
Pb -5.3708971163 -29.0045867734 -29.4618450319 82
Pb -5.3708971163 -29.0045867734 -17.6771070319 82
I -6.5365481163 -34.7765567734 -28.6187650319 53
I  7.6288918837 -35.0667547734 -6.7354490319 53
I  0.5041738837 -30.3573337734 -6.7354490319 53
I -6.5365481163 -34.7765567734 -18.5201870319 53
I  7.6288918837 -35.0667547734 -16.8340270319 53
I  0.5041738837 -30.3573337734 -16.8340270319 53
I -4.6467791163 -28.3072127734 -23.5694760319 53
I  5.5787708837 -29.9158027734 -23.5694760319 53
Cs  0.1305458837 -34.3893677734 -0.0000000319 55
Cs  0.9617978837 -35.4539437734  11.7847379681 55
Cs  0.7747008837 -23.8069027734  11.7847379681 55
Pb -5.3708971163 -29.0045867734 -5.8923690319 82
Pb -5.3708971163 -29.0045867734  5.8923689681 82
I -6.5365481163 -34.7765567734 -5.0492890319 53
I  7.6288918837 -35.0667547734  16.8340269681 53
I  0.5041738837 -30.3573337734  16.8340269681 53
I -6.5365481163 -34.7765567734  5.0492889681 53
I  7.6288918837 -35.0667547734  6.7354489681 53
I  0.5041738837 -30.3573337734  6.7354489681 53
I -4.6467791163 -28.3072127734 -0.0000000319 53
I  5.5787708837 -29.9158027734 -0.0000000319 53
Cs  0.1305458837 -34.3893677734  23.5694759681 55
Cs  0.9617978837 -35.4539437734  35.3542139681 55
Cs  0.7747008837 -23.8069027734  35.3542139681 55
Pb -5.3708971163 -29.0045867734  17.6771069681 82
Pb -5.3708971163 -29.0045867734  29.4618449681 82
I -6.5365481163 -34.7765567734  18.5201869681 53
I -6.5365481163 -34.7765567734  28.6187649681 53
I  7.6288918837 -35.0667547734  30.3049259681 53
I  0.5041738837 -30.3573337734  30.3049259681 53
I -4.6467791163 -28.3072127734  23.5694759681 53
I  5.5787708837 -29.9158027734  23.5694759681 53
Cs  12.4217418837 -23.9940007734 -35.3542140319 55
Cs  12.2346438837 -12.3469587734 -35.3542140319 55
I  19.0888358837 -23.6068117734 -30.3049250319 53
I  11.9641168837 -18.8973907734 -30.3049250319 53
I  17.1990668837 -30.0761547734 -35.3542140319 53
I  6.9735168837 -28.4675657734 -35.3542140319 53
Cs  11.5904898837 -22.9294237734 -23.5694760319 55
Cs  12.4217418837 -23.9940007734 -11.7847380319 55
Cs  11.7775868837 -34.5764647734 -23.5694760319 55
Cs  12.2346438837 -12.3469587734 -11.7847380319 55
Pb  6.2761438837 -29.1916837734 -29.4618450319 82
Pb  6.0890458837 -17.5446427734 -29.4618450319 82
Pb  6.2761438837 -29.1916837734 -17.6771070319 82
Pb  6.0890458837 -17.5446427734 -17.6771070319 82
I  4.9233958837 -23.3166127734 -28.6187650319 53
I  12.0481148837 -28.0260337734 -28.6187650319 53
I  19.0888358837 -23.6068117734 -6.7354490319 53
I  11.9641168837 -18.8973907734 -6.7354490319 53
I  4.9233958837 -23.3166127734 -18.5201870319 53
I  12.0481148837 -28.0260337734 -18.5201870319 53
I  19.0888358837 -23.6068117734 -16.8340270319 53
I  11.9641168837 -18.8973907734 -16.8340270319 53
I  6.8131648837 -16.8472697734 -23.5694760319 53
I  17.0387148837 -18.4558587734 -23.5694760319 53
I  17.1990668837 -30.0761547734 -11.7847380319 53
I  6.9735168837 -28.4675657734 -11.7847380319 53
Cs  11.5904898837 -22.9294237734 -0.0000000319 55
Cs  12.4217418837 -23.9940007734  11.7847379681 55
Cs  11.7775868837 -34.5764647734 -0.0000000319 55
Cs  12.2346438837 -12.3469587734  11.7847379681 55
Pb  6.2761438837 -29.1916837734 -5.8923690319 82
Pb  6.0890458837 -17.5446427734 -5.8923690319 82
Pb  6.2761438837 -29.1916837734  5.8923689681 82
Pb  6.0890458837 -17.5446427734  5.8923689681 82
I  4.9233958837 -23.3166127734 -5.0492890319 53
I  12.0481148837 -28.0260337734 -5.0492890319 53
I  19.0888358837 -23.6068117734  16.8340269681 53
I  11.9641168837 -18.8973907734  16.8340269681 53
I  4.9233958837 -23.3166127734  5.0492889681 53
I  12.0481148837 -28.0260337734  5.0492889681 53
I  19.0888358837 -23.6068117734  6.7354489681 53
I  11.9641168837 -18.8973907734  6.7354489681 53
I  6.8131648837 -16.8472697734 -0.0000000319 53
I  17.0387148837 -18.4558587734 -0.0000000319 53
I  17.1990668837 -30.0761547734  11.7847379681 53
I  6.9735168837 -28.4675657734  11.7847379681 53
Cs  11.5904898837 -22.9294237734  23.5694759681 55
Cs  12.4217418837 -23.9940007734  35.3542139681 55
Cs  11.7775868837 -34.5764647734  23.5694759681 55
Cs  12.2346438837 -12.3469587734  35.3542139681 55
Pb  6.2761438837 -29.1916837734  17.6771069681 82
Pb  6.0890458837 -17.5446427734  17.6771069681 82
Pb  6.2761438837 -29.1916837734  29.4618449681 82
Pb  6.0890458837 -17.5446427734  29.4618449681 82
I  4.9233958837 -23.3166127734  18.5201869681 53
I  12.0481148837 -28.0260337734  18.5201869681 53
I  4.9233958837 -23.3166127734  28.6187649681 53
I  12.0481148837 -28.0260337734  28.6187649681 53
I  19.0888358837 -23.6068117734  30.3049259681 53
I  11.9641168837 -18.8973907734  30.3049259681 53
I  6.8131648837 -16.8472697734  23.5694759681 53
I  17.0387148837 -18.4558587734  23.5694759681 53
I  17.1990668837 -30.0761547734  35.3542139681 53
I  6.9735168837 -28.4675657734  35.3542139681 53
Cs  23.8816858837 -12.5340567734 -35.3542140319 55
Cs  23.6945878837 -0.8870157734 -35.3542140319 55
I  30.5487788837 -12.1468677734 -30.3049250319 53
I  23.4240608837 -7.4374467734 -30.3049250319 53
I  28.6590108837 -18.6162107734 -35.3542140319 53
I  18.4334608837 -17.0076217734 -35.3542140319 53
Cs  23.0504328837 -11.4694797734 -23.5694760319 55
Cs  23.8816858837 -12.5340567734 -11.7847380319 55
Cs  23.2375308837 -23.1165217734 -23.5694760319 55
Cs  23.6945878837 -0.8870157734 -11.7847380319 55
Pb  17.7360878837 -17.7317407734 -29.4618450319 82
Pb  17.5489898837 -6.0846987734 -29.4618450319 82
Pb  17.7360878837 -17.7317407734 -17.6771070319 82
Pb  17.5489898837 -6.0846987734 -17.6771070319 82
I  16.3833398837 -11.8566697734 -28.6187650319 53
I  23.5080578837 -16.5660897734 -28.6187650319 53
I  30.5487788837 -12.1468677734 -6.7354490319 53
I  23.4240608837 -7.4374467734 -6.7354490319 53
I  16.3833398837 -11.8566697734 -18.5201870319 53
I  23.5080578837 -16.5660897734 -18.5201870319 53
I  30.5487788837 -12.1468677734 -16.8340270319 53
I  23.4240608837 -7.4374467734 -16.8340270319 53
I  18.2731078837 -5.3873257734 -23.5694760319 53
I  28.4986578837 -6.9959147734 -23.5694760319 53
I  28.6590108837 -18.6162107734 -11.7847380319 53
I  18.4334608837 -17.0076217734 -11.7847380319 53
Cs  23.0504328837 -11.4694797734 -0.0000000319 55
Cs  23.8816858837 -12.5340567734  11.7847379681 55
Cs  23.2375308837 -23.1165217734 -0.0000000319 55
Cs  23.6945878837 -0.8870157734  11.7847379681 55
Pb  17.7360878837 -17.7317407734 -5.8923690319 82
Pb  17.5489898837 -6.0846987734 -5.8923690319 82
Pb  17.7360878837 -17.7317407734  5.8923689681 82
Pb  17.5489898837 -6.0846987734  5.8923689681 82
I  16.3833398837 -11.8566697734 -5.0492890319 53
I  23.5080578837 -16.5660897734 -5.0492890319 53
I  30.5487788837 -12.1468677734  16.8340269681 53
I  23.4240608837 -7.4374467734  16.8340269681 53
I  16.3833398837 -11.8566697734  5.0492889681 53
I  23.5080578837 -16.5660897734  5.0492889681 53
I  30.5487788837 -12.1468677734  6.7354489681 53
I  23.4240608837 -7.4374467734  6.7354489681 53
I  18.2731078837 -5.3873257734 -0.0000000319 53
I  28.4986578837 -6.9959147734 -0.0000000319 53
I  28.6590108837 -18.6162107734  11.7847379681 53
I  18.4334608837 -17.0076217734  11.7847379681 53
Cs  23.0504328837 -11.4694797734  23.5694759681 55
Cs  23.8816858837 -12.5340567734  35.3542139681 55
Cs  23.2375308837 -23.1165217734  23.5694759681 55
Cs  23.6945878837 -0.8870157734  35.3542139681 55
Pb  17.7360878837 -17.7317407734  17.6771069681 82
Pb  17.5489898837 -6.0846987734  17.6771069681 82
Pb  17.7360878837 -17.7317407734  29.4618449681 82
Pb  17.5489898837 -6.0846987734  29.4618449681 82
I  16.3833398837 -11.8566697734  18.5201869681 53
I  23.5080578837 -16.5660897734  18.5201869681 53
I  16.3833398837 -11.8566697734  28.6187649681 53
I  23.5080578837 -16.5660897734  28.6187649681 53
I  30.5487788837 -12.1468677734  30.3049259681 53
I  23.4240608837 -7.4374467734  30.3049259681 53
I  18.2731078837 -5.3873257734  23.5694759681 53
I  28.4986578837 -6.9959147734  23.5694759681 53
I  28.6590108837 -18.6162107734  35.3542139681 53
I  18.4334608837 -17.0076217734  35.3542139681 53
Cs  35.3416288837 -1.0741137734 -35.3542140319 55
Cs  35.1545308837  10.5729282266 -35.3542140319 55
I  34.8840038837  4.0224962266 -30.3049250319 53
I  29.8934038837 -5.5476787734 -35.3542140319 53
Cs  34.5103768837 -0.0095367734 -23.5694760319 55
Cs  35.3416288837 -1.0741137734 -11.7847380319 55
Cs  34.6974748837 -11.6565777734 -23.5694760319 55
Cs  35.1545308837  10.5729282266 -11.7847380319 55
Pb  29.1960308837 -6.2717967734 -29.4618450319 82
Pb  29.0089338837  5.3752442266 -29.4618450319 82
Pb  29.1960308837 -6.2717967734 -17.6771070319 82
Pb  29.0089338837  5.3752442266 -17.6771070319 82
I  27.8432828837 -0.3967257734 -28.6187650319 53
I  34.9680018837 -5.1061467734 -28.6187650319 53
I  34.8840038837  4.0224962266 -6.7354490319 53
I  27.8432828837 -0.3967257734 -18.5201870319 53
I  34.9680018837 -5.1061467734 -18.5201870319 53
I  34.8840038837  4.0224962266 -16.8340270319 53
I  29.7330518837  6.0726172266 -23.5694760319 53
I  29.8934038837 -5.5476787734 -11.7847380319 53
Cs  34.5103768837 -0.0095367734 -0.0000000319 55
Cs  35.3416288837 -1.0741137734  11.7847379681 55
Cs  34.6974748837 -11.6565777734 -0.0000000319 55
Cs  35.1545308837  10.5729282266  11.7847379681 55
Pb  29.1960308837 -6.2717967734 -5.8923690319 82
Pb  29.0089338837  5.3752442266 -5.8923690319 82
Pb  29.1960308837 -6.2717967734  5.8923689681 82
Pb  29.0089338837  5.3752442266  5.8923689681 82
I  27.8432828837 -0.3967257734 -5.0492890319 53
I  34.9680018837 -5.1061467734 -5.0492890319 53
I  34.8840038837  4.0224962266  16.8340269681 53
I  27.8432828837 -0.3967257734  5.0492889681 53
I  34.9680018837 -5.1061467734  5.0492889681 53
I  34.8840038837  4.0224962266  6.7354489681 53
I  29.7330518837  6.0726172266 -0.0000000319 53
I  29.8934038837 -5.5476787734  11.7847379681 53
Cs  34.5103768837 -0.0095367734  23.5694759681 55
Cs  35.3416288837 -1.0741137734  35.3542139681 55
Cs  34.6974748837 -11.6565777734  23.5694759681 55
Cs  35.1545308837  10.5729282266  35.3542139681 55
Pb  29.1960308837 -6.2717967734  17.6771069681 82
Pb  29.0089338837  5.3752442266  17.6771069681 82
Pb  29.1960308837 -6.2717967734  29.4618449681 82
Pb  29.0089338837  5.3752442266  29.4618449681 82
I  27.8432828837 -0.3967257734  18.5201869681 53
I  34.9680018837 -5.1061467734  18.5201869681 53
I  27.8432828837 -0.3967257734  28.6187649681 53
I  34.9680018837 -5.1061467734  28.6187649681 53
I  34.8840038837  4.0224962266  30.3049259681 53
I  29.7330518837  6.0726172266  23.5694759681 53
I  29.8934038837 -5.5476787734  35.3542139681 53
Cs  12.6088398837 -35.6410417734 -35.3542140319 55
Cs  12.6088398837 -35.6410417734 -11.7847380319 55
Cs  12.6088398837 -35.6410417734  11.7847379681 55
Cs  12.6088398837 -35.6410417734  35.3542139681 55
Cs  24.2558808837 -35.8281397734 -35.3542140319 55
Cs  24.0687828837 -24.1810987734 -35.3542140319 55
I  30.9229748837 -35.4409507734 -30.3049250319 53
I  23.7982558837 -30.7315297734 -30.3049250319 53
Cs  23.4246288837 -34.7635627734 -23.5694760319 55
Cs  24.2558808837 -35.8281397734 -11.7847380319 55
Cs  24.0687828837 -24.1810987734 -11.7847380319 55
Pb  17.9231848837 -29.3787817734 -29.4618450319 82
Pb  17.9231848837 -29.3787817734 -17.6771070319 82
I  16.7575348837 -35.1507517734 -28.6187650319 53
I  30.9229748837 -35.4409507734 -6.7354490319 53
I  23.7982558837 -30.7315297734 -6.7354490319 53
I  16.7575348837 -35.1507517734 -18.5201870319 53
I  30.9229748837 -35.4409507734 -16.8340270319 53
I  23.7982558837 -30.7315297734 -16.8340270319 53
I  18.6473038837 -28.6814087734 -23.5694760319 53
I  28.8728538837 -30.2899977734 -23.5694760319 53
Cs  23.4246288837 -34.7635627734 -0.0000000319 55
Cs  24.2558808837 -35.8281397734  11.7847379681 55
Cs  24.0687828837 -24.1810987734  11.7847379681 55
Pb  17.9231848837 -29.3787817734 -5.8923690319 82
Pb  17.9231848837 -29.3787817734  5.8923689681 82
I  16.7575348837 -35.1507517734 -5.0492890319 53
I  30.9229748837 -35.4409507734  16.8340269681 53
I  23.7982558837 -30.7315297734  16.8340269681 53
I  16.7575348837 -35.1507517734  5.0492889681 53
I  30.9229748837 -35.4409507734  6.7354489681 53
I  23.7982558837 -30.7315297734  6.7354489681 53
I  18.6473038837 -28.6814087734 -0.0000000319 53
I  28.8728538837 -30.2899977734 -0.0000000319 53
Cs  23.4246288837 -34.7635627734  23.5694759681 55
Cs  24.2558808837 -35.8281397734  35.3542139681 55
Cs  24.0687828837 -24.1810987734  35.3542139681 55
Pb  17.9231848837 -29.3787817734  17.6771069681 82
Pb  17.9231848837 -29.3787817734  29.4618449681 82
I  16.7575348837 -35.1507517734  18.5201869681 53
I  16.7575348837 -35.1507517734  28.6187649681 53
I  30.9229748837 -35.4409507734  30.3049259681 53
I  23.7982558837 -30.7315297734  30.3049259681 53
I  18.6473038837 -28.6814087734  23.5694759681 53
I  28.8728538837 -30.2899977734  23.5694759681 53
Cs  35.7158248837 -24.3681957734 -35.3542140319 55
Cs  35.5287268837 -12.7211547734 -35.3542140319 55
I  35.2581998837 -19.2715857734 -30.3049250319 53
I  30.2675998837 -28.8417607734 -35.3542140319 53
Cs  34.8845718837 -23.3036197734 -23.5694760319 55
Cs  35.7158248837 -24.3681957734 -11.7847380319 55
Cs  35.0716698837 -34.9506607734 -23.5694760319 55
Cs  35.5287268837 -12.7211547734 -11.7847380319 55
Pb  29.5702268837 -29.5658797734 -29.4618450319 82
Pb  29.3831288837 -17.9188377734 -29.4618450319 82
Pb  29.5702268837 -29.5658797734 -17.6771070319 82
Pb  29.3831288837 -17.9188377734 -17.6771070319 82
I  28.2174788837 -23.6908087734 -28.6187650319 53
I  35.3421968837 -28.4002297734 -28.6187650319 53
I  35.2581998837 -19.2715857734 -6.7354490319 53
I  28.2174788837 -23.6908087734 -18.5201870319 53
I  35.3421968837 -28.4002297734 -18.5201870319 53
I  35.2581998837 -19.2715857734 -16.8340270319 53
I  30.1072468837 -17.2214647734 -23.5694760319 53
I  30.2675998837 -28.8417607734 -11.7847380319 53
Cs  34.8845718837 -23.3036197734 -0.0000000319 55
Cs  35.7158248837 -24.3681957734  11.7847379681 55
Cs  35.0716698837 -34.9506607734 -0.0000000319 55
Cs  35.5287268837 -12.7211547734  11.7847379681 55
Pb  29.5702268837 -29.5658797734 -5.8923690319 82
Pb  29.3831288837 -17.9188377734 -5.8923690319 82
Pb  29.5702268837 -29.5658797734  5.8923689681 82
Pb  29.3831288837 -17.9188377734  5.8923689681 82
I  28.2174788837 -23.6908087734 -5.0492890319 53
I  35.3421968837 -28.4002297734 -5.0492890319 53
I  35.2581998837 -19.2715857734  16.8340269681 53
I  28.2174788837 -23.6908087734  5.0492889681 53
I  35.3421968837 -28.4002297734  5.0492889681 53
I  35.2581998837 -19.2715857734  6.7354489681 53
I  30.1072468837 -17.2214647734 -0.0000000319 53
I  30.2675998837 -28.8417607734  11.7847379681 53
Cs  34.8845718837 -23.3036197734  23.5694759681 55
Cs  35.7158248837 -24.3681957734  35.3542139681 55
Cs  35.0716698837 -34.9506607734  23.5694759681 55
Cs  35.5287268837 -12.7211547734  35.3542139681 55
Pb  29.5702268837 -29.5658797734  17.6771069681 82
Pb  29.3831288837 -17.9188377734  17.6771069681 82
Pb  29.5702268837 -29.5658797734  29.4618449681 82
Pb  29.3831288837 -17.9188377734  29.4618449681 82
I  28.2174788837 -23.6908087734  18.5201869681 53
I  35.3421968837 -28.4002297734  18.5201869681 53
I  28.2174788837 -23.6908087734  28.6187649681 53
I  35.3421968837 -28.4002297734  28.6187649681 53
I  35.2581998837 -19.2715857734  30.3049259681 53
I  30.1072468837 -17.2214647734  23.5694759681 53
I  30.2675998837 -28.8417607734  35.3542139681 53
Cs  35.9029218837 -36.0152377734 -35.3542140319 55
Cs  35.9029218837 -36.0152377734 -11.7847380319 55
Cs  35.9029218837 -36.0152377734  11.7847379681 55
Cs  35.9029218837 -36.0152377734  35.3542139681 55
