0 -0.23860527981269 6.22682e-05
1 -0.238605144019082 3.68941e-05
2 -0.238429368018718 5.19661e-05
3 -0.23842926719092 3.26596e-05
4 -0.238289834596844 4.24784e-05
5 -0.238289777380533 2.59834e-05
6 -0.238199268805625 5.43287e-05
7 -0.238199152776423 2.58598e-05
8 -0.237998602065731 3.10352e-05
9 -0.237998590599241 2.67781e-05
10 -0.237972708866903 3.49486e-05
11 -0.237972693814026 2.86633e-05
12 -0.237906577221707 3.31404e-05
13 -0.237906553465418 2.67879e-05
14 -0.237436683359328 2.35115e-05
15 -0.237436665647992 1.38074e-05
16 -0.23702276837524 1.10868e-05
17 -0.237022765779773 8.65211e-06
18 -0.236983492346173 1.66303e-05
19 -0.23698348344278 9.28843e-06
20 -0.236982120258217 1.46626e-05
21 -0.23698211449145 9.63173e-06
22 -0.236975807110341 1.88241e-05
23 -0.236975796926176 9.29353e-06
24 -0.236878086277722 1.13543e-05
25 -0.236878082508234 7.00754e-06
26 -0.23667093774029 1.07661e-05
27 -0.236670935096176 7.39609e-06
28 -0.236644627654719 1.30938e-05
29 -0.236644621184585 6.25559e-06
30 -0.236595524989438 1.0346e-05
31 -0.236595522726444 7.87461e-06
32 -0.236454711038735 8.71336e-06
33 -0.236454710570396 7.80855e-06
34 -0.236079913738152 4.50313e-06
35 -0.236079913285693 3.16748e-06
36 -0.235665977823609 4.86845e-06
37 -0.23566597708949 2.48068e-06
38 -0.235640030527324 4.97105e-06
39 -0.235640029897313 3.34457e-06
40 -0.235318259921345 4.15488e-06
41 -0.235318259453555 2.461e-06
42 -0.235317124176804 3.65371e-06
43 -0.235317123894555 2.5105e-06
44 -0.235291721348761 3.50621e-06
45 -0.235291721157639 2.83813e-06
46 -0.235269309909238 4.77198e-06
47 -0.235269309151366 1.75257e-06
48 -0.235219418327321 2.80568e-06
49 -0.235219418271461 2.50718e-06
50 -0.234585494452775 1.97577e-06
51 -0.234585494335093 9.98715e-07
52 -0.234491427661741 1.38192e-06
53 -0.23449142762716 1.00611e-06
54 -0.234209902362001 1.00727e-06
55 -0.234209902343662 7.49811e-07
56 -0.233980870645989 1.04528e-06
57 -0.233980870624622 7.54065e-07
58 -0.233967026965629 9.76122e-07
59 -0.233967026943763 6.4865e-07
60 -0.233939031753401 9.64854e-07
61 -0.233939031732154 6.44362e-07
62 -0.233290205741872 5.84568e-07
63 -0.233290205735304 4.23644e-07
64 -0.233214395789068 4.85147e-07
65 -0.233214395786174 4.11851e-07
66 -0.232814936100145 4.16025e-07
67 -0.232814936097039 2.95709e-07
68 -0.232796584652894 5.05241e-07
69 -0.232796584649381 3.7836e-07
70 -0.23260533739884 3.39329e-07
71 -0.232605337398182 3.25169e-07
72 -0.232330291030418 3.05655e-07
73 -0.2323302910296 2.95287e-07
74 -0.231986467622732 3.0077e-07
75 -0.231986467621817 2.85319e-07
76 -0.23188302148607 3.31823e-07
77 -0.231883021485131 3.01703e-07
78 -0.231154861110956 2.93802e-07
79 -0.23115486111083 2.78775e-07
80 -0.231134213928094 2.64863e-07
81 -0.231134213927891 2.86375e-07
82 -0.230687166270255 2.51754e-07
83 -0.230687166270238 2.2878e-07
84 -0.23061015867211 2.73244e-07
85 -0.230610158672049 2.58338e-07
86 -0.230287031501617 2.66573e-07
87 -0.230287031501529 2.35431e-07
88 -0.22926949730969 2.56964e-07
89 -0.229269497309644 2.50399e-07
90 -0.228955010892314 2.75142e-07
91 -0.228955010892263 2.5874e-07
92 -0.228872154920846 2.51216e-07
93 -0.22887215492077 2.02592e-07
94 -0.227492971368071 2.40332e-07
95 -0.227492971368043 2.64286e-07
96 -0.15898746827512 1.00887e-06
97 -0.158987468275002 1.01092e-06
98 -0.157501252111337 1.02181e-06
99 -0.157501252109548 1.04354e-06
100 -0.157438484802019 1.02239e-06
101 -0.157438484800438 1.03652e-06
102 -0.156902389063355 1.06155e-06
103 -0.156902389048947 1.20308e-06
104 -0.155953321014785 1.21812e-06
105 -0.155953320934109 1.79234e-06
106 -0.155423793630709 1.65119e-06
107 -0.155423793472612 2.43764e-06
108 -0.155403591066699 1.79128e-06
109 -0.155403590975797 2.257e-06
110 -0.155347915958918 1.68566e-06
111 -0.155347915846084 2.21421e-06
112 -0.155302938765261 2.10699e-06
113 -0.155302938296529 3.72613e-06
114 -0.154161378163249 3.5588e-06
115 -0.154161377408268 5.15766e-06
116 -0.153939465561793 5.09075e-06
117 -0.153939463278013 8.05693e-06
118 -0.153794652178845 4.66906e-06
119 -0.153794650786224 6.77494e-06
120 -0.153762852469474 5.21381e-06
121 -0.153762848296732 9.78737e-06
122 -0.153251324091693 8.08084e-06
123 -0.153251313056838 1.56831e-05
124 -0.153236694300707 9.65156e-06
125 -0.153236684736023 1.56907e-05
126 -0.153097322427736 9.57915e-06
127 -0.15309731370835 1.43848e-05
128 -0.153083550096836 9.69095e-06
129 -0.153083541025398 1.60516e-05
130 -0.152586969879886 1.73412e-05
131 -0.15258693544775 2.89871e-05
132 -0.152521329502924 1.86821e-05
133 -0.15252129883575 2.8609e-05
134 -0.151804681758525 2.71624e-05
135 -0.151804566871336 4.90331e-05
136 -0.151718293101135 2.89092e-05
137 -0.151718165169787 5.14116e-05
138 -0.151574470101669 4.20308e-05
139 -0.151574314739148 6.20217e-05
140 -0.151509776387604 4.23751e-05
141 -0.151509671548519 5.68437e-05
142 -0.151474887793843 4.41061e-05
143 -0.151474742575282 6.25554e-05
