0 0.00043104 0.06558802  0.00000001 -0.000000048143  0.000000044555  0.000000049092 -0.000000076980  0.000311569519  0.000297865060
1 5.73976638 0.06577368  1.44460563 -2.285665743050 -3.356514677896  2.283169443723  3.352849050030  0.000006595005  0.000009346552
2 6.31580383 0.06581980  1.75034045 -2.908619899181  3.386211253374 -2.911274297178  3.389301337565  0.000000444062  0.000000048068
3 7.03583706 0.06584572  2.17304065 -0.000000209487 -0.000000030779 -0.000000334489  0.000000194510 -5.456031685552 -4.442377896383
4 0.00005826 0.06730279  0.00000000 -0.000000011788  0.000000003642  0.000000019432 -0.000000005155 -0.000038378990 -0.000043837062
5 0.00430628 0.06737522  0.00000083  0.000000018334 -0.000000015981 -0.000000023528 -0.000000024529 -0.003318777795 -0.002744036070
6 0.00011338 0.06740248  0.00000000 -0.000079602553  0.000073170841 -0.000025144329  0.000023094250 -0.000000038400  0.000000048253
7 0.00189758 0.06749206  0.00000016  0.000000028912 -0.000000020096 -0.000000003173 -0.000000000493  0.001462653344  0.001208910339
8 0.00094887 0.06755860  0.00000004  0.000152500081  0.000624112128 -0.000164850508 -0.000674557163 -0.000017391372 -0.000071185582
9 0.00023069 0.06755862  0.00000000 -0.000000026965  0.000000071127  0.000000056455 -0.000000025067 -0.000150503050 -0.000174838351
10 0.00103607 0.06781818  0.00000005 -0.000723237247  0.000629790296 -0.000295681159  0.000257504517  0.000000852309 -0.000000766800
11 0.00209831 0.06795914  0.00000020 -0.000395972943 -0.001571352710  0.000283517843  0.001125099605  0.000160398155  0.000636388427
12 0.00639144 0.06796525  0.00000185  0.003109966389 -0.003268167686  0.003121012201 -0.003279762762 -0.000006079381  0.000006440109
13 0.00153216 0.06809260  0.00000011  0.000000022640  0.000000031706  0.000000033704  0.000000005962  0.001180465076  0.000976732817
14 0.00005005 0.06812725  0.00000000 -0.000000027211 -0.000000017308  0.000000040553  0.000000026416  0.000032094218  0.000038409710
15 0.00964045 0.06864960  0.00000425 -0.001601323743 -0.006281735143  0.001581910044  0.006205882049  0.000777160657  0.003048671671
16 0.00009803 0.06885527  0.00000000 -0.000000004127  0.000000002305  0.000000020621 -0.000000003567 -0.000063975827 -0.000074269989
17 0.00189948 0.06885942  0.00000017 -0.000000030897  0.000000018579 -0.000000015106  0.000000013425 -0.001463792575 -0.001210507689
18 0.00268810 0.06886887  0.00000033 -0.001412304885  0.001298131548 -0.001386414393  0.001274363526  0.000000175878 -0.000000177400
19 0.00122358 0.06888085  0.00000007 -0.000209236295 -0.000849212176  0.000159402694  0.000646921534 -0.000128442807 -0.000521342611
20 0.00180688 0.06894067  0.00000015  0.001168836606 -0.001069144789  0.000641379749 -0.000586698133  0.000000170206 -0.000000148003
21 0.00183450 0.06894909  0.00000015 -0.000263390841 -0.001100586289  0.000321290961  0.001342661057  0.000098385953  0.000411173642
22 0.00237444 0.06895199  0.00000026  0.000000012500 -0.000000010719  0.000000001793  0.000000023927  0.001829580015  0.001513477410
23 0.00011725 0.06895681  0.00000000 -0.000000003036 -0.000000012985  0.000000004834 -0.000000000365  0.000075813612  0.000089436598
24 0.00169111 0.06904126  0.00000013 -0.000000024398  0.000000084167 -0.000000038145  0.000000046765  0.001248484804  0.001140675866
25 0.90968462 0.06918031  0.03816567  0.000000038582  0.000000033428 -0.000000088028 -0.000000073256  0.705392193064  0.574410972079
26 2.33132754 0.06934919  0.25127932  1.127906949460 -1.205860966660  1.124289172117 -1.201993018606  0.000000292311 -0.000000168883
27 0.08624057 0.06937819  0.00034400 -0.048642865994 -0.009866259741  0.069118737470  0.014020122245  0.000001710902  0.000000157170
28 0.00320886 0.06952314  0.00000048 -0.000000142525  0.000000070500  0.000000293193 -0.000000200724 -0.002209494140 -0.002327004456
29 0.00204537 0.06952634  0.00000019 -0.000895692912  0.000763745558 -0.001272681362  0.001085467143 -0.000000271149  0.000000211637
30 0.00346023 0.06952874  0.00000055  0.000000005287  0.000000016636 -0.000000058188  0.000000014221 -0.002662859951 -0.002209608381
31 0.00024989 0.06952939  0.00000000  0.000000031968  0.000000029731  0.000000007136 -0.000000022122 -0.000144877952 -0.000203611783
32 0.00219464 0.06953756  0.00000022 -0.000380643251 -0.001022948834  0.000238902427  0.000641899006  0.000619474420  0.001665014308
33 4.37708688 0.06962945  0.88934858  0.352942494462  3.067203993410 -0.354683565156 -3.082333587460 -0.000001016954 -0.000007803700
34 0.18523367 0.06964328  0.00159304 -0.182696619928 -0.022732464245 -0.020256854603 -0.002520456811  0.000001550021  0.000000460848
35 1.58813001 0.06965756  0.11712487  0.000000635631 -0.000000696438 -0.000000294079  0.000000270747  1.217073357515  1.020239854313
36 6.44385020 0.06971781  1.92993790 -0.000000742813  0.000000331419 -0.000000659946  0.000000391848 -4.973236286666 -4.097575645799
37 0.14336361 0.06973046  0.00095545 -0.000000530768 -0.000001150156  0.000000744810  0.000002088242  0.120561717905  0.077575757256
38 2.36877922 0.06974343  0.26089229 -0.181243628479 -1.661761506869  0.181973276806  1.668442437120 -0.000000378061  0.000005942337
39 4.87192916 0.06976854  1.10400309  2.392254159291 -2.487250364291  2.383913414316 -2.478579475732 -0.000001497853 -0.000000528964
40 0.01307491 0.06976992  0.00000795  0.000008292248 -0.000008852552  0.000008763102 -0.000009150844 -0.009203194769 -0.009287308999
41 0.38419247 0.06986399  0.00687480  0.000000540531 -0.000000131108  0.000000565371 -0.000000095110 -0.293116641407 -0.248367644281
42 1.31090771 0.06988189  0.08006038  0.771100740564 -0.512492889439  0.772892646640 -0.513683418400 -0.000000237611  0.000000240005
43 0.41202342 0.06990844  0.00791193  0.042819075634 -0.278723616717 -0.045615137139  0.296921250010 -0.000000800811  0.000007346606
44 0.00857210 0.07003371  0.00000343  0.000000077777  0.000000120538 -0.000000024522 -0.000000134784  0.007254704741  0.004566206310
45 1.35246703 0.07008569  0.08546563  0.000000175000 -0.000000032754  0.000000115877  0.000000068778  1.039815072376  0.864842005751
46 0.54920602 0.07012919  0.01410192 -0.060867737817  0.384241361456  0.060653180973 -0.382886592046 -0.000000613742  0.000003083972
47 0.71659394 0.07018874  0.02402827 -0.342084233254  0.372121399356 -0.343763603673  0.373948519511 -0.000000036269  0.000000213489
48 0.00314685 0.07066570  0.00000047 -0.000000056569  0.000000017783 -0.000000020658 -0.000000023036 -0.002321221416 -0.002124763991
49 1.09226641 0.07068984  0.05622415  0.000000009446  0.000000141636 -0.000000042760  0.000000041425 -0.855785565947 -0.678731882386
50 0.32426166 0.07070030  0.00495588 -0.008845508691 -0.206063491534 -0.010725376440 -0.249980370343  0.000000055445 -0.000000129631
51 0.59377084 0.07070062  0.01661765  0.329961089063 -0.280941965130 -0.309058927616  0.263141933696 -0.000001320771  0.000000835163
52 0.08082070 0.07073510  0.00030803  0.000000043438 -0.000000026515  0.000000062819  0.000000040311  0.065762334044  0.046981916793
53 0.00101094 0.07073975  0.00000005  0.000000059538  0.000000038155  0.000000022137 -0.000000024642  0.000750937651  0.000676820243
54 0.34445756 0.07074282  0.00559580 -0.108443884307  0.219549833661 -0.107285962853  0.217206183457 -0.000000011405  0.000000134608
55 0.24524063 0.07074442  0.00283652 -0.159948450036  0.058937056628  0.165437964505 -0.060960353710 -0.000000128940  0.000000108838
56 0.00350827 0.07074715  0.00000058 -0.000000171903 -0.000000249827 -0.000000008866 -0.000000010996  0.002913310285  0.001954632200
57 3.44899565 0.07082290  0.56165255 -0.000000130235  0.000000144756  0.000000324689 -0.000000218921  2.650928834776  2.206387838210
58 3.07407221 0.07089818  0.44665477  0.042466811926 -2.167857989634 -0.042678992400  2.178689228129  0.000000129071  0.000008976836
59 3.41346547 0.07094725  0.55110625 -1.891775123967  1.507943687978 -1.883081541102  1.501014039389  0.000000060613  0.000000103744
60 0.00081932 0.07098343  0.00000003  0.000000402747 -0.000001533583  0.000000544116 -0.000001033315 -0.000614705782 -0.000541686052
61 1.39243726 0.07106309  0.09185527  0.974330160507  0.128559544686 -0.977948688984 -0.129039043516 -0.000013190917 -0.000001456944
62 1.55369114 0.07108429  0.11439623 -0.714991915094  0.834912328274 -0.714215499138  0.834002596018  0.000000115729 -0.000000053843
63 0.00009642 0.07114605  0.00000000  0.000000214922 -0.000000374479  0.000000099648 -0.000000301964  0.000063254750  0.000072775521
64 0.33591262 0.07123539  0.00535867  0.000000773812  0.000000439927  0.000000007468 -0.000000429427  0.260329435812  0.212287234479
65 0.40196065 0.07123552  0.00767313 -0.000000888166  0.000001116162  0.000000222726 -0.000001061455 -0.306345001860 -0.260240467530
66 0.96873770 0.07123726  0.04456853 -0.609767311794  0.272289864676  0.640794840110 -0.286141141765  0.000009738089 -0.000003738820
67 0.45004187 0.07123806  0.00961893  0.258154134334 -0.239096789183  0.205859915716 -0.190652952789 -0.000001378522  0.000000557192
68 0.00140689 0.07124378  0.00000009 -0.000001027742  0.000000293457  0.000000319674 -0.000000980575  0.001092504949  0.000886435339
69 0.29560377 0.07125799  0.00415109 -0.000000025521 -0.000000078960 -0.000000115246 -0.000000010347 -0.231010870602 -0.184433100705
70 0.00425236 0.07126896  0.00000086 -0.000000065280 -0.000000019365 -0.000000066328  0.000000014598  0.003160845990  0.002844579342
71 0.35056378 0.07128108  0.00584006  0.054172855584 -0.241972404934  0.054139536609 -0.241823342639 -0.000000118693  0.000000184728
72 0.01449765 0.07130094  0.00000999 -0.000000158207 -0.000000017323  0.000000247693 -0.000000338985  0.011124594258  0.009296524623
73 0.15413138 0.07130264  0.00112927 -0.098071222484  0.039286826879  0.104179535274 -0.041733520240  0.000001180337 -0.000000537534
74 0.29872455 0.07131303  0.00424248 -0.157872025441  0.137194715455 -0.160988917820  0.139903398740  0.000000049166  0.000000000612
75 0.16356465 0.07131823  0.00127200 -0.068351184455  0.094664576237  0.067052496419 -0.092865977799 -0.000001840383  0.000002636306
76 0.00415726 0.07131836  0.00000082 -0.000001930841 -0.000000365265  0.000001658706  0.000000198203 -0.003138750460 -0.002725991193
77 0.00036169 0.07132215  0.00000001 -0.000000047299  0.000000069945 -0.000000040068 -0.000000087504  0.000280372674  0.000228502553
78 0.05226050 0.07132618  0.00012987 -0.000000103217  0.000000039745 -0.000000015121 -0.000000026474  0.040030443428  0.033596480717
79 0.13308101 0.07134929  0.00084242  0.073954650317 -0.064213940782 -0.068032173541  0.059071637621 -0.000009176738  0.000008033651
80 0.43760476 0.07136323  0.00911061 -0.220535202102  0.220002128015 -0.217588805382  0.217062959120  0.000000035179 -0.000000045470
81 0.31512112 0.07137209  0.00472490 -0.188953561091  0.183034781456 -0.124606916627  0.120703181412  0.000002368206  0.000000344796
82 0.37058009 0.07137265  0.00653439 -0.189374481848  0.113224909805 -0.255544381287  0.152787762472  0.000001013467  0.000001927146
83 1.00464859 0.07137446  0.04802639  0.000000855395 -0.000000710659  0.000001018885 -0.000000573494  0.772341282459  0.642501151431
84 0.00645103 0.07138517  0.00000198 -0.003369127225  0.003107602296 -0.003336360188  0.003078356208 -0.000000036108 -0.000001361989
85 0.00313772 0.07139541  0.00000047  0.000000167764 -0.000000022594  0.000000086349 -0.000000090525 -0.003106708826 -0.000440032299
86 0.25850576 0.07140418  0.00318107 -0.156792079791  0.093746007325  0.156982503410 -0.093859733089 -0.000000123216  0.000000046149
87 0.10043532 0.07142049  0.00048029 -0.055863632247  0.043691709032 -0.056017960354  0.043812450013  0.000000103491  0.000000187823
88 0.02362497 0.07142091  0.00002658  0.000000083028 -0.000000037683  0.000000127682 -0.000000014044  0.018404654482  0.014812420783
89 0.11241621 0.07142139  0.00060172  0.000000135968  0.000000129687  0.000000102112  0.000000098412 -0.086826022556 -0.071404806035
90 0.78646813 0.07145388  0.02946435 -0.000000046550  0.000000103336 -0.000000035607  0.000000169214 -0.603730278674 -0.504025657229
91 0.00860287 0.07149635  0.00000353  0.004793982379 -0.004380223743  0.004165376118 -0.003806619665  0.000000207576  0.000000243873
92 0.41865946 0.07150487  0.00835538  0.000000615500 -0.000000702963 -0.000000158460  0.000000260065  0.319593099933  0.270436676085
93 0.40992778 0.07151124  0.00801120 -0.282914353522  0.049845712388  0.287994595879 -0.050742198062  0.000001930328  0.000000220819
94 0.00155985 0.07151353  0.00000012  0.000001204040 -0.000004695243 -0.000000371291 -0.000003503117  0.001210884242  0.000983294882
95 0.67981824 0.07151405  0.02203361 -0.400523132654  0.269391846049 -0.397218249815  0.267169902829  0.000000816234 -0.000000112562
96 0.00410322 0.07153127  0.00000080  0.000228344996  0.000953385395  0.000928512450  0.003870140643  0.000044161689  0.000182252669
97 0.00251471 0.07154650  0.00000030 -0.000000154603 -0.000000012112 -0.000000076552 -0.000000215408 -0.001938571021 -0.001601785132
98 0.09346592 0.07155502  0.00041673 -0.055530203130 -0.039259327483 -0.052354452359 -0.037013393796  0.000001274120  0.000000529919
99 0.21318320 0.07155763  0.00216806 -0.000000963927  0.000000924158  0.000001044609 -0.000000934413 -0.164245506743 -0.135906189102
100 0.49844345 0.07155953  0.01185245 -0.246259264401  0.250047834843  0.248360492550 -0.252181265174 -0.000000494518  0.000001497374
101 0.00645443 0.07156031  0.00000199 -0.000003993188  0.000006096913  0.000004564850 -0.000006817955  0.004972884794  0.004114603895
102 0.00032497 0.07165266  0.00000001  0.000000242922 -0.000000049196  0.000000052608  0.000000359323  0.000210847256  0.000247286725
103 0.00004874 0.07178781  0.00000000  0.000000307453 -0.000000058595  0.000000212348 -0.000000118079  0.000033258247  0.000035633318
104 0.00258283 0.07179680  0.00000032  0.000000080181  0.000000249205  0.000000032873 -0.000000045358  0.001990433532  0.001645965402
105 0.00104000 0.07180745  0.00000005  0.000121866145  0.000536419249 -0.000194023049 -0.000851813269 -0.000028006614 -0.000122442819
106 0.00210630 0.07182781  0.00000021 -0.001233858694  0.001110666764 -0.000963603990  0.000867164877 -0.000000576089  0.000000420867
107 0.00086606 0.07190094  0.00000004  0.000158829046  0.000690849462 -0.000074697731 -0.000324999945 -0.000082906865 -0.000359837082
108 0.36962331 0.07197730  0.00655576 -0.094890538594  0.242627660024 -0.095501460791  0.244189406523  0.000000002028  0.000000110071
109 0.00075397 0.07197957  0.00000003 -0.000000021482 -0.000000216524  0.000000058045  0.000000142475 -0.000503625641 -0.000561094722
110 0.31315186 0.07198165  0.00470588  0.085918318640 -0.204788245036 -0.085415002734  0.203588265639  0.000001917914 -0.000004639698
111 0.19265107 0.07199816  0.00178145  0.000000007033 -0.000000025002 -0.000000018432  0.000000051706  0.150018664675  0.120867010699
112 0.00017030 0.07205848  0.00000000 -0.000000094014 -0.000000041797  0.000000048927 -0.000000021908 -0.000123187147 -0.000117587834
113 0.34814668 0.07206459  0.00582311 -0.133196381045  0.208038069790  0.132280641034 -0.206607909665 -0.000001219358  0.000001690722
114 0.14387785 0.07206712  0.00099457 -0.000000001699  0.000000060987  0.000000003918 -0.000000100475  0.114048146773  0.087714625047
115 0.02148589 0.07207450  0.00002218  0.005195828046 -0.014454768866  0.005081928236 -0.014137910323  0.000000035387 -0.000000130199
116 0.00481475 0.07219220  0.00000112  0.002586736611 -0.002311744009  0.002489147865 -0.002224983979 -0.000000692011  0.000000405067
117 0.00146608 0.07225958  0.00000010  0.000000579239  0.000000149795 -0.000000186807 -0.000000909216 -0.001128183962 -0.000936260579
118 0.00055821 0.07229852  0.00000002  0.000002319862 -0.000002041893 -0.000001619556  0.000001570754 -0.000370194995 -0.000417779650
119 0.00001146 0.07230585  0.00000000  0.000000640767  0.000005022724  0.000002032975 -0.000000864368  0.000006926069  0.000007262150
120 1.51472421 0.07231316  0.11060970 -0.212005791097 -1.046644589196  0.213258866270  1.052852668869 -0.000002492411 -0.000013634683
121 1.74825380 0.07231558  0.14734981  0.902626152623 -0.848434580076  0.898868437904 -0.844897433083 -0.000000677931 -0.000001148096
122 1.05669170 0.07234339  0.05385229  0.000000574750 -0.000000955702  0.000001100426 -0.000001263805  0.814059236842  0.673724653650
123 0.00129395 0.07237696  0.00000008  0.000320983061  0.000970693723 -0.000243659197 -0.000733605710 -0.000055364834 -0.000168539418
124 0.00006238 0.07249818  0.00000000 -0.000000024737  0.000000016981 -0.000000017068 -0.000000210725 -0.000038892372 -0.000048769038
125 0.00123535 0.07251716  0.00000007  0.000000141630  0.000000152757 -0.000000005281  0.000000030559 -0.000952208258 -0.000787018458
126 0.00004438 0.07252553  0.00000000 -0.000000050638  0.000000012037 -0.000000166528 -0.000000011392 -0.000028961124 -0.000033625746
127 0.00024354 0.07253499  0.00000000 -0.000129529957  0.000117197911 -0.000125883553  0.000113799046  0.000001127964 -0.000001046653
128 0.00749857 0.07254263  0.00000272  0.000000062222 -0.000000051643 -0.000000126946 -0.000000075813 -0.005778101370 -0.004779339667
129 0.00163347 0.07259475  0.00000013 -0.000875373137  0.000798643250 -0.000830390484  0.000757902333 -0.000009074971  0.000008185525
130 0.00162049 0.07261478  0.00000013  0.000000068038 -0.000000051995 -0.000000116968 -0.000000077595 -0.001248635783 -0.001032911744
131 0.00037743 0.07261903  0.00000001  0.000000057595  0.000000102120  0.000000042950  0.000000098589  0.000242542272  0.000289180587
132 0.00222606 0.07263877  0.00000024  0.000360746832  0.001637764477 -0.000295147907 -0.001339383600 -0.000110146315 -0.000499743138
133 0.00165698 0.07265813  0.00000013  0.000969240535 -0.000881073220  0.000750986990 -0.000682558504  0.000000806467 -0.000000689845
134 0.01007834 0.07268937  0.00000492  0.001528416948  0.006347961202 -0.001565505547 -0.006503014158 -0.000882024547 -0.003663633156
135 0.00067535 0.07270203  0.00000002 -0.000030932606 -0.000107616102 -0.000082388632 -0.000286741923  0.000164336582  0.000572317567
136 0.00007180 0.07279503  0.00000000  0.000000092219 -0.000000016409  0.000000185562 -0.000000013334  0.000045263849  0.000055739988
137 0.00011390 0.07279595  0.00000000  0.000000011750  0.000000004460  0.000000034675  0.000000066174  0.000073099314  0.000087345771
138 0.00263246 0.07280370  0.00000034 -0.000635515638  0.001744264303  0.000638934553 -0.001753649128 -0.000000886253  0.000002300979
139 0.00256960 0.07280635  0.00000032 -0.001337181816  0.001272526507 -0.001294946703  0.001232296611  0.000000063126 -0.000000044057
140 0.03172594 0.07280655  0.00004885  0.000000059034  0.000000057098 -0.000000074617 -0.000000004704  0.024443491396  0.020225009141
141 0.02784674 0.07280689  0.00003764 -0.000000085976 -0.000000090656 -0.000000000300  0.000000032274 -0.021453823286 -0.017753152883
142 0.00023514 0.07282905  0.00000000 -0.000122779538  0.000113013987 -0.000121741730  0.000112165685 -0.000004574631  0.000004343825
143 0.00297604 0.07282961  0.00000043 -0.000000058024 -0.000000019569 -0.000000060054 -0.000000092519 -0.002291823689 -0.001898514889
144 0.00034727 0.07284024  0.00000001 -0.000000002772  0.000000051752  0.000000037715 -0.000000002633 -0.000215815277 -0.000272063105
145 0.00029193 0.07285971  0.00000000  0.000004827950 -0.000071345670 -0.000013610090  0.000201290612  0.000013381741 -0.000198063058
146 0.00002980 0.07287616  0.00000000  0.000000053671  0.000000056795  0.000000113777 -0.000000078393  0.000019757067  0.000022312956
147 0.00144836 0.07287734  0.00000010  0.000564355922 -0.000540842443  0.000880402913 -0.000843533943 -0.000006003266  0.000005677744
148 0.00033914 0.07289657  0.00000001  0.000000080172  0.000000007391  0.000000039905  0.000000046498 -0.000261326201 -0.000216158460
149 0.00047659 0.07294357  0.00000001 -0.000215894362  0.000394614667 -0.000075561924  0.000138070897  0.000002745906 -0.000005197464
150 0.00049018 0.07295306  0.00000001  0.000029191987  0.000117690335 -0.000031005900 -0.000125064976  0.000109924418  0.000443723470
151 0.00257627 0.07296592  0.00000032  0.000359989707  0.001728273673 -0.000367249134 -0.001762622909 -0.000107743588 -0.000517032268
152 0.00581958 0.07298869  0.00000165 -0.000000019015 -0.000000034763 -0.000000081597  0.000000002405 -0.004484392601 -0.003709142406
153 0.00006387 0.07300427  0.00000000  0.000000000930 -0.000000009405 -0.000000053698  0.000000030337  0.000041298410  0.000048725460
154 0.00144150 0.07306184  0.00000010 -0.000728156257  0.000655103255 -0.000786272793  0.000707332739  0.000000577254 -0.000000642311
155 0.00021708 0.07306671  0.00000000 -0.000000074647 -0.000000099510  0.000000039341  0.000000032400  0.000141973369  0.000164213363
156 0.00062660 0.07307747  0.00000002 -0.000050630867 -0.000206433044  0.000126700306  0.000517933578  0.000059567279  0.000244124108
157 0.00043843 0.07309776  0.00000001  0.000000069993  0.000000037254  0.000000007446 -0.000000047186 -0.000290520727 -0.000328352295
158 0.00049126 0.07310084  0.00000001 -0.000000018494  0.000000050188 -0.000000028126 -0.000000001395 -0.000378606359 -0.000313044498
159 0.00094120 0.07310127  0.00000004  0.000588351188 -0.000542490057  0.000364243711 -0.000335767476 -0.000000245502  0.000000263176
160 0.00049430 0.07310613  0.00000001 -0.000217737278  0.000178735490 -0.000313945912  0.000257700323  0.000002150302 -0.000001672726
161 0.00084437 0.07311228  0.00000003  0.000165927887  0.000618827574 -0.000137973526 -0.000514420255  0.000035476768  0.000132489844
162 0.00355309 0.07311805  0.00000062  0.000000017133 -0.000000030896 -0.000000036083 -0.000000057562  0.002730707911  0.002273254863
163 0.00037912 0.07312269  0.00000001 -0.000000050155  0.000000025850  0.000000038899  0.000000017825 -0.000249349127 -0.000285579138
164 0.00081948 0.07312903  0.00000003  0.000096006212  0.000392212133 -0.000153803941 -0.000628558550 -0.000071137571 -0.000291022390
165 0.00621379 0.07313399  0.00000188 -0.000000025428  0.000000031280  0.000000056189  0.000000031718  0.004788368205  0.003960136859
166 0.00098848 0.07314500  0.00000005 -0.000481625732  0.000341970007 -0.000646155968  0.000458967543  0.000002252811 -0.000001642709
167 0.00152023 0.07317063  0.00000011 -0.000300183062 -0.000967785198  0.000334844718  0.001078980520 -0.000026477206 -0.000085775255
168 0.00001383 0.07317088  0.00000000  0.000000017058  0.000000063494  0.000000096068 -0.000000063322  0.000003373596  0.000013410593
169 0.00023842 0.07317115  0.00000000  0.000000034862 -0.000000048345  0.000000081992  0.000000101629  0.000180451573  0.000155829559
170 0.00108363 0.07318222  0.00000006  0.000450087306 -0.000418456344  0.000653706087 -0.000607654346  0.000001021156 -0.000001131445
171 0.00101668 0.07322283  0.00000005  0.000248505277  0.000902311789 -0.000105215788 -0.000382015171  0.000007194432  0.000025585284
172 0.00373579 0.07322679  0.00000068 -0.002085870293  0.001941105215 -0.001768719317  0.001645908527  0.000000000050 -0.000000013510
173 0.00116910 0.07323664  0.00000007 -0.000000062655 -0.000000002499  0.000000018398 -0.000000108649 -0.000900554199 -0.000745522369
174 0.00139733 0.07325340  0.00000010 -0.000705203830  0.000663666487 -0.000733601023  0.000690365106 -0.000001384699  0.000001355042
175 0.00118553 0.07326763  0.00000007 -0.000121356422 -0.000601641016  0.000198525541  0.000984262630 -0.000028530271 -0.000140688971
176 0.00012313 0.07327995  0.00000000  0.000000142549 -0.000000082200 -0.000000002523 -0.000000007385  0.000081061112  0.000092678553
177 0.00188220 0.07328440  0.00000017  0.000000026218  0.000000126826  0.000000051485  0.000000016216 -0.001450598062 -0.001199347553
178 0.00074928 0.07330306  0.00000003  0.000108028080  0.000451628785 -0.000132349828 -0.000553650808 -0.000034452655 -0.000143374732
179 0.00099665 0.07330996  0.00000005  0.000000032685  0.000000019700  0.000000002872 -0.000000103942  0.000639958186  0.000764041558
180 0.00128245 0.07335732  0.00000008 -0.000000072091  0.000000014474  0.000000051387  0.000000112861 -0.000986249935 -0.000819743256
181 0.00042898 0.07335735  0.00000001  0.000000023408 -0.000000048791 -0.000000061567  0.000000074280  0.000174943826  0.000391688306
182 0.00246031 0.07337910  0.00000030 -0.000959161004  0.000858036288 -0.001562756118  0.001398110579 -0.000002469527  0.000002220159
183 0.00207368 0.07338343  0.00000021 -0.000332561561 -0.001442370782  0.000325824237  0.001413224687  0.000017099583  0.000073959364
184 0.00158557 0.07341439  0.00000012 -0.000000013904 -0.000000015394 -0.000000050627 -0.000000016093  0.001221193115  0.001011300939
185 0.00106990 0.07342610  0.00000006 -0.000162485977 -0.001015866379 -0.000046436602 -0.000290065177 -0.000000013927  0.000000012744
186 0.00164869 0.07343119  0.00000013 -0.000000037029 -0.000000000378 -0.000000044171  0.000000038730 -0.001050798613 -0.001270428814
187 0.00119383 0.07343596  0.00000007 -0.000819646088  0.000751478597 -0.000320135885  0.000293578702 -0.000001408798  0.000001284152
188 0.00003585 0.07356912  0.00000000 -0.000000076940  0.000000104833  0.000000014603  0.000000056524  0.000022205631  0.000028141061
189 0.00077450 0.07357393  0.00000003 -0.000000043303 -0.000000025369  0.000000066603 -0.000000094537 -0.000596432139 -0.000494084148
190 0.00122646 0.07357545  0.00000007  0.000898401706 -0.000834592026  0.000014812866 -0.000013810799 -0.000007952509  0.000007470235
191 0.00240687 0.07359179  0.00000028 -0.000004759026 -0.000811896532  0.000008991452  0.001511823599 -0.000009678965 -0.001687620149
192 0.00076273 0.07360173  0.00000003 -0.000559343862  0.000508178364  0.000075310523 -0.000068455751 -0.000012043695  0.000011675038
193 0.00094049 0.07360902  0.00000004  0.000122370776  0.000567245665 -0.000109626903 -0.000508063535  0.000111167952  0.000515050258
194 0.00080346 0.07361328  0.00000003 -0.000000071088 -0.000000015622 -0.000000080885 -0.000000124679 -0.000618667725 -0.000512638906
195 0.00320992 0.07362742  0.00000051 -0.000000171665 -0.000000000500 -0.000000044428 -0.000000094547  0.002153355310  0.002380471491
196 0.00049583 0.07363208  0.00000001  0.000332731608 -0.000316413726  0.000135325006 -0.000128715007  0.000008346266 -0.000008217794
197 0.00296732 0.07363770  0.00000043  0.000000088321 -0.000000083520 -0.000000423234  0.000000462417 -0.002311830879 -0.001860217386
198 0.00155607 0.07363805  0.00000012 -0.000258616919 -0.001339657207 -0.000115771730 -0.000599552509 -0.000081830802 -0.000424524693
199 0.00079767 0.07363886  0.00000003  0.000000034694  0.000000086867 -0.000000029166  0.000000081194 -0.000504148335 -0.000618148674
200 0.00004913 0.07364155  0.00000000  0.000000335456 -0.000000153351  0.000000173937  0.000000015545  0.000037747979  0.000031435825
201 0.00272985 0.07365415  0.00000037 -0.001077831100  0.000911446365 -0.001784298158  0.001508606285  0.000001869002 -0.000001559570
202 0.00021263 0.07366399  0.00000000 -0.000000066681  0.000000149135 -0.000000051006  0.000000122900 -0.000163975067 -0.000135369182
203 0.00263110 0.07367246  0.00000034 -0.000000079348 -0.000000008767 -0.000000037470 -0.000000006126  0.001602393073  0.002086863241
204 0.00040849 0.07370414  0.00000001  0.000000070711  0.000000012493 -0.000000086006  0.000000030827  0.000255840100  0.000318452292
205 0.00212416 0.07371532  0.00000022 -0.000197064272 -0.000791219585 -0.000474124478 -0.001903126655  0.000006688974  0.000021313146
206 0.00201701 0.07371596  0.00000020 -0.000558598897  0.000512357676 -0.001377550010  0.001263387587 -0.000003301229 -0.000000231254
207 0.00101752 0.07372879  0.00000005  0.000000178653  0.000000009446  0.000000136826  0.000000289185  0.000784529093  0.000647972477
208 0.00280457 0.07374589  0.00000039  0.000305199285  0.001327921912 -0.000548053836 -0.002382297913 -0.000045133942 -0.000176992919
209 2.74137837 0.07375444  0.36951736 -0.000000646478  0.000000979768 -0.000000062213  0.000001039392 -2.056360218617 -1.812881134523
210 0.00094796 0.07377074  0.00000004  0.000484998496 -0.000532145190 -0.000415195785  0.000455878710 -0.000002239779  0.000000591998
211 0.00348935 0.07377458  0.00000060  0.000000018870 -0.000000098835 -0.000000251216  0.000000026283 -0.002689597008 -0.002222976919
212 0.00090442 0.07379483  0.00000004 -0.000000524982 -0.000000140494 -0.000000680838  0.000000057873  0.000598646907  0.000677931576
213 0.00679672 0.07380843  0.00000227  0.000285616269  0.001156371041  0.001601415138  0.006470602478  0.000140274692  0.000568944412
214 0.00310502 0.07381231  0.00000047 -0.002285105253  0.002088164879 -0.000179760304  0.000163359583  0.000002376882 -0.000002920486
215 1.70163571 0.07382761  0.14251505  0.948800878453 -0.749198833194  0.939839231096 -0.742121499884 -0.000004816320  0.000000513233
216 0.01556078 0.07383372  0.00001192 -0.001517169690 -0.007142902033 -0.002856461782 -0.013436556426 -0.000070778217 -0.000331179302
217 0.00025950 0.07386673  0.00000000  0.000002727292 -0.000000831095 -0.000001258516  0.000000539012 -0.000132020433 -0.000223384392
218 0.00027755 0.07386863  0.00000000  0.000000279346  0.000000035091 -0.000000253101 -0.000000823762 -0.000213613840 -0.000177208252
219 1.89837189 0.07387536  0.17748880 -1.109131505390 -0.746201620564  1.118352365559  0.752405662876  0.000004290149  0.000002963093
220 0.00648254 0.07387985  0.00000207  0.001262732076  0.005210529326 -0.000857651086 -0.003541693456  0.000001621646  0.000007075612
221 0.00092478 0.07388148  0.00000004 -0.000002424557 -0.000002337700  0.000003087179  0.000002953822 -0.000611205806 -0.000693985631
222 0.00154677 0.07390581  0.00000012  0.000000453194  0.000000262540  0.000000056087  0.000000413594  0.001191922344  0.000985814514
223 0.00421107 0.07390746  0.00000087  0.000410913609  0.001335560554 -0.001167231713 -0.003794326788 -0.000042636535 -0.000139144857
224 0.00354381 0.07391136  0.00000062  0.001651200506 -0.001513482751 -0.002024378496  0.001855639571 -0.000001244751  0.000000929100
225 0.00232775 0.07392485  0.00000027  0.000102855169 -0.000095035519  0.001708679344 -0.001574551301 -0.000001483708  0.000001070922
226 0.00102487 0.07392520  0.00000005  0.000000399031 -0.000000101574 -0.000000031295  0.000000284180  0.000788345693  0.000654873851
227 0.00072937 0.07392568  0.00000003  0.000000278180  0.000000177015 -0.000000239545 -0.000000122913  0.000465233306  0.000561723223
228 0.00098930 0.07395142  0.00000005 -0.000000091651  0.000000236696 -0.000000034251  0.000000414732 -0.000762554431 -0.000630264208
229 0.00085370 0.07396566  0.00000004  0.000000181326  0.000000074691  0.000000293034  0.000000181992  0.000557129113  0.000646846373
230 0.00044604 0.07396887  0.00000001  0.000066799106 -0.000061141443 -0.000321768571  0.000295321493  0.000000360352  0.000000021220
231 0.00109689 0.07399657  0.00000006  0.000060074023  0.000242670864 -0.000255619543 -0.001034454501 -0.000017316893 -0.000070242340
232 0.00202479 0.07401990  0.00000020  0.000695117664 -0.000648817571  0.001306466895 -0.001220143549 -0.000003058778  0.000002739649
233 0.00118684 0.07402387  0.00000007 -0.000263088229 -0.001088315898  0.000055480902  0.000231871947  0.000073441952  0.000304470915
234 0.00018524 0.07402957  0.00000000 -0.000000022787 -0.000000252214  0.000000133597 -0.000000249653 -0.000142532018 -0.000118307664
235 0.00079626 0.07403244  0.00000003  0.000000314338 -0.000000018254  0.000000508864 -0.000000151885  0.000510249054  0.000611294637
236 1.40597064 0.07407359  0.09761682 -0.867582229737  0.485631863037 -0.867441179014  0.485553303948 -0.000000671447 -0.000000419557
237 0.00037905 0.07411958  0.00000001  0.000000176022 -0.000000109987  0.000000303261  0.000000170583  0.000238984980  0.000294218706
238 0.00044995 0.07411990  0.00000001  0.000098721241 -0.000091943147  0.000314281931 -0.000292365454 -0.000001197228  0.000001099610
239 0.00082871 0.07412388  0.00000003  0.000000159066 -0.000000529218 -0.000000459142 -0.000000840207  0.000638571722  0.000528187256
240 0.00689331 0.07412424  0.00000235 -0.001274279232 -0.004740712563  0.001256914040  0.004672550195  0.000021820412  0.000080918037
241 0.46582919 0.07415983  0.01072830  0.189011905775  0.270263722502 -0.188542031266 -0.269593683569  0.000001558986 -0.000000072917
242 0.00056343 0.07417570  0.00000002 -0.000001531983  0.000000808082  0.000000651505 -0.000001321219  0.000448205352  0.000341405820
243 0.00571423 0.07418144  0.00000161 -0.002107511868  0.001920215771 -0.003659648082  0.003336243711  0.000000966824 -0.000002494480
244 0.00170299 0.07418329  0.00000014  0.000469068967  0.001341186496 -0.000304855395 -0.000871297885 -0.000059153811 -0.000160582747
245 0.02593463 0.07418501  0.00003326 -0.000000011608 -0.000000229035 -0.000000435453  0.000000010786  0.019760978173  0.016796091460
246 0.67386308 0.07418692  0.02245843 -0.000000269733 -0.000000518437  0.000001136092 -0.000000809735 -0.652028028430 -0.170149646862
247 0.00350741 0.07420308  0.00000061 -0.000000056360 -0.000000346438 -0.000000012629 -0.000000140591  0.002302099232  0.002646178332
248 0.00749523 0.07425051  0.00000278  0.000000526928 -0.000000015241  0.000000649036 -0.000000222137 -0.005206555635 -0.005391676704
249 0.00371547 0.07425610  0.00000068  0.001749828172 -0.001597333999  0.002113802940 -0.001929545519 -0.000000150710 -0.000000145088
250 0.00075753 0.07429147  0.00000003  0.000000140835  0.000000085245  0.000000332226 -0.000000010629 -0.000435563788 -0.000619788337
251 0.00265233 0.07429345  0.00000035 -0.000000005875 -0.000000063861 -0.000000067910  0.000000118039 -0.002068712684 -0.001659906218
252 0.02660693 0.07433323  0.00003508 -0.004372260454 -0.018448515883  0.004302968817  0.018157548492 -0.000115849449 -0.000488681348
253 0.23119754 0.07433465  0.00264891 -0.039594103122 -0.161004591001  0.038477913529  0.156465908420  0.000013963456  0.000054313152
254 0.18060406 0.07438978  0.00161762  0.000000352485 -0.000000003216  0.000000133644  0.000000435736 -0.141293453268 -0.112489931903
255 0.01109385 0.07442364  0.00000611  0.000000155480  0.000000074923 -0.000000123251 -0.000000183686 -0.008549741913 -0.007069333295
256 0.00003834 0.07442493  0.00000000 -0.000000122483 -0.000000137431 -0.000000094239 -0.000000077154  0.000025507508  0.000028621697
257 0.00098686 0.07443532  0.00000005  0.000046172270  0.000183683548 -0.000236701699 -0.000936229042 -0.000015303339 -0.000072346846
258 0.92555427 0.07443742  0.04251125 -0.000000077311 -0.000000014297 -0.000000171306 -0.000000371888  0.710000586940  0.593759096801
259 0.00143505 0.07445319  0.00000010  0.000611749125 -0.000559974860  0.000863891515 -0.000790732638  0.000001171026 -0.000001546785
260 0.00332833 0.07445661  0.00000055  0.000000481242  0.000000138186 -0.000000128603 -0.000000155861 -0.002372281678 -0.002334533371
261 0.00048233 0.07446668  0.00000001 -0.000000287586 -0.000000320332 -0.000000167425 -0.000000109531 -0.000317427543 -0.000363154146
262 0.00019210 0.07446904  0.00000000 -0.000017456201  0.000016341493  0.000140685393 -0.000128602241  0.000000548094 -0.000000522605
263 0.13005407 0.07447675  0.00083980 -0.067891236353  0.061008871209 -0.068907972231  0.061922946579  0.000000489693  0.000000630657
264 0.00074535 0.07450181  0.00000003 -0.000000014036  0.000000124106  0.000000400721  0.000000443050 -0.000573800858 -0.000475707702
265 0.00645814 0.07451645  0.00000207  0.001113483373  0.004375980669 -0.001128827442 -0.004436698414 -0.000146903293 -0.000581735724
266 0.72147836 0.07454756  0.02586954  0.339694162733 -0.208358378395  0.512765941565 -0.314319544395 -0.000001815168  0.000000385770
267 0.73080544 0.07454779  0.02654282  0.094136580515  0.600485539260 -0.062732955111 -0.400869787242 -0.000000047298  0.000004814902
268 0.00026983 0.07455588  0.00000000 -0.000001456213  0.000001076796 -0.000000212476  0.000000980680 -0.000207963697 -0.000171916195
269 0.00303246 0.07457711  0.00000046 -0.001399628298  0.001123921240 -0.001904691392  0.001531385755 -0.000020129712  0.000015942285
270 0.00628354 0.07457938  0.00000196  0.000824830553  0.004004814261 -0.000958545908 -0.004654262501 -0.000085966328 -0.000419036124
271 0.00016637 0.07459094  0.00000000  0.000000047437 -0.000000819415 -0.000000052114 -0.000000261255 -0.000108009144 -0.000126533060
272 0.01793549 0.07461040  0.00001600  0.009371116573 -0.008611860848  0.009305620838 -0.008550161319  0.000000165917 -0.000000705615
273 0.00781114 0.07462882  0.00000304  0.000000773571 -0.000000564384 -0.000000679320  0.000001616159 -0.006239248031 -0.004699540401
274 0.72010354 0.07464391  0.02580435  0.420967319320 -0.294718986031  0.413246393662 -0.289316013679  0.000005582644  0.000006551110
275 0.75161683 0.07465156  0.02811517  0.038301414053 -0.523328703727 -0.039278485103  0.536698365093  0.000010421286  0.000013453706
276 2.08163247 0.07465512  0.21566340 -0.000000920617  0.000005607651 -0.000001667561 -0.000002931508  1.577465503725  1.358232791023
277 0.07660781 0.07465571  0.00029209  0.000002102181  0.000000621027 -0.000001113481  0.000001884096 -0.058995923315 -0.048869594995
278 0.00043467 0.07466856  0.00000001 -0.000000088239 -0.000000115537  0.000001197040  0.000000781872  0.000280185874  0.000332314000
279 0.00067533 0.07478085  0.00000002  0.000000146389  0.000000025092 -0.000000182554  0.000000083436 -0.000285141946 -0.000612185625
280 0.00284768 0.07479162  0.00000040  0.000000168487  0.000000207024  0.000000144500  0.000000164740  0.002192527753  0.001817162506
281 0.01122994 0.07479241  0.00000629  0.003798922218  0.006619722853 -0.003842075903 -0.006695352887 -0.001430976894 -0.002494388656
282 0.00028670 0.07479364  0.00000000  0.000042572810 -0.000042247648 -0.000199343859  0.000196954983 -0.000005796561  0.000006177768
283 0.01829729 0.07481470  0.00001670 -0.003010366036 -0.012472010163  0.002970754867  0.012308608554  0.000736448978  0.003050903567
284 0.00166190 0.07488154  0.00000014 -0.000000076537 -0.000000051237  0.000000142708  0.000000280122  0.001280294678  0.001059608620
285 0.00275433 0.07488339  0.00000038 -0.001108250873  0.001184807042 -0.001520343217  0.001625696282 -0.000000552308 -0.000000045465
286 0.00026853 0.07489635  0.00000000  0.000000213303  0.000000136378  0.000000144608 -0.000000133832  0.000171211104  0.000206864765
287 0.00512833 0.07491858  0.00000131 -0.000830142757 -0.003921418681  0.000656888198  0.003103083080 -0.000085631981 -0.000406344587
288 0.00381525 0.07500266  0.00000073  0.000000479081  0.000001380920  0.000007379871 -0.000002810740 -0.002502373685 -0.002879970478
289 0.99334558 0.07501145  0.04934430 -0.553171013388  0.436910419218  0.549227643074 -0.433815103536  0.000006699634 -0.000005039958
290 0.91075824 0.07501256  0.04148098 -0.245276077666  0.595764603208 -0.245051530965  0.595260031558 -0.000008219597 -0.000006785150
291 0.02072019 0.07501987  0.00002147  0.000000426108 -0.000000046969 -0.000005632349  0.000005154849  0.013437900478  0.015771775133
292 2.75376318 0.07502516  0.37928780 -0.000000028836  0.000002160569 -0.000000312360  0.000000099533  2.121418196788  1.755789415303
293 0.83083887 0.07506199  0.03454319 -0.000004411849  0.000004965711 -0.000004066689  0.000004176931  0.568443958679  0.605941158779
294 2.15609584 0.07507263  0.23266255 -1.137827698906  1.015388406262 -1.137196113035  1.014824506561 -0.000000351548 -0.000000271300
295 0.00770351 0.07508929  0.00000297 -0.000001786202 -0.000002465564 -0.000000387538  0.000000684749  0.006749869831  0.003712595600
296 0.13475642 0.07511359  0.00090934 -0.000017077932 -0.000004362464  0.000016301185  0.000006578313 -0.104142809582 -0.085519403851
297 0.89732473 0.07511430  0.04032094  0.168428737021  0.609218224902 -0.169723682175 -0.613897760976  0.000000731985  0.000000960912
298 1.83821503 0.07512085  0.16922397 -0.973526118417 -0.859733770406  0.975037554913  0.861069686585  0.000003600589  0.000002474176
299 1.01406197 0.07516882  0.05153182 -0.533219097095  0.480593813204 -0.532046301658  0.479536641528  0.000000576236  0.000000622753
300 0.00040329 0.07520698  0.00000001 -0.000000759370  0.000000934846 -0.000001394260  0.000001012895 -0.000353019226 -0.000194982269
301 0.00490224 0.07520741  0.00000120  0.000280132091  0.001500643435 -0.000085215644 -0.000457372406  0.000850452192  0.004556520702
302 0.00013469 0.07521203  0.00000000  0.000000705728 -0.000000773977 -0.000000216286 -0.000000659246 -0.000084553223 -0.000104840868
303 0.00087371 0.07521466  0.00000004 -0.000000565227 -0.000000456226 -0.000000067903 -0.000000824924  0.000672763335  0.000557463645
304 0.03675869 0.07521927  0.00006776 -0.017387815441  0.015531017821 -0.021192500514  0.018934912600  0.000000764332 -0.000001349354
305 0.90906239 0.07522016  0.04144101  0.560129644751  0.112723891033  0.693169495674  0.139494060190 -0.000004424227  0.000000658778
306 0.60293547 0.07522150  0.01823024 -0.512898951245 -0.098256673099  0.295968061330  0.056695450920 -0.000000264615 -0.000000988189
307 0.19042236 0.07523062  0.00181861 -0.000000396162  0.000000954830 -0.000000704744  0.000000904804  0.154762187230  0.110947459788
308 0.03901655 0.07524704  0.00007637  0.000000195197 -0.000000157590  0.000000103417 -0.000000469873 -0.029302112331 -0.025761932369
309 0.45321429 0.07526339  0.01030623  0.152042193161  0.279795472697 -0.153979893040 -0.283356748088  0.000001487605 -0.000006099263
310 1.33121192 0.07526441  0.08891864  0.000002005440  0.000004485943 -0.000004220850 -0.000003878136 -1.019541955210 -0.855955240973
311 0.61217931 0.07526911  0.01880541  0.229830117510 -0.371658377414  0.225490572916 -0.364644586941 -0.000003394668  0.000000318502
312 0.01023098 0.07527047  0.00000525  0.000005543801 -0.000004327216  0.000005033470 -0.000003292135 -0.008234496307 -0.006071728852
313 0.12309250 0.07529876  0.00076061 -0.084652231751  0.012169899436  0.087629964351 -0.012595493449  0.000010576797 -0.000002015821
314 0.21823317 0.07530080  0.00239084  0.090342457198 -0.120934732543  0.094323043340 -0.126261275105 -0.000023120244 -0.000024528864
315 0.27808560 0.07530084  0.00388209  0.000012946026  0.000012527110  0.000014431859  0.000011945649 -0.211279168722  0.180811270285
316 0.58207848 0.07531893  0.01701281  0.000000041569  0.000000121328  0.000000165665 -0.000000477765  0.452153522886  0.366568607229
317 0.18430648 0.07533503  0.00170603  0.070143310031 -0.115070810526  0.065440298679 -0.107354872638  0.000000428726  0.000000750996
318 0.12386507 0.07534455  0.00077065  0.081624844328  0.029775448655 -0.082934403438 -0.030253075050 -0.000004341651 -0.000001240912
319 0.00181371 0.07535235  0.00000017  0.000000255260 -0.000000243253 -0.000000177122  0.000000164286  0.001394544556  0.001159645655
320 0.17719439 0.07540353  0.00157834  0.049176103491 -0.110728673687 -0.052481158442  0.118171282701 -0.000001039924  0.000002878048
321 0.36526401 0.07543081  0.00670921 -0.000001019414 -0.000000798931 -0.000001551424 -0.000000943379 -0.283931478149 -0.229784060202
322 0.11456544 0.07543209  0.00066004 -0.041136100262  0.070485061246 -0.040527923021  0.069443538250  0.000004090692 -0.000007185559
323 0.00366204 0.07544321  0.00000067 -0.000000295789 -0.000000515302 -0.000000523076  0.000000566828 -0.003052581865 -0.002022946288
324 0.30858387 0.07545737  0.00479024 -0.219946034294  0.037438056871 -0.210158203200  0.035772485328  0.000000126085  0.000000423149
325 0.02269343 0.07546454  0.00002591  0.000000547472 -0.000000722761 -0.000000553897  0.000000445037  0.018228390929  0.013517309490
326 1.54428759 0.07547170  0.11999116 -0.000000654983  0.000000567406 -0.000000144924  0.000000563696 -1.185463017638 -0.989697733502
327 0.43597848 0.07547411  0.00956394  0.173189047768 -0.245139061656 -0.182457680361  0.258261152812 -0.000002249088  0.000005285157
328 0.57487331 0.07549311  0.01663261 -0.000002232731 -0.000001652923  0.000000685517 -0.000001300549 -0.429236662324 -0.382407124166
329 0.00213568 0.07549815  0.00000023 -0.000004725637  0.000005044496 -0.000000922703  0.000004756498 -0.001626983699 -0.001383464152
330 1.36137695 0.07550118  0.09328660  0.462677621838 -0.834713465628  0.470666428174 -0.849119050049  0.000000940453  0.000000210982
331 1.23636260 0.07550613  0.07694540 -0.198806466578  0.867257774687  0.191816120912 -0.836743088338 -0.000002234372  0.000005863434
332 1.30745879 0.07551887  0.08606374  0.404334248204 -0.816683884706  0.415982889062 -0.840207096420 -0.000002067752 -0.000001527788
333 1.29630351 0.07552678  0.08461028 -0.554860896250 -0.738356239866  0.546444476880  0.727159308570 -0.000001865197 -0.000000220043
334 1.85633927 0.07552916  0.17351542  0.000000554664  0.000001611970 -0.000000094395  0.000001342462 -1.447245255065 -1.162530283637
335 0.14700915 0.07553272  0.00108826 -0.000000931949 -0.000001778826  0.000003301932  0.000002388329 -0.108064163974 -0.099668580725
336 0.01913946 0.07553773  0.00001845  0.000001184297 -0.000000907391 -0.000001636097 -0.000001678708  0.013909485340  0.013147062723
337 0.07982167 0.07556330  0.00032097 -0.000001191722  0.000000958463 -0.000001011074 -0.000000467607 -0.061866808722 -0.050438056658
338 1.50068688 0.07556398  0.11344980  0.000002037854 -0.000003264622  0.000001891338 -0.000003163893  1.152042349232  0.961696173729
339 0.67635706 0.07556623  0.02304563 -0.350903532921  0.320769467453 -0.355075196998  0.324583015135  0.000004336633  0.000010519277
340 1.01447590 0.07557732  0.05185417  0.108103197048  0.709805622292 -0.107907344381 -0.708524543952  0.000000095331 -0.000002052476
341 1.67638228 0.07560152  0.14163982 -0.858143400734  0.790576223581 -0.885264950682  0.815562790479 -0.000001019641 -0.000001160810
342 0.54110686 0.07561354  0.01475959 -0.311695722162  0.215686438980  0.317548169198 -0.219738330049  0.000001662946  0.000000055933
343 0.09304058 0.07561404  0.00043637 -0.000001988116 -0.000001683478  0.000002794127  0.000003849008  0.063051136565  0.068418598030
344 3.17869453 0.07562601  0.50942180 -0.000026826317  0.000004637047 -0.000026061894  0.000000729860 -2.533479351132 -1.919786790685
345 1.75631000 0.07562646  0.15551951 -0.860416235812  0.991271969067 -0.764914962116  0.881245535790  0.000068187692 -0.000007458163
346 2.35121436 0.07563195  0.27873949 -0.949463919556 -1.322664752131  0.989170939574  1.377978975264  0.000003238855  0.000006895974
347 0.04737666 0.07564169  0.00011319  0.000001729398 -0.000002408256 -0.000001125671  0.000000392592 -0.037022644304 -0.029561317169
348 0.01070331 0.07565030  0.00000578 -0.000000778227 -0.000001053843 -0.000000510576  0.000000142245 -0.007760986395 -0.007370744416
349 0.43764605 0.07565391  0.00966020 -0.000003786695 -0.000004884183  0.000003120378  0.000004570541  0.340576562834  0.274848442767
350 1.58875769 0.07565700  0.12731313 -0.835030171466 -0.745055159228  0.841468611204  0.750798901616  0.000000649082 -0.000003251689
351 0.36282917 0.07565840  0.00664003 -0.000010460089  0.000002880769  0.000010860315 -0.000002692559  0.278100638001  0.233034417820
352 0.22352118 0.07567184  0.00252046  0.074247130303 -0.173466037677 -0.047149974230  0.110161215685  0.000000002702 -0.000004809706
353 1.80289470 0.07567746  0.16398948 -1.146504622343  0.540240434213 -1.159902504321  0.546555502045  0.000000414552  0.000000466830
354 1.95815493 0.07568522  0.19347013 -0.000001040261  0.000000014437 -0.000000510735  0.000000744027  1.575874919711  1.162320509540
355 1.47151484 0.07569835  0.10927591 -0.766242432616  0.706184338017 -0.764020058344  0.704134572721 -0.000000374738 -0.000000159520
356 0.00714566 0.07574075  0.00000258 -0.000000075155 -0.000000215666  0.000000192364  0.000000000812  0.005414561788  0.004662940327
357 0.03486950 0.07574951  0.00006140 -0.000000852438  0.000001089684 -0.000000235950  0.000000318309  0.028809342792  0.019644429476
358 1.13264238 0.07576601  0.06479907 -0.768778142566 -0.228596973862 -0.766579949538 -0.227941935345 -0.000000619628 -0.000000425350
359 0.33626818 0.07577057  0.00571190 -0.227560094494  0.064674583123  0.229871893200 -0.065336096833 -0.000005562093  0.000001283413
360 0.33614705 0.07578489  0.00570887 -0.000000506994 -0.000000215401 -0.000000841601  0.000000266974  0.258288667470  0.215132060986
361 0.00234168 0.07580062  0.00000028  0.000000223640 -0.000000474940  0.000000436929 -0.000000120569 -0.002005379544 -0.001209098711
362 0.23312469 0.07582258  0.00274716 -0.132421632740  0.118389951800  0.112556128393 -0.100630852874 -0.000002240427  0.000002645303
363 0.08270913 0.07582533  0.00034580 -0.006384084249  0.052264395694 -0.007732612576  0.063314162849  0.000000245834 -0.000000291358
364 0.00342321 0.07582841  0.00000059  0.000000315947  0.000000041276  0.000000578806  0.000000542696 -0.002504616864 -0.002333511693
365 0.09485004 0.07584520  0.00045490 -0.000000021400 -0.000001147176  0.000000536329  0.000002249519  0.072265651004  0.061434572539
366 0.12019290 0.07584888  0.00073049 -0.082807291269  0.037001365705 -0.072005699747  0.032177071855  0.000000436251 -0.000000078552
367 1.51882444 0.07586056  0.11666483  1.029917134602  0.296579484200 -1.034144972952 -0.297797169267  0.000005747452  0.000001148478
368 0.82671350 0.07586732  0.03456794  0.435790897630 -0.392870451940 -0.432573324282  0.389967474255 -0.000006153475  0.000005517556
369 1.42077663 0.07588024  0.10211489  0.919858975809  0.395226476422  0.926222675472  0.397961395590  0.000000351872 -0.000000431070
370 0.00246565 0.07588322  0.00000031 -0.000002800938 -0.000000226308 -0.000001019609  0.000000070720  0.002079461324  0.001324860491
371 0.01992311 0.07593191  0.00002009 -0.000000190502 -0.000000028440 -0.000000300461 -0.000000059785  0.015509293436  0.012505687858
372 0.06619284 0.07594122  0.00022182  0.036527267245 -0.027249296824  0.038479304111 -0.028706624276 -0.000000797862  0.000001496883
373 0.00398460 0.07594922  0.00000080 -0.000000052355  0.000000097365  0.000000112977  0.000000116458 -0.002920056757 -0.002711144110
374 2.99990147 0.07595829  0.45571978 -0.000000138116  0.000000001296  0.000000139491  0.000000325811 -2.314744105694 -1.908237029925
375 0.16465025 0.07596809  0.00137298 -0.087714756160  0.071595521534  0.092607190182 -0.075589778401  0.000006082730 -0.000007770373
376 0.02516764 0.07597271  0.00003208 -0.000000961928 -0.000000749466  0.000000373566 -0.000001878421  0.020169785126  0.015052907740
377 1.24545114 0.07598569  0.07857673  0.000045264442  0.000151444280  0.000044238238  0.000147304717  0.952357591177  0.802597976906
378 1.11831481 0.07598576  0.06335328 -0.541831008628  0.578989673271 -0.538810179326  0.575761801416  0.000042304634 -0.000241537495
379 1.28323445 0.07599874  0.08343094  0.877961816802 -0.221275583930 -0.881772104715  0.222235862561  0.000003240451  0.000000631104
380 0.00096519 0.07610227  0.00000005 -0.000000035368 -0.000000029409  0.000000131394 -0.000000204577  0.000658288556  0.000705865700
381 0.26765227 0.07610937  0.00363487  0.175909901009 -0.069953564396  0.175816606890 -0.069917534979 -0.000000223182  0.000000380199
382 0.11061586 0.07611054  0.00062085 -0.001035139016 -0.077555071667  0.001054463882  0.078859981561 -0.000001113321 -0.000001301644
383 0.07284277 0.07611090  0.00026923 -0.000000199290  0.000000503099 -0.000001906349  0.000001689189  0.056523439341  0.045947466446
384 0.00041330 0.07617169  0.00000001 -0.000000169807  0.000000362710  0.000000029857 -0.000000200574  0.000344064566  0.000228988249
385 0.04160163 0.07617338  0.00008789 -0.001740965935  0.000212797929 -0.041260404589  0.005019774049 -0.000000184370  0.000000213358
386 0.07201831 0.07617351  0.00026339 -0.001893057105 -0.056568413359  0.001488612672  0.044506767488 -0.000000075543 -0.000000748104
387 0.13910440 0.07618051  0.00098273  0.000000070248  0.000000123961 -0.000000082988  0.000000198868 -0.107033475756 -0.088847447916
388 0.22147999 0.07618401  0.00249139  0.000000209296 -0.000000019436  0.000000047254  0.000000140726  0.169556868932  0.142491588464
389 0.00036104 0.07618438  0.00000001 -0.000000271891  0.000000199157  0.000000124389 -0.000000133653 -0.000142152085  0.000331874087
390 0.06413613 0.07623101  0.00020905  0.031881236476  0.032781031490 -0.031354048809 -0.032239061160  0.000000385374  0.000000153190
391 0.00158500 0.07623452  0.00000013 -0.000000059945 -0.000000328085  0.000000169132 -0.000000167131  0.001313024660  0.000887803546
392 0.00684190 0.07624221  0.00000238  0.001992268398 -0.001665143686  0.004856990336 -0.004059483817 -0.000000239278  0.000000102200
393 0.04575309 0.07624989  0.00010641  0.000000007905  0.000000145052 -0.000000040080 -0.000000092589  0.035127188250  0.029315962929
394 0.01972272 0.07625346  0.00001977 -0.013598534842 -0.005373065653 -0.012310054120 -0.004863980783 -0.000000066318 -0.000000083415
395 0.11030052 0.07625503  0.00061849 -0.072749897720  0.032313506614  0.069777566661 -0.030993317616  0.000001631285 -0.000000805424
396 0.03519612 0.07628219  0.00006300 -0.004578704503 -0.020821124213  0.006014915119  0.027351481614 -0.000000785865 -0.000003913922
397 0.00084895 0.07628308  0.00000004 -0.000000103767  0.000000365354 -0.000000189355 -0.000000543161 -0.000552462721 -0.000644586994
398 0.13381991 0.07629554  0.00091086 -0.079284897823  0.053320154322 -0.077747888806  0.052286711607 -0.000000000657  0.000000018544
399 0.01369311 0.07630038  0.00000954  0.000061628811 -0.000370902548 -0.002247739378  0.013502132893 -0.000000139940  0.000001548666
400 0.16376001 0.07630445  0.00136419  0.000000008343 -0.000000113478  0.000000009001 -0.000000421370  0.125456216645  0.105252453728
401 0.30871304 0.07631396  0.00484867  0.094158059770 -0.198251146363  0.093141302546 -0.196110127440  0.000000132952  0.000000378500
402 0.00650099 0.07631546  0.00000215 -0.000000027604  0.000001266803 -0.000000110208  0.000001244730  0.005253049923  0.003829923665
403 0.42268004 0.07632530  0.00909077 -0.000000869545  0.000001170095 -0.000000809504  0.000001272984 -0.320711043117 -0.275323160363
404 0.38254040 0.07632744  0.00744636  0.137742389478 -0.228119936159  0.141864396502 -0.234946754885 -0.000001805378 -0.000002035633
405 0.10885183 0.07633188  0.00060296  0.007167175424 -0.086884229009 -0.005358874431  0.064959719224  0.000000142582  0.000004345790
406 0.32739694 0.07635015  0.00545592  0.000000053946 -0.000000306191  0.000000129930 -0.000000025187  0.251804524668  0.209244451591
407 0.10020428 0.07635124  0.00051109  0.000000119996  0.000000191821 -0.000000086011  0.000000083598 -0.074191587046 -0.067353588650
408 0.15020416 0.07639311  0.00114902  0.081214514434 -0.070898499731  0.078790275511 -0.068782169465 -0.000000410776 -0.000000849133
409 0.21061940 0.07639352  0.00225924  0.000000016889  0.000000570451 -0.000000154337  0.000000537195 -0.162036054156 -0.134554252647
410 0.01430878 0.07639542  0.00001043 -0.000000167057 -0.000000425838  0.000000017456 -0.000000292167 -0.011924494193 -0.007908711885
411 0.25843688 0.07640698  0.00340213  0.030626761000 -0.177823302095 -0.031403091367  0.182330307667 -0.000000200827  0.000001547505
412 0.00034780 0.07647295  0.00000001 -0.000000789238  0.000000030676 -0.000000003533  0.000000061640 -0.000226180778 -0.000264211554
413 0.08218470 0.07648683  0.00034441  0.049805496953 -0.028784017074 -0.050819449893  0.029370083676 -0.000000708058  0.000000533186
414 0.00112987 0.07649037  0.00000007 -0.000000010238 -0.000000032380 -0.000000133792  0.000000099803  0.000812207829  0.000785446278
415 0.07652031 0.07650886  0.00029866  0.042690867714 -0.034648629560  0.041322340030 -0.033537803761 -0.000000105935  0.000000025482
416 0.00158286 0.07653276  0.00000013 -0.000651485570  0.000603878916 -0.000960975248  0.000890422080 -0.000002448128  0.000002311254
417 0.06535025 0.07654858  0.00021794 -0.000000040553 -0.000000100839 -0.000000213435 -0.000000019859 -0.050420305020 -0.041574610667
418 0.00169078 0.07655979  0.00000015 -0.000000058674  0.000000054724  0.000000106922  0.000000359783  0.001302956140  0.001077516217
419 0.00012016 0.07658387  0.00000000 -0.000000242006  0.000000105638 -0.000000226769 -0.000000159550  0.000108977531  0.000050628935
420 0.08138877 0.07661433  0.00033834 -0.052772798054  0.039309038501 -0.038412876915  0.028607922908  0.000000225923  0.000000287571
421 0.08818930 0.07661485  0.00039724 -0.002085030378 -0.055136516826  0.002594559409  0.068747639073 -0.000000173477 -0.000003990529
422 0.00181261 0.07663412  0.00000017 -0.000000167121 -0.000000011218  0.000000142044 -0.000000224791 -0.001397768124 -0.001154029776
423 0.00140249 0.07668650  0.00000010  0.000000003876 -0.000000335916  0.000000203313 -0.000000354178  0.001079363517  0.000895520738
424 0.00208256 0.07668784  0.00000022  0.000351230989  0.001375108326 -0.000270286572 -0.001059215575 -0.000262695260 -0.001028970026
425 0.01272771 0.07671053  0.00000828  0.001700940406  0.009736431615  0.001380157007  0.007899268079 -0.000000679614 -0.000002570382
426 0.06101670 0.07671767  0.00019042  0.004036346942 -0.042139161004 -0.004189974094  0.043743346950  0.000000401927 -0.000002821105
427 0.00163220 0.07672000  0.00000014  0.000000289046 -0.000000148675 -0.000000038385  0.000000259538 -0.001316051432 -0.000965438548
428 0.05596284 0.07672672  0.00016020 -0.000000147201  0.000000029641 -0.000000048822 -0.000000063942  0.042695913526  0.036178705983
429 0.00019540 0.07674926  0.00000000 -0.000000051834  0.000000198140 -0.000000144226 -0.000000152202 -0.000126908629 -0.000148577121
430 0.00183594 0.07676589  0.00000017  0.001172557969 -0.001073966153  0.000676564711 -0.000619426763 -0.000022748983  0.000020642953
431 0.00423759 0.07677627  0.00000092  0.000569079278  0.002267726136 -0.000658154613 -0.002622961126 -0.000553895311 -0.002206990921
432 0.00019962 0.07680489  0.00000000  0.000000085571  0.000000116808 -0.000000093988  0.000000001939 -0.000149718070 -0.000132034410
433 0.15998523 0.07681239  0.00131069  0.084194684744 -0.074186789474  0.085555630502 -0.075386225215  0.000000327446 -0.000000404980
434 0.03950171 0.07681530  0.00007991  0.000000572224 -0.000000797244  0.000000327450 -0.000000546928  0.030377400094  0.025250716472
435 0.07264469 0.07681698  0.00027025 -0.001624537827  0.051360917370  0.001623007091 -0.051322838688  0.000000282379 -0.000005961223
436 0.00147199 0.07691204  0.00000011  0.000010432384 -0.000002670323  0.000010581056 -0.000002881815 -0.000864588494 -0.001191226107
437 0.44377866 0.07691243  0.01009806 -0.232122389365  0.205441093187 -0.237809466964  0.210474022316 -0.000000190834  0.000000372556
438 0.48495857 0.07693944  0.01206333 -0.062882336619 -0.341049565097  0.061466811766  0.333373143522 -0.000002168874 -0.000012309903
439 0.12377751 0.07695119  0.00078597 -0.000000128686  0.000000061271 -0.000000005616  0.000000567191 -0.095362065887 -0.078911012675
440 0.00131754 0.07696833  0.00000009  0.000000191698 -0.000000058827  0.000000044876  0.000000276099 -0.001165415630 -0.000614587347
441 0.18621100 0.07699274  0.00177979 -0.098710811064  0.089988883951 -0.095878862660  0.087406849648 -0.000000217942  0.000000315634
442 0.10141012 0.07699870  0.00052790  0.016225020455  0.065783218834 -0.018068010194 -0.073258968665 -0.000000299556 -0.000000522889
443 0.04478383 0.07700633  0.00010296 -0.000000276004  0.000000379546 -0.000000088491 -0.000000089178  0.034422883873  0.028647103319
444 0.07706354 0.07701948  0.00030493  0.010427613379  0.054967319276 -0.009877315356 -0.052068091896  0.000002890289  0.000015612462
445 0.00016986 0.07702455  0.00000000 -0.000000134964  0.000000096446 -0.000000252301 -0.000000302506  0.000108909588  0.000130346151
446 0.00427656 0.07702718  0.00000094 -0.000000009195  0.000000205820 -0.000000037287 -0.000000251835 -0.002814911010 -0.003219513627
447 0.09313879 0.07702932  0.00044548 -0.000000075554  0.000000175845 -0.000000124997  0.000000236094 -0.071930992010 -0.059167283237
448 0.00243912 0.07703633  0.00000031  0.000327834676  0.001555113181 -0.000381430478 -0.001810121180 -0.000007382860 -0.000037272968
449 0.00338743 0.07703661  0.00000059  0.001509665026 -0.001781374181  0.001586903353 -0.001871910969  0.000000361190 -0.000001129027
450 0.00022202 0.07704096  0.00000000  0.000037983402 -0.000034087395  0.000160875174 -0.000144042393 -0.000005353805  0.000005550461
451 0.00348265 0.07704920  0.00000062  0.000001882098  0.000001803870 -0.000001481393 -0.000001902406 -0.002682962030 -0.002220491119
452 0.12432072 0.07705032  0.00079391  0.033943670703  0.080246018051 -0.034547346236 -0.081673284112  0.000003912831  0.000009614355
453 0.34016035 0.07706761  0.00594495 -0.000000126342  0.000000041892  0.000000330202 -0.000000187034  0.261029905381  0.218111107323
454 0.01341888 0.07707131  0.00000925  0.000000029889 -0.000000045807 -0.000000368102 -0.000000212362 -0.008855237693 -0.010082215986
455 0.00836338 0.07708787  0.00000359 -0.004669092622  0.004050724849 -0.004255442257  0.003691690493 -0.000000438141 -0.000000355134
456 0.00109660 0.07714804  0.00000006 -0.000397815099  0.000358318913 -0.000711179143  0.000640389536 -0.000000731516  0.000000341826
457 0.00026202 0.07717657  0.00000000 -0.000000159776  0.000000330766 -0.000000109429  0.000000432804  0.000201838486  0.000167080619
458 0.00024357 0.07718768  0.00000000  0.000000147121 -0.000000004528  0.000000120671 -0.000000314005  0.000159590233  0.000184006751
459 0.17093778 0.07721204  0.00150408 -0.082020913062  0.089090553539 -0.081714775408  0.088757325744  0.000000669018 -0.000000649901
460 0.00140276 0.07721902  0.00000010 -0.000000095795  0.000000101124 -0.000000219699  0.000000281800 -0.000886116219 -0.001087448993
461 0.00205519 0.07722242  0.00000022 -0.000222143270 -0.001442371367  0.000214118274  0.001389582239 -0.000053003817 -0.000338276492
462 0.14321901 0.07722941  0.00105607  0.000000308827 -0.000000137039 -0.000000481608  0.000000141593 -0.110195915169 -0.091479759880
463 0.23801238 0.07723382  0.00291686 -0.056769653674 -0.158934173409  0.056453963298  0.158050561358  0.000002495381  0.000005971673
464 0.00076554 0.07725625  0.00000003  0.000000010363  0.000000189430  0.000000046202 -0.000000094334 -0.000589983419 -0.000487825992
465 0.00113594 0.07726341  0.00000007 -0.000523441769  0.000491997747 -0.000641006881  0.000602767350  0.000006504499 -0.000006088066
466 0.00000382 0.07726620  0.00000000  0.000000086789  0.000000090081 -0.000000082749  0.000000066898  0.000002743317  0.000002656926
467 0.00172371 0.07727101  0.00000015 -0.000249532612 -0.000885516560  0.000249133703  0.000883977866  0.000306946769  0.001089532924
468 0.00006536 0.07727443  0.00000000  0.000000320801  0.000000084620 -0.000000069229 -0.000000207828 -0.000042343768 -0.000049793830
469 0.00187042 0.07728792  0.00000018  0.000244291866  0.001164043594 -0.000286062505 -0.001362704827 -0.000077657644 -0.000372766312
470 0.09220591 0.07729118  0.00043808 -0.000000119413 -0.000000190419 -0.000000370714  0.000000211122 -0.071016785862 -0.058809408159
471 0.00215307 0.07729228  0.00000024 -0.001002466309  0.000915982720 -0.001233422391  0.001127049359  0.000011190102 -0.000007892799
472 0.00314096 0.07729674  0.00000051 -0.000000067215  0.000000204084  0.000000459034  0.000000258419  0.002420292275  0.002001959994
473 0.00167080 0.07729749  0.00000014  0.000000057396 -0.000000325011 -0.000000083179  0.000000200015 -0.001278343448 -0.001075824135
474 0.07564891 0.07730037  0.00029491 -0.034728561077 -0.040768767651  0.034646746391  0.040671800309 -0.000012704754 -0.000015002363
475 0.21149266 0.07732183  0.00230569 -0.099231598010  0.110527893965 -0.100577514867  0.112026711651  0.000000078848 -0.000000068541
476 0.00433359 0.07754451  0.00000097  0.000000021043  0.000000325902 -0.000000106032 -0.000000044881  0.003335628878  0.002766513558
477 0.00009410 0.07757029  0.00000000  0.000000320564 -0.000000076525 -0.000000238704  0.000000189581  0.000070907512  0.000061858720
478 0.00008911 0.07757143  0.00000000 -0.000000183314  0.000000065702  0.000000173467 -0.000000247605  0.000056321227  0.000069059844
479 0.00020710 0.07758436  0.00000000  0.000000009083 -0.000000311560 -0.000000221576  0.000000084422 -0.000185131811 -0.000092831756
480 0.00262707 0.07760224  0.00000036  0.000021934032 -0.000009294671  0.000017647321 -0.000010586781 -0.002024318231 -0.001674115960
481 0.10750391 0.07760226  0.00059790  0.061682141100 -0.057190028530  0.049091502020 -0.045516248307  0.000000225834  0.000000496080
482 0.10465217 0.07760313  0.00056661  0.037810241985  0.052764594070 -0.047814535555 -0.066724284299 -0.000002472481 -0.000003340889
483 0.00283498 0.07760863  0.00000042  0.001633763506 -0.001538714220  0.001260784810 -0.001187720322  0.000001095949 -0.000000697879
484 0.03319156 0.07760922  0.00005700 -0.000000431978  0.000000313084 -0.000000164540  0.000000040175  0.025396021277  0.021371044166
485 0.00205923 0.07761697  0.00000022 -0.000745025964  0.000895536751  0.001085231620 -0.001304696861  0.000037104755 -0.000045100986
486 0.01158208 0.07765205  0.00000694  0.000000304054 -0.000000167779  0.000000106965  0.000000017498 -0.008923618482 -0.007383333260
487 0.00002328 0.07767294  0.00000000 -0.000001361197  0.000000978042  0.000000993867 -0.000000677491 -0.000016145335 -0.000016639189
488 0.02582573 0.07767310  0.00003454 -0.007440155356 -0.016836758533  0.007322007887  0.016568772498  0.000004298793  0.000008993479
489 0.00182491 0.07767388  0.00000017  0.000282655122  0.000849409949 -0.000500442795 -0.001506025133  0.000032472176  0.000096403051
490 0.00367189 0.07767520  0.00000070  0.001573154549 -0.001649486628  0.001987046091 -0.002082967850  0.000004845434 -0.000005258604
491 0.00020073 0.07768018  0.00000000  0.000000090093  0.000000124042  0.000000411908 -0.000000036245 -0.000129812917 -0.000153103074
492 0.00194158 0.07768319  0.00000020 -0.000170859835 -0.000649171650  0.000460454210  0.001754483832 -0.000043414674 -0.000164358420
493 0.01839871 0.07768396  0.00001753 -0.007436394319 -0.010569223917 -0.007535291186 -0.010710898844 -0.000005171124 -0.000007038295
494 0.00277630 0.07768818  0.00000040 -0.000000277220  0.000000268922 -0.000000492855 -0.000000056191 -0.002138944130 -0.001769952926
495 0.00231562 0.07772276  0.00000028  0.001513688122 -0.001373969075  0.000805427686 -0.000730982206  0.000000723243 -0.000000547323
496 0.00224421 0.07775703  0.00000026  0.000000180126 -0.000000228571 -0.000000257162 -0.000000257668 -0.001728418132 -0.001431442738
497 0.00301875 0.07775870  0.00000047  0.001444019590 -0.001327351837  0.001689704665 -0.001552634063 -0.000002920288  0.000002628682
498 0.00060843 0.07777788  0.00000002  0.000000368218  0.000000008115  0.000000153703  0.000000177221  0.000377488321  0.000477167890
499 0.00181973 0.07778690  0.00000017 -0.000302759682 -0.001281941536  0.000261271422  0.001109095575 -0.000121167143 -0.000513162256
500 0.00000583 0.07781571  0.00000000  0.000000062147  0.000000028229 -0.000000104078  0.000000029637 -0.000004388708 -0.000003835650
501 0.00011189 0.07782503  0.00000000 -0.000000254491 -0.000000092389 -0.000000215307  0.000000046010  0.000073931080  0.000083982802
502 0.00032730 0.07783194  0.00000001 -0.000008627560  0.000007184383  0.000254008121 -0.000205642123  0.000010508188 -0.000008817425
503 0.00203194 0.07783584  0.00000021  0.000433835478  0.001759827916 -0.000215952511 -0.000876349141 -0.000040831611 -0.000165210018
504 0.00001898 0.07785717  0.00000000 -0.000000295095  0.000000042997  0.000000039322 -0.000000038323  0.000011997579  0.000014705072
505 0.00095490 0.07786641  0.00000005 -0.000000061885 -0.000000082836  0.000000002167 -0.000000065883 -0.000736066204 -0.000608306137
506 0.00066931 0.07787507  0.00000002 -0.000089943311 -0.000187509597  0.000271741607  0.000569584167  0.000034614614  0.000072499421
507 0.00171770 0.07787679  0.00000015 -0.000555561744  0.000587050205 -0.001041562223  0.001100994918 -0.000009378445  0.000009767068
508 0.00032642 0.07797745  0.00000001  0.000160177594 -0.000146492131 -0.000179832274  0.000164570681  0.000002139583 -0.000002392337
509 0.00051541 0.07800409  0.00000001 -0.000054341972 -0.000278702130  0.000079256192  0.000404714735 -0.000023382451 -0.000119973609
510 0.00037331 0.07801573  0.00000001 -0.000000214744  0.000000051727 -0.000000739728 -0.000000175497  0.000287726900  0.000237851083
511 0.00007246 0.07802678  0.00000000 -0.000000382033  0.000000450951  0.000000303469  0.000000094696 -0.000050139339 -0.000052312116
512 0.00064484 0.07804357  0.00000002  0.000120526533 -0.000109945503  0.000460604634 -0.000420755262  0.000002525027 -0.000002491446
513 0.00081872 0.07805304  0.00000003  0.000181511924  0.000523022443 -0.000175189642 -0.000503415635  0.000092765330  0.000266601666
514 0.00083193 0.07806589  0.00000004 -0.000000211860  0.000000062566  0.000000245117 -0.000000136770  0.000644716718  0.000525781896
515 0.00018494 0.07806670  0.00000000  0.000000113477 -0.000000241611  0.000000146514 -0.000000188999 -0.000120946934 -0.000139912593
516 0.00055426 0.07808553  0.00000002 -0.000000225310  0.000000535693  0.000000360795  0.000000555684 -0.000426799480 -0.000353618524
517 0.00068035 0.07809466  0.00000002 -0.000497339115  0.000452775465 -0.000075894109  0.000069022792  0.000000213548  0.000000048378
518 0.00012836 0.07809585  0.00000000  0.000000081853  0.000000495069  0.000000083991 -0.000000510040  0.000082413149  0.000098405905
519 0.00103830 0.07811190  0.00000006  0.000091690086  0.000318840076 -0.000265539900 -0.000924990967  0.000056251272  0.000196775350
520 0.00175414 0.07813466  0.00000016 -0.000000351970 -0.000000832502 -0.000000211015  0.000000238286 -0.001145434179 -0.001328523938
521 0.00091488 0.07813580  0.00000004 -0.000293117475  0.000271859247  0.000603272707 -0.000559672049 -0.000001659863  0.000001519926
522 0.00098660 0.07814091  0.00000005 -0.000182421492 -0.000464516930 -0.000309287869 -0.000787044450  0.000035020320  0.000089441336
523 0.00067127 0.07815554  0.00000002  0.000000131634 -0.000000190634  0.000000015538  0.000001086414 -0.000517305902 -0.000427788516
524 0.00087504 0.07816229  0.00000004  0.000379583393  0.000788060343  0.000009955306  0.000018659659  0.000004639702  0.000010385678
525 0.00075716 0.07817343  0.00000003 -0.000000233156  0.000000215393  0.000000068926  0.000000725209 -0.000583676687 -0.000482295057
526 0.00046666 0.07817913  0.00000001  0.000000314058  0.000000364254 -0.000000352548  0.000000386720 -0.000371846805 -0.000281967331
527 0.00178026 0.07818006  0.00000017  0.000781205790 -0.000663433520  0.001109330990 -0.000942480295 -0.000000307149  0.000000285521
528 0.00013342 0.07822045  0.00000000 -0.000000103199  0.000000075256  0.000000792134 -0.000000664041 -0.000093930241 -0.000094745477
529 0.00387624 0.07823410  0.00000078  0.000624929442  0.002363731146 -0.000767766128 -0.002908098340 -0.000007795272 -0.000030093450
530 0.00110209 0.07823646  0.00000006 -0.000000746049  0.000000376640  0.000001795128 -0.000000190004  0.000543082481  0.000958989203
531 0.00028979 0.07823833  0.00000000 -0.000000889116  0.000001741474  0.000000060096 -0.000000990760  0.000222867875  0.000185205644
532 0.00230318 0.07824780  0.00000028  0.001446077488 -0.001338007300  0.000875490085 -0.000810407982 -0.000000187003  0.000000269974
533 2.93160398 0.07828161  0.44851721 -0.426998272131 -2.028461140956  0.427021272620  2.028539523621  0.000007267790  0.000031815208
534 3.31364728 0.07829989  0.57316866 -1.719376865227  1.591893105770 -1.719294218470  1.591824503378 -0.000062021540  0.000029203701
535 0.97245542 0.07830020  0.04936408  0.000155387241  0.000061282645  0.000152763429  0.000063543018 -0.748265637016 -0.621102259890
536 0.00354993 0.07833616  0.00000066 -0.000001167899 -0.000003344051 -0.000000358690 -0.000001932056  0.002735041998  0.002263077499
537 0.00036086 0.07834897  0.00000001  0.000000410618  0.000001778024 -0.000000451769  0.000001694594 -0.000232711265 -0.000275783508
538 0.00067632 0.07835201  0.00000002 -0.000002020616  0.000001262306  0.000001049879  0.000000291499  0.000475522337  0.000480919742
539 0.00141140 0.07836420  0.00000010  0.000001005767 -0.000001854548  0.000002095028 -0.000002356142  0.001097796068  0.000887058228
540 0.00621126 0.07836528  0.00000202 -0.003378924214  0.003114744379 -0.003072095331  0.002832527737  0.000000651674 -0.000000047758
541 0.00297461 0.07838393  0.00000046 -0.000541769796 -0.002107137873  0.000503379004  0.001959212696  0.000038161313  0.000146325844
542 0.00316931 0.07841191  0.00000053  0.000519095058  0.002519072756 -0.000372564687 -0.001812780426 -0.000013306141 -0.000064736297
543 0.00066925 0.07841866  0.00000002  0.000513124499 -0.000395771970  0.000132591662 -0.000101865407 -0.000003047119  0.000001781601
544 0.00036560 0.07898067  0.00000001 -0.000220246404  0.000211188540 -0.000145664392  0.000139041930  0.000000382760 -0.000000500206
545 0.00011475 0.07900177  0.00000000 -0.000000145826 -0.000000123157 -0.000000749141 -0.000000173555 -0.000075356499 -0.000086532231
546 0.00177168 0.07900259  0.00000017  0.000000095882  0.000000127067 -0.000000258679  0.000000290675 -0.001365507918 -0.001128826680
547 0.00171186 0.07900858  0.00000015  0.000066915805  0.001273109835 -0.000059224923 -0.001140792692 -0.000000916448 -0.000015792396
548 0.00017366 0.07912316  0.00000000 -0.000000192417 -0.000000152503 -0.000000218225  0.000000097151  0.000112530099  0.000132268939
549 0.00036456 0.07912636  0.00000001 -0.000252854163  0.000238283868  0.000080711193 -0.000075338154 -0.000000279223  0.000000007866
550 0.00120782 0.07914406  0.00000008  0.000000088589 -0.000000382283  0.000000003477  0.000000191410 -0.000930610733 -0.000769929249
551 0.00045508 0.07914753  0.00000001 -0.000004157216 -0.000019835690 -0.000103800810 -0.000442543241  0.000002011041  0.000007949421
552 0.00084124 0.07930992  0.00000004  0.000491333543 -0.000450642018  0.000377875612 -0.000347004657 -0.000000388543 -0.000000223584
553 0.00054687 0.07933600  0.00000002 -0.000000140711  0.000000285139 -0.000000126689 -0.000000042289 -0.000420195707 -0.000350006256
554 0.00013646 0.07934082  0.00000000 -0.000000287701  0.000000270752 -0.000000068695  0.000000050320 -0.000079844379 -0.000110660302
555 0.00022423 0.07934485  0.00000000  0.000017677148  0.000069787618 -0.000050686447 -0.000205131031  0.000005778239  0.000020416824
556 0.00073914 0.07938810  0.00000003 -0.000003399435  0.000003834434 -0.000004061506  0.000003895712  0.000481564799  0.000560676406
557 0.13924360 0.07938874  0.00102617  0.075802851965 -0.064081583693  0.074576236776 -0.063044762391  0.000000897751  0.000000643578
558 0.00011962 0.07939128  0.00000000 -0.000001288360  0.000000234153 -0.000000897614  0.000000234390 -0.000091488064 -0.000077043651
559 0.00091748 0.07940259  0.00000004  0.000367566299 -0.000337141865 -0.000567108842  0.000520942120 -0.000000187061  0.000000403891
560 0.00026016 0.07940448  0.00000000 -0.000000272636 -0.000000188760  0.000000045419  0.000000064947  0.000218209486  0.000141664097
561 0.00300680 0.07940959  0.00000048 -0.000402284311 -0.001604177866  0.000610219558  0.002435519766  0.000008593008  0.000037698550
562 0.65471965 0.07942110  0.02269632  0.047091585394  0.458003703688 -0.047609624922 -0.463040105272 -0.000003090364  0.000008647648
563 1.32879268 0.07942903  0.09349803 -0.000000819704  0.000000516210  0.000001197537 -0.000000740092  1.029014267243  0.840725654019
564 0.00478781 0.07954584  0.00000122  0.000000641509 -0.000000809206  0.000001027862 -0.000001890779 -0.004073990041 -0.002515102659
565 1.70456018 0.07958047  0.15414872 -0.000002505181  0.000003985523  0.000001184685  0.000000302105 -1.290815627348 -1.113247687778
566 1.18195844 0.07960938  0.07414423 -0.233528919715 -0.799424591121  0.235175604181  0.805048287989 -0.000003955088  0.000004141914
567 1.78777735 0.07961303  0.16963668 -0.987350628523  0.794773672715 -0.982140822275  0.790582566900  0.000001011007  0.000003069600
568 0.19153539 0.07965890  0.00194823  0.031931583380  0.133937638595 -0.030875457838 -0.129512918336 -0.000006783300 -0.000005148657
569 0.38853720 0.07965982  0.00801703  0.000003064023 -0.000000793082 -0.000002023172  0.000000954333 -0.299079956991 -0.248016811827
570 0.00434425 0.07967118  0.00000100 -0.000002451690  0.000003666933 -0.000002662361  0.000003821827  0.003109185787  0.003034049707
571 0.19542667 0.07967281  0.00202855 -0.097964374103  0.099211560421 -0.096213973801  0.097439741206 -0.000000651338  0.000000686102
572 0.00006810 0.07984461  0.00000000  0.000000079672 -0.000000053914 -0.000000009760 -0.000000820663  0.000066851933 -0.000012927906
573 0.29928065 0.07986758  0.00476910  0.156398478642 -0.153778350342  0.145188709573 -0.142761612597  0.000002900517  0.000004553763
574 0.32936061 0.07986937  0.00577607  0.063916457962  0.224490680988 -0.063634795437 -0.223489693854  0.000000249715 -0.000000306525
575 2.61441889 0.07987769  0.36398594 -0.000000296474  0.000000572411 -0.000000233253  0.000000735332  2.005827812042  1.676854467179
