0 -0.262636725093205 8.84443e-06
1 -0.262636723553273 5.09093e-06
2 -0.262505782221781 1.02733e-05
3 -0.26250578096767 7.95854e-06
4 -0.262505780037352 5.68468e-06
5 -0.262505779814969 4.97497e-06
6 -0.260949693478718 5.16149e-06
7 -0.260949693029427 3.28938e-06
8 -0.260400171112188 3.68667e-06
9 -0.260400170863489 2.1321e-06
10 -0.260147868573628 3.72591e-06
11 -0.260147868488692 3.28296e-06
12 -0.260147868377503 2.58685e-06
13 -0.26014786830801 2.04591e-06
14 -0.259243958287613 3.04921e-06
15 -0.259243958185749 2.34484e-06
16 -0.259243958131513 1.83018e-06
17 -0.259243958079568 1.19753e-06
18 -0.25921977184117 2.65592e-06
19 -0.259219771754981 1.94732e-06
20 -0.258675090572982 2.28679e-06
21 -0.258675090536963 1.94642e-06
22 -0.258653990770995 2.76962e-06
23 -0.25865399067891 2.04303e-06
24 -0.258653990613184 1.28263e-06
25 -0.258653990598207 1.037e-06
26 -0.257714310733147 2.07119e-06
27 -0.257714310684091 1.55295e-06
28 -0.257714310666845 1.30074e-06
29 -0.257714310648392 9.9057e-07
30 -0.257672504169778 1.81722e-06
31 -0.257672504127414 1.28232e-06
32 -0.25632003119087 1.12191e-06
33 -0.256320031167938 5.69482e-07
34 -0.256155452636363 1.5734e-06
35 -0.256155452595578 9.05721e-07
36 -0.256155452585603 6.3685e-07
37 -0.256155452582596 5.31203e-07
38 -0.256033214602224 9.90437e-07
39 -0.256033214594717 8.19615e-07
40 -0.255580391014577 1.16743e-06
41 -0.255580390994664 7.30204e-07
42 -0.255580390992345 6.5545e-07
43 -0.255580390987872 5.02569e-07
44 -0.255489264607707 8.0272e-07
45 -0.255489264601386 6.11572e-07
46 -0.254768430712552 8.41421e-07
47 -0.254768430704882 6.27233e-07
48 -0.254768430700309 4.45402e-07
49 -0.254768430698731 3.55448e-07
50 -0.254147619831162 5.22644e-07
51 -0.254147619828023 3.69818e-07
52 -0.254127173048459 7.37965e-07
53 -0.25412717304186 5.13685e-07
54 -0.254127173039551 4.12651e-07
55 -0.254127173037572 2.83905e-07
56 -0.251459793270552 2.5087e-07
57 -0.251459793269905 1.84618e-07
58 -0.251459793269576 1.15964e-07
59 -0.251459793269304 1.3596e-07
60 -0.251301112188328 1.65472e-07
61 -0.25130111218798 1.01133e-07
62 -0.251090097650493 2.14099e-07
63 -0.251090097650148 1.6589e-07
64 -0.250868458870387 1.94359e-07
65 -0.250868458869994 1.43363e-07
66 -0.250868458869743 9.52684e-08
67 -0.250868458869701 7.48774e-08
68 -0.250431800246723 1.63531e-07
69 -0.250431800246408 1.26495e-07
70 -0.250170745237199 1.44136e-07
71 -0.250170745237035 1.38839e-07
72 -0.250170745236979 1.36368e-07
73 -0.250170745236793 1.01202e-07
74 -0.248634756887645 9.23842e-08
75 -0.248634756887486 7.70244e-08
76 -0.246024579815809 1.02429e-07
77 -0.246024579815803 2.9333e-08
78 -0.246024579815782 7.43193e-08
79 -0.246024579815766 8.9057e-08
80 -0.245948492613087 4.85004e-08
81 -0.24594849261307 4.82134e-08
82 -0.244195116296096 5.3338e-08
83 -0.244195116296077 4.84288e-08
84 -0.244195116296072 5.51293e-08
85 -0.244195116296066 7.98986e-08
86 -0.243688588519835 7.58442e-08
87 -0.243688588519829 4.41569e-08
88 -0.239663005281375 3.03788e-08
89 -0.239663005281372 5.51922e-08
90 -0.239004761431834 4.71952e-08
91 -0.239004761431832 4.55492e-08
92 -0.239004761431831 4.23931e-08
93 -0.239004761431827 6.22803e-08
94 -0.234166811117815 6.43624e-08
95 -0.234166811117813 9.09459e-08
96 -0.150554296955229 1.71727e-08
97 -0.150554296955226 4.39205e-08
98 -0.144680932552464 4.89277e-08
99 -0.144680932552463 3.52921e-08
100 -0.144241596754554 4.98758e-08
101 -0.144241596754553 4.05099e-08
102 -0.144241596754553 2.78152e-08
103 -0.144241596754551 3.70662e-08
104 -0.138464864687061 1.79627e-08
105 -0.13846486468706 2.12374e-08
106 -0.138464864687059 6.45239e-09
107 -0.138464864687058 4.2188e-08
108 -0.138401164896124 4.2188e-08
109 -0.138401164896123 2.14811e-08
110 -0.137741069021667 2.76275e-08
111 -0.137741069021666 3.64051e-08
112 -0.137741069021665 2.34131e-08
113 -0.137741069021664 4.70479e-08
114 -0.137434954872912 3.69255e-08
115 -0.137434954872911 4.98062e-08
116 -0.134200861049322 2.33389e-08
117 -0.134200861049321 3.07195e-08
118 -0.134131814012695 3.88932e-08
119 -0.134131814012693 4.27192e-08
120 -0.134131814012693 5.49717e-08
121 -0.134131814012692 2.83098e-08
122 -0.131530868949958 4.4392e-08
123 -0.131530868949957 4.23931e-08
124 -0.131530868949956 2.6077e-08
125 -0.131530868949955 1.14821e-08
126 -0.131483268921754 3.36309e-08
127 -0.131483268921753 2.39985e-08
128 -0.131478289492422 2.9392e-08
129 -0.131478289492422 4.5815e-08
130 -0.131478289492421 3.89377e-08
131 -0.13147828949242 2.00613e-08
132 -0.131426093085655 4.1105e-08
133 -0.131426093085653 4.26786e-08
134 -0.131156918914694 4.42746e-08
135 -0.131156918914692 2.73117e-08
136 -0.130837257038929 1.23554e-08
137 -0.130837257038929 2.44993e-08
138 -0.130837257038928 2.11556e-08
139 -0.130837257038927 4.67149e-08
140 -0.130056405994743 3.39901e-08
141 -0.130056405994742 2.20391e-08
142 -0.126931678297378 1.86265e-09
143 -0.126931678297377 2.60104e-08
144 -0.126924242654153 3.92041e-08
145 -0.126924242654152 2.37807e-08
146 -0.126924242654152 3.89377e-08
147 -0.126924242654151 2.46405e-08
148 -0.126612835292624 4.38415e-08
149 -0.126612835292623 1.77685e-08
150 -0.126612835292623 2.6734e-08
151 -0.126612835292622 2.9392e-08
152 -0.126590253756079 6.71586e-09
153 -0.126590253756078 2.8371e-08
154 -0.124161507747246 2.92738e-08
155 -0.124161507747246 2.82484e-08
