0 -0.239631604427 9.65217e-07
1 -0.239631604395 6.70857e-07
2 -0.239468467892 9.36031e-07
3 -0.239468467850 5.5973e-07
4 -0.239450048145 7.74103e-07
5 -0.239450048118 4.3911e-07
6 -0.239380521491 9.98492e-07
7 -0.239380521451 6.20828e-07
8 -0.239264115529 7.76984e-07
9 -0.239264115497 4.29387e-07
10 -0.238958665868 3.26128e-07
11 -0.238958665863 2.19397e-07
12 -0.238498856915 2.96401e-07
13 -0.238498856912 1.98125e-07
14 -0.238478345171 3.10531e-07
15 -0.238478345168 1.86171e-07
16 -0.238105412888 1.79588e-07
17 -0.238105412887 1.54947e-07
18 -0.237954156789 1.28401e-07
19 -0.237954156789 1.03741e-07
20 -0.237604685822 6.8184e-08
21 -0.237604685822 7.9942e-08
22 -0.237542734616 5.20875e-08
23 -0.237542734616 3.19377e-08
24 -0.237488492081 7.67084e-08
25 -0.237488492080 4.60039e-08
26 -0.237429439521 7.3048e-08
27 -0.237429439521 1.25642e-07
28 -0.237258909104 6.43624e-08
29 -0.237258909104 1.60447e-07
30 -0.237188161389 1.32993e-07
31 -0.237188161389 4.66034e-08
32 -0.237040314803 1.08865e-07
33 -0.237040314803 6.82349e-08
34 -0.236703833281 8.40464e-08
35 -0.236703833281 7.79646e-08
36 -0.236365761792 1.09786e-07
37 -0.236365761792 1.19297e-07
38 -0.236330333985 1.17775e-07
39 -0.236330333985 1.37634e-07
40 -0.235956677950 1.38238e-07
41 -0.235956677950 7.34742e-08
42 -0.235431937583 1.21487e-07
43 -0.235431937583 2.457e-08
44 -0.235418977514 8.76037e-08
45 -0.235418977514 1.21544e-07
46 -0.234853533773 9.44638e-08
47 -0.234853533773 1.49894e-07
48 -0.234694003619 7.10252e-08
49 -0.234694003619 1.20684e-07
50 -0.234454464669 1.06318e-07
51 -0.234454464669 3.38366e-08
52 -0.234386372983 6.54846e-08
53 -0.234386372983 7.65726e-08
54 -0.234147195258 2.77528e-08
55 -0.234147195258 1.19267e-07
56 -0.234077988945 1.12285e-07
57 -0.234077988945 1.93572e-08
58 -0.233516320506 8.51537e-08
59 -0.233516320506 1.40083e-07
60 -0.232957953220 9.61024e-08
61 -0.232957953220 2.29642e-08
62 -0.232302890402 1.18743e-07
63 -0.232302890402 2.75016e-08
64 -0.232175910618 1.46594e-07
65 -0.232175910618 1.0354e-07
66 -0.231704922510 7.55692e-08
67 -0.231704922510 7.07805e-08
68 -0.231669430684 7.25237e-08
69 -0.231669430684 1.00583e-07
70 -0.231246767460 1.36774e-07
71 -0.231246767460 8.00721e-08
72 -0.230005580838 1.4488e-07
73 -0.230005580838 9.24593e-08
74 -0.229523275205 5.12143e-08
75 -0.229523275205 6.07576e-08
76 -0.229445255255 6.34394e-08
77 -0.229445255255 1.69961e-07
78 -0.227892110458 1.14882e-07
79 -0.227892110458 1.18421e-07
80 -0.159224320146 1.88118e-08
81 -0.159224320146 7.65273e-08
82 -0.158184965530 2.8916e-08
83 -0.158184965530 1.03524e-07
84 -0.157923764482 6.8691e-08
85 -0.157923764482 7.41791e-08
86 -0.156983440745 4.77433e-08
87 -0.156983440745 7.85851e-08
88 -0.156708544345 7.54084e-08
89 -0.156708544345 5.70772e-08
90 -0.155938166435 7.18508e-08
91 -0.155938166435 9.71794e-08
92 -0.155726011706 7.70244e-08
93 -0.155726011706 9.30391e-08
94 -0.155646045694 2.80017e-08
95 -0.155646045694 4.38415e-08
96 -0.155504062067 5.13158e-08
97 -0.155504062067 9.78554e-08
98 -0.154374043498 6.94694e-08
99 -0.154374043498 1.04308e-07
100 -0.154228829136 9.92984e-08
101 -0.154228829136 1.38137e-08
102 -0.154088450182 6.88171e-08
103 -0.154088450182 4.71584e-08
104 -0.154004953483 8.44171e-08
105 -0.154004953483 5.72896e-08
106 -0.153447747019 6.05001e-08
107 -0.153447747019 4.09358e-08
108 -0.153163407249 1.89038e-08
109 -0.153163407249 8.88816e-08
110 -0.152981251693 7.68214e-08
111 -0.152981251693 1.11386e-07
112 -0.152896762753 6.68479e-08
113 -0.152896762753 9.72329e-08
114 -0.152572780684 8.26099e-08
115 -0.152572780684 4.32037e-08
116 -0.152439000085 9.07932e-08
117 -0.152439000085 3.16101e-08
118 -0.151798135721 9.09841e-08
119 -0.151798135720 1.34408e-07
120 -0.151606872802 3.91599e-08
121 -0.151606872801 1.44027e-07
122 -0.151560127642 5.53804e-08
123 -0.151560127641 1.71373e-07
124 -0.151385136595 1.35973e-07
125 -0.151385136595 1.17627e-07
126 -0.151383931718 5.28808e-08
127 -0.151383931717 8.8823e-08
128 -0.151097338748 1.0604e-07
129 -0.151097338747 1.77792e-07
130 -0.150835882281 1.1883e-07
131 -0.150835882274 3.3259e-07
132 -0.150674367930 1.79646e-07
133 -0.150674367927 2.67509e-07
134 -0.150509053577 1.68598e-07
135 -0.150509053576 1.95249e-07
136 -0.150319014042 2.90214e-07
137 -0.150319014029 4.88645e-07
138 -0.150167846356 2.94486e-07
139 -0.150167846347 4.53752e-07
140 -0.149949935333 6.14518e-07
141 -0.149949935320 7.28113e-07
142 -0.149768224867 5.94595e-07
143 -0.149768224839 8.01401e-07
144 -0.149561224697 7.20235e-07
145 -0.149561224600 1.21114e-06
146 -0.149404504507 8.67879e-07
147 -0.149404504432 1.24947e-06
148 -0.149053240525 1.46542e-06
149 -0.149053240238 2.23286e-06
150 -0.148891517041 1.69783e-06
151 -0.148891516875 2.15547e-06
152 -0.148787068612 1.79294e-06
153 -0.148787067001 4.37087e-06
154 -0.148758465946 2.11947e-06
155 -0.148758464311 4.55126e-06
156 -0.148655140588 2.62484e-06
157 -0.148655138548 5.07909e-06
158 -0.148589679596 2.78785e-06
159 -0.148589677455 5.22301e-06
