0 -0.261112275285379 3.13523e-07
1 -0.261112275282862 1.6404e-07
2 -0.260735843789408 1.35858e-07
3 -0.260735843789025 1.06741e-07
4 -0.260403329375629 1.51047e-07
5 -0.260403329375207 7.88495e-08
6 -0.260375376394271 1.49151e-07
7 -0.260375376393893 1.2737e-07
8 -0.260279235008052 1.62979e-07
9 -0.260279235007703 8.05904e-08
10 -0.260038980856 1.67182e-07
11 -0.260038980855672 1.38839e-07
12 -0.25977700827517 1.19964e-07
13 -0.259777008274733 3.02644e-08
14 -0.259251561182101 6.31104e-08
15 -0.259251561181918 7.30955e-08
16 -0.259164412519473 1.17332e-07
17 -0.259164412519397 5.02569e-08
18 -0.258827816548113 9.59217e-08
19 -0.258827816548019 7.27148e-08
20 -0.25873397547986 1.14942e-07
21 -0.258733975479749 1.11386e-07
22 -0.257499666881817 4.165e-08
23 -0.257499666881786 9.08696e-08
24 -0.257365791060976 1.49012e-08
25 -0.257365791060954 7.42259e-08
26 -0.257118243415356 4.06381e-08
27 -0.257118243415348 6.58017e-08
28 -0.256891561841779 1.58051e-08
29 -0.256891561841746 5.35976e-08
30 -0.256717980614903 6.97933e-08
31 -0.256717980614864 6.20012e-08
32 -0.256685386439507 3.6118e-08
33 -0.256685386439501 5.50033e-08
34 -0.256351851465799 4.21468e-08
35 -0.256351851465794 8.65679e-08
36 -0.255820534793642 3.96004e-08
37 -0.255820534793631 2.76275e-08
38 -0.255165165442168 5.43688e-08
39 -0.255165165442166 6.65358e-08
40 -0.255120266490568 5.96046e-08
41 -0.255120266490565 9.40221e-08
42 -0.25484967044394 2.90954e-08
43 -0.254849670443938 6.40923e-08
44 -0.254491798939341 8.70475e-08
45 -0.254491798939338 4.89985e-08
46 -0.254007431294299 6.06433e-08
47 -0.254007431294296 4.998e-08
48 -0.253983096628383 7.52472e-08
49 -0.253983096628379 7.79646e-08
50 -0.253897988981863 8.39638e-08
51 -0.253897988981861 8.05042e-08
52 -0.253673763852352 3.51443e-08
53 -0.253673763852349 9.22339e-08
54 -0.251501760345328 4.88567e-08
55 -0.251501760345323 6.53786e-08
56 -0.251151754279116 6.63269e-08
57 -0.251151754279114 2.9333e-08
58 -0.250898466684671 5.44963e-08
59 -0.250898466684669 9.41696e-08
60 -0.250772927119631 7.53393e-08
61 -0.250772927119628 4.165e-08
62 -0.250735207380698 4.4548e-08
63 -0.250735207380696 8.31333e-08
64 -0.250035227817634 3.16101e-08
65 -0.250035227817632 7.31903e-08
66 -0.249930821535374 4.50129e-08
67 -0.249930821535371 7.35686e-08
68 -0.249904132057657 1.05367e-08
69 -0.249904132057656 6.54846e-08
70 -0.249274007408316 1.58051e-08
71 -0.249274007408312 6.37123e-08
72 -0.249232453513895 3.10565e-08
73 -0.249232453513893 4.81414e-08
74 -0.247799326696498 2.42859e-08
75 -0.247799326696496 7.56151e-08
76 -0.245262522739155 6.29453e-08
77 -0.245262522739153 3.29009e-08
78 -0.245049943610255 3.29009e-08
79 -0.245049943610253 6.27797e-08
80 -0.244836056557079 3.26893e-08
81 -0.244836056557076 4.165e-08
82 -0.244414660855853 5.07379e-08
83 -0.24441466085585 4.69002e-08
84 -0.24401489953898 5.10786e-08
85 -0.244014899538978 7.14635e-08
86 -0.243947554804097 4.76342e-08
87 -0.243947554804094 5.45599e-08
88 -0.239419576872563 5.32078e-08
89 -0.239419576872556 3.70662e-08
90 -0.238763321272427 4.80692e-08
91 -0.238763321272418 1.11759e-08
92 -0.238583492161446 1.05367e-08
93 -0.23858349216144 4.29621e-08
94 -0.233041816964707 5.51293e-08
95 -0.2330418169647 4.14831e-08
96 -0.153373318370038 3.92925e-08
97 -0.153373318370036 4.5473e-08
98 -0.148023564834552 6.84886e-08
99 -0.148023564834549 4.32037e-08
100 -0.147955706197508 4.7816e-08
101 -0.147955706197506 3.53412e-08
102 -0.14637884028318 9.85619e-09
103 -0.146378840283179 4.23931e-08
104 -0.142796414530076 4.91046e-08
105 -0.142796414530076 4.447e-08
106 -0.142463097301251 4.82853e-08
107 -0.142463097301249 4.25972e-08
108 -0.141422356348021 1.88118e-08
109 -0.14142235634802 5.85475e-08
110 -0.141175291844533 4.08934e-08
111 -0.141175291844532 4.53201e-08
112 -0.139377471366148 3.81274e-08
113 -0.139377471366147 3.46972e-08
114 -0.138883737162975 8.73658e-09
115 -0.138883737162973 3.98188e-08
116 -0.138434848513877 3.24229e-08
117 -0.138434848513876 3.35276e-08
118 -0.138409066284655 3.29009e-08
119 -0.138409066284654 4.32037e-08
120 -0.137220743166515 5.78321e-08
121 -0.137220743166512 3.25297e-08
122 -0.135632179604983 6.29453e-08
123 -0.135632179604982 5.4241e-08
124 -0.1355738487254 1.46665e-08
125 -0.1355738487254 2.10734e-08
126 -0.135484503464443 1.78659e-08
127 -0.135484503464441 3.78992e-08
128 -0.134915489983703 3.52921e-08
129 -0.134915489983702 1.36876e-08
130 -0.134741869654725 5.02569e-08
131 -0.134741869654724 5.63739e-08
132 -0.134611552917836 3.4092e-08
133 -0.134611552917835 4.3284e-08
134 -0.133407742348551 3.89377e-08
135 -0.13340774234855 1.72735e-08
136 -0.13249727337667 2.69923e-08
137 -0.132497273376669 1.79627e-08
138 -0.132064497663464 4.71952e-08
139 -0.132064497663463 3.97752e-08
140 -0.1311313814742 2.51974e-08
141 -0.131131381474199 4.78522e-08
142 -0.130791428638698 2.29642e-08
143 -0.130791428638697 8.73658e-09
144 -0.130560086320442 3.36825e-08
145 -0.130560086320442 3.0207e-08
146 -0.130141208987966 4.13994e-08
147 -0.130141208987965 9.85619e-09
148 -0.129967885753049 3.84446e-08
149 -0.129967885753048 3.60218e-08
150 -0.128871307499738 3.332e-08
151 -0.128871307499737 3.17743e-08
152 -0.128833633777963 2.8856e-08
153 -0.128833633777962 1.02021e-08
154 -0.128620972289216 1.41855e-08
155 -0.128620972289215 3.42949e-08
