0 -0.243686090108189 1.12505e-06
1 -0.243686090094686 9.96573e-07
2 -0.243593809883571 8.78474e-07
3 -0.243593809863724 6.16634e-07
4 -0.243518484459098 7.02422e-07
5 -0.24351848445243 6.17652e-07
6 -0.243420166474765 1.08626e-06
7 -0.243420166460668 9.45982e-07
8 -0.243383105806844 8.71682e-07
9 -0.243383105798707 7.67595e-07
10 -0.243348118798106 6.5845e-07
11 -0.243348118793246 5.61241e-07
12 -0.243254908121355 7.16758e-07
13 -0.243254908112309 5.72932e-07
14 -0.243110118854355 5.61049e-07
15 -0.243110118848994 4.43497e-07
16 -0.242998068971643 5.37392e-07
17 -0.242998068966696 4.48932e-07
18 -0.242972094945901 9.31747e-07
19 -0.242972094940089 8.67161e-07
20 -0.24009298224461 1.19952e-06
21 -0.240092982244564 1.20008e-06
22 -0.240080322561499 1.15717e-06
23 -0.240080322561455 1.15789e-06
24 -0.240021064710575 8.34619e-07
25 -0.240021064710541 8.27224e-07
26 -0.239921574571284 9.55459e-07
27 -0.239921574571224 9.64149e-07
28 -0.23979320393168 1.09612e-06
29 -0.239793203931655 1.09457e-06
30 -0.239475610986892 5.33719e-07
31 -0.239475610986833 5.33641e-07
32 -0.239424680664241 5.72126e-07
33 -0.239424680664196 5.65128e-07
34 -0.239374301382426 5.35859e-07
35 -0.239374301382365 5.24579e-07
36 -0.23928999622055 4.12953e-07
37 -0.239289996220536 3.98954e-07
38 -0.23910972902319 4.84245e-07
39 -0.239109729023177 4.80519e-07
40 -0.236322331816885 6.01966e-07
41 -0.236322331816878 6.06959e-07
42 -0.235917487816608 7.47954e-07
43 -0.235917487816605 7.48973e-07
44 -0.235765838388432 1.17371e-06
45 -0.235765838388428 1.17291e-06
46 -0.235666689056857 5.94309e-07
47 -0.235666689056855 6.10004e-07
48 -0.235639219781536 7.69518e-07
49 -0.235639219781534 7.73144e-07
50 -0.235279056066175 7.61446e-07
51 -0.235279056066169 7.64125e-07
52 -0.23238433681206 6.93169e-07
53 -0.232384336812057 6.95927e-07
54 -0.231901273792321 1.30174e-06
55 -0.231901273792317 1.30556e-06
56 -0.231771383294835 5.36875e-07
57 -0.231771383294829 5.32143e-07
58 -0.228666939351096 6.92814e-07
59 -0.228666939351091 6.87944e-07
60 -0.158765141840397 1.14136e-06
61 -0.158765141840395 1.14364e-06
62 -0.156390281655971 1.19537e-06
63 -0.15639028165597 1.19607e-06
64 -0.15600933055038 1.29021e-06
65 -0.156009330550377 1.29133e-06
66 -0.154926774947026 1.0824e-06
67 -0.154926774947024 1.08216e-06
68 -0.15325087496132 1.0954e-06
69 -0.153250874961316 1.09695e-06
70 -0.152664957571528 1.6464e-06
71 -0.152664957571524 1.64624e-06
72 -0.152437012463805 1.53885e-06
73 -0.152437012463801 1.53847e-06
74 -0.151854206023699 1.32653e-06
75 -0.151854206023695 1.32502e-06
76 -0.151672775857943 1.14762e-06
77 -0.151672775857936 1.14563e-06
78 -0.151298977082042 1.15848e-06
79 -0.151298977082035 1.15959e-06
80 -0.149485298028871 1.37008e-06
81 -0.149485298028841 1.37111e-06
82 -0.14919480356874 1.3018e-06
83 -0.149194803568639 1.30437e-06
84 -0.148938311668607 1.46414e-06
85 -0.148938311668394 1.46703e-06
86 -0.148613386895142 1.78609e-06
87 -0.14861338689493 1.78658e-06
88 -0.148448250072365 1.47951e-06
89 -0.148448250072261 1.48202e-06
90 -0.148245506593545 1.09094e-06
91 -0.148245506593386 1.0915e-06
92 -0.148053435084071 1.40807e-06
93 -0.148053435083808 1.4118e-06
94 -0.14749099842611 1.239e-06
95 -0.147490998425521 1.24273e-06
96 -0.147397844662402 1.19748e-06
97 -0.147397844661836 1.2019e-06
98 -0.147286473543635 1.18845e-06
99 -0.147286473542614 1.20064e-06
100 -0.146090075644435 1.25324e-06
101 -0.146090075641852 1.27561e-06
102 -0.14595410311676 1.2282e-06
103 -0.145954103113134 1.26074e-06
104 -0.145380295968728 1.39824e-06
105 -0.145380295963877 1.43626e-06
106 -0.145290344221903 1.33004e-06
107 -0.145290344203524 1.4684e-06
108 -0.145031463070003 1.70418e-06
109 -0.145031463052862 1.80604e-06
110 -0.14482422594072 1.21409e-06
111 -0.14482422592962 1.30778e-06
112 -0.14453661689527 1.34726e-06
113 -0.144536616880818 1.44992e-06
114 -0.144507299075726 1.44318e-06
115 -0.144507299037465 1.68671e-06
116 -0.144178260053868 1.36988e-06
117 -0.144178260033147 1.51225e-06
118 -0.144143075486876 1.97851e-06
119 -0.144143075425608 2.25723e-06
