0 60 4.78614e-08
1 60 2.09927e-08
2 60 1.10121e-07
3 60 4.18964e-07
4 60 4.28048e-06
5 60 1.85716e-06
6 60 2.3305e-06
7 60 1.3168e-06
8 60 7.00652e-07
9 60 2.76468e-07
10 60 8.72633e-08
11 60 2.47379e-08
12 60 2.54736e-09
13 60 1.06889e-08
14 60 4.11177e-07
15 60 4.03441e-06
16 60 7.66189e-08
17 60 7.67034e-08
18 60 1.60407e-08
19 60 4.09859e-09
20 60 2.53862e-09
21 60 2.31034e-09
22 60 2.02504e-06
23 60 4.42037e-07
24 60 1.23567e-07
25 60 2.03178e-06
26 60 9.56697e-09
27 60 1.71528e-08
28 60 5.1159e-09
29 60 3.0007e-10
30 60 1.37549e-09
31 60 2.83838e-09
32 60 3.19481e-10
33 60 2.27615e-09
34 60 1.06272e-07
35 60 4.57619e-07
36 60 5.0783e-09
37 60 4.08158e-10
38 60 1.18012e-08
39 60 1.10428e-08
40 60 0.000613613
41 60 0.00177928
42 60 0.000601918
43 60 0.000259583
44 60 3.59941e-08
45 60 7.63024e-08
46 60 4.75214e-07
47 60 1.76241e-06
48 60 8.50904e-07
49 60 4.83976e-07
50 60 3.35255e-05
51 60 4.25074e-05
52 60 2.22594e-07
53 60 1.17689e-07
54 60 0.000105887
55 60 2.93728e-05
56 60 2.94218e-06
57 60 1.65374e-05
58 60 0.0333708
59 60 0.397544
0 61 2.10178e-08
1 61 4.79182e-08
2 61 4.19033e-07
3 61 1.09921e-07
4 61 1.85757e-06
5 61 4.28015e-06
6 61 1.31653e-06
7 61 2.33065e-06
8 61 2.76695e-07
9 61 7.00722e-07
10 61 2.47451e-08
11 61 8.72268e-08
12 61 1.06932e-08
13 61 2.5502e-09
14 61 4.03415e-06
15 61 4.11114e-07
16 61 7.66924e-08
17 61 7.66785e-08
18 61 4.10133e-09
19 61 1.60271e-08
20 61 2.31089e-09
21 61 2.54134e-09
22 61 4.41956e-07
23 61 2.02508e-06
24 61 2.03176e-06
25 61 1.23595e-07
26 61 1.71496e-08
27 61 9.56616e-09
28 61 3.00972e-10
29 61 5.11723e-09
30 61 2.83928e-09
31 61 1.37443e-09
32 61 2.27697e-09
33 61 3.19131e-10
34 61 4.5763e-07
35 61 1.06272e-07
36 61 4.08231e-10
37 61 5.07678e-09
38 61 1.1041e-08
39 61 1.18022e-08
40 61 0.00177928
41 61 0.000613612
42 61 0.000259584
43 61 0.000601918
44 61 7.63293e-08
45 61 3.59912e-08
46 61 1.76244e-06
47 61 4.75172e-07
48 61 4.83986e-07
49 61 8.5094e-07
50 61 4.25074e-05
51 61 3.35253e-05
52 61 1.17653e-07
53 61 2.22571e-07
54 61 2.93728e-05
55 61 0.000105887
56 61 1.65371e-05
57 61 2.94232e-06
58 61 0.397544
59 61 0.0333709
0 62 7.37074e-10
1 62 5.29955e-10
2 62 1.06293e-09
3 62 1.06087e-09
4 62 9.23511e-09
5 62 3.20571e-11
6 62 1.05098e-09
7 62 6.56771e-11
8 62 2.00131e-09
9 62 1.76953e-10
10 62 2.84663e-08
11 62 2.90387e-09
12 62 9.29221e-10
13 62 1.10999e-09
14 62 1.37547e-10
15 62 2.43098e-09
16 62 6.87482e-10
17 62 4.56108e-10
18 62 8.95779e-10
19 62 3.475e-10
20 62 2.64565e-06
21 62 4.27686e-06
22 62 6.88516e-05
23 62 1.69535e-05
24 62 4.55876e-05
25 62 0.000256523
26 62 6.49549e-05
27 62 0.000120273
28 62 3.54805e-06
29 62 8.85172e-07
30 62 7.22924e-06
31 62 5.87334e-06
32 62 1.58798e-08
33 62 7.00583e-08
34 62 6.86127e-07
35 62 1.71071e-06
36 62 8.33995e-06
37 62 5.91483e-06
38 62 3.81447e-08
39 62 5.76139e-08
40 62 1.03187e-07
41 62 4.10569e-07
42 62 8.98202e-08
43 62 2.70145e-08
44 62 7.08979e-07
45 62 3.60392e-06
46 62 1.55487e-08
47 62 6.68144e-08
48 62 2.76253e-08
49 62 2.65606e-08
50 62 2.08914e-07
51 62 1.31961e-08
52 62 8.79672e-05
53 62 2.56195e-05
54 62 7.5097e-05
55 62 0.000142848
56 62 0.00135494
57 62 0.0226441
58 62 3.38548e-06
59 62 5.70037e-06
0 63 5.27841e-10
1 63 7.42688e-10
2 63 1.05616e-09
3 63 1.06006e-09
4 63 3.05152e-11
5 63 9.22348e-09
6 63 6.58296e-11
7 63 1.05054e-09
8 63 1.73398e-10
9 63 2.00584e-09
10 63 2.90531e-09
11 63 2.84792e-08
12 63 1.1146e-09
13 63 9.27842e-10
14 63 2.4326e-09
15 63 1.36273e-10
16 63 4.55434e-10
17 63 6.87966e-10
18 63 3.46916e-10
19 63 8.95929e-10
20 63 4.27708e-06
21 63 2.64559e-06
22 63 1.69535e-05
23 63 6.88509e-05
24 63 0.000256523
25 63 4.55874e-05
26 63 0.000120274
27 63 6.49546e-05
28 63 8.85176e-07
29 63 3.54805e-06
30 63 5.87334e-06
31 63 7.22924e-06
32 63 7.00567e-08
33 63 1.5886e-08
34 63 1.71064e-06
35 63 6.86058e-07
36 63 5.91481e-06
37 63 8.33998e-06
38 63 5.7611e-08
39 63 3.81428e-08
40 63 4.10552e-07
41 63 1.03192e-07
42 63 2.70111e-08
43 63 8.98248e-08
44 63 3.60394e-06
45 63 7.08966e-07
46 63 6.68128e-08
47 63 1.55471e-08
48 63 2.65573e-08
49 63 2.76255e-08
50 63 1.31944e-08
51 63 2.08892e-07
52 63 2.56194e-05
53 63 8.79674e-05
54 63 0.000142847
55 63 7.50966e-05
56 63 0.0226441
57 63 0.00135495
58 63 5.7005e-06
59 63 3.38538e-06
0 64 1.269e-08
1 64 1.21592e-09
2 64 2.15736e-07
3 64 7.56205e-08
4 64 3.75653e-07
5 64 4.91664e-07
6 64 5.02353e-09
7 64 1.50111e-08
8 64 1.07697e-10
9 64 4.09431e-09
10 64 9.18449e-09
11 64 1.13095e-08
12 64 1.0968e-08
13 64 2.45297e-09
14 64 1.55892e-07
15 64 6.25543e-09
16 64 5.27939e-09
17 64 3.08969e-09
18 64 5.2716e-10
19 64 4.47307e-10
20 64 5.2007e-07
21 64 5.96069e-07
22 64 7.1378e-05
23 64 0.000155299
24 64 6.18652e-05
25 64 6.71989e-06
26 64 4.48649e-06
27 64 4.07786e-08
28 64 2.6546e-05
29 64 8.35149e-05
30 64 2.15116e-08
31 64 1.39279e-09
32 64 8.78125e-07
33 64 4.69468e-08
34 64 6.3174e-05
35 64 5.42569e-06
36 64 7.61537e-08
37 64 1.2281e-06
38 64 1.17667e-08
39 64 2.1822e-08
40 64 3.74983e-07
41 64 6.73707e-08
42 64 9.15287e-07
43 64 1.20169e-06
44 64 8.59272e-08
45 64 8.34507e-08
46 64 1.2575e-07
47 64 8.23413e-08
48 64 2.70972e-08
49 64 1.03407e-09
50 64 1.70064e-05
51 64 7.00765e-06
52 64 5.70164e-05
53 64 6.94405e-05
54 64 0.0012677
55 64 0.0122233
56 64 0.000153669
57 64 3.74298e-05
58 64 1.09534e-05
59 64 4.77871e-07
0 65 1.20621e-09
1 65 1.26874e-08
2 65 7.57557e-08
3 65 2.15802e-07
4 65 4.91814e-07
5 65 3.75603e-07
6 65 1.50058e-08
7 65 5.01859e-09
8 65 4.10091e-09
9 65 1.07328e-10
10 65 1.13295e-08
11 65 9.18011e-09
12 65 2.4559e-09
13 65 1.09693e-08
14 65 6.26052e-09
15 65 1.55864e-07
16 65 3.08638e-09
17 65 5.2716e-09
18 65 4.48779e-10
19 65 5.27442e-10
20 65 5.96052e-07
21 65 5.20102e-07
22 65 0.000155299
23 65 7.13784e-05
24 65 6.71992e-06
25 65 6.18652e-05
26 65 4.07765e-08
27 65 4.4865e-06
28 65 8.3515e-05
29 65 2.6546e-05
30 65 1.39325e-09
31 65 2.1511e-08
32 65 4.69494e-08
33 65 8.78142e-07
34 65 5.42559e-06
35 65 6.31739e-05
36 65 1.22814e-06
37 65 7.61585e-08
38 65 2.18249e-08
39 65 1.17659e-08
40 65 6.73698e-08
41 65 3.74995e-07
42 65 1.20167e-06
43 65 9.15277e-07
44 65 8.34646e-08
45 65 8.59212e-08
46 65 8.2346e-08
47 65 1.2577e-07
48 65 1.03434e-09
49 65 2.70992e-08
50 65 7.00765e-06
51 65 1.70064e-05
52 65 6.94405e-05
53 65 5.70165e-05
54 65 0.0122233
55 65 0.0012677
56 65 3.74297e-05
57 65 0.00015367
58 65 4.77853e-07
59 65 1.09534e-05
0 66 1.27678e-08
1 66 3.53123e-09
2 66 5.7302e-09
3 66 6.13157e-09
4 66 5.4079e-09
5 66 1.51655e-09
6 66 2.05419e-10
7 66 1.40836e-10
8 66 5.22125e-09
9 66 4.99349e-09
10 66 2.08918e-10
11 66 4.85265e-12
12 66 1.53288e-10
13 66 1.83863e-10
14 66 4.66785e-09
15 66 4.83884e-09
16 66 1.09701e-07
17 66 1.5477e-09
18 66 1.30305e-07
19 66 2.62221e-08
20 66 0.000150897
21 66 0.000164948
22 66 2.19893e-06
23 66 7.28595e-07
24 66 2.60076e-07
25 66 5.59036e-06
26 66 1.49853e-07
27 66 8.83354e-06
28 66 2.32807e-07
29 66 6.16226e-08
30 66 1.59053e-05
31 66 1.1297e-05
32 66 6.61515e-08
33 66 9.62658e-08
34 66 3.02639e-07
35 66 1.02361e-07
36 66 9.14335e-08
37 66 2.35972e-07
38 66 5.16725e-06
39 66 4.72758e-06
40 66 2.01664e-08
41 66 1.36838e-08
42 66 3.70667e-08
43 66 1.33237e-09
44 66 1.11685e-09
45 66 7.19528e-08
46 66 8.50972e-07
47 66 1.19147e-05
48 66 2.13632e-07
49 66 2.68184e-06
50 66 1.34978e-09
51 66 1.04875e-10
52 66 0.00700173
53 66 9.81051e-05
54 66 2.83019e-05
55 66 9.15051e-05
56 66 2.17655e-05
57 66 8.97179e-05
58 66 7.17038e-08
59 66 3.78746e-08
0 67 3.53213e-09
1 67 1.27537e-08
2 67 6.11903e-09
3 67 5.72613e-09
4 67 1.50772e-09
5 67 5.4044e-09
6 67 1.39479e-10
7 67 2.05268e-10
8 67 4.99757e-09
9 67 5.22309e-09
10 67 4.91866e-12
11 67 2.10656e-10
12 67 1.83742e-10
13 67 1.52302e-10
14 67 4.83707e-09
15 67 4.66709e-09
16 67 1.5487e-09
17 67 1.09696e-07
18 67 2.62156e-08
19 67 1.3031e-07
20 67 0.000164947
21 67 0.000150898
22 67 7.28606e-07
23 67 2.19892e-06
24 67 5.59028e-06
25 67 2.60078e-07
26 67 8.83353e-06
27 67 1.49842e-07
28 67 6.16204e-08
29 67 2.32811e-07
30 67 1.1297e-05
31 67 1.59053e-05
32 67 9.62645e-08
33 67 6.61551e-08
34 67 1.02369e-07
35 67 3.02642e-07
36 67 2.35963e-07
37 67 9.14305e-08
38 67 4.7276e-06
39 67 5.16722e-06
40 67 1.36834e-08
41 67 2.01668e-08
42 67 1.33346e-09
43 67 3.70709e-08
44 67 7.19524e-08
45 67 1.11605e-09
46 67 1.19147e-05
47 67 8.50983e-07
48 67 2.68184e-06
49 67 2.13614e-07
50 67 1.04756e-10
51 67 1.34851e-09
52 67 9.81057e-05
53 67 0.00700174
54 67 9.15053e-05
55 67 2.83018e-05
56 67 8.97176e-05
57 67 2.17655e-05
58 67 3.78695e-08
59 67 7.17364e-08
0 68 3.04555e-07
1 68 2.51052e-07
2 68 2.68096e-05
3 68 3.24054e-06
4 68 1.30087e-05
5 68 4.10046e-05
6 68 2.56254e-07
7 68 3.417e-07
8 68 2.3341e-07
9 68 3.80779e-07
10 68 2.13435e-08
11 68 5.84653e-07
12 68 1.72118e-06
13 68 4.15282e-06
14 68 1.05161e-05
15 68 1.47976e-05
16 68 4.2962e-07
17 68 8.93012e-07
18 68 4.01967e-08
19 68 5.93499e-08
20 68 2.17943e-08
21 68 3.76791e-08
22 68 7.2506e-10
23 68 1.02853e-08
24 68 5.01212e-09
25 68 5.19258e-10
26 68 5.91088e-08
27 68 8.65137e-09
28 68 1.36516e-08
29 68 1.20763e-07
30 68 6.36957e-09
31 68 2.38815e-08
32 68 6.14514e-10
33 68 3.9773e-09
34 68 3.9293e-07
35 68 6.71045e-07
36 68 3.98991e-09
37 68 4.35646e-09
38 68 5.1992e-12
39 68 1.47248e-11
40 68 6.24809e-06
41 68 1.66943e-05
42 68 4.7729e-05
43 68 0.000160255
44 68 1.04442e-06
45 68 2.85152e-07
46 68 1.19557e-05
47 68 3.71936e-06
48 68 2.71682e-06
49 68 1.26205e-05
50 68 0.000492356
51 68 0.00168921
52 68 2.51285e-08
53 68 3.52708e-07
54 68 1.3047e-07
55 68 6.66527e-08
56 68 5.0648e-07
57 68 1.28609e-07
58 68 0.000117042
59 68 5.98762e-05
0 69 2.50771e-07
1 69 3.04493e-07
2 69 3.24016e-06
3 69 2.68081e-05
4 69 4.10066e-05
5 69 1.30097e-05
6 69 3.41695e-07
7 69 2.56241e-07
8 69 3.8089e-07
9 69 2.33248e-07
10 69 5.84748e-07
11 69 2.1362e-08
12 69 4.15265e-06
13 69 1.7212e-06
14 69 1.47979e-05
15 69 1.0516e-05
16 69 8.92868e-07
17 69 4.29443e-07
18 69 5.93693e-08
19 69 4.02066e-08
20 69 3.76795e-08
21 69 2.17939e-08
22 69 1.02919e-08
23 69 7.24959e-10
24 69 5.19558e-10
25 69 5.01285e-09
26 69 8.65225e-09
27 69 5.91145e-08
28 69 1.20756e-07
29 69 1.36498e-08
30 69 2.38816e-08
31 69 6.37195e-09
32 69 3.97657e-09
33 69 6.14525e-10
34 69 6.71063e-07
35 69 3.92919e-07
36 69 4.35693e-09
37 69 3.99098e-09
38 69 1.48261e-11
39 69 5.1786e-12
40 69 1.66943e-05
41 69 6.2481e-06
42 69 0.000160255
43 69 4.77291e-05
44 69 2.8514e-07
45 69 1.04445e-06
46 69 3.71937e-06
47 69 1.19557e-05
48 69 1.26205e-05
49 69 2.71681e-06
50 69 0.00168921
51 69 0.000492357
52 69 3.52695e-07
53 69 2.51288e-08
54 69 6.66542e-08
55 69 1.30474e-07
56 69 1.28611e-07
57 69 5.06477e-07
58 69 5.98758e-05
59 69 0.000117042
0 70 5.63635e-06
1 70 1.92214e-05
2 70 1.69906e-07
3 70 5.51829e-07
4 70 1.22121e-06
5 70 1.26034e-06
6 70 3.85251e-07
7 70 1.61972e-06
8 70 5.49419e-07
9 70 4.26254e-06
10 70 6.44451e-07
11 70 9.73367e-07
12 70 2.99601e-07
13 70 3.20401e-08
14 70 3.23915e-07
15 70 7.89691e-08
16 70 7.12187e-08
17 70 9.53233e-08
18 70 1.46442e-07
19 70 1.29672e-07
20 70 2.01556e-10
21 70 5.78522e-10
22 70 1.46445e-08
23 70 3.79531e-08
24 70 1.10601e-07
25 70 3.02371e-08
26 70 3.12849e-08
27 70 2.71133e-08
28 70 5.51638e-08
29 70 1.35274e-07
30 70 5.20222e-10
31 70 2.65851e-09
32 70 1.45264e-07
33 70 2.46861e-08
34 70 5.79987e-09
35 70 3.41012e-08
36 70 1.07799e-06
37 70 7.62804e-07
38 70 1.10733e-09
39 70 1.22089e-09
40 70 2.20124e-06
41 70 1.00501e-06
42 70 5.63297e-05
43 70 7.39517e-05
44 70 0.00120172
45 70 0.000441264
46 70 4.24073e-06
47 70 3.61551e-06
48 70 1.73097e-05
49 70 4.3047e-05
50 70 1.23011e-06
51 70 9.68821e-07
52 70 5.56579e-08
53 70 1.31163e-07
54 70 1.54669e-08
55 70 3.21595e-07
56 70 3.05727e-06
57 70 1.10807e-06
58 70 9.87848e-05
59 70 1.36133e-06
0 71 1.92211e-05
1 71 5.63567e-06
2 71 5.51481e-07
3 71 1.69541e-07
4 71 1.26057e-06
5 71 1.22144e-06
6 71 1.62025e-06
7 71 3.84973e-07
8 71 4.26306e-06
9 71 5.49407e-07
10 71 9.73059e-07
11 71 6.44525e-07
12 71 3.20854e-08
13 71 2.99698e-07
14 71 7.89882e-08
15 71 3.23888e-07
16 71 9.53764e-08
17 71 7.12817e-08
18 71 1.29578e-07
19 71 1.46478e-07
20 71 5.79532e-10
21 71 2.01319e-10
22 71 3.79497e-08
23 71 1.46344e-08
24 71 3.02323e-08
25 71 1.10608e-07
26 71 2.71112e-08
27 71 3.12837e-08
28 71 1.3527e-07
29 71 5.51693e-08
30 71 2.6594e-09
31 71 5.19743e-10
32 71 2.46847e-08
33 71 1.45247e-07
34 71 3.41024e-08
35 71 5.79984e-09
36 71 7.62798e-07
37 71 1.078e-06
38 71 1.22114e-09
39 71 1.10736e-09
40 71 1.00501e-06
41 71 2.20123e-06
42 71 7.3952e-05
43 71 5.633e-05
44 71 0.000441263
45 71 0.00120172
46 71 3.6155e-06
47 71 4.24072e-06
48 71 4.30469e-05
49 71 1.73098e-05
50 71 9.68817e-07
51 71 1.23011e-06
52 71 1.31163e-07
53 71 5.56535e-08
54 71 3.21586e-07
55 71 1.54645e-08
56 71 1.10811e-06
57 71 3.05727e-06
58 71 1.36126e-06
59 71 9.87846e-05
0 72 1.06892e-06
1 72 2.93996e-06
2 72 1.00682e-06
3 72 8.26945e-08
4 72 1.65025e-06
5 72 2.80942e-06
6 72 7.07655e-06
7 72 8.68471e-06
8 72 2.09111e-06
9 72 1.37486e-06
10 72 5.01029e-08
11 72 6.48728e-07
12 72 1.53143e-06
13 72 1.87596e-06
14 72 2.39674e-06
15 72 4.95733e-07
16 72 5.4167e-11
17 72 9.86606e-09
18 72 1.05139e-07
19 72 1.21134e-07
20 72 7.58331e-08
21 72 1.09033e-07
22 72 7.36472e-08
23 72 3.00763e-07
24 72 1.80977e-07
25 72 2.51508e-08
26 72 4.97879e-08
27 72 4.66943e-08
28 72 1.03822e-08
29 72 1.16299e-07
30 72 1.3588e-10
31 72 6.16528e-10
32 72 3.11686e-07
33 72 2.41421e-08
34 72 1.26203e-06
35 72 2.27999e-07
36 72 1.04663e-07
37 72 2.88362e-08
38 72 4.35314e-08
39 72 1.26846e-07
40 72 3.60748e-05
41 72 2.31185e-05
42 72 0.000480793
43 72 0.000733945
44 72 0.000151843
45 72 6.11988e-05
46 72 1.51318e-05
47 72 1.54031e-06
48 72 9.35075e-05
49 72 0.00018693
50 72 1.88361e-05
51 72 1.18773e-05
52 72 4.10728e-07
53 72 9.90318e-07
54 72 1.71883e-07
55 72 2.65231e-07
56 72 1.2282e-06
57 72 2.71582e-07
58 72 0.00117297
59 72 3.34816e-05
0 73 2.93995e-06
1 73 1.06912e-06
2 73 8.27974e-08
3 73 1.00669e-06
4 73 2.80979e-06
5 73 1.65041e-06
6 73 8.68447e-06
7 73 7.07686e-06
8 73 1.37474e-06
9 73 2.09078e-06
10 73 6.48573e-07
11 73 5.01059e-08
12 73 1.87576e-06
13 73 1.53138e-06
14 73 4.9579e-07
15 73 2.39673e-06
16 73 9.87894e-09
17 73 5.3738e-11
18 73 1.21162e-07
19 73 1.05136e-07
20 73 1.09045e-07
21 73 7.58372e-08
22 73 3.00774e-07
23 73 7.36506e-08
24 73 2.51496e-08
25 73 1.80981e-07
26 73 4.66986e-08
27 73 4.97903e-08
28 73 1.16291e-07
29 73 1.03818e-08
30 73 6.17089e-10
31 73 1.36083e-10
32 73 2.41433e-08
33 73 3.11692e-07
34 73 2.27999e-07
35 73 1.26204e-06
36 73 2.88394e-08
37 73 1.04663e-07
38 73 1.26842e-07
39 73 4.35354e-08
40 73 2.31186e-05
41 73 3.60748e-05
42 73 0.000733945
43 73 0.000480793
44 73 6.11988e-05
45 73 0.000151843
46 73 1.54031e-06
47 73 1.51318e-05
48 73 0.00018693
49 73 9.35074e-05
50 73 1.18774e-05
51 73 1.88362e-05
52 73 9.90352e-07
53 73 4.10724e-07
54 73 2.65219e-07
55 73 1.71874e-07
56 73 2.71566e-07
57 73 1.2282e-06
58 73 3.34819e-05
59 73 0.00117297
0 74 1.8194e-07
1 74 1.93688e-07
2 74 1.0122e-05
3 74 6.31657e-07
4 74 3.73103e-07
5 74 1.49911e-06
6 74 6.26454e-07
7 74 9.68251e-06
8 74 2.38023e-06
9 74 1.45298e-06
10 74 9.54692e-08
11 74 9.65794e-08
12 74 7.10724e-07
13 74 1.40189e-06
14 74 1.40175e-07
15 74 1.48822e-07
16 74 2.62492e-07
17 74 5.07434e-07
18 74 1.28364e-08
19 74 1.44863e-07
20 74 5.25519e-08
21 74 1.013e-07
22 74 1.02742e-08
23 74 2.07791e-07
24 74 1.02534e-07
25 74 3.19112e-08
26 74 6.39283e-08
27 74 1.76883e-08
28 74 2.55022e-09
29 74 1.15281e-08
30 74 3.30245e-08
31 74 1.26517e-07
32 74 6.17349e-07
33 74 4.70063e-07
34 74 2.11015e-07
35 74 2.6544e-07
36 74 4.09279e-08
37 74 3.77607e-08
38 74 1.70141e-08
39 74 2.47865e-09
40 74 6.16967e-05
41 74 0.000108027
42 74 0.000147672
43 74 0.000447825
44 74 2.00761e-05
45 74 1.18896e-06
46 74 3.73186e-05
47 74 2.2037e-05
48 74 0.000165363
49 74 0.000629664
50 74 1.18213e-06
51 74 2.39997e-06
52 74 1.01083e-07
53 74 9.45315e-07
54 74 8.02463e-08
55 74 7.99335e-08
56 74 3.68524e-09
57 74 1.19992e-09
58 74 0.000820073
59 74 0.000231338
0 75 1.93554e-07
1 75 1.81676e-07
2 75 6.31628e-07
3 75 1.01228e-05
4 75 1.49836e-06
5 75 3.72861e-07
6 75 9.68289e-06
7 75 6.26739e-07
8 75 1.45253e-06
9 75 2.37985e-06
10 75 9.65301e-08
11 75 9.54699e-08
12 75 1.40179e-06
13 75 7.10794e-07
14 75 1.48777e-07
15 75 1.40187e-07
16 75 5.07474e-07
17 75 2.62519e-07
18 75 1.44842e-07
19 75 1.28225e-08
20 75 1.01296e-07
21 75 5.25568e-08
22 75 2.07758e-07
23 75 1.02736e-08
24 75 3.19158e-08
25 75 1.02533e-07
26 75 1.76901e-08
27 75 6.3919e-08
28 75 1.15299e-08
29 75 2.55234e-09
30 75 1.2652e-07
31 75 3.30295e-08
32 75 4.7005e-07
33 75 6.17359e-07
34 75 2.65431e-07
35 75 2.11018e-07
36 75 3.77629e-08
37 75 4.09274e-08
38 75 2.47827e-09
39 75 1.70129e-08
40 75 0.000108027
41 75 6.16965e-05
42 75 0.000447826
43 75 0.000147672
44 75 1.18897e-06
45 75 2.0076e-05
46 75 2.20371e-05
47 75 3.73186e-05
48 75 0.000629664
49 75 0.000165363
50 75 2.39995e-06
51 75 1.18212e-06
52 75 9.45332e-07
53 75 1.01073e-07
54 75 7.99233e-08
55 75 8.02576e-08
56 75 1.20027e-09
57 75 3.68344e-09
58 75 0.000231339
59 75 0.000820073
0 76 7.6088e-07
1 76 1.45625e-06
2 76 5.60456e-08
3 76 2.00788e-07
4 76 2.25324e-07
5 76 2.16918e-08
6 76 8.72921e-07
7 76 1.40291e-07
8 76 1.46069e-07
9 76 3.19702e-08
10 76 2.0406e-07
11 76 5.32424e-08
12 76 1.92653e-08
13 76 1.73261e-07
14 76 4.52933e-08
15 76 1.17076e-07
16 76 1.9166e-06
17 76 4.70265e-07
18 76 6.26065e-06
19 76 1.44446e-07
20 76 5.89838e-08
21 76 8.21675e-07
22 76 3.73158e-08
23 76 9.29334e-10
24 76 2.11602e-09
25 76 5.00969e-08
26 76 9.90763e-09
27 76 4.90524e-08
28 76 8.32569e-09
29 76 2.23693e-09
30 76 1.87419e-07
31 76 8.40341e-07
32 76 8.05266e-08
33 76 6.33896e-08
34 76 8.13239e-09
35 76 2.92351e-09
36 76 1.08267e-09
37 76 1.82774e-10
38 76 4.55087e-07
39 76 3.64615e-06
40 76 1.04038e-06
41 76 5.02244e-06
42 76 4.76437e-05
43 76 1.27997e-06
44 76 4.81884e-06
45 76 2.73989e-05
46 76 4.13251e-05
47 76 0.00071803
48 76 1.49977e-05
49 76 4.07617e-05
50 76 1.08227e-05
51 76 1.6608e-06
52 76 1.02925e-06
53 76 2.0825e-07
54 76 1.81294e-08
55 76 1.62208e-08
56 76 1.76712e-09
57 76 2.73859e-08
58 76 4.00867e-05
59 76 2.82564e-05
0 77 1.4561e-06
1 77 7.61017e-07
2 77 2.0088e-07
3 77 5.60881e-08
4 77 2.17132e-08
5 77 2.25317e-07
6 77 1.40234e-07
7 77 8.73011e-07
8 77 3.20157e-08
9 77 1.46099e-07
10 77 5.32458e-08
11 77 2.04074e-07
12 77 1.73282e-07
13 77 1.92656e-08
14 77 1.17057e-07
15 77 4.52749e-08
16 77 4.70234e-07
17 77 1.91655e-06
18 77 1.44452e-07
19 77 6.26092e-06
20 77 8.21683e-07
21 77 5.89895e-08
22 77 9.29721e-10
23 77 3.73155e-08
24 77 5.00935e-08
25 77 2.11612e-09
26 77 4.90553e-08
27 77 9.90976e-09
28 77 2.23742e-09
29 77 8.32744e-09
30 77 8.40347e-07
31 77 1.87424e-07
32 77 6.33834e-08
33 77 8.05189e-08
34 77 2.92566e-09
35 77 8.13262e-09
36 77 1.82761e-10
37 77 1.08226e-09
38 77 3.64614e-06
39 77 4.55095e-07
40 77 5.02243e-06
41 77 1.04039e-06
42 77 1.27999e-06
43 77 4.76437e-05
44 77 2.73989e-05
45 77 4.81884e-06
46 77 0.000718029
47 77 4.13248e-05
48 77 4.07618e-05
49 77 1.49977e-05
50 77 1.66077e-06
51 77 1.08228e-05
52 77 2.08244e-07
53 77 1.02925e-06
54 77 1.62269e-08
55 77 1.81289e-08
56 77 2.73894e-08
57 77 1.76741e-09
58 77 2.82563e-05
59 77 4.00868e-05
0 78 2.34904e-08
1 78 1.30395e-08
2 78 4.28469e-09
3 78 4.1043e-09
4 78 9.30757e-09
5 78 1.34361e-07
6 78 9.07139e-07
7 78 1.77448e-06
8 78 5.17613e-08
9 78 7.33924e-07
10 78 8.99896e-09
11 78 2.75939e-08
12 78 3.33387e-10
13 78 1.95211e-10
14 78 1.89126e-06
15 78 4.6239e-07
16 78 7.83811e-09
17 78 6.36808e-08
18 78 3.25669e-10
19 78 1.41985e-08
20 78 6.75415e-09
21 78 7.26791e-10
22 78 1.60914e-07
23 78 7.42938e-07
24 78 4.90733e-07
25 78 1.88174e-08
26 78 2.99654e-07
27 78 8.83905e-08
28 78 3.68935e-07
29 78 1.85702e-06
30 78 8.04529e-09
31 78 5.83008e-09
32 78 1.08388e-07
33 78 7.08199e-08
34 78 3.69542e-09
35 78 2.15759e-09
36 78 6.26541e-08
37 78 2.73932e-07
38 78 1.49166e-08
39 78 2.24679e-09
40 78 0.00091772
41 78 0.000155864
42 78 5.77577e-07
43 78 1.08078e-05
44 78 5.12766e-08
45 78 1.21177e-08
46 78 1.17664e-06
47 78 7.31572e-11
48 78 2.08672e-05
49 78 4.48626e-06
50 78 7.25562e-08
51 78 2.05147e-07
52 78 4.98859e-09
53 78 2.39761e-08
54 78 1.23568e-06
55 78 1.3305e-06
56 78 1.31072e-06
57 78 7.8468e-08
58 78 0.000933454
59 78 0.000859436
0 79 1.3043e-08
1 79 2.35285e-08
2 79 4.11007e-09
3 79 4.29213e-09
4 79 1.34373e-07
5 79 9.28764e-09
6 79 1.77435e-06
7 79 9.07244e-07
8 79 7.34065e-07
9 79 5.17768e-08
10 79 2.76008e-08
11 79 8.9961e-09
12 79 1.95784e-10
13 79 3.31088e-10
14 79 4.62342e-07
15 79 1.89114e-06
16 79 6.36722e-08
17 79 7.82857e-09
18 79 1.4197e-08
19 79 3.2759e-10
20 79 7.27012e-10
21 79 6.75392e-09
22 79 7.4293e-07
23 79 1.6091e-07
24 79 1.88218e-08
25 79 4.90752e-07
26 79 8.83845e-08
27 79 2.99645e-07
28 79 1.85704e-06
29 79 3.68933e-07
30 79 5.82991e-09
31 79 8.04413e-09
32 79 7.08169e-08
33 79 1.08389e-07
34 79 2.15744e-09
35 79 3.69574e-09
36 79 2.73938e-07
37 79 6.26576e-08
38 79 2.24699e-09
39 79 1.49139e-08
40 79 0.000155864
41 79 0.00091772
42 79 1.08078e-05
43 79 5.77555e-07
44 79 1.2117e-08
45 79 5.12758e-08
46 79 7.30372e-11
47 79 1.17662e-06
48 79 4.4863e-06
49 79 2.08672e-05
50 79 2.05154e-07
51 79 7.25591e-08
52 79 2.39812e-08
53 79 4.98735e-09
54 79 1.3305e-06
55 79 1.23569e-06
56 79 7.84619e-08
57 79 1.31074e-06
58 79 0.000859435
59 79 0.000933455
0 80 4.5933e-09
1 80 7.88486e-10
2 80 1.53914e-10
3 80 1.16255e-09
4 80 2.78345e-09
5 80 1.63275e-09
6 80 1.56153e-09
7 80 1.70323e-11
8 80 1.36449e-08
9 80 8.74239e-11
10 80 1.02858e-07
11 80 8.05119e-08
12 80 2.36227e-09
13 80 6.84157e-09
14 80 6.86862e-09
15 80 1.99353e-08
16 80 1.20238e-08
17 80 6.77888e-09
18 80 3.22429e-09
19 80 2.41714e-09
20 80 6.56961e-08
21 80 2.84513e-08
22 80 4.88601e-06
23 80 3.55883e-06
24 80 2.78607e-06
25 80 1.12146e-05
26 80 5.42195e-07
27 80 2.48585e-06
28 80 1.59447e-07
29 80 7.48096e-08
30 80 8.52901e-06
31 80 1.58923e-06
32 80 2.40255e-06
33 80 2.3667e-06
34 80 8.06772e-06
35 80 2.26947e-05
36 80 6.58873e-05
37 80 0.000291625
38 80 6.96919e-06
39 80 2.01014e-06
40 80 1.99257e-07
41 80 1.1816e-07
42 80 1.43562e-09
43 80 1.1716e-09
44 80 2.70504e-08
45 80 2.51164e-07
46 80 3.17169e-10
47 80 4.8556e-10
48 80 1.36899e-08
49 80 3.09063e-09
50 80 3.04973e-09
51 80 6.30262e-09
52 80 8.59088e-09
53 80 5.86074e-10
54 80 1.53827e-07
55 80 3.01274e-08
56 80 2.81654e-05
57 80 7.72181e-05
58 80 5.99774e-08
59 80 4.19798e-07
0 81 7.85451e-10
1 81 4.60443e-09
2 81 1.15473e-09
3 81 1.53509e-10
4 81 1.62972e-09
5 81 2.79922e-09
6 81 1.76448e-11
7 81 1.56849e-09
8 81 8.91547e-11
9 81 1.36503e-08
10 81 8.04583e-08
11 81 1.02853e-07
12 81 6.85799e-09
13 81 2.35934e-09
14 81 1.99361e-08
15 81 6.85684e-09
16 81 6.77392e-09
17 81 1.20195e-08
18 81 2.41833e-09
19 81 3.21678e-09
20 81 2.84439e-08
21 81 6.56912e-08
22 81 3.55893e-06
23 81 4.88607e-06
24 81 1.12146e-05
25 81 2.78608e-06
26 81 2.48587e-06
27 81 5.42192e-07
28 81 7.48003e-08
29 81 1.59438e-07
30 81 1.58922e-06
31 81 8.52906e-06
32 81 2.36667e-06
33 81 2.40255e-06
34 81 2.26947e-05
35 81 8.06783e-06
36 81 0.000291626
37 81 6.58872e-05
38 81 2.01014e-06
39 81 6.96918e-06
40 81 1.18148e-07
41 81 1.99252e-07
42 81 1.17203e-09
43 81 1.43536e-09
44 81 2.51155e-07
45 81 2.70492e-08
46 81 4.85441e-10
47 81 3.17065e-10
48 81 3.08978e-09
49 81 1.36915e-08
50 81 6.30029e-09
51 81 3.05096e-09
52 81 5.85927e-10
53 81 8.59194e-09
54 81 3.01277e-08
55 81 1.53834e-07
56 81 7.72182e-05
57 81 2.81655e-05
58 81 4.19763e-07
59 81 5.99806e-08
0 82 2.52617e-09
1 82 8.34294e-09
2 82 1.28194e-09
3 82 1.05922e-09
4 82 6.62402e-09
5 82 3.90052e-08
6 82 7.01119e-09
7 82 6.70311e-09
8 82 2.48506e-09
9 82 5.57663e-09
10 82 4.90766e-09
11 82 1.01146e-08
12 82 2.6037e-07
13 82 5.20857e-08
14 82 1.63923e-09
15 82 8.11834e-10
16 82 3.90231e-09
17 82 1.87779e-08
18 82 9.62213e-10
19 82 1.4653e-08
20 82 2.71761e-08
21 82 8.0771e-11
22 82 2.03893e-08
23 82 1.9328e-08
24 82 5.34833e-07
25 82 4.28164e-07
26 82 4.03564e-07
27 82 4.76749e-07
28 82 1.95744e-06
29 82 2.88534e-06
30 82 2.44302e-07
31 82 2.59888e-08
32 82 7.26378e-08
33 82 5.40128e-07
34 82 4.4508e-05
35 82 0.000247677
36 82 4.89793e-06
37 82 3.55184e-05
38 82 3.11893e-06
39 82 4.76519e-07
40 82 1.86066e-07
41 82 1.31649e-07
42 82 1.97675e-10
43 82 1.88407e-09
44 82 4.36778e-08
45 82 2.87626e-09
46 82 1.30384e-08
47 82 3.90394e-09
48 82 5.65024e-09
49 82 3.12667e-10
50 82 6.34012e-08
51 82 6.79866e-07
52 82 1.15561e-07
53 82 3.02691e-07
54 82 3.77029e-05
55 82 1.15473e-05
56 82 2.5342e-06
57 82 1.01796e-06
58 82 8.78257e-08
59 82 4.95238e-07
0 83 8.36038e-09
1 83 2.53286e-09
2 83 1.0686e-09
3 83 1.26128e-09
4 83 3.89629e-08
5 83 6.59814e-09
6 83 6.68849e-09
7 83 7.0079e-09
8 83 5.5734e-09
9 83 2.47395e-09
10 83 1.01187e-08
11 83 4.89387e-09
12 83 5.21086e-08
13 83 2.60353e-07
14 83 8.13569e-10
15 83 1.64121e-09
16 83 1.87956e-08
17 83 3.89734e-09
18 83 1.46527e-08
19 83 9.57286e-10
20 83 8.07378e-11
21 83 2.71814e-08
22 83 1.93263e-08
23 83 2.03817e-08
24 83 4.2815e-07
25 83 5.34851e-07
26 83 4.76716e-07
27 83 4.0358e-07
28 83 2.88533e-06
29 83 1.95745e-06
30 83 2.59846e-08
31 83 2.44306e-07
32 83 5.4014e-07
33 83 7.2638e-08
34 83 0.000247677
35 83 4.45081e-05
36 83 3.55186e-05
37 83 4.89792e-06
38 83 4.76516e-07
39 83 3.11894e-06
40 83 1.31642e-07
41 83 1.86063e-07
42 83 1.8843e-09
43 83 1.97498e-10
44 83 2.87597e-09
45 83 4.36754e-08
46 83 3.90312e-09
47 83 1.30377e-08
48 83 3.12871e-10
49 83 5.6481e-09
50 83 6.79867e-07
51 83 6.33932e-08
52 83 3.02688e-07
53 83 1.15559e-07
54 83 1.15473e-05
55 83 3.77028e-05
56 83 1.01792e-06
57 83 2.53424e-06
58 83 4.95205e-07
59 83 8.78293e-08
0 84 2.44409e-09
1 84 1.97487e-08
2 84 9.41296e-10
3 84 9.36653e-12
4 84 7.5895e-13
5 84 3.48208e-12
6 84 1.83745e-08
7 84 7.03235e-09
8 84 8.43377e-10
9 84 2.69783e-08
10 84 8.24187e-09
11 84 2.7388e-08
12 84 1.56764e-09
13 84 8.7115e-10
14 84 3.42945e-09
15 84 2.12508e-09
16 84 1.02556e-07
17 84 1.39575e-07
18 84 1.1252e-07
19 84 8.94721e-08
20 84 1.31755e-08
21 84 2.96965e-08
22 84 3.83712e-07
23 84 4.88348e-07
24 84 4.58969e-07
25 84 3.56459e-07
26 84 1.22589e-05
27 84 1.04603e-05
28 84 6.36174e-07
29 84 1.01995e-06
30 84 4.05129e-06
31 84 1.60077e-05
32 84 6.17343e-07
33 84 1.04284e-07
34 84 1.11001e-05
35 84 2.34312e-06
36 84 9.13741e-06
37 84 5.61002e-06
38 84 5.31082e-05
39 84 0.000135463
40 84 5.58215e-09
41 84 3.07235e-09
42 84 3.75874e-09
43 84 5.67362e-09
44 84 5.72701e-09
45 84 6.09288e-09
46 84 1.11776e-08
47 84 1.41378e-09
48 84 9.82666e-08
49 84 4.73406e-07
50 84 1.25164e-08
51 84 1.63134e-08
52 84 1.30761e-07
53 84 1.7438e-07
54 84 5.48711e-07
55 84 5.22934e-07
56 84 9.97351e-06
57 84 2.98454e-06
58 84 2.71489e-08
59 84 6.98508e-10
0 85 1.97542e-08
1 85 2.44648e-09
2 85 8.95422e-12
3 85 9.43362e-10
4 85 3.57394e-12
5 85 1.02896e-12
6 85 7.0348e-09
7 85 1.83804e-08
8 85 2.69551e-08
9 85 8.39377e-10
10 85 2.7369e-08
11 85 8.24077e-09
12 85 8.68334e-10
13 85 1.56536e-09
14 85 2.12374e-09
15 85 3.42873e-09
16 85 1.39594e-07
17 85 1.02541e-07
18 85 8.94483e-08
19 85 1.12554e-07
20 85 2.96913e-08
21 85 1.31765e-08
22 85 4.88322e-07
23 85 3.83716e-07
24 85 3.56475e-07
25 85 4.58959e-07
26 85 1.04601e-05
27 85 1.22588e-05
28 85 1.01993e-06
29 85 6.362e-07
30 85 1.60076e-05
31 85 4.05134e-06
32 85 1.04279e-07
33 85 6.17333e-07
34 85 2.34311e-06
35 85 1.11002e-05
36 85 5.61e-06
37 85 9.13732e-06
38 85 0.000135463
39 85 5.31081e-05
40 85 3.07168e-09
41 85 5.58245e-09
42 85 5.67445e-09
43 85 3.759e-09
44 85 6.09288e-09
45 85 5.72604e-09
46 85 1.41415e-09
47 85 1.11785e-08
48 85 4.73411e-07
49 85 9.82752e-08
50 85 1.63132e-08
51 85 1.25162e-08
52 85 1.74375e-07
53 85 1.30768e-07
54 85 5.22934e-07
55 85 5.48701e-07
56 85 2.98451e-06
57 85 9.97343e-06
58 85 6.99195e-10
59 85 2.71564e-08
0 86 6.75125e-09
1 86 7.41017e-09
2 86 1.8895e-08
3 86 1.94126e-07
4 86 8.54627e-10
5 86 4.54461e-10
6 86 4.24569e-09
7 86 6.01849e-09
8 86 2.20311e-08
9 86 1.23654e-10
10 86 2.32299e-08
11 86 5.67245e-09
12 86 1.3418e-11
13 86 7.6024e-12
14 86 5.91176e-09
15 86 4.06987e-08
16 86 3.0967e-08
17 86 3.434e-08
18 86 1.63531e-07
19 86 1.35365e-07
20 86 4.20682e-07
21 86 4.80682e-07
22 86 1.74444e-05
23 86 5.79166e-07
24 86 2.82021e-06
25 86 2.77677e-05
26 86 6.64721e-06
27 86 7.62924e-06
28 86 2.11457e-05
29 86 4.79496e-06
30 86 1.25908e-05
31 86 5.86016e-06
32 86 9.47077e-06
33 86 6.20878e-05
34 86 1.3149e-06
35 86 7.10907e-06
36 86 7.6603e-07
37 86 7.09826e-07
38 86 5.30261e-06
39 86 3.27927e-06
40 86 6.47375e-08
41 86 9.71357e-08
42 86 3.7435e-07
43 86 2.10332e-07
44 86 2.70997e-09
45 86 4.4248e-08
46 86 3.88512e-09
47 86 2.62697e-08
48 86 5.13518e-08
49 86 1.63998e-08
50 86 2.14498e-08
51 86 2.76749e-08
52 86 2.36125e-06
53 86 1.29759e-06
54 86 1.30377e-05
55 86 4.89344e-06
56 86 1.72997e-06
57 86 8.46664e-06
58 86 1.47116e-08
59 86 1.47148e-07
0 87 7.42595e-09
1 87 6.75292e-09
2 87 1.94153e-07
3 87 1.89026e-08
4 87 4.53711e-10
5 87 8.52993e-10
6 87 6.01691e-09
7 87 4.24164e-09
8 87 1.23358e-10
9 87 2.20102e-08
10 87 5.67378e-09
11 87 2.32319e-08
12 87 7.70823e-12
13 87 1.33253e-11
14 87 4.07111e-08
15 87 5.91354e-09
16 87 3.43351e-08
17 87 3.09986e-08
18 87 1.35337e-07
19 87 1.6353e-07
20 87 4.80656e-07
21 87 4.20692e-07
22 87 5.7915e-07
23 87 1.74446e-05
24 87 2.77678e-05
25 87 2.82023e-06
26 87 7.62937e-06
27 87 6.64723e-06
28 87 4.79486e-06
29 87 2.11457e-05
30 87 5.8602e-06
31 87 1.2591e-05
32 87 6.20876e-05
33 87 9.47082e-06
34 87 7.10904e-06
35 87 1.31489e-06
36 87 7.09808e-07
37 87 7.66034e-07
38 87 3.27933e-06
39 87 5.30266e-06
40 87 9.71477e-08
41 87 6.47356e-08
42 87 2.10323e-07
43 87 3.74367e-07
44 87 4.42522e-08
45 87 2.70833e-09
46 87 2.62705e-08
47 87 3.88495e-09
48 87 1.6399e-08
49 87 5.13529e-08
50 87 2.76813e-08
51 87 2.14495e-08
52 87 1.29759e-06
53 87 2.36125e-06
54 87 4.89345e-06
55 87 1.30379e-05
56 87 8.46659e-06
57 87 1.72993e-06
58 87 1.47128e-07
59 87 1.47111e-08
0 88 1.68421e-08
1 88 4.97573e-08
2 88 3.60905e-08
3 88 4.07883e-09
4 88 6.88587e-09
5 88 6.51249e-09
6 88 2.11961e-08
7 88 7.15385e-09
8 88 1.46322e-08
9 88 8.33771e-09
10 88 5.3709e-09
11 88 1.15024e-08
12 88 1.82778e-10
13 88 4.94165e-11
14 88 7.31836e-08
15 88 1.25339e-08
16 88 2.77154e-07
17 88 3.99055e-08
18 88 1.80029e-07
19 88 4.27813e-08
20 88 1.60145e-07
21 88 6.48105e-07
22 88 2.13622e-05
23 88 6.56476e-06
24 88 5.33984e-06
25 88 1.33067e-05
26 88 5.75906e-06
27 88 1.8594e-05
28 88 3.74332e-06
29 88 5.58468e-06
30 88 1.33989e-05
31 88 4.36924e-05
32 88 3.67357e-05
33 88 7.47017e-07
34 88 1.69639e-06
35 88 2.75817e-08
36 88 1.02846e-06
37 88 9.4823e-07
38 88 2.78134e-06
39 88 6.46043e-06
40 88 3.50137e-09
41 88 3.38648e-10
42 88 2.05943e-08
43 88 7.342e-09
44 88 1.27132e-07
45 88 1.96075e-07
46 88 1.04789e-07
47 88 2.27111e-07
48 88 1.02896e-07
49 88 1.1053e-07
50 88 5.56484e-10
51 88 4.51395e-09
52 88 7.37141e-06
53 88 3.69807e-06
54 88 3.52329e-08
55 88 1.54671e-05
56 88 5.43509e-06
57 88 4.63356e-06
58 88 2.08598e-07
59 88 6.45224e-09
0 89 4.97564e-08
1 89 1.68565e-08
2 89 4.08145e-09
3 89 3.6129e-08
4 89 6.51598e-09
5 89 6.88583e-09
6 89 7.15302e-09
7 89 2.11891e-08
8 89 8.33988e-09
9 89 1.46276e-08
10 89 1.14946e-08
11 89 5.37772e-09
12 89 4.89894e-11
13 89 1.8325e-10
14 89 1.25298e-08
15 89 7.31866e-08
16 89 3.99151e-08
17 89 2.7722e-07
18 89 4.27722e-08
19 89 1.80042e-07
20 89 6.48073e-07
21 89 1.60124e-07
22 89 6.56459e-06
23 89 2.13623e-05
24 89 1.33066e-05
25 89 5.33972e-06
26 89 1.85938e-05
27 89 5.75895e-06
28 89 5.58485e-06
29 89 3.74324e-06
30 89 4.36922e-05
31 89 1.33987e-05
32 89 7.47009e-07
33 89 3.67356e-05
34 89 2.75836e-08
35 89 1.69637e-06
36 89 9.48216e-07
37 89 1.02847e-06
38 89 6.4605e-06
39 89 2.78132e-06
40 89 3.38597e-10
41 89 3.50328e-09
42 89 7.34312e-09
43 89 2.05867e-08
44 89 1.96085e-07
45 89 1.27133e-07
46 89 2.27096e-07
47 89 1.04797e-07
48 89 1.10533e-07
49 89 1.02905e-07
50 89 4.51693e-09
51 89 5.55654e-10
52 89 3.69796e-06
53 89 7.3714e-06
54 89 1.54671e-05
55 89 3.52328e-08
56 89 4.63356e-06
57 89 5.43508e-06
58 89 6.44752e-09
59 89 2.08608e-07
0 90 2.9019e-08
1 90 2.02558e-08
2 90 1.28895e-08
3 90 2.06027e-09
4 90 7.97941e-09
5 90 1.61681e-08
6 90 2.61206e-12
7 90 4.41827e-10
8 90 3.16314e-09
9 90 1.58096e-08
10 90 9.52438e-09
11 90 9.44373e-08
12 90 1.18801e-09
13 90 1.65945e-10
14 90 4.61857e-09
15 90 9.85669e-10
16 90 3.65229e-08
17 90 6.72236e-08
18 90 5.01573e-08
19 90 6.1308e-08
20 90 1.39696e-06
21 90 9.28917e-07
22 90 1.35129e-05
23 90 2.00981e-05
24 90 0.000118731
25 90 5.52631e-05
26 90 3.66254e-06
27 90 3.94305e-06
28 90 1.53424e-07
29 90 2.93659e-07
30 90 1.0967e-05
31 90 1.47141e-05
32 90 1.39443e-06
33 90 4.24979e-06
34 90 1.38268e-06
35 90 6.15584e-07
36 90 8.31215e-07
37 90 1.0728e-06
38 90 7.36163e-07
39 90 1.04328e-06
40 90 1.91983e-08
41 90 6.80394e-10
42 90 3.67468e-09
43 90 4.10643e-08
44 90 7.32565e-08
45 90 2.86482e-08
46 90 3.55062e-08
47 90 1.54201e-08
48 90 2.77694e-08
49 90 3.68688e-08
50 90 3.40104e-09
51 90 1.97594e-09
52 90 5.84683e-07
53 90 1.15764e-06
54 90 4.95906e-06
55 90 5.7675e-06
56 90 0.000208503
57 90 3.01692e-05
58 90 1.16644e-07
59 90 1.93498e-07
0 91 2.02775e-08
1 91 2.90312e-08
2 91 2.0611e-09
3 91 1.2914e-08
4 91 1.61642e-08
5 91 8.003e-09
6 91 4.37421e-10
7 91 2.34042e-12
8 91 1.58229e-08
9 91 3.16827e-09
10 91 9.44823e-08
11 91 9.50611e-09
12 91 1.67541e-10
13 91 1.18835e-09
14 91 9.85105e-10
15 91 4.61644e-09
16 91 6.72346e-08
17 91 3.64951e-08
18 91 6.13161e-08
19 91 5.01643e-08
20 91 9.28977e-07
21 91 1.397e-06
22 91 2.00979e-05
23 91 1.3513e-05
24 91 5.52625e-05
25 91 0.00011873
26 91 3.94298e-06
27 91 3.66254e-06
28 91 2.93681e-07
29 91 1.53398e-07
30 91 1.47141e-05
31 91 1.0967e-05
32 91 4.24979e-06
33 91 1.39443e-06
34 91 6.15589e-07
35 91 1.3827e-06
36 91 1.07281e-06
37 91 8.31177e-07
38 91 1.04329e-06
39 91 7.36152e-07
40 91 6.81419e-10
41 91 1.91995e-08
42 91 4.10677e-08
43 91 3.67516e-09
44 91 2.86499e-08
45 91 7.32455e-08
46 91 1.54184e-08
47 91 3.54991e-08
48 91 3.68694e-08
49 91 2.77658e-08
50 91 1.97604e-09
51 91 3.4017e-09
52 91 1.15762e-06
53 91 5.84741e-07
54 91 5.76752e-06
55 91 4.95887e-06
56 91 3.01692e-05
57 91 0.000208503
58 91 1.93514e-07
59 91 1.16687e-07
0 92 2.47198e-08
1 92 1.50196e-09
2 92 2.90419e-09
3 92 4.54884e-09
4 92 2.18851e-07
5 92 5.03973e-08
6 92 6.53324e-09
7 92 7.41524e-11
8 92 2.10525e-09
9 92 2.75293e-10
10 92 9.69533e-09
11 92 1.02616e-09
12 92 1.9055e-09
13 92 6.00325e-10
14 92 1.68482e-08
15 92 5.55143e-09
16 92 9.46048e-08
17 92 1.94025e-08
18 92 4.76462e-08
19 92 7.92868e-08
20 92 5.148e-07
21 92 2.08203e-07
22 92 0.0001286
23 92 2.45058e-05
24 92 7.74666e-06
25 92 2.18087e-05
26 92 6.24559e-07
27 92 4.09156e-07
28 92 3.68729e-07
29 92 6.40252e-08
30 92 1.82152e-06
31 92 1.01188e-06
32 92 4.15525e-05
33 92 1.07901e-05
34 92 3.4974e-06
35 92 5.20125e-07
36 92 3.13787e-08
37 92 1.32096e-07
38 92 3.58435e-11
39 92 1.73553e-07
40 92 3.89195e-09
41 92 1.16726e-08
42 92 2.21992e-07
43 92 5.3395e-08
44 92 1.14252e-09
45 92 3.12278e-09
46 92 4.04489e-09
47 92 1.40052e-08
48 92 3.42634e-10
49 92 1.50479e-09
50 92 8.32324e-08
51 92 5.88603e-09
52 92 3.06223e-07
53 92 4.60587e-08
54 92 1.98035e-05
55 92 0.000154545
56 92 3.94633e-06
57 92 9.85388e-06
58 92 3.37055e-07
59 92 4.30114e-07
0 93 1.50561e-09
1 93 2.47503e-08
2 93 4.55295e-09
3 93 2.89591e-09
4 93 5.03731e-08
5 93 2.18866e-07
6 93 7.43218e-11
7 93 6.53626e-09
8 93 2.75596e-10
9 93 2.09174e-09
10 93 1.02714e-09
11 93 9.70052e-09
12 93 5.97145e-10
13 93 1.90734e-09
14 93 5.54398e-09
15 93 1.68502e-08
16 93 1.94031e-08
17 93 9.46076e-08
18 93 7.9306e-08
19 93 4.76573e-08
20 93 2.08198e-07
21 93 5.14828e-07
22 93 2.45061e-05
23 93 0.000128601
24 93 2.18087e-05
25 93 7.74658e-06
26 93 4.09132e-07
27 93 6.24605e-07
28 93 6.40104e-08
29 93 3.68713e-07
30 93 1.01187e-06
31 93 1.82151e-06
32 93 1.07901e-05
33 93 4.15525e-05
34 93 5.20108e-07
35 93 3.49735e-06
36 93 1.32088e-07
37 93 3.13708e-08
38 93 1.73549e-07
39 93 3.57315e-11
40 93 1.16744e-08
41 93 3.89445e-09
42 93 5.33968e-08
43 93 2.21987e-07
44 93 3.12066e-09
45 93 1.14394e-09
46 93 1.40005e-08
47 93 4.04368e-09
48 93 1.50372e-09
49 93 3.42499e-10
50 93 5.88267e-09
51 93 8.32309e-08
52 93 4.60656e-08
53 93 3.06221e-07
54 93 0.000154545
55 93 1.98035e-05
56 93 9.85405e-06
57 93 3.94641e-06
58 93 4.30133e-07
59 93 3.37034e-07
0 94 1.95198e-07
1 94 9.35904e-08
2 94 3.17688e-08
3 94 1.45989e-07
4 94 1.61247e-08
5 94 4.06956e-10
6 94 7.44176e-08
7 94 1.98662e-08
8 94 1.42604e-07
9 94 4.13784e-08
10 94 3.71047e-10
11 94 1.16409e-10
12 94 1.04766e-08
13 94 2.43086e-08
14 94 1.44921e-08
15 94 5.70898e-08
16 94 3.32525e-08
17 94 9.99404e-09
18 94 3.17509e-08
19 94 4.91237e-09
20 94 1.2863e-05
21 94 2.171e-05
22 94 7.096e-06
23 94 1.63295e-06
24 94 4.39093e-07
25 94 1.76614e-05
26 94 1.54127e-05
27 94 9.99813e-05
28 94 5.99808e-07
29 94 3.78972e-08
30 94 4.1132e-05
31 94 3.39355e-05
32 94 2.7706e-07
33 94 3.37735e-07
34 94 7.88669e-08
35 94 7.96014e-08
36 94 2.19916e-09
37 94 5.38962e-10
38 94 5.55148e-07
39 94 6.57135e-07
40 94 2.75605e-07
41 94 4.08318e-07
42 94 2.93718e-07
43 94 2.12689e-08
44 94 9.5352e-09
45 94 3.93436e-07
46 94 1.127e-12
47 94 1.29489e-09
48 94 1.04471e-09
49 94 1.48979e-09
50 94 1.0643e-07
51 94 5.03471e-08
52 94 5.41037e-05
53 94 2.74734e-06
54 94 3.04733e-06
55 94 4.29067e-06
56 94 7.57416e-06
57 94 0.000159167
58 94 4.87169e-08
59 94 1.54705e-07
0 95 9.36271e-08
1 95 1.95183e-07
2 95 1.46002e-07
3 95 3.18135e-08
4 95 4.04741e-10
5 95 1.61117e-08
6 95 1.98925e-08
7 95 7.43994e-08
8 95 4.13387e-08
9 95 1.42613e-07
10 95 1.16241e-10
11 95 3.70298e-10
12 95 2.43221e-08
13 95 1.04778e-08
14 95 5.71039e-08
15 95 1.44838e-08
16 95 9.99114e-09
17 95 3.32434e-08
18 95 4.91322e-09
19 95 3.1765e-08
20 95 2.17098e-05
21 95 1.28628e-05
22 95 1.63297e-06
23 95 7.09605e-06
24 95 1.76614e-05
25 95 4.39081e-07
26 95 9.99813e-05
27 95 1.54127e-05
28 95 3.79064e-08
29 95 5.99809e-07
30 95 3.39354e-05
31 95 4.1132e-05
32 95 3.37729e-07
33 95 2.77068e-07
34 95 7.95993e-08
35 95 7.88623e-08
36 95 5.38802e-10
37 95 2.19816e-09
38 95 6.57123e-07
39 95 5.55126e-07
40 95 4.08285e-07
41 95 2.75623e-07
42 95 2.1262e-08
43 95 2.93689e-07
44 95 3.9345e-07
45 95 9.53538e-09
46 95 1.29469e-09
47 95 1.07507e-12
48 95 1.4897e-09
49 95 1.04642e-09
50 95 5.03454e-08
51 95 1.06448e-07
52 95 2.7474e-06
53 95 5.41032e-05
54 95 4.2906e-06
55 95 3.04735e-06
56 95 0.000159166
57 95 7.57425e-06
58 95 1.54704e-07
59 95 4.87207e-08
0 96 5.01465e-08
1 96 1.17549e-07
2 96 2.44711e-08
3 96 7.25931e-08
4 96 1.24489e-08
5 96 2.67831e-07
6 96 1.35504e-08
7 96 4.98007e-07
8 96 1.60965e-08
9 96 1.01102e-07
10 96 2.43582e-09
11 96 1.10735e-08
12 96 1.10921e-07
13 96 9.01697e-08
14 96 2.2027e-07
15 96 3.64477e-07
16 96 1.07503e-08
17 96 9.62226e-08
18 96 1.18959e-08
19 96 3.70076e-08
20 96 9.12603e-06
21 96 3.10078e-06
22 96 3.49992e-06
23 96 3.58769e-05
24 96 1.10427e-05
25 96 5.71228e-06
26 96 2.55396e-06
27 96 6.53556e-07
28 96 1.78462e-05
29 96 9.03924e-05
30 96 2.21373e-06
31 96 1.75627e-07
32 96 4.2261e-06
33 96 1.83458e-05
34 96 6.02275e-07
35 96 3.74786e-06
36 96 3.60689e-08
37 96 3.62531e-08
38 96 6.32856e-09
39 96 9.82873e-09
40 96 1.1957e-07
41 96 1.02796e-07
42 96 3.5904e-08
43 96 7.42554e-07
44 96 3.0185e-07
45 96 1.04672e-08
46 96 9.55111e-09
47 96 5.99739e-10
48 96 8.12972e-09
49 96 7.48897e-10
50 96 1.21893e-08
51 96 4.59568e-07
52 96 1.33898e-06
53 96 1.7751e-05
54 96 0.000171175
55 96 2.57701e-05
56 96 6.69932e-06
57 96 1.33777e-06
58 96 4.55174e-08
59 96 6.08263e-08
0 97 1.1759e-07
1 97 5.01813e-08
2 97 7.2554e-08
3 97 2.44328e-08
4 97 2.67796e-07
5 97 1.24337e-08
6 97 4.97943e-07
7 97 1.35332e-08
8 97 1.0112e-07
9 97 1.60719e-08
10 97 1.10718e-08
11 97 2.4366e-09
12 97 9.01863e-08
13 97 1.10889e-07
14 97 3.64535e-07
15 97 2.2027e-07
16 97 9.62581e-08
17 97 1.07674e-08
18 97 3.70033e-08
19 97 1.18903e-08
20 97 3.101e-06
21 97 9.12597e-06
22 97 3.58768e-05
23 97 3.49985e-06
24 97 5.71239e-06
25 97 1.10428e-05
26 97 6.53482e-07
27 97 2.55417e-06
28 97 9.03916e-05
29 97 1.78462e-05
30 97 1.75633e-07
31 97 2.21371e-06
32 97 1.83457e-05
33 97 4.22618e-06
34 97 3.74794e-06
35 97 6.02247e-07
36 97 3.626e-08
37 97 3.60772e-08
38 97 9.82784e-09
39 97 6.33169e-09
40 97 1.02822e-07
41 97 1.19602e-07
42 97 7.42567e-07
43 97 3.59118e-08
44 97 1.0466e-08
45 97 3.01836e-07
46 97 5.99915e-10
47 97 9.55172e-09
48 97 7.51072e-10
49 97 8.12027e-09
50 97 4.59481e-07
51 97 1.21973e-08
52 97 1.77514e-05
53 97 1.33895e-06
54 97 2.57701e-05
55 97 0.000171175
56 97 1.33796e-06
57 97 6.69942e-06
58 97 6.08062e-08
59 97 4.55011e-08
0 98 5.33647e-08
1 98 7.27279e-08
2 98 1.96202e-08
3 98 9.15583e-09
4 98 3.55022e-08
5 98 5.49518e-08
6 98 2.06065e-08
7 98 1.23209e-08
8 98 4.49099e-10
9 98 7.48454e-09
10 98 1.44687e-10
11 98 1.52999e-10
12 98 1.34046e-08
13 98 1.64184e-08
14 98 5.94707e-09
15 98 4.80399e-10
16 98 5.22479e-08
17 98 3.97252e-08
18 98 1.20306e-08
19 98 1.51095e-08
20 98 7.81352e-05
21 98 8.5869e-05
22 98 2.52116e-07
23 98 4.28062e-06
24 98 7.80109e-06
25 98 1.90683e-06
26 98 1.40409e-05
27 98 1.56258e-05
28 98 1.90464e-06
29 98 4.5125e-06
30 98 3.14841e-06
31 98 7.38009e-06
32 98 1.16951e-06
33 98 1.04353e-07
34 98 5.20577e-08
35 98 6.40846e-09
36 98 7.5078e-08
37 98 6.16909e-08
38 98 1.72033e-07
39 98 2.45542e-07
40 98 1.18343e-07
41 98 4.91169e-08
42 98 2.0546e-08
43 98 3.02203e-08
44 98 1.2695e-08
45 98 3.709e-09
46 98 6.68861e-09
47 98 1.22546e-09
48 98 6.54682e-08
49 98 2.19939e-07
50 98 1.51248e-08
51 98 9.78326e-09
52 98 0.000113827
53 98 0.000200984
54 98 8.38271e-07
55 98 1.61033e-06
56 98 1.49631e-05
57 98 3.23721e-06
58 98 1.29623e-08
59 98 8.64058e-10
0 99 7.2767e-08
1 99 5.33684e-08
2 99 9.1319e-09
3 99 1.95966e-08
4 99 5.50077e-08
5 99 3.55068e-08
6 99 1.22865e-08
7 99 2.0622e-08
8 99 7.4887e-09
9 99 4.47781e-10
10 99 1.55845e-10
11 99 1.43405e-10
12 99 1.64124e-08
13 99 1.34179e-08
14 99 4.80731e-10
15 99 5.94486e-09
16 99 3.97558e-08
17 99 5.22219e-08
18 99 1.5112e-08
19 99 1.20355e-08
20 99 8.58674e-05
21 99 7.81348e-05
22 99 4.28064e-06
23 99 2.52082e-07
24 99 1.9068e-06
25 99 7.80119e-06
26 99 1.5626e-05
27 99 1.40412e-05
28 99 4.51247e-06
29 99 1.9048e-06
30 99 7.37983e-06
31 99 3.14839e-06
32 99 1.04325e-07
33 99 1.16938e-06
34 99 6.40301e-09
35 99 5.20512e-08
36 99 6.16753e-08
37 99 7.50644e-08
38 99 2.45553e-07
39 99 1.71978e-07
40 99 4.91198e-08
41 99 1.18332e-07
42 99 3.02131e-08
43 99 2.05509e-08
44 99 3.7115e-09
45 99 1.26897e-08
46 99 1.22654e-09
47 99 6.69738e-09
48 99 2.1991e-07
49 99 6.54633e-08
50 99 9.7868e-09
51 99 1.5142e-08
52 99 0.000200982
53 99 0.000113827
54 99 1.61035e-06
55 99 8.383e-07
56 99 3.23702e-06
57 99 1.49633e-05
58 99 8.66241e-10
59 99 1.29658e-08
