0 60 5.13517e-08
1 60 8.53505e-08
2 60 1.12254e-07
3 60 5.82251e-08
4 60 2.26744e-07
5 60 6.09084e-06
6 60 2.24512e-07
7 60 2.03332e-06
8 60 4.73912e-07
9 60 4.9046e-07
10 60 7.51052e-09
11 60 1.17386e-07
12 60 1.31211e-07
13 60 7.36135e-08
14 60 2.12988e-06
15 60 2.70811e-06
16 60 4.62211e-08
17 60 6.83359e-07
18 60 8.30822e-08
19 60 1.85804e-07
20 60 1.0223e-09
21 60 2.92235e-10
22 60 1.5116e-07
23 60 1.21604e-06
24 60 1.47051e-06
25 60 4.65192e-07
26 60 4.22907e-09
27 60 2.70003e-09
28 60 3.05215e-10
29 60 6.90764e-09
30 60 3.12692e-09
31 60 2.86918e-10
32 60 2.01556e-09
33 60 6.21368e-09
34 60 1.1584e-07
35 60 5.31858e-07
36 60 1.63734e-08
37 60 2.15383e-08
38 60 4.24194e-09
39 60 7.46124e-09
40 60 0.000917433
41 60 0.00116563
42 60 1.97923e-05
43 60 0.000532731
44 60 0.000113722
45 60 9.28986e-06
46 60 3.36841e-06
47 60 1.2541e-06
48 60 2.23139e-05
49 60 1.23616e-05
50 60 3.83211e-06
51 60 0.000163034
52 60 1.79623e-08
53 60 3.02953e-08
54 60 6.86189e-05
55 60 1.54306e-05
56 60 2.60505e-05
57 60 4.10858e-06
58 60 0.188359
59 60 0.254147
0 61 8.54118e-08
1 61 5.13903e-08
2 61 5.82857e-08
3 61 1.12235e-07
4 61 6.09121e-06
5 61 2.26774e-07
6 61 2.03296e-06
7 61 2.24438e-07
8 61 4.90512e-07
9 61 4.73918e-07
10 61 1.17406e-07
11 61 7.50368e-09
12 61 7.36132e-08
13 61 1.31175e-07
14 61 2.70803e-06
15 61 2.12993e-06
16 61 6.83265e-07
17 61 4.62113e-08
18 61 1.85841e-07
19 61 8.30585e-08
20 61 2.92661e-10
21 61 1.02404e-09
22 61 1.21591e-06
23 61 1.51136e-07
24 61 4.65218e-07
25 61 1.47052e-06
26 61 2.70182e-09
27 61 4.22909e-09
28 61 6.9093e-09
29 61 3.06027e-10
30 61 2.86721e-10
31 61 3.12568e-09
32 61 6.21259e-09
33 61 2.01609e-09
34 61 5.31862e-07
35 61 1.15834e-07
36 61 2.15333e-08
37 61 1.63746e-08
38 61 7.46083e-09
39 61 4.2417e-09
40 61 0.00116563
41 61 0.000917421
42 61 0.000532727
43 61 1.97925e-05
44 61 9.28988e-06
45 61 0.000113724
46 61 1.2541e-06
47 61 3.36847e-06
48 61 1.23616e-05
49 61 2.23139e-05
50 61 0.000163034
51 61 3.83213e-06
52 61 3.02859e-08
53 61 1.79646e-08
54 61 1.543e-05
55 61 6.86185e-05
56 61 4.10847e-06
57 61 2.60509e-05
58 61 0.254147
59 61 0.188357
0 62 7.59091e-10
1 62 1.09679e-09
2 62 7.03053e-09
3 62 8.28357e-09
4 62 2.51061e-10
5 62 3.10572e-08
6 62 6.87939e-10
7 62 2.00788e-09
8 62 1.21348e-10
9 62 1.96235e-09
10 62 9.67125e-10
11 62 3.82685e-09
12 62 2.26319e-09
13 62 1.86083e-09
14 62 8.14664e-10
15 62 3.81213e-10
16 62 2.29166e-10
17 62 1.97799e-09
18 62 1.29196e-10
19 62 2.82234e-10
20 62 5.96714e-08
21 62 4.42402e-08
22 62 8.14948e-06
23 62 7.32888e-05
24 62 0.000218899
25 62 1.88521e-06
26 62 0.000148457
27 62 3.57617e-06
28 62 4.37542e-07
29 62 1.99458e-06
30 62 1.35896e-05
31 62 1.15474e-05
32 62 1.49455e-08
33 62 2.83878e-08
34 62 4.24622e-06
35 62 1.18247e-05
36 62 2.99942e-07
37 62 2.77852e-07
38 62 1.19189e-05
39 62 6.43302e-06
40 62 8.88643e-08
41 62 6.95048e-08
42 62 2.17621e-09
43 62 2.19716e-07
44 62 2.90212e-06
45 62 1.12709e-08
46 62 1.42549e-08
47 62 9.41037e-10
48 62 2.76247e-08
49 62 3.19532e-08
50 62 1.27902e-07
51 62 2.13279e-06
52 62 2.10637e-06
53 62 4.41088e-05
54 62 5.1276e-05
55 62 0.000122179
56 62 0.0198191
57 62 0.00260485
58 62 1.71401e-05
59 62 2.61298e-05
0 63 1.08898e-09
1 63 7.63403e-10
2 63 8.30228e-09
3 63 7.05949e-09
4 63 3.10598e-08
5 63 2.48811e-10
6 63 2.01046e-09
7 63 6.87675e-10
8 63 1.96217e-09
9 63 1.23046e-10
10 63 3.83036e-09
11 63 9.66253e-10
12 63 1.86128e-09
13 63 2.25689e-09
14 63 3.8198e-10
15 63 8.12182e-10
16 63 1.97754e-09
17 63 2.29086e-10
18 63 2.8208e-10
19 63 1.30067e-10
20 63 4.42445e-08
21 63 5.96658e-08
22 63 7.32886e-05
23 63 8.14937e-06
24 63 1.8853e-06
25 63 0.000218897
26 63 3.57609e-06
27 63 0.000148455
28 63 1.99456e-06
29 63 4.37553e-07
30 63 1.15473e-05
31 63 1.35894e-05
32 63 2.8388e-08
33 63 1.49481e-08
34 63 1.18248e-05
35 63 4.24644e-06
36 63 2.77865e-07
37 63 2.99939e-07
38 63 6.43301e-06
39 63 1.19189e-05
40 63 6.95147e-08
41 63 8.88602e-08
42 63 2.19717e-07
43 63 2.17442e-09
44 63 1.12676e-08
45 63 2.90207e-06
46 63 9.41507e-10
47 63 1.42553e-08
48 63 3.19533e-08
49 63 2.76238e-08
50 63 2.1329e-06
51 63 1.27904e-07
52 63 4.41095e-05
53 63 2.10642e-06
54 63 0.000122179
55 63 5.12762e-05
56 63 0.00260486
57 63 0.0198189
58 63 2.61302e-05
59 63 1.71404e-05
0 64 6.65037e-10
1 64 6.98394e-09
2 64 1.01594e-07
3 64 8.64769e-08
4 64 5.55324e-07
5 64 4.86985e-08
6 64 8.78023e-09
7 64 1.51096e-08
8 64 5.70279e-09
9 64 1.07868e-08
10 64 5.18376e-08
11 64 1.42076e-08
12 64 7.52166e-10
13 64 5.66517e-09
14 64 8.25944e-08
15 64 4.06408e-08
16 64 4.3296e-08
17 64 3.36836e-10
18 64 2.86901e-09
19 64 2.84158e-09
20 64 1.3842e-08
21 64 3.96764e-07
22 64 0.000105093
23 64 3.28281e-05
24 64 2.71518e-05
25 64 4.54035e-05
26 64 3.11193e-06
27 64 1.94682e-06
28 64 6.696e-05
29 64 1.84092e-05
30 64 5.51491e-08
31 64 1.06806e-07
32 64 9.12139e-06
33 64 1.52198e-06
34 64 3.54392e-05
35 64 3.39163e-06
36 64 9.62221e-06
37 64 1.43978e-05
38 64 1.19048e-07
39 64 5.80369e-07
40 64 1.653e-07
41 64 1.22038e-07
42 64 4.68605e-07
43 64 5.42798e-08
44 64 1.59042e-07
45 64 8.06653e-07
46 64 1.24053e-08
47 64 1.11629e-07
48 64 3.81902e-08
49 64 1.2313e-08
50 64 1.56273e-05
51 64 5.46597e-08
52 64 7.82336e-05
53 64 6.42264e-06
54 64 0.000965642
55 64 0.00989638
56 64 6.21171e-06
57 64 2.36612e-05
58 64 4.81727e-07
59 64 7.531e-07
0 65 7.00151e-09
1 65 6.64704e-10
2 65 8.654e-08
3 65 1.01608e-07
4 65 4.87183e-08
5 65 5.55255e-07
6 65 1.51173e-08
7 65 8.78345e-09
8 65 1.07918e-08
9 65 5.69502e-09
10 65 1.42152e-08
11 65 5.18235e-08
12 65 5.66346e-09
13 65 7.51639e-10
14 65 4.06488e-08
15 65 8.25765e-08
16 65 3.35639e-10
17 65 4.32915e-08
18 65 2.84481e-09
19 65 2.86929e-09
20 65 3.96753e-07
21 65 1.38464e-08
22 65 3.2828e-05
23 65 0.000105095
24 65 4.54036e-05
25 65 2.71516e-05
26 65 1.94682e-06
27 65 3.11191e-06
28 65 1.84091e-05
29 65 6.69607e-05
30 65 1.06798e-07
31 65 5.51498e-08
32 65 1.52199e-06
33 65 9.12143e-06
34 65 3.39167e-06
35 65 3.54392e-05
36 65 1.43979e-05
37 65 9.62222e-06
38 65 5.80348e-07
39 65 1.19044e-07
40 65 1.22045e-07
41 65 1.65304e-07
42 65 5.42789e-08
43 65 4.68598e-07
44 65 8.06642e-07
45 65 1.59043e-07
46 65 1.1163e-07
47 65 1.24079e-08
48 65 1.23123e-08
49 65 3.81906e-08
50 65 5.46613e-08
51 65 1.56274e-05
52 65 6.42259e-06
53 65 7.82341e-05
54 65 0.00989641
55 65 0.00096567
56 65 2.36611e-05
57 65 6.21173e-06
58 65 7.53159e-07
59 65 4.81699e-07
0 66 1.19622e-09
1 66 4.1332e-10
2 66 8.41043e-08
3 66 1.03863e-08
4 66 6.74462e-09
5 66 1.38204e-08
6 66 5.81042e-09
7 66 3.84084e-09
8 66 9.88169e-10
9 66 7.84142e-09
10 66 6.89883e-10
11 66 2.84262e-09
12 66 3.56766e-11
13 66 3.23746e-13
14 66 4.89052e-09
15 66 1.72271e-09
16 66 1.39056e-09
17 66 4.59019e-08
18 66 8.44752e-08
19 66 1.0294e-07
20 66 0.000106977
21 66 0.000150021
22 66 1.18914e-08
23 66 1.10249e-07
24 66 1.68099e-07
25 66 6.63898e-08
26 66 3.7326e-06
27 66 1.40205e-06
28 66 3.13845e-08
29 66 2.48931e-07
30 66 5.60793e-07
31 66 1.4955e-06
32 66 1.42721e-05
33 66 4.87197e-06
34 66 4.0943e-07
35 66 2.1223e-07
36 66 2.62343e-08
37 66 1.40058e-08
38 66 5.38141e-06
39 66 1.01032e-05
40 66 2.68532e-09
41 66 8.80551e-10
42 66 3.76663e-09
43 66 8.39117e-09
44 66 3.92226e-07
45 66 5.91552e-08
46 66 5.18906e-06
47 66 1.31256e-06
48 66 1.04758e-06
49 66 3.77237e-07
50 66 1.19759e-08
51 66 7.39944e-09
52 66 0.000799699
53 66 0.00420974
54 66 4.12261e-05
55 66 5.08668e-05
56 66 9.24985e-05
57 66 1.40687e-05
58 66 8.29936e-08
59 66 5.04884e-09
0 67 4.1433e-10
1 67 1.19134e-09
2 67 1.03857e-08
3 67 8.41416e-08
4 67 1.38185e-08
5 67 6.74823e-09
6 67 3.83964e-09
7 67 5.81268e-09
8 67 7.83822e-09
9 67 9.87186e-10
10 67 2.84124e-09
11 67 6.90779e-10
12 67 3.48663e-13
13 67 3.57905e-11
14 67 1.72317e-09
15 67 4.88966e-09
16 67 4.59007e-08
17 67 1.39054e-09
18 67 1.02941e-07
19 67 8.4482e-08
20 67 0.000150021
21 67 0.000106978
22 67 1.10247e-07
23 67 1.18913e-08
24 67 6.6394e-08
25 67 1.68087e-07
26 67 1.40206e-06
27 67 3.73264e-06
28 67 2.48933e-07
29 67 3.13823e-08
30 67 1.49551e-06
31 67 5.60804e-07
32 67 4.87188e-06
33 67 1.4272e-05
34 67 2.12228e-07
35 67 4.09434e-07
36 67 1.40053e-08
37 67 2.62349e-08
38 67 1.01032e-05
39 67 5.38137e-06
40 67 8.80252e-10
41 67 2.68583e-09
42 67 8.39149e-09
43 67 3.76531e-09
44 67 5.91597e-08
45 67 3.92225e-07
46 67 1.31256e-06
47 67 5.18915e-06
48 67 3.77241e-07
49 67 1.04756e-06
50 67 7.39989e-09
51 67 1.19754e-08
52 67 0.00420977
53 67 0.000799697
54 67 5.0867e-05
55 67 4.12262e-05
56 67 1.40688e-05
57 67 9.24977e-05
58 67 5.05171e-09
59 67 8.29691e-08
0 68 3.57168e-07
1 68 3.56011e-07
2 68 2.26134e-07
3 68 1.9755e-05
4 68 1.97574e-05
5 68 1.08141e-05
6 68 6.44484e-07
7 68 2.58754e-07
8 68 4.94903e-07
9 68 8.06504e-07
10 68 2.47725e-06
11 68 2.82548e-06
12 68 1.01851e-07
13 68 1.51903e-07
14 68 7.86294e-06
15 68 1.36942e-05
16 68 4.19256e-06
17 68 4.54418e-06
18 68 1.35942e-06
19 68 1.59e-06
20 68 2.84704e-08
21 68 1.24075e-08
22 68 2.60079e-08
23 68 6.14026e-09
24 68 8.10055e-09
25 68 1.40414e-08
26 68 1.0215e-08
27 68 1.41421e-08
28 68 1.24578e-07
29 68 1.45957e-08
30 68 3.37147e-09
31 68 1.03686e-09
32 68 1.59414e-09
33 68 6.61232e-10
34 68 9.36105e-08
35 68 2.48324e-07
36 68 1.40267e-07
37 68 4.91361e-07
38 68 1.05112e-09
39 68 6.55694e-10
40 68 1.24351e-05
41 68 8.71056e-06
42 68 0.000123342
43 68 6.28756e-05
44 68 1.0584e-08
45 68 1.48911e-07
46 68 9.55113e-07
47 68 4.51061e-06
48 68 2.54236e-05
49 68 7.70706e-06
50 68 0.00103405
51 68 0.000946907
52 68 1.84649e-07
53 68 3.67849e-08
54 68 4.91696e-09
55 68 5.5478e-08
56 68 8.63338e-07
57 68 2.32308e-06
58 68 1.36229e-06
59 68 4.27297e-05
0 69 3.56095e-07
1 69 3.57426e-07
2 69 1.97556e-05
3 69 2.25903e-07
4 69 1.08142e-05
5 69 1.9757e-05
6 69 2.58738e-07
7 69 6.44495e-07
8 69 8.06686e-07
9 69 4.94853e-07
10 69 2.82568e-06
11 69 2.47726e-06
12 69 1.51988e-07
13 69 1.01886e-07
14 69 1.36943e-05
15 69 7.86253e-06
16 69 4.54436e-06
17 69 4.19281e-06
18 69 1.59005e-06
19 69 1.35928e-06
20 69 1.24062e-08
21 69 2.84673e-08
22 69 6.14126e-09
23 69 2.60078e-08
24 69 1.40424e-08
25 69 8.10117e-09
26 69 1.41428e-08
27 69 1.02138e-08
28 69 1.45949e-08
29 69 1.24586e-07
30 69 1.03699e-09
31 69 3.37218e-09
32 69 6.61022e-10
33 69 1.59471e-09
34 69 2.48336e-07
35 69 9.36065e-08
36 69 4.91348e-07
37 69 1.40257e-07
38 69 6.5582e-10
39 69 1.05103e-09
40 69 8.71059e-06
41 69 1.24351e-05
42 69 6.28754e-05
43 69 0.000123343
44 69 1.48926e-07
45 69 1.05803e-08
46 69 4.51067e-06
47 69 9.55098e-07
48 69 7.70699e-06
49 69 2.54235e-05
50 69 0.000946907
51 69 0.00103406
52 69 3.67854e-08
53 69 1.84644e-07
54 69 5.54779e-08
55 69 4.91616e-09
56 69 2.32307e-06
57 69 8.63348e-07
58 69 4.27301e-05
59 69 1.36246e-06
0 70 1.8123e-05
1 70 1.62843e-06
2 70 3.13923e-07
3 70 6.3673e-07
4 70 2.5002e-07
5 70 1.68583e-07
6 70 2.21546e-06
7 70 2.61904e-06
8 70 2.82239e-06
9 70 1.80699e-06
10 70 8.472e-07
11 70 1.23873e-06
12 70 4.79185e-06
13 70 2.42929e-06
14 70 1.37421e-07
15 70 4.68525e-08
16 70 1.19103e-06
17 70 6.10547e-08
18 70 2.25422e-07
19 70 4.064e-08
20 70 1.37549e-09
21 70 1.66026e-09
22 70 2.57787e-08
23 70 5.98484e-09
24 70 9.27372e-09
25 70 2.10313e-08
26 70 1.47368e-09
27 70 2.18318e-08
28 70 6.48543e-08
29 70 2.02844e-08
30 70 3.34793e-08
31 70 1.13109e-08
32 70 9.63346e-08
33 70 1.0621e-08
34 70 4.83692e-08
35 70 1.27763e-08
36 70 1.90719e-07
37 70 1.07482e-06
38 70 3.5395e-09
39 70 8.23736e-10
40 70 2.69585e-06
41 70 1.10288e-06
42 70 5.11479e-06
43 70 4.23991e-06
44 70 9.32401e-05
45 70 0.00113803
46 70 6.89058e-06
47 70 4.46493e-05
48 70 2.46726e-05
49 70 5.70591e-05
50 70 3.46836e-06
51 70 4.39706e-07
52 70 3.06918e-07
53 70 2.38564e-08
54 70 6.02638e-08
55 70 9.10148e-07
56 70 8.78813e-07
57 70 1.79434e-06
58 70 0.000301234
59 70 0.000178461
0 71 1.62826e-06
1 71 1.81228e-05
2 71 6.37045e-07
3 71 3.13982e-07
4 71 1.68565e-07
5 71 2.50051e-07
6 71 2.61977e-06
7 71 2.21547e-06
8 71 1.8069e-06
9 71 2.8221e-06
10 71 1.2384e-06
11 71 8.47376e-07
12 71 2.42947e-06
13 71 4.79173e-06
14 71 4.68794e-08
15 71 1.37398e-07
16 71 6.10866e-08
17 71 1.191e-06
18 71 4.05963e-08
19 71 2.25352e-07
20 71 1.66158e-09
21 71 1.37453e-09
22 71 5.98646e-09
23 71 2.57639e-08
24 71 2.10299e-08
25 71 9.27532e-09
26 71 2.18314e-08
27 71 1.47364e-09
28 71 2.02827e-08
29 71 6.48457e-08
30 71 1.13089e-08
31 71 3.34795e-08
32 71 1.06201e-08
33 71 9.63323e-08
34 71 1.27769e-08
35 71 4.83688e-08
36 71 1.07482e-06
37 71 1.90724e-07
38 71 8.2395e-10
39 71 3.53911e-09
40 71 1.10291e-06
41 71 2.69583e-06
42 71 4.2399e-06
43 71 5.11495e-06
44 71 0.00113804
45 71 9.32379e-05
46 71 4.46491e-05
47 71 6.89063e-06
48 71 5.70589e-05
49 71 2.46726e-05
50 71 4.39709e-07
51 71 3.46839e-06
52 71 2.38567e-08
53 71 3.06914e-07
54 71 9.10159e-07
55 71 6.02635e-08
56 71 1.79437e-06
57 71 8.7882e-07
58 71 0.00017846
59 71 0.000301234
0 72 7.68392e-08
1 72 9.97541e-08
2 72 1.48991e-06
3 72 3.18711e-06
4 72 3.53574e-06
5 72 4.06429e-07
6 72 1.83309e-05
7 72 1.03206e-06
8 72 3.71077e-06
9 72 5.77366e-06
10 72 9.6403e-07
11 72 9.04358e-07
12 72 1.05919e-06
13 72 8.1104e-07
14 72 4.57851e-07
15 72 3.30626e-07
16 72 1.68472e-07
17 72 2.68067e-07
18 72 4.05799e-06
19 72 8.9193e-07
20 72 4.49792e-08
21 72 6.33811e-08
22 72 9.87683e-08
23 72 2.04257e-08
24 72 3.34364e-08
25 72 9.9239e-08
26 72 3.90687e-10
27 72 3.42842e-08
28 72 1.34146e-08
29 72 3.95723e-09
30 72 1.02556e-09
31 72 1.36038e-09
32 72 3.57739e-07
33 72 6.31123e-08
34 72 6.978e-07
35 72 1.62625e-07
36 72 2.03117e-08
37 72 3.96668e-08
38 72 1.39616e-07
39 72 1.23431e-07
40 72 3.9305e-05
41 72 1.69342e-05
42 72 0.000708864
43 72 0.000103372
44 72 1.89e-06
45 72 4.69174e-05
46 72 1.0912e-05
47 72 5.27679e-05
48 72 0.000127719
49 72 0.000176932
50 72 1.66424e-05
51 72 2.47594e-06
52 72 1.48349e-06
53 72 6.41651e-08
54 72 2.14549e-08
55 72 5.28833e-09
56 72 4.75948e-07
57 72 1.28878e-06
58 72 0.000471943
59 72 0.000351312
0 73 9.98893e-08
1 73 7.68635e-08
2 73 3.18652e-06
3 73 1.48965e-06
4 73 4.06683e-07
5 73 3.53625e-06
6 73 1.03256e-06
7 73 1.83318e-05
8 73 5.77346e-06
9 73 3.71054e-06
10 73 9.04305e-07
11 73 9.64091e-07
12 73 8.11094e-07
13 73 1.05924e-06
14 73 3.30677e-07
15 73 4.57879e-07
16 73 2.67985e-07
17 73 1.68481e-07
18 73 8.91919e-07
19 73 4.05791e-06
20 73 6.33873e-08
21 73 4.49793e-08
22 73 2.04261e-08
23 73 9.87878e-08
24 73 9.92411e-08
25 73 3.34342e-08
26 73 3.42791e-08
27 73 3.90684e-10
28 73 3.95895e-09
29 73 1.34153e-08
30 73 1.36098e-09
31 73 1.026e-09
32 73 6.31113e-08
33 73 3.57748e-07
34 73 1.62627e-07
35 73 6.97801e-07
36 73 3.96685e-08
37 73 2.03126e-08
38 73 1.23431e-07
39 73 1.3962e-07
40 73 1.69345e-05
41 73 3.9305e-05
42 73 0.000103371
43 73 0.00070887
44 73 4.69179e-05
45 73 1.88988e-06
46 73 5.27679e-05
47 73 1.0912e-05
48 73 0.000176932
49 73 0.000127719
50 73 2.47596e-06
51 73 1.66426e-05
52 73 6.41647e-08
53 73 1.48351e-06
54 73 5.29006e-09
55 73 2.14562e-08
56 73 1.28878e-06
57 73 4.75929e-07
58 73 0.000351315
59 73 0.000471944
0 74 1.67672e-07
1 74 1.82328e-08
2 74 7.68e-09
3 74 3.39605e-07
4 74 4.18582e-07
5 74 8.08596e-08
6 74 2.84938e-06
7 74 1.77359e-06
8 74 4.44587e-07
9 74 3.68693e-08
10 74 7.16067e-08
11 74 3.82861e-08
12 74 4.32103e-10
13 74 1.51849e-09
14 74 9.05729e-07
15 74 8.53459e-07
16 74 2.38721e-07
17 74 9.01468e-09
18 74 1.16149e-06
19 74 6.11413e-07
20 74 1.66039e-08
21 74 9.78924e-09
22 74 1.67617e-07
23 74 1.00079e-08
24 74 2.43351e-08
25 74 6.53004e-08
26 74 5.87758e-10
27 74 5.44696e-10
28 74 5.25344e-08
29 74 3.97766e-09
30 74 7.85941e-08
31 74 2.71295e-08
32 74 3.55531e-07
33 74 1.25225e-07
34 74 2.55108e-08
35 74 7.84588e-08
36 74 2.9075e-08
37 74 7.27844e-08
38 74 8.85651e-08
39 74 3.15499e-08
40 74 7.42305e-05
41 74 4.17684e-05
42 74 0.000430511
43 74 0.000154852
44 74 6.41878e-06
45 74 5.94258e-05
46 74 1.11715e-05
47 74 1.89535e-05
48 74 0.000325195
49 74 0.000163041
50 74 8.30184e-06
51 74 1.94881e-06
52 74 1.28696e-06
53 74 7.11774e-08
54 74 4.71128e-08
55 74 6.64163e-08
56 74 3.1599e-08
57 74 9.34453e-08
58 74 0.000124883
59 74 0.000487697
0 75 1.82175e-08
1 75 1.67623e-07
2 75 3.39498e-07
3 75 7.69156e-09
4 75 8.08091e-08
5 75 4.18517e-07
6 75 1.77369e-06
7 75 2.8495e-06
8 75 3.69205e-08
9 75 4.44649e-07
10 75 3.8313e-08
11 75 7.16573e-08
12 75 1.51953e-09
13 75 4.32584e-10
14 75 8.53441e-07
15 75 9.05711e-07
16 75 9.02519e-09
17 75 2.38749e-07
18 75 6.11404e-07
19 75 1.16165e-06
20 75 9.78801e-09
21 75 1.66091e-08
22 75 1.00023e-08
23 75 1.67604e-07
24 75 6.53004e-08
25 75 2.43361e-08
26 75 5.44952e-10
27 75 5.88298e-10
28 75 3.97682e-09
29 75 5.25389e-08
30 75 2.71284e-08
31 75 7.85955e-08
32 75 1.25222e-07
33 75 3.55526e-07
34 75 7.84548e-08
35 75 2.55129e-08
36 75 7.27902e-08
37 75 2.90736e-08
38 75 3.1556e-08
39 75 8.85628e-08
40 75 4.17689e-05
41 75 7.42307e-05
42 75 0.000154851
43 75 0.000430514
44 75 5.94258e-05
45 75 6.4188e-06
46 75 1.89536e-05
47 75 1.11715e-05
48 75 0.000163039
49 75 0.000325195
50 75 1.9488e-06
51 75 8.30179e-06
52 75 7.11773e-08
53 75 1.28697e-06
54 75 6.6409e-08
55 75 4.71194e-08
56 75 9.34501e-08
57 75 3.15961e-08
58 75 0.000487699
59 75 0.000124883
0 76 9.18124e-08
1 76 4.90907e-08
2 76 3.76149e-07
3 76 2.66532e-07
4 76 7.56093e-09
5 76 4.80931e-08
6 76 1.3398e-06
7 76 1.80284e-06
8 76 2.00899e-07
9 76 3.10069e-07
10 76 1.02614e-09
11 76 1.64183e-07
12 76 3.17485e-07
13 76 4.38842e-08
14 76 2.65301e-09
15 76 1.73017e-09
16 76 1.37828e-07
17 76 1.22467e-06
18 76 7.99756e-07
19 76 5.17514e-06
20 76 6.08729e-07
21 76 1.20244e-07
22 76 8.26405e-10
23 76 1.41385e-08
24 76 4.14884e-08
25 76 9.84203e-09
26 76 3.85398e-08
27 76 2.41785e-08
28 76 5.96292e-09
29 76 2.19064e-08
30 76 5.65045e-08
31 76 5.11492e-08
32 76 2.77951e-07
33 76 6.80531e-08
34 76 1.83902e-09
35 76 6.72266e-10
36 76 2.74804e-08
37 76 1.58911e-07
38 76 1.63483e-06
39 76 5.97515e-07
40 76 3.91231e-06
41 76 2.96497e-07
42 76 9.27244e-06
43 76 4.56725e-05
44 76 6.2119e-05
45 76 2.21724e-05
46 76 0.000343357
47 76 7.61929e-05
48 76 5.16303e-06
49 76 7.68186e-06
50 76 1.88865e-06
51 76 2.2603e-06
52 76 4.8159e-07
53 76 1.30756e-06
54 76 1.14041e-08
55 76 3.54702e-08
56 76 3.42063e-07
57 76 1.43775e-08
58 76 1.39544e-05
59 76 1.28795e-05
0 77 4.90587e-08
1 77 9.17905e-08
2 77 2.66675e-07
3 77 3.76233e-07
4 77 4.81139e-08
5 77 7.56237e-09
6 77 1.80278e-06
7 77 1.34004e-06
8 77 3.10135e-07
9 77 2.00825e-07
10 77 1.64139e-07
11 77 1.02587e-09
12 77 4.39057e-08
13 77 3.17455e-07
14 77 1.73291e-09
15 77 2.65598e-09
16 77 1.22469e-06
17 77 1.37774e-07
18 77 5.17506e-06
19 77 7.99865e-07
20 77 1.20239e-07
21 77 6.08742e-07
22 77 1.41376e-08
23 77 8.26274e-10
24 77 9.84283e-09
25 77 4.149e-08
26 77 2.41785e-08
27 77 3.85381e-08
28 77 2.19071e-08
29 77 5.96217e-09
30 77 5.11535e-08
31 77 5.65035e-08
32 77 6.80494e-08
33 77 2.77943e-07
34 77 6.72295e-10
35 77 1.83825e-09
36 77 1.58909e-07
37 77 2.74801e-08
38 77 5.97517e-07
39 77 1.63485e-06
40 77 2.96497e-07
41 77 3.91232e-06
42 77 4.56722e-05
43 77 9.27253e-06
44 77 2.21724e-05
45 77 6.21187e-05
46 77 7.61928e-05
47 77 0.00034336
48 77 7.68189e-06
49 77 5.16305e-06
50 77 2.26033e-06
51 77 1.88866e-06
52 77 1.30755e-06
53 77 4.81576e-07
54 77 3.54667e-08
55 77 1.14045e-08
56 77 1.43776e-08
57 77 3.42074e-07
58 77 1.28793e-05
59 77 1.3954e-05
0 78 7.65534e-07
1 78 1.6151e-06
2 78 1.79697e-08
3 78 3.91875e-08
4 78 4.54024e-07
5 78 3.40277e-08
6 78 6.17284e-07
7 78 6.00395e-08
8 78 9.11339e-07
9 78 2.25306e-07
10 78 1.55111e-07
11 78 3.43605e-09
12 78 4.50255e-09
13 78 4.77415e-08
14 78 3.51634e-07
15 78 2.29978e-06
16 78 9.61578e-08
17 78 2.6313e-08
18 78 2.39577e-08
19 78 5.77871e-09
20 78 3.04505e-09
21 78 2.89595e-08
22 78 3.14513e-07
23 78 7.72059e-08
24 78 3.3423e-08
25 78 3.03397e-07
26 78 8.27453e-08
27 78 2.682e-07
28 78 1.00372e-06
29 78 1.97276e-07
30 78 1.99892e-09
31 78 5.71902e-09
32 78 3.07512e-09
33 78 2.22422e-09
34 78 2.03832e-08
35 78 1.09255e-08
36 78 1.30081e-07
37 78 4.71917e-08
38 78 8.25595e-10
39 78 1.59525e-09
40 78 8.04665e-05
41 78 0.000561028
42 78 9.64233e-06
43 78 8.87604e-07
44 78 6.10884e-08
45 78 2.3748e-07
46 78 3.08523e-08
47 78 1.00254e-06
48 78 4.99397e-06
49 78 1.58416e-05
50 78 1.16077e-07
51 78 5.14359e-08
52 78 6.022e-08
53 78 1.60118e-08
54 78 1.20626e-06
55 78 8.38944e-07
56 78 3.43325e-08
57 78 1.64178e-06
58 78 0.00074444
59 78 0.000927942
0 79 1.61522e-06
1 79 7.65407e-07
2 79 3.92145e-08
3 79 1.79884e-08
4 79 3.40509e-08
5 79 4.54033e-07
6 79 6.00855e-08
7 79 6.17315e-07
8 79 2.25248e-07
9 79 9.1128e-07
10 79 3.43283e-09
11 79 1.55135e-07
12 79 4.77263e-08
13 79 4.49754e-09
14 79 2.29983e-06
15 79 3.51656e-07
16 79 2.63238e-08
17 79 9.61781e-08
18 79 5.78251e-09
19 79 2.39615e-08
20 79 2.89571e-08
21 79 3.04628e-09
22 79 7.72072e-08
23 79 3.14543e-07
24 79 3.03406e-07
25 79 3.34173e-08
26 79 2.68196e-07
27 79 8.27394e-08
28 79 1.97282e-07
29 79 1.00373e-06
30 79 5.72012e-09
31 79 1.99957e-09
32 79 2.22442e-09
33 79 3.07499e-09
34 79 1.09246e-08
35 79 2.03828e-08
36 79 4.71913e-08
37 79 1.30082e-07
38 79 1.59506e-09
39 79 8.25863e-10
40 79 0.000561031
41 79 8.04679e-05
42 79 8.87612e-07
43 79 9.64242e-06
44 79 2.37482e-07
45 79 6.10875e-08
46 79 1.00254e-06
47 79 3.0849e-08
48 79 1.58415e-05
49 79 4.99397e-06
50 79 5.1437e-08
51 79 1.16082e-07
52 79 1.60119e-08
53 79 6.02244e-08
54 79 8.38953e-07
55 79 1.20629e-06
56 79 1.64177e-06
57 79 3.43243e-08
58 79 0.000927951
59 79 0.000744444
0 80 4.13655e-11
1 80 4.96952e-10
2 80 2.90009e-10
3 80 1.26221e-10
4 80 1.95301e-10
5 80 5.67802e-10
6 80 1.9189e-09
7 80 2.40478e-09
8 80 7.20059e-09
9 80 3.84222e-09
10 80 4.53239e-08
11 80 5.18112e-08
12 80 4.99945e-08
13 80 1.22951e-07
14 80 2.20445e-08
15 80 3.37221e-08
16 80 1.42296e-09
17 80 8.14052e-10
18 80 1.24765e-09
19 80 2.06385e-09
20 80 8.84552e-09
21 80 3.07782e-09
22 80 2.33917e-06
23 80 2.65851e-06
24 80 9.91685e-06
25 80 1.72454e-06
26 80 4.0361e-06
27 80 1.22051e-06
28 80 6.08342e-08
29 80 9.206e-08
30 80 6.45262e-07
31 80 8.19701e-07
32 80 1.61916e-06
33 80 2.07473e-06
34 80 1.09503e-06
35 80 1.54058e-06
36 80 0.000228455
37 80 7.15631e-05
38 80 1.16807e-05
39 80 3.17521e-05
40 80 2.70717e-08
41 80 6.97753e-08
42 80 3.26199e-08
43 80 7.80696e-08
44 80 5.22416e-08
45 80 1.04714e-08
46 80 2.20572e-09
47 80 4.313e-10
48 80 1.21653e-08
49 80 3.09525e-08
50 80 5.13809e-08
51 80 2.00491e-07
52 80 1.39138e-07
53 80 1.15226e-06
54 80 1.49247e-05
55 80 7.0569e-06
56 80 3.61561e-05
57 80 1.34203e-05
58 80 1.03178e-07
59 80 7.74307e-08
0 81 4.92089e-10
1 81 4.09471e-11
2 81 1.27111e-10
3 81 2.88881e-10
4 81 5.62219e-10
5 81 1.93095e-10
6 81 2.39235e-09
7 81 1.92078e-09
8 81 3.82952e-09
9 81 7.20806e-09
10 81 5.18153e-08
11 81 4.53892e-08
12 81 1.22981e-07
13 81 5.00045e-08
14 81 3.3712e-08
15 81 2.20443e-08
16 81 8.12607e-10
17 81 1.42776e-09
18 81 2.05864e-09
19 81 1.25104e-09
20 81 3.07704e-09
21 81 8.84405e-09
22 81 2.65846e-06
23 81 2.33916e-06
24 81 1.72458e-06
25 81 9.91686e-06
26 81 1.22052e-06
27 81 4.03611e-06
28 81 9.20645e-08
29 81 6.08406e-08
30 81 8.19699e-07
31 81 6.45276e-07
32 81 2.07469e-06
33 81 1.61913e-06
34 81 1.54058e-06
35 81 1.09502e-06
36 81 7.15621e-05
37 81 0.000228455
38 81 3.17521e-05
39 81 1.16808e-05
40 81 6.97638e-08
41 81 2.70688e-08
42 81 7.80795e-08
43 81 3.26194e-08
44 81 1.04722e-08
45 81 5.22402e-08
46 81 4.31098e-10
47 81 2.20672e-09
48 81 3.09512e-08
49 81 1.2168e-08
50 81 2.00479e-07
51 81 5.1378e-08
52 81 1.15228e-06
53 81 1.39145e-07
54 81 7.05688e-06
55 81 1.49248e-05
56 81 1.34205e-05
57 81 3.61558e-05
58 81 7.74146e-08
59 81 1.03159e-07
0 82 3.60793e-10
1 82 4.15301e-11
2 82 2.1989e-12
3 82 1.32286e-10
4 82 8.20027e-09
5 82 4.88508e-09
6 82 3.12597e-09
7 82 5.92668e-09
8 82 7.44802e-09
9 82 1.63171e-10
10 82 1.23654e-08
11 82 6.10922e-09
12 82 1.15751e-08
13 82 8.21652e-08
14 82 4.62173e-10
15 82 3.96713e-10
16 82 5.36264e-09
17 82 1.31336e-09
18 82 1.17259e-08
19 82 6.83284e-09
20 82 1.61302e-09
21 82 4.25131e-09
22 82 3.16226e-07
23 82 1.78133e-07
24 82 5.09181e-07
25 82 9.8758e-07
26 82 2.75284e-08
27 82 4.86428e-07
28 82 1.25348e-06
29 82 8.84803e-07
30 82 2.85834e-08
31 82 2.72116e-08
32 82 9.78497e-08
33 82 3.603e-06
34 82 4.92729e-05
35 82 0.000206659
36 82 5.91956e-06
37 82 1.0717e-06
38 82 9.66358e-07
39 82 2.56543e-07
40 82 7.06479e-09
41 82 1.11012e-07
42 82 4.05098e-08
43 82 3.42381e-08
44 82 9.23934e-08
45 82 1.04322e-07
46 82 1.09833e-08
47 82 1.52064e-08
48 82 7.99259e-09
49 82 2.47491e-08
50 82 1.5332e-07
51 82 2.70607e-07
52 82 6.81396e-07
53 82 8.08072e-07
54 82 3.35111e-05
55 82 5.6254e-06
56 82 3.79188e-06
57 82 1.50509e-05
58 82 1.34556e-07
59 82 6.94382e-07
0 83 4.12472e-11
1 83 3.5753e-10
2 83 1.33498e-10
3 83 1.93577e-12
4 83 4.88305e-09
5 83 8.19808e-09
6 83 5.94098e-09
7 83 3.13253e-09
8 83 1.61113e-10
9 83 7.43838e-09
10 83 6.11222e-09
11 83 1.23561e-08
12 83 8.21869e-08
13 83 1.15899e-08
14 83 3.96497e-10
15 83 4.598e-10
16 83 1.31253e-09
17 83 5.3636e-09
18 83 6.83541e-09
19 83 1.17173e-08
20 83 4.24888e-09
21 83 1.61295e-09
22 83 1.7814e-07
23 83 3.16241e-07
24 83 9.87578e-07
25 83 5.09187e-07
26 83 4.86424e-07
27 83 2.7531e-08
28 83 8.84811e-07
29 83 1.25356e-06
30 83 2.72118e-08
31 83 2.85807e-08
32 83 3.60301e-06
33 83 9.78383e-08
34 83 0.000206659
35 83 4.92732e-05
36 83 1.07168e-06
37 83 5.9196e-06
38 83 2.56544e-07
39 83 9.66345e-07
40 83 1.11005e-07
41 83 7.06572e-09
42 83 3.4237e-08
43 83 4.05093e-08
44 83 1.04324e-07
45 83 9.23916e-08
46 83 1.52068e-08
47 83 1.09828e-08
48 83 2.47464e-08
49 83 7.98983e-09
50 83 2.70608e-07
51 83 1.53316e-07
52 83 8.08079e-07
53 83 6.81374e-07
54 83 5.62545e-06
55 83 3.35112e-05
56 83 1.50508e-05
57 83 3.79203e-06
58 83 6.94353e-07
59 83 1.34546e-07
0 84 7.24426e-09
1 84 3.13976e-09
2 84 1.20096e-11
3 84 2.84068e-10
4 84 1.28564e-08
5 84 1.23885e-09
6 84 8.98471e-09
7 84 1.26811e-08
8 84 4.01982e-08
9 84 4.50151e-08
10 84 1.50476e-08
11 84 1.9367e-08
12 84 9.34131e-09
13 84 6.9598e-09
14 84 5.39715e-09
15 84 3.21949e-09
16 84 2.49484e-08
17 84 3.84076e-08
18 84 2.30514e-07
19 84 8.11705e-08
20 84 2.73289e-07
21 84 2.8208e-07
22 84 2.88513e-07
23 84 2.88859e-07
24 84 1.46463e-07
25 84 1.10339e-06
26 84 4.93183e-07
27 84 4.45357e-06
28 84 5.93489e-08
29 84 4.63182e-08
30 84 1.87424e-05
31 84 1.48117e-05
32 84 1.65896e-06
33 84 3.1518e-07
34 84 2.43169e-06
35 84 7.07686e-07
36 84 8.91552e-06
37 84 4.13587e-05
38 84 5.34658e-05
39 84 7.23682e-05
40 84 2.21525e-09
41 84 9.77988e-10
42 84 4.75272e-08
43 84 8.29326e-09
44 84 1.38889e-08
45 84 1.04191e-07
46 84 2.07374e-08
47 84 4.97549e-08
48 84 4.01737e-07
49 84 2.70189e-07
50 84 6.4429e-10
51 84 1.75027e-09
52 84 5.2631e-06
53 84 2.93373e-07
54 84 2.86381e-08
55 84 1.33895e-07
56 84 2.75247e-08
57 84 9.54924e-08
58 84 1.21395e-08
59 84 1.31172e-08
0 85 3.13877e-09
1 85 7.25223e-09
2 85 2.86617e-10
3 85 1.25671e-11
4 85 1.24183e-09
5 85 1.28643e-08
6 85 1.26893e-08
7 85 8.98032e-09
8 85 4.49811e-08
9 85 4.02057e-08
10 85 1.93671e-08
11 85 1.50372e-08
12 85 6.96275e-09
13 85 9.34342e-09
14 85 3.21694e-09
15 85 5.39726e-09
16 85 3.84012e-08
17 85 2.49409e-08
18 85 8.11639e-08
19 85 2.30523e-07
20 85 2.82077e-07
21 85 2.73287e-07
22 85 2.88854e-07
23 85 2.88508e-07
24 85 1.10338e-06
25 85 1.4646e-07
26 85 4.45352e-06
27 85 4.93163e-07
28 85 4.63149e-08
29 85 5.93515e-08
30 85 1.48116e-05
31 85 1.87425e-05
32 85 3.1518e-07
33 85 1.65896e-06
34 85 7.07694e-07
35 85 2.4317e-06
36 85 4.13587e-05
37 85 8.91558e-06
38 85 7.23679e-05
39 85 5.34657e-05
40 85 9.78118e-10
41 85 2.21574e-09
42 85 8.29332e-09
43 85 4.75315e-08
44 85 1.04192e-07
45 85 1.38899e-08
46 85 4.97545e-08
47 85 2.07382e-08
48 85 2.70185e-07
49 85 4.01739e-07
50 85 1.75053e-09
51 85 6.44024e-10
52 85 2.93377e-07
53 85 5.2631e-06
54 85 1.33889e-07
55 85 2.86313e-08
56 85 9.54872e-08
57 85 2.75231e-08
58 85 1.3115e-08
59 85 1.21327e-08
0 86 1.67562e-09
1 86 7.58699e-10
2 86 6.63085e-09
3 86 3.11171e-10
4 86 4.39476e-10
5 86 7.87006e-10
6 86 2.60483e-09
7 86 2.42627e-08
8 86 1.06864e-08
9 86 2.28124e-08
10 86 2.59809e-09
11 86 3.39298e-09
12 86 4.59862e-09
13 86 4.03101e-09
14 86 6.89868e-09
15 86 9.18499e-09
16 86 4.3541e-09
17 86 1.01439e-07
18 86 2.46039e-08
19 86 3.80902e-08
20 86 5.39013e-07
21 86 2.88866e-07
22 86 9.27458e-07
23 86 7.88296e-06
24 86 8.96502e-06
25 86 1.13183e-06
26 86 3.38907e-06
27 86 1.15402e-07
28 86 7.90735e-09
29 86 1.72001e-07
30 86 7.4016e-06
31 86 3.78335e-06
32 86 1.22169e-05
33 86 5.38766e-05
34 86 1.18433e-06
35 86 5.19048e-06
36 86 4.36812e-06
37 86 2.19799e-06
38 86 3.08203e-06
39 86 1.60941e-06
40 86 2.75674e-08
41 86 5.50262e-08
42 86 4.56845e-08
43 86 4.99853e-07
44 86 5.90929e-08
45 86 2.58234e-09
46 86 6.77873e-08
47 86 9.15641e-09
48 86 4.00703e-08
49 86 6.61647e-08
50 86 5.69936e-09
51 86 1.62759e-07
52 86 3.75489e-07
53 86 1.36608e-05
54 86 2.48909e-05
55 86 4.75842e-06
56 86 4.79842e-06
57 86 1.28452e-06
58 86 2.61666e-08
59 86 7.06509e-08
0 87 7.61145e-10
1 87 1.6705e-09
2 87 3.10646e-10
3 87 6.61746e-09
4 87 7.84339e-10
5 87 4.38764e-10
6 87 2.42475e-08
7 87 2.60471e-09
8 87 2.27909e-08
9 87 1.06832e-08
10 87 3.40119e-09
11 87 2.592e-09
12 87 4.03412e-09
13 87 4.59314e-09
14 87 9.17485e-09
15 87 6.89757e-09
16 87 1.01465e-07
17 87 4.35221e-09
18 87 3.80808e-08
19 87 2.45888e-08
20 87 2.88852e-07
21 87 5.39037e-07
22 87 7.88274e-06
23 87 9.27431e-07
24 87 1.13187e-06
25 87 8.96494e-06
26 87 1.15396e-07
27 87 3.38906e-06
28 87 1.71991e-07
29 87 7.90826e-09
30 87 3.78346e-06
31 87 7.40171e-06
32 87 5.38765e-05
33 87 1.22169e-05
34 87 5.19044e-06
35 87 1.18432e-06
36 87 2.19805e-06
37 87 4.36813e-06
38 87 1.60941e-06
39 87 3.08206e-06
40 87 5.50319e-08
41 87 2.75701e-08
42 87 4.99846e-07
43 87 4.56844e-08
44 87 2.58155e-09
45 87 5.91011e-08
46 87 9.15305e-09
47 87 6.77899e-08
48 87 6.61719e-08
49 87 4.00705e-08
50 87 1.62767e-07
51 87 5.69775e-09
52 87 1.36607e-05
53 87 3.75499e-07
54 87 4.75835e-06
55 87 2.48908e-05
56 87 1.2845e-06
57 87 4.79843e-06
58 87 7.06327e-08
59 87 2.61633e-08
0 88 1.26953e-08
1 88 7.56244e-09
2 88 2.86159e-08
3 88 2.98431e-09
4 88 5.04893e-08
5 88 2.26697e-08
6 88 1.67648e-10
7 88 5.09409e-11
8 88 1.25304e-09
9 88 4.84299e-10
10 88 3.56086e-09
11 88 6.32362e-09
12 88 4.56924e-10
13 88 1.72056e-10
14 88 4.47238e-09
15 88 3.72469e-10
16 88 1.2163e-09
17 88 9.95203e-09
18 88 2.48826e-07
19 88 7.90953e-08
20 88 4.33972e-07
21 88 5.63822e-07
22 88 4.08301e-06
23 88 6.47196e-06
24 88 4.55318e-06
25 88 4.29761e-06
26 88 9.3207e-07
27 88 1.18363e-07
28 88 6.12047e-07
29 88 4.44485e-07
30 88 1.92481e-05
31 88 3.36072e-05
32 88 1.97561e-05
33 88 2.47708e-06
34 88 1.04388e-06
35 88 3.36684e-08
36 88 1.72394e-08
37 88 3.45225e-08
38 88 1.59217e-06
39 88 4.73726e-06
40 88 1.88816e-09
41 88 1.09096e-09
42 88 8.43763e-09
43 88 4.20521e-09
44 88 1.41251e-07
45 88 3.43034e-07
46 88 1.00619e-07
47 88 1.75144e-07
48 88 1.14985e-07
49 88 2.30401e-07
50 88 1.3062e-08
51 88 5.122e-09
52 88 2.9299e-07
53 88 3.69329e-07
54 88 8.10851e-07
55 88 6.07471e-06
56 88 7.391e-06
57 88 5.12252e-06
58 88 4.04767e-08
59 88 5.4709e-08
0 89 7.56981e-09
1 89 1.26944e-08
2 89 2.98052e-09
3 89 2.86182e-08
4 89 2.26708e-08
5 89 5.04853e-08
6 89 5.08679e-11
7 89 1.66731e-10
8 89 4.82307e-10
9 89 1.25732e-09
10 89 6.3315e-09
11 89 3.56337e-09
12 89 1.72348e-10
13 89 4.55639e-10
14 89 3.73126e-10
15 89 4.47302e-09
16 89 9.94395e-09
17 89 1.21673e-09
18 89 7.91115e-08
19 89 2.48865e-07
20 89 5.63809e-07
21 89 4.33975e-07
22 89 6.47213e-06
23 89 4.08299e-06
24 89 4.29753e-06
25 89 4.55313e-06
26 89 1.18368e-07
27 89 9.32049e-07
28 89 4.44468e-07
29 89 6.12065e-07
30 89 3.36071e-05
31 89 1.9248e-05
32 89 2.47699e-06
33 89 1.97562e-05
34 89 3.36689e-08
35 89 1.04384e-06
36 89 3.45177e-08
37 89 1.72407e-08
38 89 4.73723e-06
39 89 1.59223e-06
40 89 1.09231e-09
41 89 1.88958e-09
42 89 4.20237e-09
43 89 8.43472e-09
44 89 3.43036e-07
45 89 1.41258e-07
46 89 1.75148e-07
47 89 1.00608e-07
48 89 2.30415e-07
49 89 1.1497e-07
50 89 5.12408e-09
51 89 1.3069e-08
52 89 3.69323e-07
53 89 2.93005e-07
54 89 6.07472e-06
55 89 8.10888e-07
56 89 5.12258e-06
57 89 7.39087e-06
58 89 5.47279e-08
59 89 4.04497e-08
0 90 9.26146e-10
1 90 1.14541e-09
2 90 1.34039e-08
3 90 1.70369e-08
4 90 2.41995e-08
5 90 1.07196e-09
6 90 1.94119e-08
7 90 3.45248e-09
8 90 2.00897e-08
9 90 1.13398e-08
10 90 2.48623e-08
11 90 1.73318e-08
12 90 1.58951e-10
13 90 5.05839e-10
14 90 9.18669e-10
15 90 2.64753e-09
16 90 1.89783e-08
17 90 9.16801e-09
18 90 2.76803e-08
19 90 3.23715e-09
20 90 2.02979e-07
21 90 3.12206e-07
22 90 9.53819e-06
23 90 6.41121e-06
24 90 9.96662e-06
25 90 0.000106942
26 90 1.63311e-08
27 90 1.04064e-06
28 90 6.47274e-07
29 90 6.48932e-08
30 90 2.9896e-06
31 90 7.96599e-06
32 90 1.32512e-07
33 90 1.30009e-06
34 90 3.34999e-07
35 90 2.5593e-07
36 90 4.71228e-07
37 90 4.65855e-07
38 90 9.56321e-08
39 90 3.55347e-07
40 90 1.62916e-09
41 90 1.10222e-08
42 90 3.14676e-08
43 90 6.19392e-09
44 90 3.39119e-10
45 90 1.5882e-08
46 90 5.92806e-09
47 90 1.00461e-07
48 90 3.87951e-08
49 90 1.47881e-07
50 90 1.01462e-08
51 90 1.21292e-10
52 90 2.00988e-06
53 90 4.08532e-08
54 90 2.21362e-06
55 90 3.0044e-07
56 90 3.98605e-05
57 90 0.000140193
58 90 1.55048e-07
59 90 1.41001e-07
0 91 1.14637e-09
1 91 9.25025e-10
2 91 1.70523e-08
3 91 1.34033e-08
4 91 1.07505e-09
5 91 2.41891e-08
6 91 3.45883e-09
7 91 1.94153e-08
8 91 1.13455e-08
9 91 2.00815e-08
10 91 1.73195e-08
11 91 2.48676e-08
12 91 5.08832e-10
13 91 1.59765e-10
14 91 2.64456e-09
15 91 9.19127e-10
16 91 9.16905e-09
17 91 1.89981e-08
18 91 3.2391e-09
19 91 2.76768e-08
20 91 3.12188e-07
21 91 2.02968e-07
22 91 6.41137e-06
23 91 9.53831e-06
24 91 0.000106942
25 91 9.96633e-06
26 91 1.04067e-06
27 91 1.6327e-08
28 91 6.48789e-08
29 91 6.47308e-07
30 91 7.9658e-06
31 91 2.98956e-06
32 91 1.30011e-06
33 91 1.32523e-07
34 91 2.55934e-07
35 91 3.34991e-07
36 91 4.65826e-07
37 91 4.71219e-07
38 91 3.55324e-07
39 91 9.56384e-08
40 91 1.10185e-08
41 91 1.62874e-09
42 91 6.19245e-09
43 91 3.14626e-08
44 91 1.58821e-08
45 91 3.39254e-10
46 91 1.00446e-07
47 91 5.92804e-09
48 91 1.47866e-07
49 91 3.88063e-08
50 91 1.20968e-10
51 91 1.01477e-08
52 91 4.0858e-08
53 91 2.00994e-06
54 91 3.00419e-07
55 91 2.21356e-06
56 91 0.000140194
57 91 3.98603e-05
58 91 1.40997e-07
59 91 1.55047e-07
0 92 2.98619e-10
1 92 2.06497e-11
2 92 2.58017e-08
3 92 5.50949e-09
4 92 2.06604e-08
5 92 2.07892e-08
6 92 1.47488e-08
7 92 5.55283e-09
8 92 1.09341e-10
9 92 2.02109e-09
10 92 1.67144e-08
11 92 1.50425e-08
12 92 1.41267e-08
13 92 3.55087e-08
14 92 1.09478e-09
15 92 1.90232e-09
16 92 3.39648e-08
17 92 1.86812e-08
18 92 7.83529e-08
19 92 4.86058e-08
20 92 5.36386e-08
21 92 3.05309e-08
22 92 3.66989e-05
23 92 7.89092e-05
24 92 5.0664e-06
25 92 4.75894e-06
26 92 6.56356e-08
27 92 1.39293e-07
28 92 1.4349e-07
29 92 5.41447e-07
30 92 1.40111e-06
31 92 2.46372e-07
32 92 1.07362e-05
33 92 1.10417e-05
34 92 1.27496e-06
35 92 7.07368e-08
36 92 2.88155e-08
37 92 6.04952e-08
38 92 5.45855e-08
39 92 3.0487e-08
40 92 1.11965e-08
41 92 1.241e-09
42 92 6.42939e-08
43 92 7.46602e-08
44 92 8.76988e-09
45 92 2.99821e-09
46 92 3.35929e-08
47 92 2.94942e-08
48 92 3.60709e-09
49 92 1.71298e-08
50 92 2.63934e-08
51 92 1.15803e-08
52 92 2.42247e-06
53 92 2.94267e-06
54 92 3.04092e-05
55 92 7.38695e-05
56 92 2.84805e-06
57 92 1.59265e-06
58 92 5.61406e-07
59 92 6.29475e-08
0 93 2.02785e-11
1 93 2.95951e-10
2 93 5.50425e-09
3 93 2.58101e-08
4 93 2.07867e-08
5 93 2.06724e-08
6 93 5.55623e-09
7 93 1.47408e-08
8 93 2.02364e-09
9 93 1.09951e-10
10 93 1.50517e-08
11 93 1.67264e-08
12 93 3.55138e-08
13 93 1.41194e-08
14 93 1.90484e-09
15 93 1.09517e-09
16 93 1.86831e-08
17 93 3.3982e-08
18 93 4.85998e-08
19 93 7.83564e-08
20 93 3.0541e-08
21 93 5.36405e-08
22 93 7.89083e-05
23 93 3.66994e-05
24 93 4.75893e-06
25 93 5.06643e-06
26 93 1.39303e-07
27 93 6.56395e-08
28 93 5.41454e-07
29 93 1.43508e-07
30 93 2.46356e-07
31 93 1.40113e-06
32 93 1.10417e-05
33 93 1.07363e-05
34 93 7.07297e-08
35 93 1.27495e-06
36 93 6.04963e-08
37 93 2.88138e-08
38 93 3.04799e-08
39 93 5.45847e-08
40 93 1.23959e-09
41 93 1.11972e-08
42 93 7.46628e-08
43 93 6.42996e-08
44 93 2.99912e-09
45 93 8.76871e-09
46 93 2.94835e-08
47 93 3.35886e-08
48 93 1.71355e-08
49 93 3.60407e-09
50 93 1.15784e-08
51 93 2.63935e-08
52 93 2.94266e-06
53 93 2.42254e-06
54 93 7.38697e-05
55 93 3.0409e-05
56 93 1.59268e-06
57 93 2.84811e-06
58 93 6.29658e-08
59 93 5.6144e-07
0 94 1.29207e-07
1 94 2.75792e-07
2 94 1.87262e-08
3 94 1.18035e-08
4 94 2.40044e-09
5 94 2.76464e-08
6 94 1.81204e-08
7 94 3.58506e-08
8 94 2.27511e-09
9 94 1.75944e-08
10 94 2.68294e-10
11 94 3.57804e-09
12 94 6.0772e-09
13 94 1.62366e-09
14 94 1.20109e-07
15 94 5.90312e-08
16 94 8.82578e-09
17 94 3.17669e-08
18 94 6.08821e-10
19 94 1.30834e-08
20 94 6.2963e-06
21 94 3.51271e-06
22 94 1.28493e-06
23 94 5.6101e-06
24 94 1.1729e-05
25 94 4.30995e-07
26 94 0.000104953
27 94 1.93287e-05
28 94 7.03596e-08
29 94 2.08009e-06
30 94 4.18477e-06
31 94 3.54281e-06
32 94 1.22165e-06
33 94 8.17901e-07
34 94 4.56324e-10
35 94 8.42631e-10
36 94 3.14142e-10
37 94 3.52799e-10
38 94 1.62876e-06
39 94 1.30738e-06
40 94 3.78782e-07
41 94 2.30151e-07
42 94 1.96644e-08
43 94 1.35889e-07
44 94 2.955e-07
45 94 1.32023e-08
46 94 3.70949e-08
47 94 1.78522e-09
48 94 1.16136e-08
49 94 1.01119e-08
50 94 3.86366e-08
51 94 1.68923e-07
52 94 3.90378e-07
53 94 1.33509e-05
54 94 2.47701e-06
55 94 3.23407e-06
56 94 0.000154717
57 94 6.77106e-06
58 94 1.98208e-07
59 94 8.24038e-08
0 95 2.75896e-07
1 95 1.29242e-07
2 95 1.18077e-08
3 95 1.87373e-08
4 95 2.76647e-08
5 95 2.39988e-09
6 95 3.58739e-08
7 95 1.81219e-08
8 95 1.75833e-08
9 95 2.27055e-09
10 95 3.57553e-09
11 95 2.67636e-10
12 95 1.62461e-09
13 95 6.08503e-09
14 95 5.9042e-08
15 95 1.20098e-07
16 95 3.17725e-08
17 95 8.82061e-09
18 95 1.30814e-08
19 95 6.0714e-10
20 95 3.51261e-06
21 95 6.29642e-06
22 95 5.61016e-06
23 95 1.28489e-06
24 95 4.3101e-07
25 95 1.17288e-05
26 95 1.93284e-05
27 95 0.000104952
28 95 2.08013e-06
29 95 7.03783e-08
30 95 3.54282e-06
31 95 4.18491e-06
32 95 8.17866e-07
33 95 1.22162e-06
34 95 8.4196e-10
35 95 4.56061e-10
36 95 3.51652e-10
37 95 3.14504e-10
38 95 1.30738e-06
39 95 1.6287e-06
40 95 2.30146e-07
41 95 3.78772e-07
42 95 1.35879e-07
43 95 1.96535e-08
44 95 1.32028e-08
45 95 2.9551e-07
46 95 1.78766e-09
47 95 3.70891e-08
48 95 1.01078e-08
49 95 1.16058e-08
50 95 1.68933e-07
51 95 3.86372e-08
52 95 1.3351e-05
53 95 3.90367e-07
54 95 3.23403e-06
55 95 2.47708e-06
56 95 6.77113e-06
57 95 0.000154715
58 95 8.23924e-08
59 95 1.98241e-07
0 96 5.65547e-09
1 96 3.66969e-09
2 96 6.88083e-09
3 96 2.18737e-08
4 96 1.26941e-07
5 96 7.25882e-08
6 96 6.58174e-08
7 96 6.16796e-08
8 96 4.68291e-08
9 96 7.91043e-09
10 96 3.57241e-09
11 96 2.42344e-09
12 96 1.29959e-08
13 96 3.7626e-08
14 96 1.84325e-08
15 96 2.96555e-07
16 96 4.49633e-09
17 96 5.76719e-09
18 96 1.12202e-08
19 96 8.14816e-09
20 96 2.68474e-06
21 96 3.34586e-06
22 96 1.60055e-05
23 96 5.04958e-06
24 96 5.63678e-07
25 96 8.33995e-06
26 96 6.68038e-08
27 96 1.2416e-06
28 96 5.43903e-05
29 96 1.19629e-05
30 96 4.84864e-07
31 96 2.50268e-07
32 96 7.0648e-07
33 96 2.24346e-06
34 96 4.5146e-07
35 96 3.08745e-06
36 96 1.35604e-07
37 96 1.1125e-07
38 96 7.6549e-08
39 96 3.84027e-08
40 96 5.20797e-09
41 96 1.24138e-07
42 96 5.05054e-07
43 96 2.91665e-07
44 96 5.47471e-08
45 96 1.46794e-07
46 96 5.60298e-09
47 96 1.13292e-08
48 96 2.12604e-08
49 96 2.16887e-08
50 96 1.36237e-07
51 96 2.27086e-07
52 96 1.35078e-05
53 96 7.22482e-06
54 96 0.000137076
55 96 2.41887e-05
56 96 1.02532e-06
57 96 3.5288e-06
58 96 5.41531e-09
59 96 9.38113e-08
0 97 3.67577e-09
1 97 5.6507e-09
2 97 2.18585e-08
3 97 6.89331e-09
4 97 7.25884e-08
5 97 1.26884e-07
6 97 6.16391e-08
7 97 6.58133e-08
8 97 7.92073e-09
9 97 4.6829e-08
10 97 2.41703e-09
11 97 3.56412e-09
12 97 3.76264e-08
13 97 1.29926e-08
14 97 2.96598e-07
15 97 1.84273e-08
16 97 5.7566e-09
17 97 4.49695e-09
18 97 8.14744e-09
19 97 1.12095e-08
20 97 3.3459e-06
21 97 2.68475e-06
22 97 5.04941e-06
23 97 1.60054e-05
24 97 8.34008e-06
25 97 5.63699e-07
26 97 1.24157e-06
27 97 6.6783e-08
28 97 1.19627e-05
29 97 5.43898e-05
30 97 2.50258e-07
31 97 4.8493e-07
32 97 2.2435e-06
33 97 7.06535e-07
34 97 3.08754e-06
35 97 4.51452e-07
36 97 1.11248e-07
37 97 1.35606e-07
38 97 3.84117e-08
39 97 7.65457e-08
40 97 1.24183e-07
41 97 5.20966e-09
42 97 2.91681e-07
43 97 5.05016e-07
44 97 1.46777e-07
45 97 5.47301e-08
46 97 1.1333e-08
47 97 5.60271e-09
48 97 2.1697e-08
49 97 2.12706e-08
50 97 2.27051e-07
51 97 1.36213e-07
52 97 7.22496e-06
53 97 1.35079e-05
54 97 2.41892e-05
55 97 0.000137076
56 97 3.52896e-06
57 97 1.02543e-06
58 97 9.37637e-08
59 97 5.40643e-09
0 98 6.01591e-09
1 98 9.66068e-10
2 98 1.21867e-09
3 98 4.91978e-09
4 98 6.58209e-10
5 98 4.35506e-11
6 98 3.61308e-08
7 98 3.80064e-09
8 98 1.6995e-08
9 98 1.39221e-08
10 98 4.61215e-10
11 98 4.20445e-10
12 98 5.93407e-09
13 98 2.85261e-09
14 98 5.8629e-11
15 98 2.02061e-10
16 98 3.02286e-09
17 98 1.16452e-09
18 98 4.20998e-08
19 98 4.48242e-09
20 98 2.15045e-05
21 98 4.75789e-05
22 98 2.17447e-06
23 98 1.43425e-07
24 98 3.30978e-07
25 98 2.26076e-06
26 98 5.43037e-08
27 98 5.65985e-06
28 98 2.6943e-06
29 98 5.68047e-07
30 98 8.65654e-06
31 98 1.25904e-05
32 98 3.67221e-07
33 98 6.68385e-08
34 98 2.69593e-08
35 98 7.08771e-09
36 98 1.41049e-08
37 98 5.1279e-08
38 98 7.13009e-08
39 98 1.43934e-07
40 98 1.54317e-07
41 98 7.613e-08
42 98 1.20731e-08
43 98 8.89175e-10
44 98 8.1718e-10
45 98 1.45119e-08
46 98 3.85101e-09
47 98 6.70312e-09
48 98 1.32621e-07
49 98 1.33428e-07
50 98 1.41211e-08
51 98 3.33676e-10
52 98 0.000238206
53 98 1.63764e-05
54 98 6.11801e-07
55 98 1.72533e-06
56 98 2.40349e-06
57 98 6.82207e-06
58 98 1.03818e-09
59 98 2.43188e-09
0 99 9.65255e-10
1 99 6.01096e-09
2 99 4.93047e-09
3 99 1.2173e-09
4 99 4.37162e-11
5 99 6.58733e-10
6 99 3.81088e-09
7 99 3.61612e-08
8 99 1.39099e-08
9 99 1.69656e-08
10 99 4.21651e-10
11 99 4.62117e-10
12 99 2.85242e-09
13 99 5.94037e-09
14 99 2.01847e-10
15 99 6.00961e-11
16 99 1.16581e-09
17 99 3.02469e-09
18 99 4.48902e-09
19 99 4.2099e-08
20 99 4.75782e-05
21 99 2.15044e-05
22 99 1.43384e-07
23 99 2.17453e-06
24 99 2.26087e-06
25 99 3.30975e-07
26 99 5.66015e-06
27 99 5.4292e-08
28 99 5.68105e-07
29 99 2.69431e-06
30 99 1.25903e-05
31 99 8.65637e-06
32 99 6.68321e-08
33 99 3.67161e-07
34 99 7.08417e-09
35 99 2.69518e-08
36 99 5.12636e-08
37 99 1.41116e-08
38 99 1.43895e-07
39 99 7.13223e-08
40 99 7.61463e-08
41 99 1.54274e-07
42 99 8.91341e-10
43 99 1.20757e-08
44 99 1.4507e-08
45 99 8.17284e-10
46 99 6.71225e-09
47 99 3.85148e-09
48 99 1.33399e-07
49 99 1.32607e-07
50 99 3.33804e-10
51 99 1.41325e-08
52 99 1.63767e-05
53 99 0.000238203
54 99 1.72533e-06
55 99 6.11802e-07
56 99 6.82243e-06
57 99 2.40331e-06
58 99 2.43534e-09
59 99 1.03278e-09
