0 60 3.12895e-08
1 60 2.93791e-08
2 60 2.25233e-08
3 60 1.772e-08
4 60 8.82528e-08
5 60 3.90962e-08
6 60 6.24919e-10
7 60 7.19814e-11
8 60 4.88338e-09
9 60 3.83639e-10
10 60 6.90919e-08
11 60 1.4721e-08
12 60 2.12508e-10
13 60 2.20426e-10
14 60 2.38589e-09
15 60 2.23416e-08
16 60 9.45872e-09
17 60 8.04978e-09
18 60 4.69519e-09
19 60 2.72615e-09
20 60 8.49905e-06
21 60 1.422e-05
22 60 0.000168932
23 60 8.55527e-05
24 60 0.000159602
25 60 0.000472155
26 60 0.000139133
27 60 0.000192369
28 60 3.77472e-05
29 60 1.0061e-06
30 60 5.72254e-06
31 60 3.52353e-06
32 60 3.50346e-06
33 60 1.98398e-05
34 60 2.50215e-06
35 60 3.42919e-06
36 60 8.6733e-05
37 60 5.02888e-05
38 60 4.4121e-06
39 60 3.75822e-06
40 60 5.58705e-08
41 60 3.69293e-08
42 60 3.95872e-07
43 60 9.61499e-08
44 60 3.75705e-06
45 60 1.17211e-05
46 60 5.45164e-07
47 60 1.46299e-06
48 60 4.86977e-07
49 60 8.82333e-07
50 60 2.6989e-06
51 60 3.79486e-06
52 60 0.00112422
53 60 0.000499769
54 60 0.00514403
55 60 0.000957563
56 60 0.0144572
57 60 0.138471
58 60 8.97624e-06
59 60 1.44215e-05
0 61 2.9404e-08
1 61 3.12324e-08
2 61 1.77644e-08
3 61 2.25088e-08
4 61 3.90915e-08
5 61 8.82448e-08
6 61 7.27199e-11
7 61 6.249e-10
8 61 3.79819e-10
9 61 4.87918e-09
10 61 1.47068e-08
11 61 6.91265e-08
12 61 2.21346e-10
13 61 2.10249e-10
14 61 2.23428e-08
15 61 2.38827e-09
16 61 8.05666e-09
17 61 9.4538e-09
18 61 2.72881e-09
19 61 4.69415e-09
20 61 1.42196e-05
21 61 8.49917e-06
22 61 8.55526e-05
23 61 0.00016893
24 61 0.000472158
25 61 0.000159605
26 61 0.000192369
27 61 0.000139136
28 61 1.00597e-06
29 61 3.77474e-05
30 61 3.52356e-06
31 61 5.72238e-06
32 61 1.98399e-05
33 61 3.50338e-06
34 61 3.42918e-06
35 61 2.50231e-06
36 61 5.0289e-05
37 61 8.67343e-05
38 61 3.75827e-06
39 61 4.41196e-06
40 61 3.69314e-08
41 61 5.58617e-08
42 61 9.61217e-08
43 61 3.95896e-07
44 61 1.17213e-05
45 61 3.75696e-06
46 61 1.46302e-06
47 61 5.45211e-07
48 61 8.82264e-07
49 61 4.8697e-07
50 61 3.7947e-06
51 61 2.6988e-06
52 61 0.000499776
53 61 0.00112421
54 61 0.000957612
55 61 0.00514385
56 61 0.138472
57 61 0.0144577
58 61 1.44209e-05
59 61 8.97564e-06
0 62 3.1246e-06
1 62 3.97703e-06
2 62 1.58789e-05
3 62 8.14412e-05
4 62 8.18356e-05
5 62 2.42108e-05
6 62 1.01887e-06
7 62 5.09804e-08
8 62 1.10693e-06
9 62 3.7596e-08
10 62 2.60955e-06
11 62 8.39634e-08
12 62 8.94169e-06
13 62 1.89589e-05
14 62 3.64033e-06
15 62 2.34496e-05
16 62 8.67204e-07
17 62 1.87006e-07
18 62 9.97187e-06
19 62 4.88432e-06
20 62 8.82177e-10
21 62 9.78661e-10
22 62 5.72749e-08
23 62 1.38197e-09
24 62 1.17443e-08
25 62 3.11674e-07
26 62 9.22136e-08
27 62 2.03605e-07
28 62 1.41493e-07
29 62 2.10932e-08
30 62 3.33758e-08
31 62 2.17578e-08
32 62 1.57989e-08
33 62 6.31354e-08
34 62 1.33035e-07
35 62 3.69789e-07
36 62 5.32728e-08
37 62 8.27128e-09
38 62 9.39027e-08
39 62 1.19313e-07
40 62 0.000155461
41 62 0.000407989
42 62 0.000158221
43 62 4.47334e-05
44 62 3.34207e-06
45 62 0.000117002
46 62 1.7534e-05
47 62 8.77036e-05
48 62 7.58259e-05
49 62 5.2413e-05
50 62 0.00374076
51 62 0.00322137
52 62 2.61778e-07
53 62 9.18733e-08
54 62 7.09316e-06
55 62 3.37924e-06
56 62 2.02863e-06
57 62 2.08116e-05
58 62 0.0350005
59 62 0.249997
0 63 3.97903e-06
1 63 3.12667e-06
2 63 8.14371e-05
3 63 1.5872e-05
4 63 2.4215e-05
5 63 8.1834e-05
6 63 5.09788e-08
7 63 1.01896e-06
8 63 3.7463e-08
9 63 1.10669e-06
10 63 8.40504e-08
11 63 2.60922e-06
12 63 1.89591e-05
13 63 8.9424e-06
14 63 2.34494e-05
15 63 3.63998e-06
16 63 1.86907e-07
17 63 8.67335e-07
18 63 4.88475e-06
19 63 9.97194e-06
20 63 9.78436e-10
21 63 8.81176e-10
22 63 1.3774e-09
23 63 5.72679e-08
24 63 3.11668e-07
25 63 1.17447e-08
26 63 2.03599e-07
27 63 9.22206e-08
28 63 2.10872e-08
29 63 1.41478e-07
30 63 2.17596e-08
31 63 3.33734e-08
32 63 6.3117e-08
33 63 1.58054e-08
34 63 3.69815e-07
35 63 1.3302e-07
36 63 8.27121e-09
37 63 5.32603e-08
38 63 1.19314e-07
39 63 9.39004e-08
40 63 0.000407986
41 63 0.000155461
42 63 4.47318e-05
43 63 0.000158222
44 63 0.000117005
45 63 3.34284e-06
46 63 8.77032e-05
47 63 1.75339e-05
48 63 5.24123e-05
49 63 7.58244e-05
50 63 0.00322132
51 63 0.00374077
52 63 9.18968e-08
53 63 2.6177e-07
54 63 3.37922e-06
55 63 7.09293e-06
56 63 2.08116e-05
57 63 2.02843e-06
58 63 0.249995
59 63 0.0350014
0 64 1.45015e-05
1 64 1.32903e-05
2 64 7.19472e-07
3 64 6.37923e-07
4 64 3.33914e-06
5 64 5.56024e-06
6 64 3.58282e-07
7 64 1.61607e-07
8 64 3.39446e-09
9 64 1.9147e-07
10 64 5.744e-08
11 64 1.54847e-07
12 64 2.12217e-08
13 64 1.14272e-09
14 64 5.83549e-06
15 64 7.41543e-07
16 64 4.32129e-06
17 64 2.58434e-06
18 64 2.67395e-08
19 64 3.36078e-07
20 64 1.58547e-08
21 64 1.22473e-08
22 64 2.28077e-07
23 64 4.32392e-07
24 64 2.1373e-06
25 64 1.26198e-06
26 64 2.07711e-07
27 64 3.1538e-07
28 64 5.31227e-09
29 64 6.80114e-08
30 64 1.70197e-08
31 64 2.38184e-08
32 64 1.69042e-08
33 64 8.29109e-10
34 64 9.34272e-07
35 64 1.559e-07
36 64 2.74736e-07
37 64 6.44995e-07
38 64 2.53329e-08
39 64 1.84503e-08
40 64 2.51805e-05
41 64 4.69702e-06
42 64 3.43917e-06
43 64 6.71069e-06
44 64 0.00135312
45 64 0.000860507
46 64 0.000174895
47 64 0.000115293
48 64 0.000100945
49 64 5.22319e-05
50 64 0.000366709
51 64 0.000205824
52 64 2.38643e-06
53 64 2.71409e-06
54 64 4.25113e-07
55 64 8.02163e-07
56 64 0.000118054
57 64 2.54231e-05
58 64 0.00459643
59 64 0.000263678
0 65 1.32896e-05
1 65 1.45022e-05
2 65 6.38333e-07
3 65 7.19317e-07
4 65 5.56032e-06
5 65 3.33882e-06
6 65 1.61622e-07
7 65 3.58306e-07
8 65 1.91451e-07
9 65 3.39561e-09
10 65 1.54919e-07
11 65 5.74234e-08
12 65 1.14047e-09
13 65 2.12148e-08
14 65 7.4151e-07
15 65 5.83565e-06
16 65 2.5844e-06
17 65 4.3213e-06
18 65 3.36259e-07
19 65 2.67457e-08
20 65 1.22458e-08
21 65 1.58597e-08
22 65 4.3239e-07
23 65 2.28026e-07
24 65 1.26191e-06
25 65 2.13731e-06
26 65 3.15353e-07
27 65 2.07703e-07
28 65 6.80169e-08
29 65 5.31589e-09
30 65 2.38151e-08
31 65 1.70139e-08
32 65 8.28859e-10
33 65 1.69091e-08
34 65 1.55897e-07
35 65 9.34281e-07
36 65 6.44994e-07
37 65 2.74733e-07
38 65 1.8452e-08
39 65 2.53296e-08
40 65 4.69718e-06
41 65 2.51812e-05
42 65 6.71078e-06
43 65 3.43965e-06
44 65 0.00086049
45 65 0.00135311
46 65 0.000115292
47 65 0.000174895
48 65 5.22314e-05
49 65 0.000100944
50 65 0.000205822
51 65 0.000366725
52 65 2.71404e-06
53 65 2.38631e-06
54 65 8.0224e-07
55 65 4.25194e-07
56 65 2.54221e-05
57 65 0.000118053
58 65 0.000263673
59 65 0.00459659
0 66 4.29169e-07
1 66 8.80998e-08
2 66 1.30806e-06
3 66 2.86415e-06
4 66 3.16844e-06
5 66 1.9436e-07
6 66 1.51962e-06
7 66 2.47689e-07
8 66 1.09599e-06
9 66 3.33139e-08
10 66 1.46807e-07
11 66 1.05819e-07
12 66 1.17645e-07
13 66 1.16237e-07
14 66 5.66134e-08
15 66 4.64026e-08
16 66 1.58914e-06
17 66 4.61555e-07
18 66 2.84398e-06
19 66 1.72001e-06
20 66 2.96964e-08
21 66 2.62909e-08
22 66 1.57365e-07
23 66 4.28583e-09
24 66 1.95608e-08
25 66 4.2351e-08
26 66 5.77878e-09
27 66 6.21616e-08
28 66 5.92834e-08
29 66 3.15372e-09
30 66 4.849e-09
31 66 1.40026e-08
32 66 2.82997e-06
33 66 1.17677e-06
34 66 6.27906e-11
35 66 3.36427e-11
36 66 5.85085e-09
37 66 1.00677e-08
38 66 7.84733e-07
39 66 8.2481e-07
40 66 4.21334e-06
41 66 2.49547e-06
42 66 4.44806e-05
43 66 4.66348e-06
44 66 1.81535e-06
45 66 0.000129563
46 66 1.73432e-05
47 66 0.000205009
48 66 0.00189276
49 66 0.00156282
50 66 2.21812e-06
51 66 5.76047e-07
52 66 1.13551e-07
53 66 3.42647e-09
54 66 9.91494e-07
55 66 4.91996e-06
56 66 4.42712e-07
57 66 1.77065e-06
58 66 0.00243981
59 66 0.00227478
0 67 8.82047e-08
1 67 4.29101e-07
2 67 2.86343e-06
3 67 1.30835e-06
4 67 1.94518e-07
5 67 3.16894e-06
6 67 2.47769e-07
7 67 1.5198e-06
8 67 3.32852e-08
9 67 1.09594e-06
10 67 1.05884e-07
11 67 1.46833e-07
12 67 1.16215e-07
13 67 1.17649e-07
14 67 4.63834e-08
15 67 5.66264e-08
16 67 4.61477e-07
17 67 1.58917e-06
18 67 1.72007e-06
19 67 2.84364e-06
20 67 2.62903e-08
21 67 2.96957e-08
22 67 4.28539e-09
23 67 1.57382e-07
24 67 4.23526e-08
25 67 1.95633e-08
26 67 6.21561e-08
27 67 5.7763e-09
28 67 3.15351e-09
29 67 5.92813e-08
30 67 1.39948e-08
31 67 4.85002e-09
32 67 1.17678e-06
33 67 2.82991e-06
34 67 3.36598e-11
35 67 6.2951e-11
36 67 1.00685e-08
37 67 5.84965e-09
38 67 8.24838e-07
39 67 7.84735e-07
40 67 2.49548e-06
41 67 4.21328e-06
42 67 4.66355e-06
43 67 4.44811e-05
44 67 0.000129563
45 67 1.81527e-06
46 67 0.000205012
47 67 1.73449e-05
48 67 0.0015628
49 67 0.00189275
50 67 5.76074e-07
51 67 2.21801e-06
52 67 3.42688e-09
53 67 1.13542e-07
54 67 4.91988e-06
55 67 9.91536e-07
56 67 1.77066e-06
57 67 4.42737e-07
58 67 0.00227479
59 67 0.0024398
0 68 7.01506e-10
1 68 6.17738e-09
2 68 2.63939e-08
3 68 1.0603e-08
4 68 6.99086e-09
5 68 4.96086e-08
6 68 1.50734e-11
7 68 4.10502e-10
8 68 4.59831e-10
9 68 4.47363e-10
10 68 4.34987e-08
11 68 4.38414e-08
12 68 3.99072e-10
13 68 9.59445e-10
14 68 3.10973e-08
15 68 5.56579e-08
16 68 1.33803e-09
17 68 9.49708e-10
18 68 1.66432e-08
19 68 1.70242e-08
20 68 9.89289e-07
21 68 1.78117e-06
22 68 1.13405e-05
23 68 1.64739e-05
24 68 5.32052e-05
25 68 5.46679e-06
26 68 1.46003e-05
27 68 2.19796e-06
28 68 9.88239e-08
29 68 7.35986e-07
30 68 1.36319e-07
31 68 7.1687e-07
32 68 1.61809e-06
33 68 2.55358e-06
34 68 6.93444e-06
35 68 2.62354e-05
36 68 0.000360094
37 68 7.34239e-05
38 68 7.35887e-06
39 68 2.12701e-05
40 68 4.72512e-08
41 68 1.30693e-07
42 68 1.27604e-07
43 68 5.44923e-07
44 68 1.4914e-06
45 68 8.83411e-08
46 68 1.43922e-08
47 68 1.00612e-08
48 68 1.88836e-07
49 68 5.05336e-07
50 68 7.26394e-08
51 68 2.66382e-06
52 68 2.71631e-06
53 68 3.53137e-05
54 68 0.000576177
55 68 5.13222e-05
56 68 0.00590785
57 68 0.00227852
58 68 1.56618e-06
59 68 5.63931e-08
0 69 6.19726e-09
1 69 6.99773e-10
2 69 1.06112e-08
3 69 2.6329e-08
4 69 4.95896e-08
5 69 6.95346e-09
6 69 4.07632e-10
7 69 1.58416e-11
8 69 4.45942e-10
9 69 4.66187e-10
10 69 4.38584e-08
11 69 4.34961e-08
12 69 9.65555e-10
13 69 3.95843e-10
14 69 5.56496e-08
15 69 3.11078e-08
16 69 9.45227e-10
17 69 1.341e-09
18 69 1.7026e-08
19 69 1.66517e-08
20 69 1.78115e-06
21 69 9.89218e-07
22 69 1.64737e-05
23 69 1.13399e-05
24 69 5.46688e-06
25 69 5.32057e-05
26 69 2.19786e-06
27 69 1.46002e-05
28 69 7.36026e-07
29 69 9.8832e-08
30 69 7.16883e-07
31 69 1.36316e-07
32 69 2.5536e-06
33 69 1.61807e-06
34 69 2.62347e-05
35 69 6.93423e-06
36 69 7.3423e-05
37 69 0.000360094
38 69 2.12699e-05
39 69 7.35891e-06
40 69 1.30688e-07
41 69 4.72554e-08
42 69 5.44925e-07
43 69 1.27614e-07
44 69 8.83365e-08
45 69 1.49139e-06
46 69 1.00589e-08
47 69 1.43912e-08
48 69 5.05313e-07
49 69 1.88838e-07
50 69 2.66379e-06
51 69 7.2646e-08
52 69 3.53139e-05
53 69 2.71636e-06
54 69 5.13228e-05
55 69 0.00057616
56 69 0.00227853
57 69 0.00590785
58 69 5.64324e-08
59 69 1.56615e-06
0 70 2.42812e-09
1 70 7.56741e-10
2 70 1.06386e-07
3 70 3.62084e-09
4 70 2.86156e-09
5 70 2.92516e-09
6 70 9.81121e-09
7 70 4.46652e-09
8 70 3.35153e-10
9 70 2.6184e-08
10 70 2.5549e-08
11 70 8.46662e-08
12 70 2.89193e-08
13 70 5.2936e-08
14 70 1.87536e-08
15 70 3.54059e-09
16 70 1.99032e-10
17 70 9.61342e-09
18 70 4.0126e-08
19 70 2.62091e-08
20 70 4.56033e-06
21 70 8.77204e-06
22 70 2.6395e-06
23 70 3.13303e-06
24 70 4.11447e-06
25 70 3.54653e-06
26 70 3.83979e-06
27 70 5.25071e-06
28 70 8.65842e-06
29 70 3.90824e-05
30 70 7.87404e-06
31 70 2.96622e-05
32 70 1.91717e-05
33 70 7.79889e-06
34 70 0.000297709
35 70 8.59126e-05
36 70 2.6355e-05
37 70 9.14139e-06
38 70 1.76618e-05
39 70 4.93551e-05
40 70 3.50046e-08
41 70 2.60055e-08
42 70 7.11104e-07
43 70 8.9161e-07
44 70 2.96585e-08
45 70 2.85547e-08
46 70 2.4033e-08
47 70 1.12233e-08
48 70 1.79856e-07
49 70 3.51692e-07
50 70 2.18966e-07
51 70 7.58339e-08
52 70 0.000257873
53 70 0.00042085
54 70 0.000832386
55 70 0.00171891
56 70 0.000191436
57 70 9.1904e-05
58 70 1.20186e-05
59 70 5.15133e-07
0 71 7.48798e-10
1 71 2.42245e-09
2 71 3.63422e-09
3 71 1.06389e-07
4 71 2.93777e-09
5 71 2.85856e-09
6 71 4.45787e-09
7 71 9.81598e-09
8 71 2.61481e-08
9 71 3.35516e-10
10 71 8.45914e-08
11 71 2.55466e-08
12 71 5.29323e-08
13 71 2.89052e-08
14 71 3.54137e-09
15 71 1.87633e-08
16 71 9.6206e-09
17 71 2.01356e-10
18 71 2.62027e-08
19 71 4.01343e-08
20 71 8.77225e-06
21 71 4.56034e-06
22 71 3.13296e-06
23 71 2.63963e-06
24 71 3.54658e-06
25 71 4.11441e-06
26 71 5.25054e-06
27 71 3.83976e-06
28 71 3.90827e-05
29 71 8.65886e-06
30 71 2.96623e-05
31 71 7.87422e-06
32 71 7.799e-06
33 71 1.91719e-05
34 71 8.59116e-05
35 71 0.000297713
36 71 9.14076e-06
37 71 2.63548e-05
38 71 4.93553e-05
39 71 1.76618e-05
40 71 2.60078e-08
41 71 3.50104e-08
42 71 8.91623e-07
43 71 7.11134e-07
44 71 2.85538e-08
45 71 2.96703e-08
46 71 1.1226e-08
47 71 2.403e-08
48 71 3.51705e-07
49 71 1.79878e-07
50 71 7.583e-08
51 71 2.18972e-07
52 71 0.000420852
53 71 0.000257876
54 71 0.00171894
55 71 0.000832378
56 71 9.19058e-05
57 71 0.000191434
58 71 5.15101e-07
59 71 1.20186e-05
0 72 5.2131e-08
1 72 6.27438e-08
2 72 3.04612e-08
3 72 4.42511e-09
4 72 1.58815e-09
5 72 2.18731e-09
6 72 1.54075e-09
7 72 2.96901e-08
8 72 1.26812e-08
9 72 5.00857e-08
10 72 8.9652e-09
11 72 3.05518e-08
12 72 3.35324e-08
13 72 5.41789e-08
14 72 1.2126e-08
15 72 8.95958e-10
16 72 7.82846e-08
17 72 6.19593e-08
18 72 9.63337e-09
19 72 9.36507e-09
20 72 3.73534e-06
21 72 3.16307e-06
22 72 1.12238e-05
23 72 1.73637e-05
24 72 6.28221e-05
25 72 2.36854e-05
26 72 5.08842e-06
27 72 3.18359e-06
28 72 2.94162e-07
29 72 2.63263e-06
30 72 2.48421e-05
31 72 5.6728e-05
32 72 5.21056e-05
33 72 6.01433e-06
34 72 0.000113274
35 72 2.73237e-05
36 72 2.74335e-05
37 72 3.66166e-05
38 72 5.8182e-05
39 72 7.66417e-05
40 72 8.12066e-08
41 72 2.33961e-08
42 72 9.48669e-09
43 72 1.40268e-08
44 72 1.64387e-06
45 72 5.56243e-07
46 72 4.93318e-08
47 72 4.53787e-09
48 72 1.25407e-06
49 72 2.58327e-06
50 72 2.16861e-07
51 72 9.49124e-08
52 72 0.000212541
53 72 0.000315035
54 72 1.3392e-05
55 72 6.41331e-05
56 72 6.5672e-06
57 72 1.5424e-06
58 72 6.22266e-06
59 72 2.80977e-07
0 73 6.2681e-08
1 73 5.20913e-08
2 73 4.43256e-09
3 73 3.04041e-08
4 73 2.18409e-09
5 73 1.56794e-09
6 73 2.96769e-08
7 73 1.53822e-09
8 73 5.01235e-08
9 73 1.27024e-08
10 73 3.0565e-08
11 73 8.95305e-09
12 73 5.42089e-08
13 73 3.35655e-08
14 73 8.92828e-10
15 73 1.21208e-08
16 73 6.19441e-08
17 73 7.82886e-08
18 73 9.36951e-09
19 73 9.6377e-09
20 73 3.16317e-06
21 73 3.7355e-06
22 73 1.73636e-05
23 73 1.12238e-05
24 73 2.3685e-05
25 73 6.28212e-05
26 73 3.18351e-06
27 73 5.08835e-06
28 73 2.63261e-06
29 73 2.94154e-07
30 73 5.67279e-05
31 73 2.4842e-05
32 73 6.01446e-06
33 73 5.2105e-05
34 73 2.7323e-05
35 73 0.000113276
36 73 3.66168e-05
37 73 2.74333e-05
38 73 7.66428e-05
39 73 5.81826e-05
40 73 2.3394e-08
41 73 8.1208e-08
42 73 1.40232e-08
43 73 9.48193e-09
44 73 5.56238e-07
45 73 1.64388e-06
46 73 4.53866e-09
47 73 4.93372e-08
48 73 2.58322e-06
49 73 1.25406e-06
50 73 9.49157e-08
51 73 2.16852e-07
52 73 0.000315037
53 73 0.000212547
54 73 6.4132e-05
55 73 1.33922e-05
56 73 1.54267e-06
57 73 6.56736e-06
58 73 2.8099e-07
59 73 6.22255e-06
0 74 6.07637e-10
1 74 5.67965e-09
2 74 1.1718e-08
3 74 3.03739e-09
4 74 1.7473e-09
5 74 4.11121e-09
6 74 7.87432e-08
7 74 1.10627e-07
8 74 4.29215e-09
9 74 1.04293e-07
10 74 1.60126e-08
11 74 2.12175e-08
12 74 1.18957e-08
13 74 1.32208e-08
14 74 4.66093e-09
15 74 1.37083e-09
16 74 8.56705e-08
17 74 1.89769e-07
18 74 1.10509e-08
19 74 3.11272e-08
20 74 2.91999e-05
21 74 5.64333e-05
22 74 4.61758e-06
23 74 9.08381e-06
24 74 1.8105e-05
25 74 4.56728e-06
26 74 8.55059e-07
27 74 1.5391e-07
28 74 5.79356e-08
29 74 1.03219e-07
30 74 1.95294e-06
31 74 8.61549e-06
32 74 5.71739e-07
33 74 2.16435e-06
34 74 2.02988e-05
35 74 1.19082e-05
36 74 1.74787e-05
37 74 4.5386e-06
38 74 8.624e-05
39 74 0.000243092
40 74 3.0826e-08
41 74 3.7174e-08
42 74 1.22128e-09
43 74 1.28497e-08
44 74 1.46812e-07
45 74 2.57395e-08
46 74 2.56706e-07
47 74 1.10065e-07
48 74 2.11722e-07
49 74 4.03523e-07
50 74 1.02208e-07
51 74 7.47714e-08
52 74 0.0005872
53 74 0.00299177
54 74 0.000184954
55 74 0.000142997
56 74 2.16153e-05
57 74 4.68684e-06
58 74 1.47349e-06
59 74 7.17918e-07
0 75 5.68926e-09
1 75 6.0466e-10
2 75 3.04198e-09
3 75 1.17022e-08
4 75 4.08835e-09
5 75 1.75775e-09
6 75 1.1064e-07
7 75 7.8721e-08
8 75 1.04279e-07
9 75 4.27874e-09
10 75 2.12073e-08
11 75 1.6004e-08
12 75 1.32425e-08
13 75 1.19015e-08
14 75 1.37495e-09
15 75 4.66101e-09
16 75 1.89737e-07
17 75 8.56543e-08
18 75 3.11406e-08
19 75 1.10613e-08
20 75 5.64336e-05
21 75 2.92004e-05
22 75 9.08396e-06
23 75 4.61766e-06
24 75 4.56697e-06
25 75 1.8105e-05
26 75 1.53918e-07
27 75 8.55033e-07
28 75 1.03214e-07
29 75 5.79148e-08
30 75 8.61548e-06
31 75 1.95295e-06
32 75 2.16432e-06
33 75 5.7173e-07
34 75 1.19084e-05
35 75 2.02985e-05
36 75 4.53852e-06
37 75 1.74788e-05
38 75 0.000243093
39 75 8.624e-05
40 75 3.71714e-08
41 75 3.08294e-08
42 75 1.28494e-08
43 75 1.22048e-09
44 75 2.57346e-08
45 75 1.46814e-07
46 75 1.10062e-07
47 75 2.56708e-07
48 75 4.03503e-07
49 75 2.11728e-07
50 75 7.47789e-08
51 75 1.02218e-07
52 75 0.00299177
53 75 0.000587211
54 75 0.000142998
55 75 0.000184951
56 75 4.68681e-06
57 75 2.1615e-05
58 75 7.17922e-07
59 75 1.47341e-06
0 76 1.14434e-08
1 76 3.02141e-08
2 76 4.25715e-08
3 76 3.07188e-08
4 76 2.58395e-07
5 76 1.06797e-08
6 76 1.13495e-07
7 76 3.60327e-08
8 76 1.09305e-07
9 76 5.16385e-09
10 76 5.28511e-08
11 76 9.21722e-09
12 76 2.44862e-09
13 76 3.70705e-08
14 76 3.24897e-09
15 76 6.0797e-09
16 76 5.29708e-07
17 76 3.90653e-08
18 76 8.20599e-08
19 76 3.084e-09
20 76 1.57708e-07
21 76 1.58256e-06
22 76 1.03086e-05
23 76 7.5935e-07
24 76 2.03561e-07
25 76 9.81498e-06
26 76 1.88832e-09
27 76 4.73937e-08
28 76 2.99951e-07
29 76 8.11706e-08
30 76 9.17276e-07
31 76 3.79128e-06
32 76 0.000102788
33 76 8.55988e-05
34 76 1.70666e-05
35 76 1.13215e-05
36 76 2.79168e-07
37 76 8.31233e-08
38 76 9.37589e-06
39 76 5.27421e-05
40 76 8.8876e-09
41 76 6.56366e-08
42 76 5.36411e-07
43 76 2.87612e-08
44 76 4.58164e-08
45 76 1.83094e-07
46 76 1.45435e-08
47 76 1.9618e-07
48 76 3.01235e-06
49 76 1.72724e-05
50 76 1.18308e-07
51 76 3.30377e-08
52 76 9.68678e-06
53 76 3.23556e-07
54 76 0.000167775
55 76 0.000219252
56 76 2.457e-06
57 76 4.16323e-05
58 76 1.41033e-06
59 76 1.08457e-06
0 77 3.02347e-08
1 77 1.14441e-08
2 77 3.07175e-08
3 77 4.25916e-08
4 77 1.06768e-08
5 77 2.58357e-07
6 77 3.60253e-08
7 77 1.13496e-07
8 77 5.15241e-09
9 77 1.09272e-07
10 77 9.21579e-09
11 77 5.28061e-08
12 77 3.70919e-08
13 77 2.45218e-09
14 77 6.07342e-09
15 77 3.25247e-09
16 77 3.9073e-08
17 77 5.29697e-07
18 77 3.08855e-09
19 77 8.20559e-08
20 77 1.58265e-06
21 77 1.5772e-07
22 77 7.59348e-07
23 77 1.03086e-05
24 77 9.81498e-06
25 77 2.03547e-07
26 77 4.74016e-08
27 77 1.8859e-09
28 77 8.11776e-08
29 77 2.99961e-07
30 77 3.79133e-06
31 77 9.17226e-07
32 77 8.55992e-05
33 77 0.000102787
34 77 1.13214e-05
35 77 1.7067e-05
36 77 8.31233e-08
37 77 2.79186e-07
38 77 5.27427e-05
39 77 9.37597e-06
40 77 6.56356e-08
41 77 8.88842e-09
42 77 2.87591e-08
43 77 5.36412e-07
44 77 1.8309e-07
45 77 4.58183e-08
46 77 1.96183e-07
47 77 1.45448e-08
48 77 1.72724e-05
49 77 3.01239e-06
50 77 3.30327e-08
51 77 1.18307e-07
52 77 3.2351e-07
53 77 9.68728e-06
54 77 0.000219253
55 77 0.000167775
56 77 4.16328e-05
57 77 2.45702e-06
58 77 1.08454e-06
59 77 1.41042e-06
0 78 1.9899e-07
1 78 9.92458e-08
2 78 7.48911e-08
3 78 8.06001e-08
4 78 3.83578e-09
5 78 3.61385e-08
6 78 3.20281e-09
7 78 8.40382e-09
8 78 2.50696e-08
9 78 9.14595e-08
10 78 3.29437e-11
11 78 1.75166e-09
12 78 4.66476e-09
13 78 8.85148e-10
14 78 4.14546e-07
15 78 9.50012e-08
16 78 1.58912e-08
17 78 1.08671e-07
18 78 1.53198e-09
19 78 2.07192e-08
20 78 2.03872e-06
21 78 1.7846e-07
22 78 6.70636e-07
23 78 1.60462e-05
24 78 3.85614e-05
25 78 3.57066e-06
26 78 0.000267635
27 78 7.72956e-05
28 78 3.65442e-06
29 78 2.57496e-05
30 78 4.48658e-05
31 78 1.12099e-05
32 78 2.25362e-06
33 78 1.274e-06
34 78 7.18556e-07
35 78 6.12756e-07
36 78 6.09057e-08
37 78 1.71008e-07
38 78 6.61106e-07
39 78 1.18625e-07
40 78 5.29458e-07
41 78 8.18363e-08
42 78 3.32905e-08
43 78 5.03146e-07
44 78 9.54787e-09
45 78 2.17675e-09
46 78 2.09977e-08
47 78 3.59998e-10
48 78 1.23459e-07
49 78 2.96384e-08
50 78 6.9431e-07
51 78 1.58781e-06
52 78 4.26309e-05
53 78 0.000232256
54 78 1.80508e-05
55 78 1.45246e-05
56 78 0.000298977
57 78 1.19323e-05
58 78 1.0722e-07
59 78 1.08854e-07
0 79 9.93366e-08
1 79 1.99005e-07
2 79 8.05942e-08
3 79 7.4739e-08
4 79 3.61132e-08
5 79 3.84891e-09
6 79 8.41489e-09
7 79 3.20661e-09
8 79 9.15001e-08
9 79 2.51121e-08
10 79 1.74879e-09
11 79 3.31369e-11
12 79 8.86175e-10
13 79 4.66552e-09
14 79 9.50318e-08
15 79 4.14608e-07
16 79 1.08665e-07
17 79 1.58918e-08
18 79 2.07255e-08
19 79 1.53704e-09
20 79 1.78495e-07
21 79 2.03888e-06
22 79 1.60462e-05
23 79 6.70663e-07
24 79 3.57072e-06
25 79 3.85614e-05
26 79 7.7295e-05
27 79 0.000267635
28 79 2.57496e-05
29 79 3.6544e-06
30 79 1.12098e-05
31 79 4.48658e-05
32 79 1.27397e-06
33 79 2.25368e-06
34 79 6.12721e-07
35 79 7.18561e-07
36 79 1.71e-07
37 79 6.09084e-08
38 79 1.1863e-07
39 79 6.61127e-07
40 79 8.18382e-08
41 79 5.29467e-07
42 79 5.0316e-07
43 79 3.32925e-08
44 79 2.17621e-09
45 79 9.54756e-09
46 79 3.60103e-10
47 79 2.10012e-08
48 79 2.96411e-08
49 79 1.23451e-07
50 79 1.58778e-06
51 79 6.94334e-07
52 79 0.000232255
53 79 4.26313e-05
54 79 1.45251e-05
55 79 1.80501e-05
56 79 1.19329e-05
57 79 0.000298977
58 79 1.08842e-07
59 79 1.07215e-07
0 80 2.82759e-07
1 80 1.34201e-07
2 80 7.84241e-09
3 80 1.93068e-08
4 80 1.64834e-07
5 80 1.83792e-08
6 80 2.41356e-08
7 80 5.8076e-08
8 80 5.19254e-07
9 80 2.42656e-07
10 80 6.5807e-06
11 80 5.11742e-06
12 80 3.17039e-05
13 80 1.27685e-05
14 80 2.74584e-06
15 80 1.99896e-06
16 80 5.61119e-06
17 80 6.57974e-06
18 80 4.33471e-06
19 80 5.67238e-06
20 80 1.39817e-09
21 80 7.70907e-10
22 80 4.59261e-08
23 80 3.44678e-09
24 80 2.69377e-10
25 80 4.96686e-10
26 80 8.08619e-08
27 80 2.6354e-07
28 80 1.50367e-07
29 80 1.6452e-08
30 80 1.0765e-08
31 80 1.90756e-09
32 80 6.8048e-09
33 80 1.60908e-08
34 80 5.73032e-08
35 80 4.3384e-08
36 80 4.703e-08
37 80 1.87592e-07
38 80 1.91868e-08
39 80 1.54125e-08
40 80 2.28153e-05
41 80 1.0487e-05
42 80 0.000153138
43 80 5.8553e-05
44 80 3.15521e-06
45 80 1.58601e-05
46 80 3.9698e-06
47 80 6.57281e-06
48 80 1.3935e-05
49 80 5.31609e-06
50 80 0.000213462
51 80 8.09132e-05
52 80 1.50091e-07
53 80 4.16231e-08
54 80 2.15484e-09
55 80 1.56897e-10
56 80 5.735e-08
57 80 2.30985e-07
58 80 0.000127328
59 80 0.000369673
0 81 1.33936e-07
1 81 2.82549e-07
2 81 1.93624e-08
3 81 7.85434e-09
4 81 1.84231e-08
5 81 1.64872e-07
6 81 5.81176e-08
7 81 2.41074e-08
8 81 2.42323e-07
9 81 5.19433e-07
10 81 5.11659e-06
11 81 6.58083e-06
12 81 1.27695e-05
13 81 3.17033e-05
14 81 1.99918e-06
15 81 2.74595e-06
16 81 6.57967e-06
17 81 5.61175e-06
18 81 5.67228e-06
19 81 4.33437e-06
20 81 7.70084e-10
21 81 1.39941e-09
22 81 3.4442e-09
23 81 4.59273e-08
24 81 4.95055e-10
25 81 2.69216e-10
26 81 2.63549e-07
27 81 8.0855e-08
28 81 1.64529e-08
29 81 1.50386e-07
30 81 1.90756e-09
31 81 1.07611e-08
32 81 1.60916e-08
33 81 6.80487e-09
34 81 4.33923e-08
35 81 5.73061e-08
36 81 1.87575e-07
37 81 4.70252e-08
38 81 1.54115e-08
39 81 1.91867e-08
40 81 1.04869e-05
41 81 2.28156e-05
42 81 5.85519e-05
43 81 0.000153139
44 81 1.58597e-05
45 81 3.15486e-06
46 81 6.57268e-06
47 81 3.9697e-06
48 81 5.31618e-06
49 81 1.3935e-05
50 81 8.09112e-05
51 81 0.000213463
52 81 4.16219e-08
53 81 1.50085e-07
54 81 1.56365e-10
55 81 2.15425e-09
56 81 2.30953e-07
57 81 5.73511e-08
58 81 0.000369671
59 81 0.000127331
0 82 2.85999e-06
1 82 8.58796e-07
2 82 2.07396e-07
3 82 4.09149e-07
4 82 1.64996e-07
5 82 6.26852e-07
6 82 1.6069e-08
7 82 1.6428e-08
8 82 2.01478e-07
9 82 1.16047e-07
10 82 1.41485e-05
11 82 2.2752e-05
12 82 8.31168e-08
13 82 2.71382e-08
14 82 1.75372e-06
15 82 6.70603e-07
16 82 4.71654e-07
17 82 2.39382e-07
18 82 1.9706e-07
19 82 3.22801e-06
20 82 1.09852e-09
21 82 2.91264e-10
22 82 1.32171e-09
23 82 2.26129e-09
24 82 1.09528e-08
25 82 8.15702e-09
26 82 1.24793e-07
27 82 2.04575e-08
28 82 3.50203e-09
29 82 8.93978e-09
30 82 1.14669e-07
31 82 1.50664e-08
32 82 2.56593e-08
33 82 8.22686e-08
34 82 3.65783e-09
35 82 5.66421e-09
36 82 1.59896e-09
37 82 9.98499e-09
38 82 8.78168e-08
39 82 2.71284e-08
40 82 2.54204e-07
41 82 7.4085e-07
42 82 3.78687e-08
43 82 2.02133e-07
44 82 0.000404972
45 82 0.000189539
46 82 2.27169e-05
47 82 3.07943e-06
48 82 8.06939e-05
49 82 1.24228e-05
50 82 3.12694e-05
51 82 6.59915e-05
52 82 2.30128e-08
53 82 1.14735e-07
54 82 1.64987e-08
55 82 4.167e-08
56 82 8.32943e-07
57 82 3.53721e-07
58 82 3.79344e-06
59 82 8.27444e-07
0 83 8.59194e-07
1 83 2.86003e-06
2 83 4.09035e-07
3 83 2.07454e-07
4 83 6.26704e-07
5 83 1.64933e-07
6 83 1.64548e-08
7 83 1.60526e-08
8 83 1.15891e-07
9 83 2.0158e-07
10 83 2.27523e-05
11 83 1.41502e-05
12 83 2.71485e-08
13 83 8.31829e-08
14 83 6.70617e-07
15 83 1.75377e-06
16 83 2.39345e-07
17 83 4.71923e-07
18 83 3.22803e-06
19 83 1.97059e-07
20 83 2.9102e-10
21 83 1.09934e-09
22 83 2.26098e-09
23 83 1.32571e-09
24 83 8.15625e-09
25 83 1.09556e-08
26 83 2.04547e-08
27 83 1.24793e-07
28 83 8.94535e-09
29 83 3.50101e-09
30 83 1.50672e-08
31 83 1.1467e-07
32 83 8.22613e-08
33 83 2.56587e-08
34 83 5.66057e-09
35 83 3.65879e-09
36 83 9.98712e-09
37 83 1.59933e-09
38 83 2.71296e-08
39 83 8.78178e-08
40 83 7.40869e-07
41 83 2.54198e-07
42 83 2.02102e-07
43 83 3.78495e-08
44 83 0.000189541
45 83 0.000404976
46 83 3.07939e-06
47 83 2.27168e-05
48 83 1.24228e-05
49 83 8.06942e-05
50 83 6.59899e-05
51 83 3.12699e-05
52 83 1.14723e-07
53 83 2.3014e-08
54 83 4.16688e-08
55 83 1.6496e-08
56 83 3.53701e-07
57 83 8.32921e-07
58 83 8.27436e-07
59 83 3.79354e-06
0 84 7.94393e-08
1 84 4.38337e-07
2 84 1.1568e-09
3 84 2.97685e-09
4 84 5.21838e-07
5 84 6.67476e-07
6 84 4.27051e-07
7 84 7.69331e-07
8 84 4.43526e-07
9 84 2.43619e-07
10 84 3.74251e-06
11 84 1.1658e-05
12 84 1.52976e-07
13 84 3.93838e-07
14 84 4.29743e-07
15 84 2.35487e-08
16 84 4.27464e-05
17 84 2.43619e-05
18 84 5.08663e-06
19 84 7.09765e-06
20 84 4.65697e-08
21 84 7.95391e-08
22 84 1.03612e-09
23 84 1.03022e-09
24 84 1.10885e-09
25 84 6.36553e-10
26 84 1.9116e-08
27 84 8.61786e-09
28 84 5.2504e-09
29 84 8.15141e-09
30 84 7.39159e-08
31 84 2.52247e-07
32 84 5.02239e-07
33 84 8.81432e-08
34 84 1.06312e-07
35 84 4.53502e-08
36 84 1.06595e-09
37 84 4.29852e-10
38 84 3.39891e-07
39 84 5.2553e-07
40 84 1.44409e-06
41 84 1.88295e-06
42 84 1.24842e-05
43 84 1.90209e-05
44 84 2.91825e-05
45 84 1.30294e-05
46 84 2.67356e-05
47 84 1.30032e-05
48 84 0.000134483
49 84 0.000414156
50 84 8.8047e-06
51 84 6.60181e-06
52 84 4.7159e-07
53 84 1.05047e-06
54 84 8.57038e-08
55 84 2.18624e-07
56 84 4.4675e-07
57 84 1.46284e-07
58 84 0.000173942
59 84 5.09957e-06
0 85 4.38238e-07
1 85 7.954e-08
2 85 2.98416e-09
3 85 1.14425e-09
4 85 6.67247e-07
5 85 5.2163e-07
6 85 7.69338e-07
7 85 4.27029e-07
8 85 2.43521e-07
9 85 4.43494e-07
10 85 1.16586e-05
11 85 3.74219e-06
12 85 3.9394e-07
13 85 1.52956e-07
14 85 2.35005e-08
15 85 4.29702e-07
16 85 2.43608e-05
17 85 4.2746e-05
18 85 7.0993e-06
19 85 5.08589e-06
20 85 7.95485e-08
21 85 4.6575e-08
22 85 1.02794e-09
23 85 1.03515e-09
24 85 6.38324e-10
25 85 1.10778e-09
26 85 8.61865e-09
27 85 1.9116e-08
28 85 8.15515e-09
29 85 5.2503e-09
30 85 2.52258e-07
31 85 7.39265e-08
32 85 8.81503e-08
33 85 5.02241e-07
34 85 4.53469e-08
35 85 1.06297e-07
36 85 4.29337e-10
37 85 1.06618e-09
38 85 5.25531e-07
39 85 3.39888e-07
40 85 1.88294e-06
41 85 1.44411e-06
42 85 1.90209e-05
43 85 1.24843e-05
44 85 1.30294e-05
45 85 2.91824e-05
46 85 1.30036e-05
47 85 2.67357e-05
48 85 0.000414153
49 85 0.000134482
50 85 6.60174e-06
51 85 8.80478e-06
52 85 1.05051e-06
53 85 4.71603e-07
54 85 2.18619e-07
55 85 8.57181e-08
56 85 1.463e-07
57 85 4.46733e-07
58 85 5.09939e-06
59 85 0.000173942
0 86 4.9764e-07
1 86 1.29764e-07
2 86 3.47554e-08
3 86 5.31178e-08
4 86 5.26759e-07
5 86 8.5046e-08
6 86 7.92672e-06
7 86 1.3386e-05
8 86 1.76174e-05
9 86 1.9062e-06
10 86 3.71764e-06
11 86 4.86908e-07
12 86 2.54701e-06
13 86 3.25818e-06
14 86 1.05615e-07
15 86 1.78885e-07
16 86 6.81727e-06
17 86 7.61464e-06
18 86 4.09346e-06
19 86 3.38563e-06
20 86 1.55764e-07
21 86 1.44023e-07
22 86 1.6088e-08
23 86 7.83696e-09
24 86 1.10949e-08
25 86 2.17616e-08
26 86 1.87551e-07
27 86 3.06282e-07
28 86 1.26265e-07
29 86 5.642e-09
30 86 1.36865e-07
31 86 6.76407e-08
32 86 2.18696e-08
33 86 1.32822e-08
34 86 7.71875e-09
35 86 8.87718e-09
36 86 6.69384e-08
37 86 7.24483e-08
38 86 3.3316e-07
39 86 1.76221e-07
40 86 3.19957e-06
41 86 5.67897e-06
42 86 1.4637e-05
43 86 6.33877e-06
44 86 2.20699e-06
45 86 8.24174e-06
46 86 3.16391e-05
47 86 6.59003e-05
48 86 2.25791e-06
49 86 1.39565e-05
50 86 3.68684e-07
51 86 4.45994e-07
52 86 6.07832e-07
53 86 2.50901e-07
54 86 2.12304e-07
55 86 1.16622e-07
56 86 6.1327e-09
57 86 4.19868e-08
58 86 4.34938e-06
59 86 8.57931e-05
0 87 1.29809e-07
1 87 4.97224e-07
2 87 5.32235e-08
3 87 3.47613e-08
4 87 8.49555e-08
5 87 5.26537e-07
6 87 1.33854e-05
7 87 7.92656e-06
8 87 1.90715e-06
9 87 1.76175e-05
10 87 4.86975e-07
11 87 3.71806e-06
12 87 3.25832e-06
13 87 2.54692e-06
14 87 1.78937e-07
15 87 1.05614e-07
16 87 7.61449e-06
17 87 6.81705e-06
18 87 3.38509e-06
19 87 4.09373e-06
20 87 1.44016e-07
21 87 1.55792e-07
22 87 7.83124e-09
23 87 1.60835e-08
24 87 2.17621e-08
25 87 1.10964e-08
26 87 3.0626e-07
27 87 1.87583e-07
28 87 5.64139e-09
29 87 1.26275e-07
30 87 6.76336e-08
31 87 1.36851e-07
32 87 1.3283e-08
33 87 2.18769e-08
34 87 8.88044e-09
35 87 7.72263e-09
36 87 7.24659e-08
37 87 6.6951e-08
38 87 1.76253e-07
39 87 3.33148e-07
40 87 5.67897e-06
41 87 3.19964e-06
42 87 6.3383e-06
43 87 1.46371e-05
44 87 8.24182e-06
45 87 2.207e-06
46 87 6.58996e-05
47 87 3.1638e-05
48 87 1.39566e-05
49 87 2.25799e-06
50 87 4.45948e-07
51 87 3.6867e-07
52 87 2.5092e-07
53 87 6.07833e-07
54 87 1.16623e-07
55 87 2.12295e-07
56 87 4.20034e-08
57 87 6.13608e-09
58 87 8.57922e-05
59 87 4.34958e-06
0 88 5.48808e-07
1 88 4.55784e-06
2 88 1.03409e-05
3 88 1.40025e-06
4 88 1.5026e-08
5 88 2.90738e-08
6 88 1.03947e-05
7 88 8.68234e-06
8 88 7.82373e-06
9 88 9.71337e-06
10 88 6.00899e-07
11 88 8.61959e-07
12 88 8.35531e-08
13 88 1.20581e-08
14 88 1.82463e-06
15 88 6.04194e-07
16 88 2.29142e-06
17 88 5.84035e-07
18 88 1.8645e-05
19 88 4.77186e-06
20 88 3.78469e-09
21 88 2.14717e-08
22 88 2.05838e-08
23 88 2.91934e-08
24 88 1.27435e-08
25 88 8.31986e-09
26 88 7.22595e-09
27 88 4.84709e-09
28 88 4.82917e-08
29 88 7.03354e-08
30 88 1.50214e-10
31 88 8.69408e-10
32 88 1.05377e-06
33 88 3.65708e-08
34 88 9.61361e-08
35 88 7.16642e-09
36 88 1.07462e-08
37 88 9.44304e-09
38 88 2.72759e-08
39 88 2.95294e-09
40 88 2.24617e-08
41 88 3.88145e-07
42 88 5.79643e-07
43 88 2.45509e-07
44 88 9.77353e-08
45 88 3.34082e-07
46 88 2.19476e-06
47 88 5.28816e-06
48 88 2.02128e-06
49 88 1.2189e-07
50 88 5.47905e-06
51 88 6.16149e-07
52 88 1.66463e-07
53 88 8.8984e-08
54 88 1.22428e-07
55 88 1.12995e-06
56 88 1.04191e-07
57 88 1.01111e-07
58 88 5.44257e-06
59 88 2.52412e-07
0 89 4.5567e-06
1 89 5.49209e-07
2 89 1.40106e-06
3 89 1.0341e-05
4 89 2.91121e-08
5 89 1.50032e-08
6 89 8.68359e-06
7 89 1.03958e-05
8 89 9.71425e-06
9 89 7.82253e-06
10 89 8.61716e-07
11 89 6.00893e-07
12 89 1.20627e-08
13 89 8.36024e-08
14 89 6.04e-07
15 89 1.82485e-06
16 89 5.83945e-07
17 89 2.29088e-06
18 89 4.77209e-06
19 89 1.86448e-05
20 89 2.1457e-08
21 89 3.7923e-09
22 89 2.92077e-08
23 89 2.05783e-08
24 89 8.32249e-09
25 89 1.27496e-08
26 89 4.84533e-09
27 89 7.2327e-09
28 89 7.03363e-08
29 89 4.83037e-08
30 89 8.71276e-10
31 89 1.50294e-10
32 89 3.65681e-08
33 89 1.05376e-06
34 89 7.16515e-09
35 89 9.61344e-08
36 89 9.44179e-09
37 89 1.0743e-08
38 89 2.9547e-09
39 89 2.72778e-08
40 89 3.88068e-07
41 89 2.24712e-08
42 89 2.4555e-07
43 89 5.79679e-07
44 89 3.3411e-07
45 89 9.77442e-08
46 89 5.28807e-06
47 89 2.19467e-06
48 89 1.21867e-07
49 89 2.02113e-06
50 89 6.1613e-07
51 89 5.47919e-06
52 89 8.89913e-08
53 89 1.66451e-07
54 89 1.13003e-06
55 89 1.22448e-07
56 89 1.0112e-07
57 89 1.04205e-07
58 89 2.52352e-07
59 89 5.44231e-06
0 90 7.23786e-08
1 90 1.41651e-08
2 90 5.99127e-06
3 90 9.49847e-07
4 90 1.29985e-05
5 90 2.32167e-05
6 90 2.26134e-08
7 90 7.20158e-07
8 90 3.03162e-07
9 90 6.43317e-07
10 90 2.59299e-08
11 90 2.69544e-06
12 90 1.51286e-06
13 90 4.67217e-07
14 90 1.02389e-06
15 90 9.42693e-08
16 90 1.26852e-07
17 90 2.77466e-06
18 90 1.88175e-06
19 90 2.20105e-06
20 90 4.04641e-08
21 90 2.68126e-08
22 90 2.34683e-09
23 90 3.48583e-09
24 90 2.17253e-08
25 90 7.18968e-09
26 90 1.9116e-08
27 90 1.64606e-08
28 90 6.07568e-10
29 90 4.24078e-09
30 90 3.53681e-08
31 90 2.64861e-09
32 90 5.41994e-07
33 90 6.68225e-08
34 90 6.19629e-08
35 90 9.93095e-09
36 90 2.45433e-09
37 90 1.58855e-08
38 90 1.30424e-08
39 90 2.77154e-10
40 90 2.47595e-05
41 90 4.47796e-06
42 90 5.77845e-05
43 90 0.000103008
44 90 1.94664e-05
45 90 2.01279e-06
46 90 6.1504e-06
47 90 5.89917e-07
48 90 9.57116e-06
49 90 8.26998e-06
50 90 5.68173e-05
51 90 3.55868e-05
52 90 1.25452e-07
53 90 2.51873e-07
54 90 3.8119e-08
55 90 2.63387e-07
56 90 1.41351e-07
57 90 3.18918e-08
58 90 0.00060746
59 90 4.4636e-05
0 91 1.41113e-08
1 91 7.22486e-08
2 91 9.50741e-07
3 91 5.99094e-06
4 91 2.32172e-05
5 91 1.29987e-05
6 91 7.20172e-07
7 91 2.2589e-08
8 91 6.43491e-07
9 91 3.03176e-07
10 91 2.69531e-06
11 91 2.59422e-08
12 91 4.67218e-07
13 91 1.51299e-06
14 91 9.43602e-08
15 91 1.0239e-06
16 91 2.77434e-06
17 91 1.26789e-07
18 91 2.2009e-06
19 91 1.88204e-06
20 91 2.68347e-08
21 91 4.04483e-08
22 91 3.48495e-09
23 91 2.34889e-09
24 91 7.18848e-09
25 91 2.17162e-08
26 91 1.64569e-08
27 91 1.91204e-08
28 91 4.23764e-09
29 91 6.06276e-10
30 91 2.64681e-09
31 91 3.5366e-08
32 91 6.68086e-08
33 91 5.41982e-07
34 91 9.94571e-09
35 91 6.19749e-08
36 91 1.58889e-08
37 91 2.453e-09
38 91 2.77538e-10
39 91 1.30458e-08
40 91 4.47802e-06
41 91 2.47592e-05
42 91 0.000103009
43 91 5.77849e-05
44 91 2.01272e-06
45 91 1.94663e-05
46 91 5.8986e-07
47 91 6.15031e-06
48 91 8.27014e-06
49 91 9.57121e-06
50 91 3.55868e-05
51 91 5.68184e-05
52 91 2.51857e-07
53 91 1.2544e-07
54 91 2.63392e-07
55 91 3.81096e-08
56 91 3.19022e-08
57 91 1.41302e-07
58 91 4.4635e-05
59 91 0.000607465
0 92 2.28751e-08
1 92 6.09803e-09
2 92 1.14874e-06
3 92 2.40132e-07
4 92 1.63997e-06
5 92 1.42897e-06
6 92 1.17451e-07
7 92 2.91057e-08
8 92 5.60684e-07
9 92 1.30355e-07
10 92 2.07752e-06
11 92 3.01834e-06
12 92 2.15896e-06
13 92 6.68639e-07
14 92 2.67257e-08
15 92 2.90187e-08
16 92 1.39161e-05
17 92 1.89385e-06
18 92 1.25875e-05
19 92 2.3115e-06
20 92 2.88509e-09
21 92 3.221e-09
22 92 1.25587e-09
23 92 4.28762e-10
24 92 3.42695e-09
25 92 2.17874e-08
26 92 2.74183e-09
27 92 1.49103e-08
28 92 6.8158e-10
29 92 7.23162e-10
30 92 2.70292e-07
31 92 1.09818e-07
32 92 2.78646e-09
33 92 8.77051e-09
34 92 1.89367e-08
35 92 4.90648e-08
36 92 1.11816e-09
37 92 8.17002e-09
38 92 1.90178e-07
39 92 1.04968e-07
40 92 8.68498e-06
41 92 2.87095e-06
42 92 5.24024e-05
43 92 2.64268e-05
44 92 3.10863e-06
45 92 3.14004e-05
46 92 1.84378e-05
47 92 7.63119e-05
48 92 5.16914e-08
49 92 2.84461e-06
50 92 2.29973e-06
51 92 4.72225e-06
52 92 7.26676e-08
53 92 1.57976e-08
54 92 8.48186e-09
55 92 8.66626e-08
56 92 1.50438e-07
57 92 2.71859e-07
58 92 1.10077e-05
59 92 8.10009e-05
0 93 6.12411e-09
1 93 2.28865e-08
2 93 2.40172e-07
3 93 1.14861e-06
4 93 1.42953e-06
5 93 1.63998e-06
6 93 2.91049e-08
7 93 1.17402e-07
8 93 1.30245e-07
9 93 5.60795e-07
10 93 3.01802e-06
11 93 2.07762e-06
12 93 6.68703e-07
13 93 2.15922e-06
14 93 2.9004e-08
15 93 2.67495e-08
16 93 1.89403e-06
17 93 1.39153e-05
18 93 2.31128e-06
19 93 1.2588e-05
20 93 3.22161e-09
21 93 2.88851e-09
22 93 4.28296e-10
23 93 1.25393e-09
24 93 2.17924e-08
25 93 3.42708e-09
26 93 1.49105e-08
27 93 2.74627e-09
28 93 7.23576e-10
29 93 6.80713e-10
30 93 1.09822e-07
31 93 2.70271e-07
32 93 8.77177e-09
33 93 2.78563e-09
34 93 4.90597e-08
35 93 1.89404e-08
36 93 8.1725e-09
37 93 1.11717e-09
38 93 1.04966e-07
39 93 1.90156e-07
40 93 2.87092e-06
41 93 8.68513e-06
42 93 2.64265e-05
43 93 5.24032e-05
44 93 3.14002e-05
45 93 3.10869e-06
46 93 7.6312e-05
47 93 1.8438e-05
48 93 2.84469e-06
49 93 5.16969e-08
50 93 4.7223e-06
51 93 2.29982e-06
52 93 1.57991e-08
53 93 7.26625e-08
54 93 8.6657e-08
55 93 8.48549e-09
56 93 2.71843e-07
57 93 1.50454e-07
58 93 8.10001e-05
59 93 1.10091e-05
0 94 2.27463e-07
1 94 1.53685e-07
2 94 4.43603e-06
3 94 1.75096e-05
4 94 2.16425e-06
5 94 3.00317e-07
6 94 7.06473e-06
7 94 8.63947e-07
8 94 2.46789e-06
9 94 1.29222e-06
10 94 3.70272e-07
11 94 2.89605e-08
12 94 1.4012e-06
13 94 2.23412e-06
14 94 2.27653e-05
15 94 5.32757e-05
16 94 1.24003e-06
17 94 4.62382e-07
18 94 5.62341e-07
19 94 1.64216e-07
20 94 3.07095e-09
21 94 6.65431e-09
22 94 1.35007e-08
23 94 2.91884e-09
24 94 1.66295e-09
25 94 8.70387e-08
26 94 1.30269e-07
27 94 1.16572e-06
28 94 3.10511e-07
29 94 8.71319e-09
30 94 1.1076e-07
31 94 8.96474e-08
32 94 6.37727e-08
33 94 5.79631e-08
34 94 6.01061e-09
35 94 7.3646e-09
36 94 1.69464e-07
37 94 1.95459e-07
38 94 1.21305e-08
39 94 1.65929e-08
40 94 0.000165293
41 94 0.000242665
42 94 3.91533e-05
43 94 3.10349e-06
44 94 8.15496e-08
45 94 4.98131e-06
46 94 3.03321e-08
47 94 3.37967e-06
48 94 3.14571e-06
49 94 2.87582e-06
50 94 1.73076e-05
51 94 5.29629e-06
52 94 1.8442e-07
53 94 9.9876e-09
54 94 1.5014e-08
55 94 1.37409e-08
56 94 3.17737e-08
57 94 7.02814e-07
58 94 7.01444e-05
59 94 0.000164801
0 95 1.53939e-07
1 95 2.27686e-07
2 95 1.75103e-05
3 95 4.43506e-06
4 95 3.00299e-07
5 95 2.16374e-06
6 95 8.63941e-07
7 95 7.06378e-06
8 95 1.29208e-06
9 95 2.4679e-06
10 95 2.89971e-08
11 95 3.70317e-07
12 95 2.23437e-06
13 95 1.40144e-06
14 95 5.32754e-05
15 95 2.27646e-05
16 95 4.6253e-07
17 95 1.24053e-06
18 95 1.64176e-07
19 95 5.62248e-07
20 95 6.65024e-09
21 95 3.06528e-09
22 95 2.91151e-09
23 95 1.35013e-08
24 95 8.70491e-08
25 95 1.66116e-09
26 95 1.16572e-06
27 95 1.30265e-07
28 95 8.70275e-09
29 95 3.10487e-07
30 95 8.96428e-08
31 95 1.10777e-07
32 95 5.79707e-08
33 95 6.37981e-08
34 95 7.36524e-09
35 95 6.00369e-09
36 95 1.95451e-07
37 95 1.69425e-07
38 95 1.66066e-08
39 95 1.21233e-08
40 95 0.000242665
41 95 0.000165294
42 95 3.10351e-06
43 95 3.91533e-05
44 95 4.98116e-06
45 95 8.15883e-08
46 95 3.37964e-06
47 95 3.03356e-08
48 95 2.87582e-06
49 95 3.14574e-06
50 95 5.29605e-06
51 95 1.73074e-05
52 95 9.98951e-09
53 95 1.84426e-07
54 95 1.37299e-08
55 95 1.5026e-08
56 95 7.02847e-07
57 95 3.18022e-08
58 95 0.000164798
59 95 7.0146e-05
0 96 8.0893e-06
1 96 1.70686e-05
2 96 2.29145e-06
3 96 1.50032e-07
4 96 1.03299e-07
5 96 4.50445e-07
6 96 1.20401e-06
7 96 4.84771e-06
8 96 3.98043e-06
9 96 4.77376e-06
10 96 1.59855e-07
11 96 1.78181e-07
12 96 1.77364e-07
13 96 1.08311e-07
14 96 1.04429e-06
15 96 1.73636e-06
16 96 1.58134e-07
17 96 9.32616e-06
18 96 8.83011e-08
19 96 6.994e-07
20 96 6.52736e-08
21 96 3.37321e-08
22 96 2.36946e-08
23 96 6.63145e-08
24 96 3.88396e-07
25 96 2.42809e-08
26 96 1.06145e-07
27 96 1.60361e-08
28 96 4.17628e-09
29 96 1.27306e-08
30 96 5.55587e-09
31 96 1.84456e-08
32 96 1.02431e-08
33 96 3.72517e-08
34 96 2.58384e-08
35 96 1.77496e-07
36 96 1.24861e-08
37 96 1.36642e-08
38 96 5.63492e-08
39 96 2.55091e-08
40 96 4.81176e-06
41 96 2.17533e-07
42 96 9.70594e-08
43 96 1.59041e-06
44 96 2.2794e-05
45 96 1.33059e-06
46 96 2.70467e-05
47 96 1.9584e-06
48 96 5.78268e-06
49 96 1.00615e-05
50 96 8.02766e-08
51 96 3.90916e-06
52 96 1.39431e-09
53 96 9.00369e-09
54 96 2.99906e-08
55 96 6.25991e-09
56 96 5.68537e-07
57 96 1.64086e-07
58 96 2.71548e-06
59 96 9.02027e-06
0 97 1.70681e-05
1 97 8.09008e-06
2 97 1.49739e-07
3 97 2.29015e-06
4 97 4.50578e-07
5 97 1.03195e-07
6 97 4.84751e-06
7 97 1.2035e-06
8 97 4.77375e-06
9 97 3.981e-06
10 97 1.77981e-07
11 97 1.59877e-07
12 97 1.08315e-07
13 97 1.77424e-07
14 97 1.73666e-06
15 97 1.04455e-06
16 97 9.32635e-06
17 97 1.58157e-07
18 97 6.99185e-07
19 97 8.82797e-08
20 97 3.3722e-08
21 97 6.53356e-08
22 97 6.63341e-08
23 97 2.36834e-08
24 97 2.42986e-08
25 97 3.88426e-07
26 97 1.60486e-08
27 97 1.06172e-07
28 97 1.2732e-08
29 97 4.17784e-09
30 97 1.84307e-08
31 97 5.56453e-09
32 97 3.7241e-08
33 97 1.02459e-08
34 97 1.775e-07
35 97 2.58368e-08
36 97 1.36543e-08
37 97 1.24816e-08
38 97 2.55303e-08
39 97 5.63753e-08
40 97 2.17311e-07
41 97 4.81152e-06
42 97 1.59031e-06
43 97 9.70384e-08
44 97 1.33067e-06
45 97 2.27942e-05
46 97 1.95827e-06
47 97 2.70465e-05
48 97 1.00615e-05
49 97 5.78299e-06
50 97 3.90948e-06
51 97 8.03106e-08
52 97 9.01062e-09
53 97 1.38898e-09
54 97 6.26027e-09
55 97 2.99982e-08
56 97 1.64098e-07
57 97 5.685e-07
58 97 9.01871e-06
59 97 2.71544e-06
0 98 5.17261e-09
1 98 3.34033e-08
2 98 3.84874e-07
3 98 1.13198e-08
4 98 8.80743e-09
5 98 3.86804e-08
6 98 1.62544e-06
7 98 1.47181e-06
8 98 4.34728e-07
9 98 2.48565e-07
10 98 1.69038e-09
11 98 6.40019e-08
12 98 2.09836e-09
13 98 1.78334e-09
14 98 6.7972e-07
15 98 1.39418e-07
16 98 6.50539e-07
17 98 5.1556e-07
18 98 2.32045e-06
19 98 2.47243e-06
20 98 7.20438e-08
21 98 7.13687e-08
22 98 2.20224e-09
23 98 4.27833e-08
24 98 4.55551e-08
25 98 9.0011e-09
26 98 1.31384e-08
27 98 1.44894e-08
28 98 5.46573e-11
29 98 8.09307e-10
30 98 3.02775e-08
31 98 9.57531e-08
32 98 1.58765e-08
33 98 2.10247e-09
34 98 3.6961e-09
35 98 3.74062e-10
36 98 3.14622e-08
37 98 2.77479e-08
38 98 8.52238e-08
39 98 1.31135e-07
40 98 8.71106e-05
41 98 4.72951e-05
42 98 1.38968e-06
43 98 2.16256e-06
44 98 6.02735e-09
45 98 6.15157e-10
46 98 1.01046e-05
47 98 4.11633e-06
48 98 9.23308e-06
49 98 2.40521e-05
50 98 2.88753e-07
51 98 1.55134e-07
52 98 1.17626e-07
53 98 2.00592e-07
54 98 4.2735e-09
55 98 2.41917e-08
56 98 5.66778e-08
57 98 1.27111e-08
58 98 0.000215541
59 98 6.09789e-06
0 99 3.36278e-08
1 99 5.17554e-09
2 99 1.13413e-08
3 99 3.85418e-07
4 99 3.8583e-08
5 99 8.73793e-09
6 99 1.47197e-06
7 99 1.62626e-06
8 99 2.48236e-07
9 99 4.34316e-07
10 99 6.39456e-08
11 99 1.70279e-09
12 99 1.79015e-09
13 99 2.10508e-09
14 99 1.39372e-07
15 99 6.79985e-07
16 99 5.15681e-07
17 99 6.50712e-07
18 99 2.4728e-06
19 99 2.31997e-06
20 99 7.1398e-08
21 99 7.20263e-08
22 99 4.2766e-08
23 99 2.20876e-09
24 99 8.99612e-09
25 99 4.55842e-08
26 99 1.44879e-08
27 99 1.31457e-08
28 99 8.1146e-10
29 99 5.39336e-11
30 99 9.57838e-08
31 99 3.02672e-08
32 99 2.10349e-09
33 99 1.58732e-08
34 99 3.73438e-10
35 99 3.70426e-09
36 99 2.77331e-08
37 99 3.14565e-08
38 99 1.31147e-07
39 99 8.52195e-08
40 99 4.72935e-05
41 99 8.71116e-05
42 99 2.16235e-06
43 99 1.38965e-06
44 99 6.14379e-10
45 99 6.02785e-09
46 99 4.1164e-06
47 99 1.01041e-05
48 99 2.4052e-05
49 99 9.23292e-06
50 99 1.55143e-07
51 99 2.88725e-07
52 99 2.006e-07
53 99 1.17629e-07
54 99 2.41957e-08
55 99 4.27201e-09
56 99 1.27268e-08
57 99 5.67089e-08
58 99 6.0979e-06
59 99 0.000215538
