0 64 3.2401e-18
1 64 3.67748e-18
2 64 3.04987e-18
3 64 1.90643e-18
4 64 3.52436e-17
5 64 1.26638e-17
6 64 5.68777e-17
7 64 4.76814e-18
8 64 2.26116e-18
9 64 2.61244e-17
10 64 2.32563e-18
11 64 1.56108e-17
12 64 5.44628e-18
13 64 1.78275e-19
14 64 1.35754e-17
15 64 1.5517e-17
16 64 1.88095e-18
17 64 2.65892e-17
18 64 2.86329e-17
19 64 9.24945e-17
20 64 3.60687e-18
21 64 2.49775e-18
22 64 7.98028e-18
23 64 6.11845e-18
24 64 3.94453e-06
25 64 2.78157e-06
26 64 4.67541e-05
27 64 2.41517e-05
28 64 0.00070649
29 64 8.49311e-06
30 64 0.000115487
31 64 0.000371363
32 64 2.64276e-05
33 64 7.19415e-05
34 64 2.06826e-07
35 64 5.50797e-06
36 64 5.71797e-06
37 64 3.4132e-06
38 64 2.99799e-05
39 64 4.91528e-05
40 64 4.50191e-05
41 64 3.86075e-05
42 64 1.87529e-07
43 64 1.76408e-08
44 64 7.85355e-16
45 64 6.47605e-16
46 64 2.66543e-17
47 64 2.48378e-17
48 64 3.70821e-15
49 64 1.40138e-15
50 64 2.79092e-16
51 64 5.26683e-17
52 64 5.24174e-17
53 64 5.89592e-17
54 64 7.73e-16
55 64 2.818e-16
56 64 3.24572e-05
57 64 7.34554e-06
58 64 0.026623
59 64 0.0366232
60 64 0.0793943
61 64 0.0151406
62 64 5.04055e-16
63 64 2.07545e-17
0 65 6.94381e-18
1 65 6.55102e-19
2 65 9.51386e-18
3 65 3.88419e-18
4 65 1.78776e-17
5 65 4.84982e-17
6 65 5.63378e-18
7 65 5.08599e-17
8 65 3.12205e-17
9 65 4.68061e-18
10 65 1.91215e-17
11 65 2.65544e-18
12 65 3.53864e-18
13 65 3.15151e-18
14 65 1.08244e-17
15 65 1.20789e-17
16 65 2.42405e-17
17 65 1.397e-18
18 65 1.0144e-16
19 65 2.33044e-17
20 65 1.17441e-18
21 65 3.80273e-18
22 65 8.87838e-18
23 65 8.99931e-18
24 65 2.78157e-06
25 65 3.94453e-06
26 65 2.41518e-05
27 65 4.67541e-05
28 65 8.4931e-06
29 65 0.00070649
30 65 0.000371363
31 65 0.000115487
32 65 7.19415e-05
33 65 2.64276e-05
34 65 5.50796e-06
35 65 2.06826e-07
36 65 3.41319e-06
37 65 5.71797e-06
38 65 4.91528e-05
39 65 2.99798e-05
40 65 3.86075e-05
41 65 4.50191e-05
42 65 1.76408e-08
43 65 1.87529e-07
44 65 5.91348e-16
45 65 7.95992e-16
46 65 3.35846e-17
47 65 2.51913e-17
48 65 1.31188e-15
49 65 3.92906e-15
50 65 5.66592e-17
51 65 2.73478e-16
52 65 4.88032e-17
53 65 6.64365e-17
54 65 3.36957e-16
55 65 6.09347e-16
56 65 7.34551e-06
57 65 3.24573e-05
58 65 0.0366232
59 65 0.026623
60 65 0.0151406
61 65 0.0793942
62 65 2.37231e-16
63 65 4.43377e-16
0 66 1.82036e-07
1 66 3.28178e-07
2 66 2.22078e-07
3 66 6.70728e-07
4 66 1.04002e-05
5 66 3.06975e-06
6 66 2.50006e-05
7 66 1.34686e-05
8 66 3.75926e-05
9 66 4.2372e-05
10 66 1.05055e-06
11 66 6.84318e-07
12 66 3.20813e-07
13 66 2.46898e-07
14 66 1.91736e-07
15 66 2.45503e-07
16 66 1.95804e-05
17 66 4.46792e-06
18 66 2.52238e-05
19 66 1.94656e-05
20 66 7.56124e-07
21 66 1.25646e-06
22 66 2.6989e-07
23 66 1.02547e-07
24 66 3.38796e-17
25 66 2.58115e-17
26 66 4.14053e-17
27 66 5.82724e-17
28 66 2.94797e-16
29 66 2.09995e-16
30 66 3.98874e-17
31 66 7.96103e-17
32 66 6.97278e-16
33 66 5.76538e-16
34 66 6.01969e-18
35 66 2.76776e-18
36 66 1.81152e-17
37 66 7.50221e-18
38 66 8.44693e-18
39 66 1.1644e-15
40 66 3.09944e-16
41 66 5.84345e-18
42 66 1.28602e-17
43 66 1.54023e-17
44 66 0.000363184
45 66 0.00039173
46 66 0.000178128
47 66 0.000474724
48 66 0.000158461
49 66 0.000669041
50 66 3.10596e-05
51 66 4.28515e-06
52 66 7.73623e-06
53 66 0.000145454
54 66 0.00128559
55 66 0.00397996
56 66 4.48385e-16
57 66 7.02131e-16
58 66 2.08773e-15
59 66 4.47477e-15
60 66 2.23084e-14
61 66 3.67333e-15
62 66 0.05287
63 66 0.179256
0 67 3.28178e-07
1 67 1.82035e-07
2 67 6.70728e-07
3 67 2.22079e-07
4 67 3.06975e-06
5 67 1.04002e-05
6 67 1.34686e-05
7 67 2.50006e-05
8 67 4.2372e-05
9 67 3.75926e-05
10 67 6.84319e-07
11 67 1.05055e-06
12 67 2.46898e-07
13 67 3.20814e-07
14 67 2.45502e-07
15 67 1.91736e-07
16 67 4.46792e-06
17 67 1.95804e-05
18 67 1.94657e-05
19 67 2.52238e-05
20 67 1.25646e-06
21 67 7.56125e-07
22 67 1.02547e-07
23 67 2.69889e-07
24 67 2.88631e-17
25 67 4.47887e-17
26 67 9.38252e-17
27 67 4.95298e-17
28 67 2.09766e-16
29 67 3.29104e-16
30 67 8.78592e-17
31 67 4.53023e-17
32 67 5.74052e-16
33 67 6.95345e-16
34 67 4.30544e-18
35 67 1.58894e-18
36 67 9.41254e-18
37 67 1.86339e-17
38 67 1.15987e-15
39 67 8.54203e-18
40 67 6.98273e-18
41 67 3.49569e-16
42 67 2.33292e-17
43 67 4.31956e-18
44 67 0.00039173
45 67 0.000363184
46 67 0.000474723
47 67 0.000178128
48 67 0.000669041
49 67 0.000158461
50 67 4.28515e-06
51 67 3.10597e-05
52 67 0.000145454
53 67 7.73622e-06
54 67 0.00397996
55 67 0.00128559
56 67 8.21229e-16
57 67 5.58749e-16
58 67 4.30883e-15
59 67 2.24621e-15
60 67 3.48724e-15
61 67 2.4144e-14
62 67 0.179256
63 67 0.0528699
0 68 7.46666e-07
1 68 1.63438e-06
2 68 6.20733e-06
3 68 1.05623e-06
4 68 1.03136e-05
5 68 1.17705e-06
6 68 1.55535e-06
7 68 1.11752e-05
8 68 4.55846e-05
9 68 7.74494e-05
10 68 1.12978e-07
11 68 2.65979e-06
12 68 2.29757e-06
13 68 4.35647e-06
14 68 5.49231e-08
15 68 1.11408e-06
16 68 3.88614e-08
17 68 6.34269e-07
18 68 2.50413e-05
19 68 1.17581e-05
20 68 3.66385e-07
21 68 1.1665e-06
22 68 2.17923e-06
23 68 8.79954e-07
24 68 3.02424e-17
25 68 7.63191e-18
26 68 4.76733e-17
27 68 2.79435e-16
28 68 1.21648e-16
29 68 9.6468e-17
30 68 2.71281e-16
31 68 9.64339e-17
32 68 3.84963e-17
33 68 1.41146e-17
34 68 3.70928e-17
35 68 1.1149e-18
36 68 6.13445e-19
37 68 1.5687e-18
38 68 1.58441e-15
39 68 1.22256e-16
40 68 6.72562e-17
41 68 2.79783e-15
42 68 2.07319e-17
43 68 2.88668e-18
44 68 9.47551e-05
45 68 5.02817e-05
46 68 0.000120416
47 68 0.000229584
48 68 0.00279826
49 68 0.000317668
50 68 0.000243495
51 68 0.000259815
52 68 2.38796e-05
53 68 2.26237e-05
54 68 0.00569871
55 68 0.000361434
56 68 5.32327e-17
57 68 1.91232e-16
58 68 1.34106e-15
59 68 6.08409e-17
60 68 1.06938e-15
61 68 1.80191e-15
62 68 0.033954
63 68 0.00452889
0 69 1.63438e-06
1 69 7.46666e-07
2 69 1.05623e-06
3 69 6.20734e-06
4 69 1.17706e-06
5 69 1.03136e-05
6 69 1.11752e-05
7 69 1.55535e-06
8 69 7.74494e-05
9 69 4.55847e-05
10 69 2.65978e-06
11 69 1.12978e-07
12 69 4.35647e-06
13 69 2.29757e-06
14 69 1.11408e-06
15 69 5.49232e-08
16 69 6.34268e-07
17 69 3.88612e-08
18 69 1.17581e-05
19 69 2.50413e-05
20 69 1.1665e-06
21 69 3.66387e-07
22 69 8.79954e-07
23 69 2.17924e-06
24 69 5.38826e-18
25 69 2.77223e-17
26 69 2.87264e-16
27 69 5.06992e-17
28 69 1.01685e-16
29 69 1.12002e-16
30 69 9.62695e-17
31 69 2.72833e-16
32 69 1.28325e-17
33 69 4.69812e-17
34 69 9.20198e-19
35 69 2.6193e-17
36 69 6.08481e-18
37 69 9.62693e-19
38 69 1.1391e-16
39 69 1.57437e-15
40 69 2.79851e-15
41 69 7.15806e-17
42 69 6.5718e-18
43 69 2.38838e-17
44 69 5.02818e-05
45 69 9.47551e-05
46 69 0.000229584
47 69 0.000120416
48 69 0.000317668
49 69 0.00279826
50 69 0.000259815
51 69 0.000243495
52 69 2.26237e-05
53 69 2.38796e-05
54 69 0.000361434
55 69 0.00569871
56 69 1.96554e-16
57 69 4.08849e-17
58 69 1.42341e-16
59 69 1.29226e-15
60 69 1.93227e-15
61 69 1.02127e-15
62 69 0.0045289
63 69 0.033954
0 70 3.04619e-05
1 70 9.54865e-05
2 70 4.27049e-05
3 70 1.55652e-05
4 70 3.83158e-07
5 70 5.50329e-07
6 70 1.29995e-06
7 70 8.43427e-08
8 70 1.62294e-06
9 70 1.63304e-06
10 70 1.47832e-09
11 70 1.70493e-08
12 70 5.24779e-07
13 70 1.11228e-07
14 70 3.69578e-07
15 70 2.84313e-07
16 70 3.28112e-09
17 70 7.11394e-09
18 70 2.77951e-06
19 70 4.70366e-07
20 70 1.3671e-06
21 70 5.04596e-06
22 70 3.20741e-06
23 70 1.34255e-06
24 70 8.3109e-17
25 70 5.05296e-17
26 70 9.06417e-17
27 70 1.09477e-17
28 70 7.52861e-17
29 70 6.0919e-18
30 70 4.83562e-18
31 70 4.15524e-17
32 70 1.08073e-18
33 70 3.13466e-18
34 70 1.03219e-16
35 70 1.08857e-17
36 70 2.74001e-16
37 70 2.46146e-17
38 70 3.8019e-17
39 70 4.77448e-17
40 70 3.25375e-16
41 70 3.88324e-17
42 70 1.52857e-16
43 70 1.04776e-16
44 70 4.12194e-06
45 70 3.1458e-06
46 70 3.51848e-06
47 70 3.70269e-05
48 70 0.000111333
49 70 2.34141e-05
50 70 0.00288516
51 70 0.00107212
52 70 8.48837e-05
53 70 0.000265022
54 70 3.02963e-05
55 70 7.5718e-05
56 70 3.38344e-15
57 70 9.14714e-16
58 70 1.19117e-15
59 70 1.90918e-15
60 70 1.39542e-15
61 70 1.34972e-15
62 70 1.31076e-05
63 70 5.57026e-06
0 71 9.54865e-05
1 71 3.04619e-05
2 71 1.55652e-05
3 71 4.27049e-05
4 71 5.50329e-07
5 71 3.83158e-07
6 71 8.43428e-08
7 71 1.29995e-06
8 71 1.63304e-06
9 71 1.62294e-06
10 71 1.70495e-08
11 71 1.47837e-09
12 71 1.11228e-07
13 71 5.24779e-07
14 71 2.84313e-07
15 71 3.69579e-07
16 71 7.11393e-09
17 71 3.28113e-09
18 71 4.70367e-07
19 71 2.77951e-06
20 71 5.04596e-06
21 71 1.3671e-06
22 71 1.34256e-06
23 71 3.20741e-06
24 71 5.78851e-17
25 71 7.56992e-17
26 71 9.63496e-18
27 71 9.20201e-17
28 71 1.46209e-17
29 71 7.33177e-17
30 71 4.01837e-17
31 71 3.37075e-18
32 71 4.16436e-18
33 71 3.99874e-19
34 71 9.61775e-18
35 71 1.19291e-16
36 71 3.81299e-17
37 71 2.88769e-16
38 71 5.34709e-17
39 71 3.1967e-17
40 71 5.00973e-17
41 71 3.42259e-16
42 71 9.70002e-17
43 71 1.23329e-16
44 71 3.1458e-06
45 71 4.12193e-06
46 71 3.70269e-05
47 71 3.51848e-06
48 71 2.34142e-05
49 71 0.000111333
50 71 0.00107212
51 71 0.00288516
52 71 0.000265022
53 71 8.48839e-05
54 71 7.5718e-05
55 71 3.02963e-05
56 71 9.53772e-16
57 71 3.51937e-15
58 71 1.75822e-15
59 71 1.22025e-15
60 71 1.25711e-15
61 71 1.55934e-15
62 71 5.57026e-06
63 71 1.31076e-05
0 72 2.43941e-17
1 72 1.6273e-17
2 72 1.68289e-18
3 72 2.02609e-17
4 72 4.72726e-18
5 72 3.65308e-17
6 72 4.03882e-17
7 72 6.1167e-18
8 72 6.51394e-17
9 72 1.9385e-17
10 72 2.79786e-18
11 72 3.43907e-18
12 72 1.02487e-17
13 72 4.64444e-19
14 72 5.38852e-17
15 72 7.36115e-17
16 72 1.70264e-16
17 72 4.02171e-17
18 72 3.13232e-18
19 72 2.38647e-17
20 72 2.53584e-19
21 72 1.29425e-17
22 72 1.40437e-17
23 72 3.29688e-19
24 72 1.35592e-06
25 72 9.68284e-07
26 72 3.34032e-05
27 72 0.000109311
28 72 8.05555e-06
29 72 1.92537e-05
30 72 3.92335e-05
31 72 4.3177e-06
32 72 3.25779e-05
33 72 4.57469e-06
34 72 4.03349e-07
35 72 1.81749e-07
36 72 5.55765e-07
37 72 5.75669e-07
38 72 0.000116849
39 72 3.53053e-05
40 72 0.00024756
41 72 0.000325834
42 72 3.38058e-05
43 72 5.02536e-07
44 72 8.5169e-17
45 72 4.52024e-16
46 72 8.59717e-16
47 72 2.50534e-17
48 72 5.74336e-17
49 72 8.49408e-17
50 72 1.20932e-15
51 72 8.11076e-17
52 72 1.29372e-16
53 72 1.36935e-17
54 72 1.88529e-16
55 72 2.44835e-16
56 72 4.72252e-05
57 72 7.07058e-05
58 72 0.00382483
59 72 0.00129405
60 72 0.000706821
61 72 0.0104771
62 72 4.68939e-15
63 72 9.501e-15
0 73 3.84999e-17
1 73 1.59179e-17
2 73 7.05641e-18
3 73 9.15387e-20
4 73 3.91233e-17
5 73 1.49616e-17
6 73 9.02758e-18
7 73 4.65479e-17
8 73 2.03719e-17
9 73 4.04029e-17
10 73 3.48562e-18
11 73 8.63694e-20
12 73 2.4232e-19
13 73 1.35081e-17
14 73 6.62617e-17
15 73 5.52133e-17
16 73 4.65699e-17
17 73 1.74984e-16
18 73 3.03683e-17
19 73 2.61496e-18
20 73 7.07664e-18
21 73 2.7209e-19
22 73 2.25452e-18
23 73 1.39089e-17
24 73 9.68284e-07
25 73 1.35592e-06
26 73 0.000109311
27 73 3.34032e-05
28 73 1.92537e-05
29 73 8.05555e-06
30 73 4.31771e-06
31 73 3.92336e-05
32 73 4.57469e-06
33 73 3.2578e-05
34 73 1.81749e-07
35 73 4.0335e-07
36 73 5.7567e-07
37 73 5.55767e-07
38 73 3.53053e-05
39 73 0.000116849
40 73 0.000325835
41 73 0.000247561
42 73 5.02535e-07
43 73 3.38058e-05
44 73 4.72232e-16
45 73 7.71957e-17
46 73 1.29414e-17
47 73 8.76831e-16
48 73 6.96787e-17
49 73 7.42871e-17
50 73 4.8649e-17
51 73 1.19282e-15
52 73 1.73804e-17
53 73 1.36426e-16
54 73 2.71361e-16
55 73 2.54405e-16
56 73 7.07058e-05
57 73 4.72252e-05
58 73 0.00129405
59 73 0.00382483
60 73 0.0104771
61 73 0.000706821
62 73 1.00442e-14
63 73 5.59101e-15
0 74 3.14178e-17
1 74 3.97355e-17
2 74 2.11338e-18
3 74 6.66044e-18
4 74 6.21326e-18
5 74 2.43252e-17
6 74 2.73977e-19
7 74 2.87799e-17
8 74 2.21223e-17
9 74 6.24036e-17
10 74 1.17727e-18
11 74 7.08513e-18
12 74 2.46428e-19
13 74 2.25454e-17
14 74 1.02463e-18
15 74 2.63396e-18
16 74 2.76422e-17
17 74 6.60062e-17
18 74 4.70092e-18
19 74 7.82489e-17
20 74 6.21819e-18
21 74 1.74053e-17
22 74 5.40516e-17
23 74 9.26442e-18
24 74 3.85381e-05
25 74 2.55186e-05
26 74 2.26801e-05
27 74 5.36969e-07
28 74 1.05181e-06
29 74 5.20118e-06
30 74 2.90165e-06
31 74 1.1279e-05
32 74 1.14753e-06
33 74 7.68401e-05
34 74 8.35871e-05
35 74 5.40121e-06
36 74 4.25448e-05
37 74 9.93725e-06
38 74 1.19678e-05
39 74 0.000220803
40 74 0.00029169
41 74 5.27824e-05
42 74 1.81171e-05
43 74 0.000109856
44 74 6.30675e-17
45 74 2.32857e-16
46 74 4.34664e-17
47 74 3.43433e-16
48 74 1.36702e-17
49 74 7.96018e-17
50 74 8.54818e-16
51 74 4.02937e-16
52 74 3.46196e-17
53 74 1.59912e-16
54 74 1.13792e-16
55 74 6.28994e-16
56 74 0.0011488
57 74 0.000731466
58 74 0.000441535
59 74 0.00254666
60 74 0.00146042
61 74 0.000249744
62 74 6.30314e-16
63 74 1.56694e-15
0 75 3.06245e-17
1 75 3.63212e-17
2 75 5.40004e-20
3 75 9.49863e-19
4 75 1.48584e-17
5 75 3.28129e-18
6 75 2.43762e-17
7 75 1.18963e-18
8 75 5.80538e-17
9 75 2.40978e-17
10 75 1.54154e-17
11 75 1.45743e-18
12 75 2.15059e-17
13 75 2.70752e-19
14 75 2.81245e-18
15 75 2.54329e-19
16 75 5.41967e-17
17 75 3.43292e-17
18 75 8.53034e-17
19 75 6.80901e-18
20 75 1.52112e-17
21 75 8.82081e-18
22 75 9.19831e-18
23 75 5.77299e-17
24 75 2.55186e-05
25 75 3.85381e-05
26 75 5.36969e-07
27 75 2.26801e-05
28 75 5.20118e-06
29 75 1.05181e-06
30 75 1.1279e-05
31 75 2.90165e-06
32 75 7.68401e-05
33 75 1.14753e-06
34 75 5.4012e-06
35 75 8.35871e-05
36 75 9.93724e-06
37 75 4.25448e-05
38 75 0.000220803
39 75 1.19678e-05
40 75 5.27824e-05
41 75 0.00029169
42 75 0.000109856
43 75 1.81171e-05
44 75 2.53627e-16
45 75 6.26343e-17
46 75 3.53007e-16
47 75 4.54343e-17
48 75 7.1358e-17
49 75 4.76223e-18
50 75 3.81525e-16
51 75 9.33281e-16
52 75 1.66885e-16
53 75 4.71065e-17
54 75 6.11593e-16
55 75 1.23516e-16
56 75 0.000731466
57 75 0.0011488
58 75 0.00254666
59 75 0.000441535
60 75 0.000249744
61 75 0.00146042
62 75 1.76129e-15
63 75 6.02254e-16
0 76 1.20569e-16
1 76 1.06184e-18
2 76 1.39082e-17
3 76 4.1654e-18
4 76 1.69707e-18
5 76 1.36732e-17
6 76 2.27515e-18
7 76 4.28003e-20
8 76 1.69552e-17
9 76 8.31188e-18
10 76 7.83206e-18
11 76 1.18243e-18
12 76 1.36034e-17
13 76 1.26451e-18
14 76 1.03433e-16
15 76 1.57359e-17
16 76 3.32832e-17
17 76 1.75521e-17
18 76 1.66017e-17
19 76 1.08626e-16
20 76 2.7518e-17
21 76 3.32324e-17
22 76 9.76628e-17
23 76 7.40661e-17
24 76 6.25685e-06
25 76 2.52822e-05
26 76 5.6217e-06
27 76 2.01629e-06
28 76 4.45992e-05
29 76 5.46784e-05
30 76 4.39619e-06
31 76 1.25639e-05
32 76 9.19147e-06
33 76 2.8674e-05
34 76 4.66343e-06
35 76 2.0984e-05
36 76 0.000101506
37 76 4.53488e-05
38 76 1.42913e-05
39 76 0.000277215
40 76 7.44435e-06
41 76 2.07769e-05
42 76 0.000235831
43 76 1.74662e-05
44 76 3.36572e-17
45 76 8.05332e-17
46 76 9.67705e-17
47 76 2.37805e-17
48 76 4.9426e-17
49 76 5.36516e-17
50 76 2.03102e-16
51 76 1.64378e-15
52 76 2.79475e-16
53 76 1.04755e-16
54 76 8.27329e-18
55 76 5.45441e-17
56 76 0.000553068
57 76 0.000746644
58 76 2.39738e-05
59 76 6.35817e-07
60 76 0.000283991
61 76 0.000148033
62 76 1.32375e-16
63 76 1.49788e-15
0 77 2.4429e-17
1 77 9.28815e-17
2 77 3.58369e-18
3 77 7.11447e-18
4 77 3.79314e-18
5 77 2.58466e-19
6 77 4.45646e-19
7 77 1.98389e-19
8 77 7.63732e-18
9 77 7.00742e-18
10 77 2.29651e-18
11 77 1.02764e-17
12 77 9.50252e-19
13 77 1.10572e-17
14 77 1.15887e-17
15 77 9.81767e-17
16 77 1.93354e-17
17 77 3.64079e-17
18 77 1.10838e-16
19 77 2.53008e-17
20 77 2.62636e-17
21 77 2.13866e-17
22 77 5.94841e-17
23 77 1.06966e-16
24 77 2.52822e-05
25 77 6.25685e-06
26 77 2.01629e-06
27 77 5.6217e-06
28 77 5.46784e-05
29 77 4.45992e-05
30 77 1.25639e-05
31 77 4.39619e-06
32 77 2.8674e-05
33 77 9.19147e-06
34 77 2.0984e-05
35 77 4.66343e-06
36 77 4.53488e-05
37 77 0.000101506
38 77 0.000277215
39 77 1.42913e-05
40 77 2.07769e-05
41 77 7.44436e-06
42 77 1.74662e-05
43 77 0.000235831
44 77 7.2629e-17
45 77 3.13358e-17
46 77 2.66959e-17
47 77 9.53818e-17
48 77 4.55909e-17
49 77 6.34777e-17
50 77 1.67501e-15
51 77 1.86737e-16
52 77 1.12143e-16
53 77 2.60755e-16
54 77 4.56789e-17
55 77 1.37045e-17
56 77 0.000746644
57 77 0.000553068
58 77 6.35817e-07
59 77 2.39738e-05
60 77 0.000148033
61 77 0.000283991
62 77 1.74836e-15
63 77 1.04836e-16
0 78 6.79268e-17
1 78 1.62642e-17
2 78 7.02932e-18
3 78 3.36558e-19
4 78 5.54651e-18
5 78 1.23714e-17
6 78 4.04451e-18
7 78 4.01175e-18
8 78 2.46378e-17
9 78 2.85277e-17
10 78 1.92233e-17
11 78 1.4318e-18
12 78 1.06847e-17
13 78 1.51884e-18
14 78 2.29178e-17
15 78 5.17713e-17
16 78 1.28597e-17
17 78 5.90976e-18
18 78 1.64042e-17
19 78 3.82386e-17
20 78 1.70258e-17
21 78 4.995e-18
22 78 5.17814e-17
23 78 2.4256e-19
24 78 3.86638e-05
25 78 3.84707e-05
26 78 2.18431e-05
27 78 7.29232e-06
28 78 5.11784e-05
29 78 1.1427e-05
30 78 5.42467e-06
31 78 4.42332e-06
32 78 1.10766e-05
33 78 4.64765e-05
34 78 1.63512e-05
35 78 2.29781e-05
36 78 6.57009e-07
37 78 2.73271e-05
38 78 2.82997e-05
39 78 4.07304e-05
40 78 0.000177735
41 78 6.06088e-05
42 78 3.67774e-06
43 78 3.76692e-05
44 78 2.34457e-16
45 78 2.93105e-16
46 78 9.32854e-17
47 78 2.73665e-16
48 78 3.95853e-20
49 78 2.08624e-17
50 78 3.48801e-16
51 78 6.05543e-16
52 78 5.24371e-17
53 78 7.80929e-17
54 78 3.07053e-16
55 78 1.50153e-16
56 78 0.0011659
57 78 0.0013318
58 78 0.000115037
59 78 0.0007537
60 78 8.52022e-05
61 78 7.10934e-05
62 78 3.61572e-16
63 78 4.88623e-16
0 79 3.72864e-17
1 79 4.84288e-17
2 79 2.30598e-18
3 79 5.63284e-18
4 79 2.23136e-17
5 79 8.74018e-18
6 79 5.64948e-18
7 79 4.0841e-18
8 79 3.8891e-17
9 79 1.67166e-17
10 79 8.0936e-19
11 79 1.32797e-17
12 79 4.65377e-18
13 79 4.99947e-18
14 79 5.10498e-17
15 79 1.92665e-17
16 79 3.30225e-18
17 79 1.68711e-17
18 79 3.44959e-17
19 79 1.7383e-17
20 79 5.3516e-18
21 79 1.42813e-17
22 79 1.96757e-19
23 79 5.27997e-17
24 79 3.84708e-05
25 79 3.86638e-05
26 79 7.29232e-06
27 79 2.18431e-05
28 79 1.1427e-05
29 79 5.11783e-05
30 79 4.42332e-06
31 79 5.42467e-06
32 79 4.64766e-05
33 79 1.10766e-05
34 79 2.29781e-05
35 79 1.63512e-05
36 79 2.73271e-05
37 79 6.57006e-07
38 79 4.07304e-05
39 79 2.82997e-05
40 79 6.06088e-05
41 79 0.000177735
42 79 3.76692e-05
43 79 3.67773e-06
44 79 2.88129e-16
45 79 2.45267e-16
46 79 2.47451e-16
47 79 7.97774e-17
48 79 1.51098e-17
49 79 1.56315e-18
50 79 5.88484e-16
51 79 4.12971e-16
52 79 6.49669e-17
53 79 4.89573e-17
54 79 1.9269e-16
55 79 3.07609e-16
56 79 0.0013318
57 79 0.0011659
58 79 0.000753701
59 79 0.000115037
60 79 7.10933e-05
61 79 8.52022e-05
62 79 7.4512e-16
63 79 4.78481e-16
0 80 6.57798e-17
1 80 2.06123e-17
2 80 1.73177e-17
3 80 2.47639e-18
4 80 4.07171e-18
5 80 2.70008e-18
6 80 8.17491e-19
7 80 2.87642e-18
8 80 8.83892e-18
9 80 1.09775e-17
10 80 8.00218e-18
11 80 9.36157e-18
12 80 2.92761e-18
13 80 7.51093e-18
14 80 7.6781e-17
15 80 2.07078e-16
16 80 4.11108e-18
17 80 2.30803e-17
18 80 3.69892e-17
19 80 7.72456e-19
20 80 1.41862e-16
21 80 4.95238e-18
22 80 1.51694e-18
23 80 6.65168e-17
24 80 3.36454e-08
25 80 1.10102e-06
26 80 1.68355e-06
27 80 3.42572e-06
28 80 6.05152e-05
29 80 5.17696e-05
30 80 1.18068e-05
31 80 1.26696e-05
32 80 2.20807e-07
33 80 2.15085e-07
34 80 6.64742e-06
35 80 1.33776e-05
36 80 3.06143e-05
37 80 0.000134016
38 80 0.000161959
39 80 0.000112594
40 80 1.3565e-05
41 80 4.05419e-06
42 80 7.64103e-05
43 80 0.000272415
44 80 2.6759e-17
45 80 2.222e-17
46 80 3.23999e-17
47 80 6.80292e-17
48 80 2.14678e-16
49 80 1.30737e-16
50 80 1.998e-16
51 80 1.22329e-15
52 80 5.6616e-17
53 80 5.70491e-17
54 80 1.19003e-16
55 80 2.10354e-17
56 80 4.28411e-06
57 80 7.77718e-05
58 80 7.68225e-06
59 80 7.14401e-05
60 80 4.9237e-05
61 80 6.11467e-05
62 80 4.98826e-16
63 80 1.90362e-16
0 81 2.16469e-17
1 81 6.92528e-17
2 81 6.6948e-18
3 81 1.59494e-17
4 81 4.15453e-18
5 81 6.64767e-19
6 81 5.87991e-18
7 81 1.61087e-18
8 81 1.2556e-17
9 81 5.5965e-18
10 81 1.19937e-17
11 81 9.2176e-18
12 81 9.23522e-18
13 81 3.5456e-18
14 81 2.04888e-16
15 81 9.4598e-17
16 81 1.77542e-17
17 81 6.59599e-18
18 81 5.50375e-19
19 81 4.72594e-17
20 81 4.99184e-18
21 81 1.48386e-16
22 81 6.39716e-17
23 81 1.4462e-18
24 81 1.10102e-06
25 81 3.3645e-08
26 81 3.42571e-06
27 81 1.68354e-06
28 81 5.17696e-05
29 81 6.05151e-05
30 81 1.26696e-05
31 81 1.18068e-05
32 81 2.15085e-07
33 81 2.20808e-07
34 81 1.33776e-05
35 81 6.64742e-06
36 81 0.000134016
37 81 3.06143e-05
38 81 0.000112594
39 81 0.000161959
40 81 4.05419e-06
41 81 1.3565e-05
42 81 0.000272415
43 81 7.64103e-05
44 81 3.17532e-17
45 81 2.03188e-17
46 81 5.11865e-17
47 81 7.28403e-17
48 81 1.34137e-16
49 81 2.32529e-16
50 81 1.2458e-15
51 81 2.15942e-16
52 81 6.46514e-17
53 81 6.8941e-17
54 81 2.06484e-17
55 81 1.25658e-16
56 81 7.77717e-05
57 81 4.28409e-06
58 81 7.14402e-05
59 81 7.68225e-06
60 81 6.11467e-05
61 81 4.92369e-05
62 81 1.91721e-16
63 81 5.04327e-16
0 82 8.48302e-07
1 82 5.25449e-06
2 82 2.10862e-06
3 82 1.3615e-06
4 82 9.64803e-07
5 82 2.48228e-06
6 82 5.04398e-07
7 82 1.47481e-06
8 82 1.81582e-07
9 82 3.74117e-06
10 82 5.07879e-08
11 82 9.40799e-08
12 82 1.06954e-06
13 82 2.54943e-06
14 82 2.35369e-05
15 82 1.09944e-05
16 82 2.59803e-05
17 82 6.09644e-05
18 82 1.99951e-05
19 82 1.69462e-06
20 82 7.47726e-06
21 82 4.10511e-06
22 82 1.4314e-06
23 82 9.01628e-06
24 82 2.21941e-17
25 82 2.18296e-17
26 82 8.6021e-18
27 82 1.22761e-18
28 82 3.11026e-17
29 82 1.13483e-17
30 82 9.04719e-17
31 82 1.31743e-16
32 82 2.68414e-17
33 82 2.43987e-17
34 82 1.19932e-17
35 82 3.87351e-17
36 82 3.54142e-17
37 82 4.67214e-17
38 82 1.85804e-18
39 82 3.50659e-17
40 82 1.22762e-17
41 82 3.05477e-17
42 82 7.32519e-18
43 82 3.67141e-18
44 82 2.11638e-05
45 82 1.00574e-06
46 82 5.11653e-05
47 82 0.000191402
48 82 0.000109151
49 82 0.000286237
50 82 2.31271e-05
51 82 1.09728e-05
52 82 2.8506e-05
53 82 0.000123233
54 82 0.000250055
55 82 0.000214352
56 82 4.6165e-16
57 82 2.54251e-16
58 82 1.10605e-16
59 82 6.42017e-17
60 82 2.11043e-16
61 82 7.14903e-17
62 82 0.000405084
63 82 8.38465e-05
0 83 5.25448e-06
1 83 8.48301e-07
2 83 1.3615e-06
3 83 2.10862e-06
4 83 2.48228e-06
5 83 9.64802e-07
6 83 1.47481e-06
7 83 5.04398e-07
8 83 3.74117e-06
9 83 1.81581e-07
10 83 9.40798e-08
11 83 5.07877e-08
12 83 2.54943e-06
13 83 1.06954e-06
14 83 1.09944e-05
15 83 2.35369e-05
16 83 6.09643e-05
17 83 2.59803e-05
18 83 1.69462e-06
19 83 1.99951e-05
20 83 4.10511e-06
21 83 7.47727e-06
22 83 9.01628e-06
23 83 1.4314e-06
24 83 2.8737e-17
25 83 2.57684e-17
26 83 1.69038e-18
27 83 9.13635e-18
28 83 1.20987e-17
29 83 2.70146e-17
30 83 1.29283e-16
31 83 8.47487e-17
32 83 2.65176e-17
33 83 2.47679e-17
34 83 3.04343e-17
35 83 1.42685e-17
36 83 4.14921e-17
37 83 3.81099e-17
38 83 3.76629e-17
39 83 1.41158e-18
40 83 2.44748e-17
41 83 1.19401e-17
42 83 3.65008e-18
43 83 6.43158e-18
44 83 1.00573e-06
45 83 2.11638e-05
46 83 0.000191401
47 83 5.11653e-05
48 83 0.000286237
49 83 0.000109151
50 83 1.09728e-05
51 83 2.31271e-05
52 83 0.000123233
53 83 2.8506e-05
54 83 0.000214352
55 83 0.000250055
56 83 2.64182e-16
57 83 4.88033e-16
58 83 9.73913e-17
59 83 1.575e-16
60 83 7.111e-17
61 83 2.60621e-16
62 83 8.38464e-05
63 83 0.000405084
0 84 8.31323e-06
1 84 1.01308e-06
2 84 2.74124e-06
3 84 7.12692e-06
4 84 3.20131e-06
5 84 2.34559e-06
6 84 3.61099e-06
7 84 3.00439e-06
8 84 1.65862e-06
9 84 3.8098e-08
10 84 4.4552e-08
11 84 7.05618e-08
12 84 9.66089e-08
13 84 2.21843e-07
14 84 1.19056e-05
15 84 1.12004e-05
16 84 9.81461e-06
17 84 2.9295e-06
18 84 3.6856e-07
19 84 4.60075e-06
20 84 5.48962e-06
21 84 2.59302e-05
22 84 1.92449e-05
23 84 3.19245e-07
24 84 1.38408e-17
25 84 1.87728e-17
26 84 4.06674e-17
27 84 1.09966e-16
28 84 4.06066e-17
29 84 3.96456e-16
30 84 5.78224e-16
31 84 4.26247e-16
32 84 2.10419e-16
33 84 3.75993e-16
34 84 1.03966e-16
35 84 4.33625e-18
36 84 1.27294e-16
37 84 1.02799e-16
38 84 2.81858e-16
39 84 2.2912e-16
40 84 8.27331e-17
41 84 2.94681e-17
42 84 8.49049e-18
43 84 8.59314e-19
44 84 4.58174e-07
45 84 3.0382e-06
46 84 1.50048e-05
47 84 8.08498e-06
48 84 0.000457386
49 84 0.000315225
50 84 1.23082e-05
51 84 0.000164013
52 84 0.000228441
53 84 9.01305e-05
54 84 0.000140656
55 84 0.000333784
56 84 4.22359e-16
57 84 9.01835e-16
58 84 4.95231e-16
59 84 1.0253e-15
60 84 5.54292e-16
61 84 9.83282e-16
62 84 5.10492e-06
63 84 1.86863e-05
0 85 1.01308e-06
1 85 8.31324e-06
2 85 7.12692e-06
3 85 2.74124e-06
4 85 2.34559e-06
5 85 3.20131e-06
6 85 3.00439e-06
7 85 3.61099e-06
8 85 3.80982e-08
9 85 1.65862e-06
10 85 7.05619e-08
11 85 4.45521e-08
12 85 2.21843e-07
13 85 9.66091e-08
14 85 1.12004e-05
15 85 1.19056e-05
16 85 2.92951e-06
17 85 9.81461e-06
18 85 4.60075e-06
19 85 3.68561e-07
20 85 2.59302e-05
21 85 5.48963e-06
22 85 3.19246e-07
23 85 1.92449e-05
24 85 2.33908e-17
25 85 1.54206e-17
26 85 9.15213e-17
27 85 3.37742e-17
28 85 3.81774e-16
29 85 4.15706e-17
30 85 4.19873e-16
31 85 5.86622e-16
32 85 3.92973e-16
33 85 2.18797e-16
34 85 5.80452e-18
35 85 9.18522e-17
36 85 1.07002e-16
37 85 1.28097e-16
38 85 2.56407e-16
39 85 3.00234e-16
40 85 2.52375e-17
41 85 9.15217e-17
42 85 5.16375e-20
43 85 7.5612e-18
44 85 3.0382e-06
45 85 4.58175e-07
46 85 8.08498e-06
47 85 1.50048e-05
48 85 0.000315225
49 85 0.000457386
50 85 0.000164013
51 85 1.23082e-05
52 85 9.01305e-05
53 85 0.000228441
54 85 0.000333784
55 85 0.000140656
56 85 9.82668e-16
57 85 4.70952e-16
58 85 8.9129e-16
59 85 4.90299e-16
60 85 1.02991e-15
61 85 4.69612e-16
62 85 1.86863e-05
63 85 5.10492e-06
0 86 5.44085e-17
1 86 5.57194e-17
2 86 2.1849e-17
3 86 1.68308e-17
4 86 3.00765e-17
5 86 2.49206e-17
6 86 1.28498e-16
7 86 7.82551e-17
8 86 1.07253e-17
9 86 5.79757e-17
10 86 3.13102e-17
11 86 1.22624e-17
12 86 2.60457e-17
13 86 1.66104e-17
14 86 1.10351e-15
15 86 2.35618e-16
16 86 1.74163e-15
17 86 1.98343e-18
18 86 3.54156e-17
19 86 2.53349e-16
20 86 2.93841e-17
21 86 1.46573e-17
22 86 2.35821e-17
23 86 1.27384e-16
24 86 1.86663e-07
25 86 1.48402e-06
26 86 3.35702e-06
27 86 3.6707e-06
28 86 4.61331e-05
29 86 6.95952e-06
30 86 0.00021486
31 86 0.000130825
32 86 6.77845e-05
33 86 5.48772e-05
34 86 1.14944e-05
35 86 3.7938e-06
36 86 1.01455e-05
37 86 7.52898e-06
38 86 2.79822e-07
39 86 3.41366e-07
40 86 1.02351e-06
41 86 3.56698e-07
42 86 7.48442e-06
43 86 2.3856e-07
44 86 4.9719e-16
45 86 7.00549e-16
46 86 2.41485e-15
47 86 9.18332e-16
48 86 4.99897e-16
49 86 8.43077e-15
50 86 5.43327e-16
51 86 9.90304e-17
52 86 1.23551e-15
53 86 9.31171e-17
54 86 2.77087e-18
55 86 2.79058e-15
56 86 6.178e-06
57 86 1.04677e-05
58 86 0.000179041
59 86 6.59503e-05
60 86 0.000197976
61 86 0.000186028
62 86 1.40918e-15
63 86 5.19452e-15
0 87 6.55745e-17
1 87 7.66419e-17
2 87 1.62971e-17
3 87 1.34381e-17
4 87 1.31604e-17
5 87 4.05927e-17
6 87 8.4034e-17
7 87 1.29152e-16
8 87 6.17959e-17
9 87 8.99594e-18
10 87 1.34264e-17
11 87 2.75476e-17
12 87 1.68051e-17
13 87 2.67942e-17
14 87 2.28315e-16
15 87 1.13528e-15
16 87 1.37841e-18
17 87 1.74734e-15
18 87 2.63527e-16
19 87 2.83654e-17
20 87 1.47798e-17
21 87 3.5819e-17
22 87 1.29911e-16
23 87 1.9459e-17
24 87 1.48402e-06
25 87 1.86663e-07
26 87 3.6707e-06
27 87 3.35703e-06
28 87 6.95953e-06
29 87 4.61331e-05
30 87 0.000130825
31 87 0.00021486
32 87 5.48772e-05
33 87 6.77845e-05
34 87 3.7938e-06
35 87 1.14944e-05
36 87 7.52898e-06
37 87 1.01455e-05
38 87 3.41366e-07
39 87 2.79821e-07
40 87 3.56698e-07
41 87 1.02351e-06
42 87 2.3856e-07
43 87 7.48442e-06
44 87 7.02077e-16
45 87 4.8655e-16
46 87 8.26567e-16
47 87 2.32957e-15
48 87 8.4008e-15
49 87 5.01737e-16
50 87 6.97719e-17
51 87 5.10671e-16
52 87 7.44295e-17
53 87 1.24689e-15
54 87 2.96832e-15
55 87 3.20361e-19
56 87 1.04678e-05
57 87 6.17799e-06
58 87 6.59503e-05
59 87 0.000179041
60 87 0.000186028
61 87 0.000197976
62 87 5.08126e-15
63 87 1.29581e-15
0 88 1.32331e-05
1 88 1.13675e-06
2 88 1.60762e-06
3 88 5.9337e-06
4 88 1.07184e-06
5 88 4.35688e-08
6 88 5.87059e-07
7 88 1.05253e-06
8 88 1.54136e-06
9 88 2.2877e-07
10 88 2.55822e-07
11 88 8.69856e-08
12 88 4.26988e-07
13 88 7.93738e-07
14 88 1.13601e-05
15 88 4.07124e-05
16 88 5.00668e-05
17 88 2.03267e-05
18 88 5.09095e-08
19 88 3.23342e-06
20 88 1.22724e-05
21 88 6.36972e-06
22 88 1.85956e-05
23 88 6.84136e-07
24 88 8.37987e-17
25 88 8.44898e-18
26 88 1.38378e-17
27 88 2.75556e-16
28 88 1.36501e-16
29 88 3.91477e-16
30 88 4.15869e-15
31 88 1.69444e-16
32 88 1.428e-15
33 88 2.94471e-16
34 88 2.59172e-16
35 88 4.0542e-17
36 88 5.04139e-18
37 88 6.20217e-17
38 88 7.3197e-17
39 88 4.10258e-17
40 88 2.73745e-17
41 88 5.04335e-17
42 88 1.99804e-16
43 88 2.72979e-17
44 88 1.18074e-05
45 88 1.4695e-05
46 88 0.000130842
47 88 1.57454e-06
48 88 0.000120575
49 88 0.000151778
50 88 5.23736e-06
51 88 4.90984e-05
52 88 0.000104687
53 88 0.000236746
54 88 1.7545e-05
55 88 3.16603e-05
56 88 1.00344e-17
57 88 1.66575e-16
58 88 4.00937e-15
59 88 4.87017e-17
60 88 6.43826e-16
61 88 3.58389e-15
62 88 0.000168434
63 88 0.000164213
0 89 1.13675e-06
1 89 1.32331e-05
2 89 5.9337e-06
3 89 1.60763e-06
4 89 4.35693e-08
5 89 1.07185e-06
6 89 1.05253e-06
7 89 5.8706e-07
8 89 2.28769e-07
9 89 1.54135e-06
10 89 8.69858e-08
11 89 2.55822e-07
12 89 7.93738e-07
13 89 4.26987e-07
14 89 4.07123e-05
15 89 1.13601e-05
16 89 2.03267e-05
17 89 5.00668e-05
18 89 3.23342e-06
19 89 5.09093e-08
20 89 6.36972e-06
21 89 1.22724e-05
22 89 6.84137e-07
23 89 1.85956e-05
24 89 8.37331e-18
25 89 7.57325e-17
26 89 2.52517e-16
27 89 1.09248e-17
28 89 4.36759e-16
29 89 1.5893e-16
30 89 1.64042e-16
31 89 4.13989e-15
32 89 2.861e-16
33 89 1.44135e-15
34 89 3.8952e-17
35 89 2.9884e-16
36 89 6.2844e-17
37 89 2.39873e-18
38 89 4.30837e-17
39 89 6.68424e-17
40 89 4.20405e-17
41 89 3.86811e-17
42 89 4.02693e-17
43 89 1.7893e-16
44 89 1.4695e-05
45 89 1.18074e-05
46 89 1.57455e-06
47 89 0.000130842
48 89 0.000151778
49 89 0.000120575
50 89 4.90984e-05
51 89 5.23738e-06
52 89 0.000236746
53 89 0.000104687
54 89 3.16603e-05
55 89 1.7545e-05
56 89 1.41902e-16
57 89 1.08651e-17
58 89 5.7696e-17
59 89 4.0049e-15
60 89 3.80113e-15
61 89 6.61496e-16
62 89 0.000164213
63 89 0.000168434
0 90 5.13941e-07
1 90 2.14488e-06
2 90 1.09826e-06
3 90 9.08429e-07
4 90 3.73514e-08
5 90 1.63238e-06
6 90 1.43915e-06
7 90 3.9507e-06
8 90 8.41603e-07
9 90 1.24698e-06
10 90 2.28365e-06
11 90 9.45528e-06
12 90 2.50182e-05
13 90 1.28374e-05
14 90 1.74568e-06
15 90 9.92284e-07
16 90 3.79999e-07
17 90 5.19458e-08
18 90 1.10388e-06
19 90 4.42717e-08
20 90 2.20431e-05
21 90 3.00267e-05
22 90 1.57062e-05
23 90 2.32639e-05
24 90 2.83561e-17
25 90 1.65823e-18
26 90 1.46209e-18
27 90 4.40578e-19
28 90 4.97992e-18
29 90 5.73886e-18
30 90 1.63968e-17
31 90 4.81695e-17
32 90 7.74029e-18
33 90 8.07261e-21
34 90 4.64947e-17
35 90 1.04614e-17
36 90 8.30536e-18
37 90 4.79361e-18
38 90 1.73275e-17
39 90 6.82405e-17
40 90 5.60291e-17
41 90 1.13422e-17
42 90 1.4732e-16
43 90 1.90744e-17
44 90 1.41641e-05
45 90 1.06135e-05
46 90 8.59028e-05
47 90 1.82247e-05
48 90 1.99964e-06
49 90 1.58314e-06
50 90 9.18349e-06
51 90 1.32562e-05
52 90 0.000290681
53 90 5.55135e-05
54 90 3.28258e-06
55 90 2.55159e-07
56 90 6.00511e-16
57 90 2.5131e-17
58 90 1.71887e-17
59 90 4.94162e-17
60 90 2.5853e-17
61 90 2.14659e-17
62 90 3.5941e-05
63 90 7.93788e-07
0 91 2.14488e-06
1 91 5.1394e-07
2 91 9.08431e-07
3 91 1.09826e-06
4 91 1.63238e-06
5 91 3.73517e-08
6 91 3.9507e-06
7 91 1.43915e-06
8 91 1.24698e-06
9 91 8.41601e-07
10 91 9.45528e-06
11 91 2.28366e-06
12 91 1.28374e-05
13 91 2.50182e-05
14 91 9.92284e-07
15 91 1.74568e-06
16 91 5.19459e-08
17 91 3.79999e-07
18 91 4.42718e-08
19 91 1.10388e-06
20 91 3.00267e-05
21 91 2.20431e-05
22 91 2.3264e-05
23 91 1.57062e-05
24 91 4.89631e-18
25 91 2.46028e-17
26 91 1.01596e-18
27 91 3.04916e-18
28 91 4.56944e-18
29 91 2.71082e-18
30 91 5.76555e-17
31 91 1.83913e-17
32 91 5.00384e-19
33 91 4.55934e-18
34 91 1.16365e-17
35 91 5.93087e-17
36 91 2.51219e-18
37 91 9.58113e-18
38 91 5.7965e-17
39 91 2.42215e-17
40 91 7.18308e-18
41 91 5.83552e-17
42 91 2.02607e-17
43 91 1.40638e-16
44 91 1.06135e-05
45 91 1.4164e-05
46 91 1.82247e-05
47 91 8.59028e-05
48 91 1.58313e-06
49 91 1.99964e-06
50 91 1.32562e-05
51 91 9.18349e-06
52 91 5.55135e-05
53 91 0.000290681
54 91 2.55159e-07
55 91 3.28258e-06
56 91 3.57367e-17
57 91 5.36868e-16
58 91 4.0485e-17
59 91 1.62886e-17
60 91 1.00342e-17
61 91 3.55279e-17
62 91 7.93791e-07
63 91 3.5941e-05
0 92 3.96197e-08
1 92 3.07028e-07
2 92 7.06305e-07
3 92 3.65996e-07
4 92 7.14001e-06
5 92 1.43922e-06
6 92 5.32975e-06
7 92 1.33144e-05
8 92 7.43665e-06
9 92 9.49942e-06
10 92 5.31676e-06
11 92 1.48125e-05
12 92 3.70386e-06
13 92 2.28447e-06
14 92 1.68413e-06
15 92 6.20333e-08
16 92 2.66731e-06
17 92 1.67204e-07
18 92 2.49079e-06
19 92 1.63104e-06
20 92 1.31749e-06
21 92 9.41254e-07
22 92 2.18883e-05
23 92 2.84964e-05
24 92 2.40172e-17
25 92 8.14584e-18
26 92 1.15615e-17
27 92 2.08603e-18
28 92 5.89412e-18
29 92 5.8744e-18
30 92 1.13891e-17
31 92 9.08853e-17
32 92 3.84118e-18
33 92 1.52322e-17
34 92 6.03389e-18
35 92 1.34237e-17
36 92 6.15171e-17
37 92 1.20039e-18
38 92 2.80488e-18
39 92 1.33715e-17
40 92 1.54074e-17
41 92 1.33307e-18
42 92 2.29932e-17
43 92 3.92354e-17
44 92 5.51612e-07
45 92 9.61146e-07
46 92 7.68035e-06
47 92 1.28839e-05
48 92 1.64726e-05
49 92 3.97527e-05
50 92 3.59723e-05
51 92 5.89825e-06
52 92 4.13939e-06
53 92 2.5054e-06
54 92 1.78711e-05
55 92 9.70656e-06
56 92 1.34246e-16
57 92 4.74032e-17
58 92 1.55437e-16
59 92 7.45995e-16
60 92 1.51944e-17
61 92 3.09182e-17
62 92 2.02254e-06
63 92 8.90479e-06
0 93 3.07029e-07
1 93 3.96196e-08
2 93 3.65996e-07
3 93 7.06306e-07
4 93 1.43922e-06
5 93 7.14001e-06
6 93 1.33144e-05
7 93 5.32974e-06
8 93 9.49941e-06
9 93 7.43665e-06
10 93 1.48125e-05
11 93 5.31676e-06
12 93 2.28446e-06
13 93 3.70387e-06
14 93 6.2033e-08
15 93 1.68413e-06
16 93 1.67204e-07
17 93 2.6673e-06
18 93 1.63104e-06
19 93 2.49079e-06
20 93 9.41255e-07
21 93 1.31749e-06
22 93 2.84964e-05
23 93 2.18883e-05
24 93 8.01689e-18
25 93 1.42433e-17
26 93 1.31639e-18
27 93 1.56424e-17
28 93 1.064e-17
29 93 6.33843e-18
30 93 8.88264e-17
31 93 1.00705e-17
32 93 1.79822e-17
33 93 4.86289e-18
34 93 1.85553e-17
35 93 7.52924e-18
36 93 1.17772e-18
37 93 5.9371e-17
38 93 1.14387e-17
39 93 3.52149e-18
40 93 1.32446e-18
41 93 2.64343e-17
42 93 3.73033e-17
43 93 3.76035e-17
44 93 9.61145e-07
45 93 5.51616e-07
46 93 1.28839e-05
47 93 7.68035e-06
48 93 3.97527e-05
49 93 1.64726e-05
50 93 5.89824e-06
51 93 3.59723e-05
52 93 2.50539e-06
53 93 4.13939e-06
54 93 9.70656e-06
55 93 1.78711e-05
56 93 4.8996e-17
57 93 9.95546e-17
58 93 6.95561e-16
59 93 1.15738e-16
60 93 1.15014e-17
61 93 3.17714e-17
62 93 8.90478e-06
63 93 2.02254e-06
0 94 3.45343e-07
1 94 1.0883e-06
2 94 1.03993e-07
3 94 4.11386e-07
4 94 1.82081e-06
5 94 1.27799e-05
6 94 5.50887e-06
7 94 6.02253e-08
8 94 2.62778e-06
9 94 1.37317e-06
10 94 1.24103e-06
11 94 2.15757e-06
12 94 5.48179e-06
13 94 2.38733e-06
14 94 1.79889e-05
15 94 2.52917e-05
16 94 1.44397e-06
17 94 1.78904e-06
18 94 1.00878e-06
19 94 3.25786e-06
20 94 4.58038e-06
21 94 1.34886e-06
22 94 7.15009e-06
23 94 3.42881e-06
24 94 1.67557e-17
25 94 2.23355e-18
26 94 4.35803e-18
27 94 5.15202e-19
28 94 1.38629e-18
29 94 1.56415e-17
30 94 4.38501e-18
31 94 1.08602e-17
32 94 1.00217e-17
33 94 1.89042e-17
34 94 9.77933e-18
35 94 1.43583e-17
36 94 2.46696e-17
37 94 2.61165e-18
38 94 2.05518e-16
39 94 1.09251e-16
40 94 7.70029e-17
41 94 4.76539e-17
42 94 3.69541e-17
43 94 1.55874e-18
44 94 5.69543e-06
45 94 3.04776e-06
46 94 0.000266745
47 94 4.05821e-05
48 94 5.46524e-06
49 94 1.80144e-05
50 94 3.70683e-07
51 94 1.49154e-07
52 94 4.44446e-05
53 94 1.06203e-05
54 94 1.94443e-06
55 94 1.29267e-06
56 94 2.03817e-17
57 94 1.32058e-18
58 94 1.439e-17
59 94 1.15435e-16
60 94 6.59099e-18
61 94 1.81442e-17
62 94 0.000172504
63 94 0.000147866
0 95 1.0883e-06
1 95 3.45344e-07
2 95 4.11389e-07
3 95 1.03994e-07
4 95 1.27799e-05
5 95 1.82081e-06
6 95 6.02256e-08
7 95 5.50887e-06
8 95 1.37317e-06
9 95 2.62778e-06
10 95 2.15757e-06
11 95 1.24103e-06
12 95 2.38733e-06
13 95 5.48179e-06
14 95 2.52916e-05
15 95 1.79889e-05
16 95 1.78904e-06
17 95 1.44397e-06
18 95 3.25786e-06
19 95 1.00878e-06
20 95 1.34886e-06
21 95 4.58039e-06
22 95 3.42882e-06
23 95 7.15009e-06
24 95 1.63237e-18
25 95 1.22334e-17
26 95 4.40649e-19
27 95 3.07281e-18
28 95 8.57824e-18
29 95 3.76393e-18
30 95 1.36371e-17
31 95 1.21386e-17
32 95 1.711e-17
33 95 1.07246e-17
34 95 1.30625e-17
35 95 7.29576e-18
36 95 1.59968e-18
37 95 2.14291e-17
38 95 1.07867e-16
39 95 2.1109e-16
40 95 4.36671e-17
41 95 6.13121e-17
42 95 4.34873e-18
43 95 2.93106e-17
44 95 3.04776e-06
45 95 5.69542e-06
46 95 4.0582e-05
47 95 0.000266745
48 95 1.80144e-05
49 95 5.46524e-06
50 95 1.49153e-07
51 95 3.70682e-07
52 95 1.06203e-05
53 95 4.44446e-05
54 95 1.29267e-06
55 95 1.94443e-06
56 95 2.8486e-19
57 95 1.20299e-17
58 95 1.59095e-16
59 95 2.1375e-17
60 95 5.78135e-19
61 95 2.74048e-18
62 95 0.000147866
63 95 0.000172504
0 96 6.93028e-08
1 96 1.29357e-07
2 96 8.91151e-08
3 96 1.49765e-07
4 96 7.93389e-06
5 96 4.65611e-06
6 96 1.20067e-05
7 96 2.07744e-06
8 96 4.47108e-05
9 96 1.28991e-05
10 96 1.00308e-06
11 96 1.30894e-05
12 96 3.17208e-06
13 96 1.15868e-07
14 96 4.45175e-09
15 96 9.69459e-06
16 96 1.92948e-06
17 96 9.00793e-07
18 96 1.07781e-06
19 96 8.79288e-07
20 96 1.60228e-06
21 96 3.15718e-06
22 96 4.73971e-06
23 96 3.66292e-06
24 96 1.17264e-17
25 96 1.15849e-17
26 96 1.47707e-17
27 96 4.64139e-18
28 96 6.2105e-18
29 96 1.4684e-17
30 96 1.87533e-17
31 96 1.11604e-17
32 96 7.05286e-17
33 96 2.00545e-17
34 96 2.22619e-18
35 96 1.37501e-17
36 96 1.07234e-17
37 96 4.2237e-17
38 96 2.28648e-18
39 96 5.34697e-18
40 96 2.21447e-17
41 96 8.78993e-17
42 96 3.99079e-18
43 96 3.65642e-18
44 96 6.40335e-06
45 96 1.54562e-05
46 96 4.12996e-05
47 96 9.42007e-06
48 96 7.01947e-05
49 96 1.55306e-05
50 96 1.72566e-06
51 96 1.83871e-05
52 96 1.22709e-06
53 96 1.26977e-06
54 96 6.76676e-05
55 96 3.34369e-05
56 96 4.2855e-17
57 96 6.14977e-17
58 96 4.89709e-16
59 96 5.58182e-17
60 96 4.67743e-17
61 96 2.77039e-16
62 96 0.000109193
63 96 7.30113e-05
0 97 1.29357e-07
1 97 6.93021e-08
2 97 1.49764e-07
3 97 8.9115e-08
4 97 4.65611e-06
5 97 7.93388e-06
6 97 2.07744e-06
7 97 1.20067e-05
8 97 1.28991e-05
9 97 4.47108e-05
10 97 1.30894e-05
11 97 1.00308e-06
12 97 1.15868e-07
13 97 3.17208e-06
14 97 9.69459e-06
15 97 4.45174e-09
16 97 9.00795e-07
17 97 1.92948e-06
18 97 8.79288e-07
19 97 1.07781e-06
20 97 3.15718e-06
21 97 1.60228e-06
22 97 3.66292e-06
23 97 4.73971e-06
24 97 1.66801e-17
25 97 9.92806e-18
26 97 3.51071e-18
27 97 1.27239e-17
28 97 1.58623e-17
29 97 1.00888e-17
30 97 1.33273e-17
31 97 2.04864e-17
32 97 1.71223e-17
33 97 6.57633e-17
34 97 1.48672e-17
35 97 3.20295e-18
36 97 3.79944e-17
37 97 5.93878e-18
38 97 3.89739e-18
39 97 2.69893e-18
40 97 6.30792e-17
41 97 1.85383e-17
42 97 2.68062e-18
43 97 4.00803e-18
44 97 1.54562e-05
45 97 6.40335e-06
46 97 9.42006e-06
47 97 4.12997e-05
48 97 1.55306e-05
49 97 7.01947e-05
50 97 1.83871e-05
51 97 1.72566e-06
52 97 1.26978e-06
53 97 1.22708e-06
54 97 3.3437e-05
55 97 6.76676e-05
56 97 6.45412e-17
57 97 5.00795e-17
58 97 7.02557e-17
59 97 4.71359e-16
60 97 1.99414e-16
61 97 9.21276e-17
62 97 7.30114e-05
63 97 0.000109193
0 98 4.75115e-08
1 98 3.79279e-07
2 98 2.71035e-06
3 98 1.02372e-06
4 98 7.4011e-07
5 98 4.86854e-06
6 98 1.3899e-06
7 98 6.53273e-07
8 98 1.7809e-07
9 98 1.61364e-06
10 98 1.99408e-06
11 98 2.12114e-06
12 98 5.97731e-07
13 98 1.45681e-06
14 98 3.2648e-06
15 98 1.12759e-06
16 98 1.05533e-07
17 98 7.49582e-08
18 98 1.09115e-07
19 98 4.94873e-08
20 98 2.63606e-06
21 98 2.08891e-07
22 98 2.19863e-07
23 98 7.56883e-07
24 98 4.64842e-17
25 98 2.6128e-17
26 98 1.97777e-17
27 98 7.89032e-19
28 98 2.43759e-18
29 98 3.70524e-19
30 98 2.68416e-17
31 98 1.55933e-17
32 98 1.44737e-16
33 98 6.80922e-16
34 98 4.75095e-18
35 98 2.24795e-17
36 98 2.60936e-17
37 98 6.25761e-18
38 98 5.10301e-18
39 98 3.41966e-17
40 98 1.03646e-18
41 98 3.70891e-18
42 98 1.43267e-17
43 98 1.05015e-18
44 98 0.000553472
45 98 8.33281e-05
46 98 5.18019e-08
47 98 4.5362e-07
48 98 6.71095e-08
49 98 1.37756e-07
50 98 3.57103e-07
51 98 1.61686e-07
52 98 1.24302e-06
53 98 6.62819e-07
54 98 8.12691e-07
55 98 5.82668e-07
56 98 1.30088e-16
57 98 5.17197e-17
58 98 4.05164e-17
59 98 1.7837e-16
60 98 2.98491e-17
61 98 2.90391e-17
62 98 0.000801082
63 98 0.000354915
0 99 3.79279e-07
1 99 4.75114e-08
2 99 1.02372e-06
3 99 2.71035e-06
4 99 4.86854e-06
5 99 7.40112e-07
6 99 6.53271e-07
7 99 1.38989e-06
8 99 1.61364e-06
9 99 1.78089e-07
10 99 2.12114e-06
11 99 1.99408e-06
12 99 1.45681e-06
13 99 5.97731e-07
14 99 1.12759e-06
15 99 3.26481e-06
16 99 7.49576e-08
17 99 1.05534e-07
18 99 4.94876e-08
19 99 1.09115e-07
20 99 2.08892e-07
21 99 2.63607e-06
22 99 7.56883e-07
23 99 2.19863e-07
24 99 2.76854e-17
25 99 4.4325e-17
26 99 1.03196e-18
27 99 2.50521e-17
28 99 6.17732e-19
29 99 8.64618e-19
30 99 3.19239e-17
31 99 2.48003e-17
32 99 6.67974e-16
33 99 1.49566e-16
34 99 2.36223e-17
35 99 3.07464e-18
36 99 1.3016e-17
37 99 2.63467e-17
38 99 3.94551e-17
39 99 4.32617e-18
40 99 3.22177e-18
41 99 8.05043e-20
42 99 3.08328e-19
43 99 1.20253e-17
44 99 8.33282e-05
45 99 0.000553472
46 99 4.53619e-07
47 99 5.18026e-08
48 99 1.37756e-07
49 99 6.71088e-08
50 99 1.61687e-07
51 99 3.57104e-07
52 99 6.62817e-07
53 99 1.24302e-06
54 99 5.8267e-07
55 99 8.12691e-07
56 99 4.27855e-17
57 99 1.54146e-16
58 99 1.8346e-16
59 99 5.91453e-17
60 99 3.34143e-17
61 99 4.00564e-17
62 99 0.000354915
63 99 0.000801082
0 100 2.44218e-07
1 100 1.23671e-06
2 100 2.27213e-06
3 100 9.54782e-08
4 100 6.66067e-06
5 100 4.76047e-06
6 100 1.4983e-05
7 100 1.15674e-05
8 100 5.88999e-06
9 100 3.34752e-05
10 100 7.28276e-07
11 100 1.132e-06
12 100 6.31914e-07
13 100 5.90866e-06
14 100 1.46264e-07
15 100 1.29723e-07
16 100 3.53777e-08
17 100 1.26363e-06
18 100 8.39802e-05
19 100 6.1696e-06
20 100 4.73222e-06
21 100 2.88399e-06
22 100 5.31437e-07
23 100 3.6348e-06
24 100 8.50194e-17
25 100 2.61846e-17
26 100 2.65634e-18
27 100 1.38646e-17
28 100 9.46027e-18
29 100 8.89957e-18
30 100 1.2224e-16
31 100 4.46158e-18
32 100 2.4523e-16
33 100 2.82834e-17
34 100 1.6924e-17
35 100 5.77314e-18
36 100 8.32969e-18
37 100 3.50835e-17
38 100 2.68031e-17
39 100 2.38277e-18
40 100 1.77431e-18
41 100 1.23818e-17
42 100 1.14905e-17
43 100 1.19819e-17
44 100 7.37213e-06
45 100 2.14881e-06
46 100 3.04335e-08
47 100 2.55728e-06
48 100 2.39988e-05
49 100 8.75709e-06
50 100 1.73496e-06
51 100 7.11793e-08
52 100 4.09199e-06
53 100 7.1307e-06
54 100 9.92499e-05
55 100 7.50521e-06
56 100 6.85444e-17
57 100 5.4691e-17
58 100 2.04195e-17
59 100 1.13375e-17
60 100 5.58961e-17
61 100 3.30679e-17
62 100 2.21369e-05
63 100 8.84308e-06
0 101 1.23671e-06
1 101 2.44217e-07
2 101 9.54776e-08
3 101 2.27213e-06
4 101 4.76047e-06
5 101 6.66066e-06
6 101 1.15674e-05
7 101 1.4983e-05
8 101 3.34752e-05
9 101 5.88999e-06
10 101 1.132e-06
11 101 7.28277e-07
12 101 5.90867e-06
13 101 6.31913e-07
14 101 1.29723e-07
15 101 1.46264e-07
16 101 1.26363e-06
17 101 3.53778e-08
18 101 6.16961e-06
19 101 8.39801e-05
20 101 2.88399e-06
21 101 4.73222e-06
22 101 3.6348e-06
23 101 5.31436e-07
24 101 2.07313e-17
25 101 7.13932e-17
26 101 1.33391e-17
27 101 9.70404e-19
28 101 5.18422e-18
29 101 1.12239e-17
30 101 5.66502e-18
31 101 1.40859e-16
32 101 2.1226e-17
33 101 2.72384e-16
34 101 9.98818e-18
35 101 1.46705e-17
36 101 3.16627e-17
37 101 1.88997e-17
38 101 4.31443e-18
39 101 3.8504e-17
40 101 1.24773e-17
41 101 2.2388e-18
42 101 1.19236e-17
43 101 8.83046e-18
44 101 2.1488e-06
45 101 7.37212e-06
46 101 2.55728e-06
47 101 3.04336e-08
48 101 8.75709e-06
49 101 2.39987e-05
50 101 7.11792e-08
51 101 1.73496e-06
52 101 7.1307e-06
53 101 4.09199e-06
54 101 7.5052e-06
55 101 9.92499e-05
56 101 5.91231e-17
57 101 5.49709e-17
58 101 1.50234e-17
59 101 2.66058e-17
60 101 1.06901e-17
61 101 7.43102e-17
62 101 8.84307e-06
63 101 2.21368e-05
0 102 2.01691e-17
1 102 1.15361e-17
2 102 2.21997e-17
3 102 4.33015e-19
4 102 1.46963e-17
5 102 1.34973e-17
6 102 4.0828e-19
7 102 1.21216e-17
8 102 1.53056e-17
9 102 1.2556e-18
10 102 3.77922e-18
11 102 7.07123e-18
12 102 1.17014e-17
13 102 3.0903e-19
14 102 1.63866e-18
15 102 1.7303e-18
16 102 1.89083e-17
17 102 3.69207e-18
18 102 8.20151e-19
19 102 1.75366e-18
20 102 9.21441e-18
21 102 6.58135e-18
22 102 2.90435e-18
23 102 2.56803e-17
24 102 9.44278e-07
25 102 3.02702e-07
26 102 3.71583e-07
27 102 1.34172e-07
28 102 1.86392e-06
29 102 3.30148e-06
30 102 7.093e-07
31 102 1.29056e-06
32 102 1.89268e-06
33 102 8.93858e-07
34 102 9.49028e-06
35 102 8.2205e-06
36 102 3.10058e-05
37 102 1.22778e-06
38 102 2.26981e-07
39 102 4.4264e-06
40 102 2.62713e-05
41 102 9.50206e-06
42 102 2.80259e-05
43 102 1.66438e-05
44 102 4.27336e-17
45 102 1.67296e-17
46 102 1.69537e-17
47 102 8.73794e-18
48 102 1.47539e-18
49 102 1.89668e-17
50 102 2.73539e-18
51 102 1.63623e-17
52 102 9.5358e-17
53 102 1.76134e-17
54 102 5.70622e-18
55 102 6.63816e-18
56 102 4.76197e-06
57 102 1.28126e-07
58 102 7.84364e-07
59 102 8.608e-06
60 102 1.5229e-05
61 102 3.14234e-06
62 102 2.24339e-17
63 102 1.17955e-16
0 103 5.60092e-19
1 103 2.34107e-18
2 103 2.26759e-18
3 103 1.09007e-17
4 103 2.38465e-17
5 103 1.64639e-17
6 103 1.07156e-17
7 103 1.62498e-17
8 103 1.23158e-18
9 103 4.62161e-18
10 103 9.90349e-18
11 103 6.32483e-18
12 103 3.10208e-18
13 103 2.0293e-17
14 103 1.54227e-18
15 103 8.76514e-20
16 103 1.01689e-18
17 103 2.48429e-17
18 103 3.72576e-18
19 103 3.95466e-18
20 103 1.5096e-17
21 103 9.95926e-18
22 103 2.81443e-17
23 103 7.62982e-18
24 103 3.02703e-07
25 103 9.44282e-07
26 103 1.34172e-07
27 103 3.71585e-07
28 103 3.3015e-06
29 103 1.86392e-06
30 103 1.29055e-06
31 103 7.09296e-07
32 103 8.93855e-07
33 103 1.89267e-06
34 103 8.22048e-06
35 103 9.4903e-06
36 103 1.22778e-06
37 103 3.10058e-05
38 103 4.42641e-06
39 103 2.2698e-07
40 103 9.50206e-06
41 103 2.62713e-05
42 103 1.66438e-05
43 103 2.80259e-05
44 103 1.60481e-17
45 103 4.25458e-17
46 103 1.18573e-17
47 103 1.35007e-17
48 103 1.39126e-17
49 103 2.6395e-18
50 103 2.85579e-17
51 103 1.41678e-17
52 103 2.45245e-17
53 103 1.07908e-16
54 103 1.95992e-17
55 103 1.11349e-17
56 103 1.28127e-07
57 103 4.76197e-06
58 103 8.608e-06
59 103 7.84366e-07
60 103 3.14235e-06
61 103 1.5229e-05
62 103 7.34002e-17
63 103 4.39557e-17
0 104 4.47527e-18
1 104 1.67334e-17
2 104 1.82645e-18
3 104 7.81069e-18
4 104 1.14959e-17
5 104 3.71381e-18
6 104 5.67116e-18
7 104 8.15222e-18
8 104 1.96072e-18
9 104 1.48592e-17
10 104 9.14954e-19
11 104 8.73172e-18
12 104 5.13226e-18
13 104 2.48697e-18
14 104 9.00763e-19
15 104 1.92793e-18
16 104 4.99015e-18
17 104 2.28995e-17
18 104 2.37713e-19
19 104 3.69545e-19
20 104 1.46434e-18
21 104 1.11691e-17
22 104 3.40916e-17
23 104 1.13474e-17
24 104 1.37535e-06
25 104 1.41564e-06
26 104 3.81713e-07
27 104 2.66344e-06
28 104 3.30468e-07
29 104 5.01704e-06
30 104 6.26518e-06
31 104 7.45202e-06
32 104 7.03993e-07
33 104 1.22469e-07
34 104 1.12593e-05
35 104 9.9401e-06
36 104 7.89271e-06
37 104 3.79551e-06
38 104 3.05068e-05
39 104 8.91866e-06
40 104 1.24422e-05
41 104 5.00856e-05
42 104 1.77149e-05
43 104 5.61933e-06
44 104 3.76766e-17
45 104 5.88831e-18
46 104 7.99651e-17
47 104 2.40493e-17
48 104 3.55043e-17
49 104 4.04274e-18
50 104 2.12739e-17
51 104 1.06211e-17
52 104 2.22328e-17
53 104 5.20957e-18
54 104 2.86787e-17
55 104 2.58606e-17
56 104 3.89363e-06
57 104 9.46466e-06
58 104 1.09467e-06
59 104 3.02729e-06
60 104 1.52934e-05
61 104 1.9809e-05
62 104 1.5145e-17
63 104 1.38521e-18
0 105 7.95583e-19
1 105 1.01903e-17
2 105 1.58712e-17
3 105 5.40036e-18
4 105 5.03599e-18
5 105 6.2643e-18
6 105 5.27272e-18
7 105 2.37311e-17
8 105 9.30353e-18
9 105 1.09497e-17
10 105 4.13952e-18
11 105 1.2615e-18
12 105 7.23219e-18
13 105 1.20693e-18
14 105 1.84432e-18
15 105 1.39036e-18
16 105 2.83542e-17
17 105 1.39319e-17
18 105 5.21777e-18
19 105 5.61077e-18
20 105 2.39362e-17
21 105 1.25847e-17
22 105 1.85027e-17
23 105 2.58246e-17
24 105 1.41565e-06
25 105 1.37535e-06
26 105 2.66344e-06
27 105 3.81713e-07
28 105 5.01702e-06
29 105 3.30469e-07
30 105 7.452e-06
31 105 6.26519e-06
32 105 1.22467e-07
33 105 7.03995e-07
34 105 9.9401e-06
35 105 1.12592e-05
36 105 3.79551e-06
37 105 7.8927e-06
38 105 8.91867e-06
39 105 3.05068e-05
40 105 5.00856e-05
41 105 1.24422e-05
42 105 5.61933e-06
43 105 1.77149e-05
44 105 5.77458e-18
45 105 2.09034e-17
46 105 1.026e-17
47 105 6.88892e-17
48 105 1.30912e-17
49 105 3.24387e-17
50 105 1.25186e-17
51 105 2.35818e-17
52 105 5.28117e-18
53 105 3.84175e-17
54 105 2.24054e-17
55 105 3.93004e-17
56 105 9.46467e-06
57 105 3.89363e-06
58 105 3.02728e-06
59 105 1.09466e-06
60 105 1.9809e-05
61 105 1.52933e-05
62 105 5.9566e-20
63 105 4.76791e-19
0 106 1.15653e-17
1 106 3.84131e-17
2 106 1.13953e-17
3 106 1.47675e-17
4 106 1.15124e-17
5 106 2.48092e-18
6 106 4.044e-18
7 106 8.84364e-18
8 106 1.70226e-18
9 106 1.34028e-17
10 106 3.9948e-18
11 106 4.60348e-18
12 106 2.03843e-18
13 106 5.36825e-19
14 106 5.33898e-18
15 106 7.06066e-18
16 106 1.69938e-18
17 106 1.23364e-17
18 106 2.77425e-17
19 106 3.25211e-17
20 106 4.30975e-19
21 106 7.23724e-18
22 106 1.67417e-17
23 106 7.3479e-18
24 106 5.08984e-07
25 106 1.4676e-08
26 106 7.18098e-06
27 106 7.36005e-06
28 106 2.41735e-05
29 106 1.10987e-05
30 106 5.6157e-06
31 106 8.00149e-08
32 106 8.44906e-06
33 106 1.96377e-06
34 106 1.36981e-06
35 106 2.31399e-06
36 106 1.87451e-06
37 106 2.05284e-05
38 106 9.35475e-05
39 106 1.81663e-05
40 106 1.19599e-05
41 106 8.75252e-05
42 106 9.08883e-06
43 106 3.31407e-06
44 106 1.50735e-18
45 106 4.36581e-19
46 106 2.53456e-16
47 106 4.60942e-16
48 106 3.73184e-17
49 106 3.37267e-17
50 106 6.31854e-17
51 106 2.83236e-17
52 106 9.33959e-18
53 106 1.53366e-17
54 106 1.48725e-16
55 106 1.10689e-17
56 106 2.67942e-06
57 106 1.64264e-06
58 106 6.166e-07
59 106 4.3084e-07
60 106 2.36538e-07
61 106 4.45922e-06
62 106 3.83699e-17
63 106 1.28657e-17
0 107 7.9448e-18
1 107 2.52112e-17
2 107 3.28065e-18
3 107 2.14746e-17
4 107 6.86791e-18
5 107 1.85754e-18
6 107 1.47314e-17
7 107 1.44504e-18
8 107 1.26684e-17
9 107 4.26848e-18
10 107 3.88188e-18
11 107 4.88334e-18
12 107 1.00974e-19
13 107 3.3674e-18
14 107 4.96221e-18
15 107 7.88389e-19
16 107 7.27465e-18
17 107 9.80718e-20
18 107 1.77656e-17
19 107 6.67722e-17
20 107 1.07017e-17
21 107 5.97618e-18
22 107 1.83087e-17
23 107 1.12933e-17
24 107 1.46761e-08
25 107 5.08983e-07
26 107 7.36005e-06
27 107 7.18099e-06
28 107 1.10988e-05
29 107 2.41735e-05
30 107 8.00128e-08
31 107 5.6157e-06
32 107 1.96376e-06
33 107 8.44906e-06
34 107 2.31399e-06
35 107 1.3698e-06
36 107 2.05284e-05
37 107 1.87451e-06
38 107 1.81663e-05
39 107 9.35475e-05
40 107 8.75252e-05
41 107 1.19599e-05
42 107 3.31407e-06
43 107 9.08882e-06
44 107 2.86544e-18
45 107 5.11731e-18
46 107 4.67864e-16
47 107 2.28425e-16
48 107 7.29818e-17
49 107 7.76191e-17
50 107 2.91221e-17
51 107 3.97413e-17
52 107 4.29054e-17
53 107 1.65485e-17
54 107 3.02453e-17
55 107 1.99899e-16
56 107 1.64263e-06
57 107 2.67941e-06
58 107 4.30841e-07
59 107 6.166e-07
60 107 4.45923e-06
61 107 2.36541e-07
62 107 6.52702e-18
63 107 1.57391e-17
0 108 3.58573e-14
1 108 1.03815e-12
2 108 5.38195e-13
3 108 1.95643e-13
4 108 1.48385e-15
5 108 2.60214e-15
6 108 1.16341e-14
7 108 4.29666e-15
8 108 2.81862e-15
9 108 1.19204e-14
10 108 2.361e-14
11 108 8.01461e-15
12 108 8.86605e-14
13 108 8.198e-14
14 108 2.65449e-15
15 108 1.94842e-15
16 108 1.61796e-15
17 108 5.95239e-15
18 108 9.78682e-14
19 108 1.054e-15
20 108 9.07151e-15
21 108 9.1448e-15
22 108 1.95828e-15
23 108 2.29577e-15
24 108 4.1962e-08
25 108 3.32191e-07
26 108 4.80946e-07
27 108 5.34962e-07
28 108 7.62118e-06
29 108 9.41189e-06
30 108 5.57786e-08
31 108 1.57925e-06
32 108 4.6797e-06
33 108 1.04069e-06
34 108 7.90046e-06
35 108 4.83198e-08
36 108 2.92313e-06
37 108 7.6505e-05
38 108 1.57481e-05
39 108 3.24472e-06
40 108 1.04472e-06
41 108 1.25355e-06
42 108 2.09074e-05
43 108 3.13657e-05
44 108 7.85605e-14
45 108 5.71077e-14
46 108 3.8161e-15
47 108 3.60728e-14
48 108 4.42214e-14
49 108 2.70429e-14
50 108 2.09529e-12
51 108 4.84416e-13
52 108 1.67908e-14
53 108 9.94987e-14
54 108 2.74626e-14
55 108 3.81992e-14
56 108 1.16118e-06
57 108 2.06542e-06
58 108 1.31177e-06
59 108 1.12788e-07
60 108 1.0879e-05
61 108 3.87425e-06
62 108 1.23126e-13
63 108 1.05935e-13
0 109 1.04314e-12
1 109 3.44141e-14
2 109 1.94856e-13
3 109 5.36093e-13
4 109 2.46619e-15
5 109 1.66391e-15
6 109 4.26494e-15
7 109 1.16637e-14
8 109 1.21913e-14
9 109 3.00407e-15
10 109 8.12248e-15
11 109 2.30227e-14
12 109 8.16041e-14
13 109 8.82263e-14
14 109 1.96534e-15
15 109 2.67374e-15
16 109 6.04238e-15
17 109 1.51718e-15
18 109 9.23972e-16
19 109 9.6658e-14
20 109 9.03854e-15
21 109 9.54274e-15
22 109 2.12064e-15
23 109 1.86255e-15
24 109 3.3219e-07
25 109 4.19617e-08
26 109 5.34962e-07
27 109 4.80947e-07
28 109 9.41186e-06
29 109 7.62118e-06
30 109 1.57925e-06
31 109 5.57794e-08
32 109 1.04069e-06
33 109 4.67971e-06
34 109 4.83213e-08
35 109 7.90045e-06
36 109 7.6505e-05
37 109 2.92313e-06
38 109 3.24473e-06
39 109 1.57481e-05
40 109 1.25354e-06
41 109 1.04471e-06
42 109 3.13657e-05
43 109 2.09074e-05
44 109 5.82953e-14
45 109 7.84075e-14
46 109 3.61892e-14
47 109 3.61883e-15
48 109 2.74038e-14
49 109 4.37049e-14
50 109 4.80553e-13
51 109 2.09345e-12
52 109 9.87251e-14
53 109 1.62081e-14
54 109 3.6816e-14
55 109 2.73666e-14
56 109 2.06542e-06
57 109 1.16118e-06
58 109 1.12787e-07
59 109 1.31177e-06
60 109 3.87426e-06
61 109 1.08789e-05
62 109 1.07686e-13
63 109 1.2218e-13
0 110 1.44469e-05
1 110 2.80696e-05
2 110 2.85025e-05
3 110 4.21247e-07
4 110 8.98106e-08
5 110 8.55294e-08
6 110 4.48782e-07
7 110 2.15629e-07
8 110 2.13118e-07
9 110 3.79116e-07
10 110 1.196e-06
11 110 2.75226e-08
12 110 2.77144e-06
13 110 3.94448e-06
14 110 8.72312e-08
15 110 9.14596e-08
16 110 1.94291e-07
17 110 1.16521e-07
18 110 3.22716e-06
19 110 7.6881e-07
20 110 2.70234e-07
21 110 4.55759e-07
22 110 1.69518e-07
23 110 1.40158e-08
24 110 4.652e-15
25 110 6.34998e-15
26 110 7.70703e-15
27 110 1.86977e-14
28 110 3.07009e-13
29 110 1.17449e-13
30 110 1.58814e-14
31 110 2.41309e-14
32 110 1.33826e-13
33 110 1.35117e-14
34 110 1.30347e-13
35 110 5.97364e-14
36 110 6.73201e-13
37 110 1.35637e-12
38 110 4.47788e-13
39 110 2.60682e-14
40 110 5.95951e-15
41 110 5.08343e-14
42 110 8.78863e-13
43 110 4.46812e-13
44 110 2.78324e-06
45 110 2.59108e-06
46 110 5.24129e-07
47 110 9.92151e-07
48 110 2.0863e-06
49 110 7.70226e-07
50 110 3.18857e-05
51 110 6.99455e-05
52 110 1.22881e-07
53 110 4.5149e-06
54 110 2.2394e-06
55 110 3.51157e-07
56 110 4.63423e-14
57 110 4.11012e-14
58 110 3.16406e-14
59 110 4.06388e-15
60 110 3.66651e-13
61 110 2.96118e-15
62 110 6.36894e-06
63 110 2.63757e-06
0 111 2.80696e-05
1 111 1.44469e-05
2 111 4.21246e-07
3 111 2.85025e-05
4 111 8.55291e-08
5 111 8.98112e-08
6 111 2.15626e-07
7 111 4.48783e-07
8 111 3.79115e-07
9 111 2.13118e-07
10 111 2.75225e-08
11 111 1.196e-06
12 111 3.94449e-06
13 111 2.77145e-06
14 111 9.14602e-08
15 111 8.72316e-08
16 111 1.1652e-07
17 111 1.9429e-07
18 111 7.68811e-07
19 111 3.22716e-06
20 111 4.55755e-07
21 111 2.70235e-07
22 111 1.4015e-08
23 111 1.69517e-07
24 111 6.09186e-15
25 111 5.17204e-15
26 111 1.78682e-14
27 111 7.67548e-15
28 111 1.18883e-13
29 111 3.08934e-13
30 111 2.40788e-14
31 111 1.60517e-14
32 111 1.32371e-14
33 111 1.34266e-13
34 111 5.91054e-14
35 111 1.31989e-13
36 111 1.35638e-12
37 111 6.69327e-13
38 111 2.57242e-14
39 111 4.49346e-13
40 111 5.20302e-14
41 111 5.75714e-15
42 111 4.47009e-13
43 111 8.76386e-13
44 111 2.59108e-06
45 111 2.78324e-06
46 111 9.92153e-07
47 111 5.2413e-07
48 111 7.70223e-07
49 111 2.0863e-06
50 111 6.99455e-05
51 111 3.18857e-05
52 111 4.5149e-06
53 111 1.22879e-07
54 111 3.51158e-07
55 111 2.23939e-06
56 111 4.05742e-14
57 111 4.64116e-14
58 111 4.48029e-15
59 111 3.18952e-14
60 111 2.92773e-15
61 111 3.66422e-13
62 111 2.63756e-06
63 111 6.36894e-06
0 112 9.52574e-18
1 112 4.47784e-19
2 112 1.19232e-17
3 112 7.4608e-18
4 112 1.74731e-17
5 112 3.2895e-18
6 112 4.60168e-18
7 112 4.17324e-18
8 112 2.80865e-17
9 112 4.66166e-19
10 112 5.82723e-19
11 112 1.18726e-18
12 112 1.36284e-18
13 112 5.64905e-19
14 112 1.94461e-17
15 112 1.33653e-17
16 112 1.08888e-18
17 112 5.83229e-18
18 112 1.60059e-17
19 112 6.98511e-18
20 112 9.5173e-18
21 112 8.79591e-18
22 112 9.32652e-19
23 112 2.37824e-18
24 112 8.0152e-07
25 112 7.96703e-08
26 112 5.02389e-05
27 112 2.3718e-05
28 112 9.84294e-06
29 112 1.09617e-05
30 112 5.38812e-07
31 112 3.9371e-06
32 112 1.60036e-06
33 112 3.70019e-06
34 112 2.61746e-06
35 112 2.09502e-06
36 112 1.09292e-06
37 112 2.26708e-07
38 112 6.03491e-06
39 112 1.18074e-05
40 112 2.07867e-06
41 112 1.11751e-06
42 112 2.40971e-07
43 112 3.49088e-07
44 112 2.61286e-18
45 112 2.3691e-18
46 112 1.32307e-17
47 112 5.43833e-17
48 112 1.13624e-16
49 112 5.39572e-17
50 112 7.35521e-19
51 112 3.51924e-17
52 112 1.38316e-17
53 112 1.90898e-17
54 112 7.37542e-18
55 112 3.7441e-17
56 112 3.37318e-07
57 112 1.27116e-07
58 112 1.28442e-05
59 112 3.73443e-05
60 112 7.81882e-05
61 112 3.97728e-06
62 112 1.59883e-17
63 112 1.81758e-17
0 113 9.13647e-19
1 113 8.15089e-18
2 113 5.79795e-18
3 113 1.35793e-17
4 113 3.74325e-18
5 113 4.14821e-17
6 113 1.24873e-18
7 113 1.01535e-18
8 113 6.60492e-18
9 113 1.84024e-17
10 113 1.26373e-17
11 113 4.87443e-18
12 113 3.03276e-18
13 113 9.6006e-18
14 113 6.66607e-18
15 113 6.67401e-18
16 113 4.99702e-18
17 113 8.6882e-18
18 113 3.0968e-20
19 113 3.82683e-17
20 113 1.25351e-17
21 113 1.92603e-17
22 113 8.46616e-18
23 113 4.95726e-18
24 113 7.96699e-08
25 113 8.01519e-07
26 113 2.3718e-05
27 113 5.02389e-05
28 113 1.09617e-05
29 113 9.84291e-06
30 113 3.93712e-06
31 113 5.38813e-07
32 113 3.70018e-06
33 113 1.60036e-06
34 113 2.09501e-06
35 113 2.61747e-06
36 113 2.26709e-07
37 113 1.09292e-06
38 113 1.18074e-05
39 113 6.03489e-06
40 113 1.11752e-06
41 113 2.07867e-06
42 113 3.49091e-07
43 113 2.40971e-07
44 113 6.06728e-21
45 113 1.04323e-17
46 113 3.79625e-17
47 113 1.21078e-17
48 113 2.17014e-17
49 113 1.58541e-16
50 113 2.01434e-17
51 113 1.41376e-17
52 113 8.41718e-17
53 113 5.60837e-17
54 113 3.66838e-18
55 113 1.29623e-17
56 113 1.27116e-07
57 113 3.3732e-07
58 113 3.73443e-05
59 113 1.28443e-05
60 113 3.97728e-06
61 113 7.81881e-05
62 113 4.9014e-18
63 113 9.15332e-18
0 114 1.0171e-16
1 114 6.27911e-17
2 114 3.1688e-17
3 114 4.80304e-17
4 114 3.01788e-18
5 114 1.77177e-18
6 114 3.94502e-18
7 114 1.43083e-17
8 114 7.24473e-18
9 114 1.05866e-17
10 114 1.43145e-17
11 114 9.96412e-18
12 114 1.61784e-17
13 114 1.39882e-17
14 114 4.9991e-18
15 114 2.03138e-18
16 114 1.01779e-17
17 114 3.5291e-18
18 114 2.6356e-17
19 114 3.73667e-17
20 114 6.12342e-19
21 114 5.99068e-18
22 114 2.52079e-17
23 114 1.20555e-17
24 114 1.62301e-06
25 114 1.9314e-07
26 114 4.77526e-06
27 114 1.05273e-06
28 114 3.5906e-07
29 114 3.59496e-06
30 114 5.0653e-06
31 114 4.68233e-06
32 114 2.18611e-05
33 114 5.55375e-06
34 114 1.87788e-06
35 114 5.34544e-05
36 114 3.60035e-07
37 114 1.42513e-06
38 114 9.66665e-07
39 114 2.8632e-07
40 114 7.55891e-07
41 114 9.62797e-07
42 114 8.25865e-08
43 114 4.2678e-08
44 114 4.0311e-17
45 114 2.90933e-18
46 114 1.77247e-17
47 114 1.21769e-18
48 114 1.39781e-17
49 114 1.09076e-17
50 114 1.1037e-16
51 114 1.58751e-16
52 114 2.86027e-17
53 114 2.40389e-17
54 114 1.48584e-17
55 114 1.13475e-17
56 114 1.7129e-06
57 114 6.3918e-07
58 114 5.35559e-06
59 114 1.1121e-06
60 114 1.70479e-05
61 114 2.48604e-05
62 114 3.0112e-17
63 114 1.96362e-19
0 115 3.52423e-17
1 115 2.30046e-17
2 115 2.10695e-17
3 115 7.1583e-18
4 115 4.22731e-18
5 115 8.63325e-17
6 115 8.91162e-18
7 115 6.01555e-17
8 115 2.27498e-17
9 115 5.36955e-17
10 115 1.96336e-18
11 115 1.09488e-17
12 115 1.28141e-18
13 115 3.43693e-17
14 115 3.22039e-17
15 115 5.51e-18
16 115 9.10153e-18
17 115 2.19007e-17
18 115 1.57765e-16
19 115 7.24081e-17
20 115 8.64162e-17
21 115 3.63986e-17
22 115 1.95187e-17
23 115 4.72274e-17
24 115 1.93137e-07
25 115 1.62302e-06
26 115 1.05273e-06
27 115 4.77529e-06
28 115 3.59499e-06
29 115 3.59067e-07
30 115 4.68238e-06
31 115 5.0653e-06
32 115 5.55376e-06
33 115 2.18611e-05
34 115 5.34544e-05
35 115 1.8779e-06
36 115 1.42514e-06
37 115 3.60032e-07
38 115 2.86328e-07
39 115 9.66652e-07
40 115 9.62811e-07
41 115 7.5589e-07
42 115 4.26801e-08
43 115 8.2584e-08
44 115 4.51633e-18
45 115 7.88499e-17
46 115 1.04504e-17
47 115 8.37737e-18
48 115 2.25484e-17
49 115 5.18441e-17
50 115 9.85952e-17
51 115 2.20168e-16
52 115 2.3032e-18
53 115 7.4449e-17
54 115 1.29854e-16
55 115 1.76829e-16
56 115 6.39172e-07
57 115 1.7129e-06
58 115 1.1121e-06
59 115 5.35562e-06
60 115 2.48605e-05
61 115 1.7048e-05
62 115 4.74047e-17
63 115 1.05248e-18
0 116 2.16542e-17
1 116 5.19386e-17
2 116 1.07296e-18
3 116 7.56007e-18
4 116 2.23129e-18
5 116 4.42058e-17
6 116 2.41409e-17
7 116 7.54408e-17
8 116 2.49653e-17
9 116 9.39168e-18
10 116 1.06568e-18
11 116 3.70254e-19
12 116 2.69526e-18
13 116 4.27415e-18
14 116 2.61801e-17
15 116 5.57649e-18
16 116 3.78356e-18
17 116 1.28526e-17
18 116 1.21975e-18
19 116 2.19853e-18
20 116 2.55823e-18
21 116 8.81927e-18
22 116 4.73729e-18
23 116 1.94507e-18
24 116 2.82781e-06
25 116 8.52448e-07
26 116 1.16049e-05
27 116 2.2499e-05
28 116 7.00146e-07
29 116 1.09695e-05
30 116 1.73286e-05
31 116 2.03683e-05
32 116 2.51139e-05
33 116 1.97697e-05
34 116 6.98654e-08
35 116 1.15811e-06
36 116 1.21225e-06
37 116 8.34967e-07
38 116 1.24408e-06
39 116 6.84479e-07
40 116 2.57759e-06
41 116 3.1576e-06
42 116 3.85006e-07
43 116 3.45153e-07
44 116 1.30679e-16
45 116 9.56091e-17
46 116 9.04082e-18
47 116 7.18991e-18
48 116 2.6065e-18
49 116 4.92456e-17
50 116 4.62382e-17
51 116 5.10356e-19
52 116 1.76837e-18
53 116 3.53181e-17
54 116 1.1342e-17
55 116 2.89039e-17
56 116 8.04104e-06
57 116 1.71643e-06
58 116 1.17658e-05
59 116 1.16856e-05
60 116 7.42649e-05
61 116 6.43382e-05
62 116 1.47493e-17
63 116 1.46149e-17
0 117 1.76682e-17
1 117 2.83259e-17
2 117 1.82086e-17
3 117 7.17405e-18
4 117 2.1003e-17
5 117 4.11691e-17
6 117 2.95955e-17
7 117 1.19089e-17
8 117 3.12107e-18
9 117 2.8343e-18
10 117 5.23079e-18
11 117 2.62458e-18
12 117 2.18325e-19
13 117 1.04739e-17
14 117 7.91096e-19
15 117 1.89915e-18
16 117 4.3898e-18
17 117 1.71029e-18
18 117 4.25018e-18
19 117 2.04297e-17
20 117 4.92047e-17
21 117 1.60148e-17
22 117 8.74223e-18
23 117 4.69746e-18
24 117 8.52426e-07
25 117 2.8278e-06
26 117 2.2499e-05
27 117 1.16049e-05
28 117 1.09695e-05
29 117 7.00156e-07
30 117 2.03683e-05
31 117 1.73286e-05
32 117 1.97697e-05
33 117 2.5114e-05
34 117 1.15813e-06
35 117 6.98662e-08
36 117 8.34964e-07
37 117 1.21225e-06
38 117 6.84479e-07
39 117 1.24407e-06
40 117 3.15762e-06
41 117 2.57761e-06
42 117 3.45152e-07
43 117 3.85009e-07
44 117 7.40891e-17
45 117 1.21355e-16
46 117 4.39456e-18
47 117 5.06075e-18
48 117 1.60625e-17
49 117 3.69374e-18
50 117 1.19195e-17
51 117 2.13321e-17
52 117 1.14268e-16
53 117 8.4508e-18
54 117 5.47015e-17
55 117 1.09385e-17
56 117 1.71642e-06
57 117 8.04102e-06
58 117 1.16856e-05
59 117 1.17658e-05
60 117 6.43381e-05
61 117 7.4265e-05
62 117 1.23192e-17
63 117 1.4593e-17
0 118 3.87281e-18
1 118 1.16593e-17
2 118 3.13907e-18
3 118 1.70544e-17
4 118 2.78005e-17
5 118 9.29659e-18
6 118 3.68839e-18
7 118 5.81803e-18
8 118 1.25264e-17
9 118 3.42453e-18
10 118 1.96308e-17
11 118 3.76753e-18
12 118 1.34129e-19
13 118 4.66615e-18
14 118 7.11031e-18
15 118 2.01638e-18
16 118 8.00293e-18
17 118 1.75905e-17
18 118 1.19363e-17
19 118 7.4692e-19
20 118 1.12354e-17
21 118 1.85509e-18
22 118 1.35814e-20
23 118 3.22066e-17
24 118 1.03275e-07
25 118 3.78379e-08
26 118 1.51514e-06
27 118 1.06841e-06
28 118 6.72464e-06
29 118 1.74153e-06
30 118 1.61852e-07
31 118 2.2993e-06
32 118 2.41415e-07
33 118 5.40888e-07
34 118 1.05282e-07
35 118 2.11816e-06
36 118 7.3418e-06
37 118 1.49674e-05
38 118 1.79958e-07
39 118 9.27851e-07
40 118 9.67141e-08
41 118 1.04083e-06
42 118 1.90414e-06
43 118 2.69442e-06
44 118 1.0104e-17
45 118 7.70748e-18
46 118 2.7258e-18
47 118 2.77781e-17
48 118 5.68483e-18
49 118 7.17355e-18
50 118 2.87147e-17
51 118 1.88289e-17
52 118 5.04784e-17
53 118 8.15032e-17
54 118 5.76196e-17
55 118 1.31861e-17
56 118 1.44617e-07
57 118 7.95943e-08
58 118 2.82543e-06
59 118 2.53227e-07
60 118 4.84215e-06
61 118 1.18521e-06
62 118 1.61452e-17
63 118 2.20318e-18
0 119 1.17777e-17
1 119 2.93288e-18
2 119 1.37926e-17
3 119 6.09986e-18
4 119 3.95712e-18
5 119 3.74031e-17
6 119 8.02232e-18
7 119 5.85783e-18
8 119 9.9222e-18
9 119 2.9534e-17
10 119 2.54888e-18
11 119 2.63969e-18
12 119 8.28743e-18
13 119 9.24989e-20
14 119 1.54506e-17
15 119 7.12539e-19
16 119 9.90134e-19
17 119 1.18767e-17
18 119 3.38925e-17
19 119 1.50853e-17
20 119 2.4997e-17
21 119 4.24043e-20
22 119 8.06804e-19
23 119 1.18876e-17
24 119 3.78387e-08
25 119 1.03275e-07
26 119 1.06841e-06
27 119 1.51514e-06
28 119 1.74153e-06
29 119 6.72466e-06
30 119 2.2993e-06
31 119 1.61849e-07
32 119 5.40889e-07
33 119 2.41421e-07
34 119 2.11815e-06
35 119 1.05283e-07
36 119 1.49673e-05
37 119 7.34183e-06
38 119 9.2785e-07
39 119 1.7996e-07
40 119 1.04083e-06
41 119 9.67159e-08
42 119 2.69442e-06
43 119 1.90414e-06
44 119 2.62741e-17
45 119 1.46673e-17
46 119 1.19261e-16
47 119 3.32704e-18
48 119 7.13839e-18
49 119 5.51307e-18
50 119 1.14745e-17
51 119 4.38736e-17
52 119 1.36774e-16
53 119 3.87826e-17
54 119 1.99471e-17
55 119 5.43949e-17
56 119 7.95973e-08
57 119 1.44619e-07
58 119 2.53225e-07
59 119 2.82544e-06
60 119 1.1852e-06
61 119 4.84217e-06
62 119 3.27476e-17
63 119 2.1084e-17
0 120 3.01549e-17
1 120 9.20455e-19
2 120 3.79087e-17
3 120 1.58918e-17
4 120 7.65613e-17
5 120 2.544e-17
6 120 9.1183e-18
7 120 3.26387e-19
8 120 2.05973e-17
9 120 3.39717e-17
10 120 1.20904e-17
11 120 2.45178e-18
12 120 6.91751e-18
13 120 7.09863e-18
14 120 1.43333e-17
15 120 6.38272e-17
16 120 5.12422e-18
17 120 3.71213e-17
18 120 1.39851e-17
19 120 3.69211e-17
20 120 2.43426e-17
21 120 5.56639e-18
22 120 9.56984e-20
23 120 3.45703e-17
24 120 4.14286e-08
25 120 3.73766e-07
26 120 2.09838e-05
27 120 2.05049e-05
28 120 3.05168e-06
29 120 2.89056e-07
30 120 5.72901e-07
31 120 3.735e-07
32 120 7.65118e-07
33 120 2.07942e-06
34 120 3.10201e-06
35 120 2.03538e-06
36 120 7.594e-07
37 120 6.14607e-07
38 120 4.31461e-06
39 120 6.05356e-06
40 120 9.95605e-07
41 120 1.15134e-06
42 120 1.08354e-07
43 120 3.67626e-08
44 120 2.80132e-18
45 120 3.46624e-17
46 120 2.85622e-17
47 120 7.61195e-17
48 120 4.19995e-17
49 120 2.17617e-17
50 120 1.24291e-17
51 120 1.86429e-17
52 120 1.04415e-17
53 120 1.14299e-17
54 120 4.15617e-17
55 120 2.37473e-18
56 120 3.46442e-07
57 120 1.03358e-06
58 120 2.41254e-05
59 120 1.41681e-05
60 120 1.2151e-05
61 120 1.60159e-05
62 120 5.43282e-18
63 120 8.75275e-18
0 121 1.02469e-17
1 121 3.89974e-17
2 121 6.9675e-17
3 121 2.19554e-19
4 121 8.14344e-18
5 121 2.50651e-17
6 121 2.27558e-17
7 121 1.10717e-17
8 121 5.11315e-18
9 121 1.1572e-18
10 121 2.63406e-18
11 121 5.53943e-17
12 121 6.49329e-18
13 121 1.65923e-17
14 121 7.12353e-17
15 121 3.10498e-17
16 121 3.69209e-17
17 121 1.17328e-16
18 121 1.67425e-16
19 121 7.71433e-17
20 121 6.89858e-17
21 121 3.39031e-17
22 121 6.40514e-18
23 121 2.89463e-18
24 121 3.7379e-07
25 121 4.14356e-08
26 121 2.05048e-05
27 121 2.09838e-05
28 121 2.89059e-07
29 121 3.05167e-06
30 121 3.7349e-07
31 121 5.72891e-07
32 121 2.0794e-06
33 121 7.65111e-07
34 121 2.03534e-06
35 121 3.10199e-06
36 121 6.14583e-07
37 121 7.59389e-07
38 121 6.05357e-06
39 121 4.31462e-06
40 121 1.15135e-06
41 121 9.95599e-07
42 121 3.67616e-08
43 121 1.08352e-07
44 121 9.10393e-18
45 121 1.2599e-17
46 121 4.77422e-17
47 121 1.66863e-17
48 121 4.68062e-17
49 121 1.90336e-17
50 121 9.82902e-18
51 121 1.09314e-17
52 121 4.18033e-17
53 121 2.2815e-16
54 121 4.50844e-16
55 121 9.98997e-17
56 121 1.03359e-06
57 121 3.46437e-07
58 121 1.41681e-05
59 121 2.41254e-05
60 121 1.60159e-05
61 121 1.21509e-05
62 121 7.2659e-17
63 121 6.64518e-17
0 122 4.8701e-17
1 122 5.9261e-18
2 122 6.80015e-18
3 122 2.03714e-17
4 122 5.02994e-17
5 122 2.87986e-17
6 122 2.2724e-17
7 122 4.49828e-18
8 122 1.5813e-17
9 122 3.25673e-17
10 122 2.73544e-17
11 122 1.57204e-17
12 122 2.17594e-17
13 122 1.90418e-18
14 122 1.59701e-18
15 122 1.1541e-18
16 122 2.54582e-17
17 122 8.84269e-17
18 122 6.90455e-17
19 122 4.13383e-17
20 122 3.66473e-17
21 122 2.52432e-17
22 122 7.33826e-19
23 122 4.51947e-17
24 122 3.6175e-06
25 122 1.10184e-06
26 122 7.65397e-06
27 122 2.40891e-07
28 122 2.18682e-05
29 122 8.83063e-06
30 122 3.51437e-08
31 122 9.70831e-08
32 122 7.57916e-09
33 122 5.88238e-06
34 122 1.01311e-07
35 122 3.76955e-08
36 122 2.38026e-06
37 122 1.11059e-06
38 122 1.32997e-08
39 122 1.69667e-07
40 122 1.87588e-07
41 122 6.13275e-08
42 122 1.95226e-07
43 122 8.11613e-09
44 122 4.6954e-18
45 122 1.99493e-17
46 122 3.7404e-17
47 122 6.91197e-17
48 122 6.67162e-17
49 122 1.54371e-17
50 122 8.41317e-18
51 122 4.69533e-18
52 122 1.03604e-16
53 122 2.37089e-17
54 122 2.91859e-17
55 122 1.75421e-17
56 122 3.85522e-06
57 122 3.84249e-06
58 122 1.24894e-05
59 122 7.12533e-05
60 122 2.85396e-05
61 122 1.47882e-06
62 122 1.44846e-17
63 122 3.11861e-17
0 123 6.20955e-17
1 123 2.57019e-17
2 123 2.85652e-17
3 123 3.21102e-17
4 123 1.83179e-17
5 123 6.82782e-17
6 123 1.74157e-17
7 123 6.46226e-18
8 123 1.36888e-18
9 123 2.48633e-17
10 123 9.89068e-18
11 123 4.67523e-17
12 123 4.92134e-19
13 123 3.148e-17
14 123 1.45673e-17
15 123 6.74682e-18
16 123 7.68043e-20
17 123 1.01731e-16
18 123 1.23442e-16
19 123 8.92148e-17
20 123 1.25776e-16
21 123 7.87152e-18
22 123 9.59797e-17
23 123 2.62679e-17
24 123 1.10184e-06
25 123 3.61751e-06
26 123 2.40897e-07
27 123 7.65395e-06
28 123 8.83065e-06
29 123 2.18682e-05
30 123 9.70819e-08
31 123 3.51375e-08
32 123 5.88237e-06
33 123 7.5776e-09
34 123 3.76927e-08
35 123 1.01309e-07
36 123 1.11059e-06
37 123 2.38032e-06
38 123 1.69668e-07
39 123 1.32988e-08
40 123 6.13279e-08
41 123 1.87587e-07
42 123 8.11586e-09
43 123 1.95235e-07
44 123 3.29348e-17
45 123 4.64271e-17
46 123 3.69277e-17
47 123 5.21914e-17
48 123 1.00681e-17
49 123 3.20582e-17
50 123 6.18111e-17
51 123 4.77119e-17
52 123 6.30691e-17
53 123 1.21768e-16
54 123 2.38797e-16
55 123 2.63284e-17
56 123 3.84249e-06
57 123 3.85524e-06
58 123 7.12531e-05
59 123 1.24895e-05
60 123 1.47881e-06
61 123 2.85397e-05
62 123 4.91157e-18
63 123 1.19915e-18
0 124 8.3604e-17
1 124 8.52394e-17
2 124 4.69371e-17
3 124 2.22925e-18
4 124 3.16087e-17
5 124 1.98263e-16
6 124 1.2079e-16
7 124 6.5532e-17
8 124 1.83146e-17
9 124 9.33318e-17
10 124 4.07048e-17
11 124 4.81389e-17
12 124 9.42365e-18
13 124 1.01444e-16
14 124 6.66071e-17
15 124 4.55916e-18
16 124 1.83191e-17
17 124 6.20985e-17
18 124 2.48481e-16
19 124 3.56621e-16
20 124 2.63913e-16
21 124 2.08261e-16
22 124 6.51088e-17
23 124 1.09026e-16
24 124 1.10727e-06
25 124 8.87815e-06
26 124 3.56824e-07
27 124 7.17751e-07
28 124 4.07558e-07
29 124 3.11978e-06
30 124 7.86949e-06
31 124 2.86428e-06
32 124 3.03459e-05
33 124 1.79801e-05
34 124 2.55298e-06
35 124 1.9169e-07
36 124 1.73267e-06
37 124 5.36844e-07
38 124 1.33804e-06
39 124 2.41487e-06
40 124 2.24487e-06
41 124 1.7535e-06
42 124 4.48799e-06
43 124 2.98525e-07
44 124 3.98787e-17
45 124 1.3606e-16
46 124 1.29533e-16
47 124 1.011e-17
48 124 3.78811e-18
49 124 3.36308e-17
50 124 5.69613e-17
51 124 7.38364e-18
52 124 1.16519e-17
53 124 5.06753e-16
54 124 5.46925e-16
55 124 1.33305e-16
56 124 8.99571e-06
57 124 1.50991e-05
58 124 6.81838e-06
59 124 1.25939e-05
60 124 2.97347e-06
61 124 2.06782e-05
62 124 2.87303e-16
63 124 7.52709e-17
0 125 1.68705e-16
1 125 3.47309e-17
2 125 2.58674e-16
3 125 3.1951e-16
4 125 1.66375e-16
5 125 2.96283e-17
6 125 4.97122e-17
7 125 3.62172e-17
8 125 2.2499e-17
9 125 1.71423e-17
10 125 9.01718e-17
11 125 8.48013e-17
12 125 6.6558e-17
13 125 3.25512e-17
14 125 1.79997e-16
15 125 1.35804e-16
16 125 3.16656e-17
17 125 2.7465e-16
18 125 1.76749e-16
19 125 1.83517e-16
20 125 2.04063e-16
21 125 1.21478e-18
22 125 1.93113e-16
23 125 7.12965e-17
24 125 8.87819e-06
25 125 1.10724e-06
26 125 7.17722e-07
27 125 3.56824e-07
28 125 3.11984e-06
29 125 4.07546e-07
30 125 2.86433e-06
31 125 7.86949e-06
32 125 1.79802e-05
33 125 3.03457e-05
34 125 1.9169e-07
35 125 2.5529e-06
36 125 5.36878e-07
37 125 1.73271e-06
38 125 2.41484e-06
39 125 1.33809e-06
40 125 1.75348e-06
41 125 2.24486e-06
42 125 2.98502e-07
43 125 4.48797e-06
44 125 1.70121e-16
45 125 3.57014e-18
46 125 4.93217e-17
47 125 3.46138e-17
48 125 8.52515e-17
49 125 9.69962e-17
50 125 7.95573e-17
51 125 3.77198e-17
52 125 4.46108e-16
53 125 3.00601e-17
54 125 6.76331e-17
55 125 2.83606e-16
56 125 1.50991e-05
57 125 8.9957e-06
58 125 1.25939e-05
59 125 6.81833e-06
60 125 2.06782e-05
61 125 2.97355e-06
62 125 1.26192e-16
63 125 7.44084e-18
0 126 1.2186e-16
1 126 1.29134e-16
2 126 7.27568e-17
3 126 1.67565e-16
4 126 3.02445e-16
5 126 4.30496e-17
6 126 4.1343e-17
7 126 3.8113e-17
8 126 4.25762e-18
9 126 1.86538e-17
10 126 9.46948e-17
11 126 1.69374e-17
12 126 3.41465e-17
13 126 1.10911e-17
14 126 4.60395e-17
15 126 6.8287e-17
16 126 3.95964e-17
17 126 9.77415e-17
18 126 1.40944e-16
19 126 6.98392e-17
20 126 1.96372e-17
21 126 1.85307e-16
22 126 6.55816e-17
23 126 4.23973e-16
24 126 2.5488e-05
25 126 4.25521e-06
26 126 1.8497e-07
27 126 9.1105e-07
28 126 1.60122e-06
29 126 4.37982e-07
30 126 3.05982e-07
31 126 1.02343e-05
32 126 7.38371e-07
33 126 1.26517e-06
34 126 2.02958e-06
35 126 9.07549e-07
36 126 1.0547e-07
37 126 2.32668e-07
38 126 3.90396e-07
39 126 1.47885e-06
40 126 1.3353e-07
41 126 1.05225e-08
42 126 6.70268e-06
43 126 1.06535e-06
44 126 1.77199e-17
45 126 3.87056e-18
46 126 4.85132e-17
47 126 1.43126e-17
48 126 2.11058e-17
49 126 1.09703e-16
50 126 1.85452e-17
51 126 5.51719e-17
52 126 1.01494e-17
53 126 1.73596e-16
54 126 1.71649e-16
55 126 1.53098e-16
56 126 6.37757e-05
57 126 1.28804e-06
58 126 2.74923e-06
59 126 1.0654e-06
60 126 8.29209e-07
61 126 3.19194e-07
62 126 7.55392e-17
63 126 1.38581e-17
0 127 2.65344e-16
1 127 1.88416e-16
2 127 4.13256e-17
3 127 1.47161e-17
4 127 1.55173e-17
5 127 4.30677e-16
6 127 1.74159e-16
7 127 1.67439e-16
8 127 9.1093e-17
9 127 3.89113e-16
10 127 6.85575e-17
11 127 2.21498e-18
12 127 1.43449e-16
13 127 8.22333e-17
14 127 7.26008e-17
15 127 3.96665e-17
16 127 1.71295e-17
17 127 4.90079e-16
18 127 3.07876e-16
19 127 1.34799e-16
20 127 4.45592e-16
21 127 2.07029e-17
22 127 3.08609e-16
23 127 1.27576e-16
24 127 4.25527e-06
25 127 2.54882e-05
26 127 9.11039e-07
27 127 1.84973e-07
28 127 4.37948e-07
29 127 1.60121e-06
30 127 1.02343e-05
31 127 3.0597e-07
32 127 1.26517e-06
33 127 7.38402e-07
34 127 9.07476e-07
35 127 2.02965e-06
36 127 2.3268e-07
37 127 1.05457e-07
38 127 1.47883e-06
39 127 3.90406e-07
40 127 1.05184e-08
41 127 1.33524e-07
42 127 1.06535e-06
43 127 6.70277e-06
44 127 1.96699e-17
45 127 1.38278e-16
46 127 7.40824e-17
47 127 1.17384e-16
48 127 2.78018e-16
49 127 7.55009e-17
50 127 5.66789e-17
51 127 2.1661e-16
52 127 4.40669e-16
53 127 1.91245e-17
54 127 3.97005e-16
55 127 8.52157e-16
56 127 1.28809e-06
57 127 6.37756e-05
58 127 1.06537e-06
59 127 2.74926e-06
60 127 3.19224e-07
61 127 8.29257e-07
62 127 2.67379e-16
63 127 6.85934e-17
