0 64 4.49544e-19
1 64 4.90406e-18
2 64 2.40519e-18
3 64 4.88435e-18
4 64 1.7193e-17
5 64 2.90499e-17
6 64 2.10503e-18
7 64 6.87158e-17
8 64 9.5069e-17
9 64 4.23605e-17
10 64 9.04933e-18
11 64 7.96528e-19
12 64 1.44885e-18
13 64 1.29898e-17
14 64 4.66007e-18
15 64 3.94343e-18
16 64 5.25827e-17
17 64 4.05182e-17
18 64 1.93213e-17
19 64 4.06596e-18
20 64 4.29597e-19
21 64 1.60842e-18
22 64 1.01122e-17
23 64 5.45984e-19
24 64 8.04645e-07
25 64 5.44509e-07
26 64 0.000174245
27 64 4.31995e-05
28 64 0.00048422
29 64 0.00013804
30 64 2.94624e-06
31 64 0.000586147
32 64 2.80415e-06
33 64 2.9588e-05
34 64 3.98834e-06
35 64 4.58521e-06
36 64 3.93399e-06
37 64 7.82508e-06
38 64 2.28806e-08
39 64 1.22695e-06
40 64 1.87567e-05
41 64 2.122e-06
42 64 3.70394e-07
43 64 5.63145e-09
44 64 1.29257e-17
45 64 1.04712e-17
46 64 1.63895e-16
47 64 5.33119e-16
48 64 5.38107e-17
49 64 4.37665e-16
50 64 3.66682e-18
51 64 5.04833e-17
52 64 8.46487e-18
53 64 3.65981e-17
54 64 7.81521e-17
55 64 8.41281e-17
56 64 4.22434e-05
57 64 5.57627e-05
58 64 0.000273867
59 64 3.80083e-06
60 64 0.154611
61 64 0.00759885
62 64 2.5891e-17
63 64 2.21748e-15
0 65 3.06836e-18
1 65 1.99392e-18
2 65 7.58431e-18
3 65 1.52576e-19
4 65 3.26809e-17
5 65 3.23225e-17
6 65 7.35763e-17
7 65 2.46704e-18
8 65 4.75436e-17
9 65 7.25624e-17
10 65 1.41853e-18
11 65 1.05024e-17
12 65 9.24077e-18
13 65 8.94339e-19
14 65 1.53135e-18
15 65 7.84796e-18
16 65 2.83332e-17
17 65 4.29928e-17
18 65 9.78988e-18
19 65 1.7542e-17
20 65 5.58139e-19
21 65 1.21601e-18
22 65 1.27766e-18
23 65 1.08675e-17
24 65 5.44508e-07
25 65 8.04643e-07
26 65 4.31995e-05
27 65 0.000174245
28 65 0.00013804
29 65 0.00048422
30 65 0.000586147
31 65 2.94625e-06
32 65 2.9588e-05
33 65 2.80415e-06
34 65 4.58521e-06
35 65 3.98834e-06
36 65 7.82508e-06
37 65 3.93399e-06
38 65 1.22695e-06
39 65 2.28804e-08
40 65 2.122e-06
41 65 1.87568e-05
42 65 5.63128e-09
43 65 3.70394e-07
44 65 1.10318e-17
45 65 5.042e-18
46 65 5.44867e-16
47 65 1.21952e-16
48 65 5.39315e-16
49 65 3.23838e-17
50 65 5.39036e-17
51 65 1.57446e-17
52 65 2.31693e-17
53 65 3.45721e-18
54 65 6.23524e-17
55 65 5.14427e-17
56 65 5.57626e-05
57 65 4.22434e-05
58 65 3.80085e-06
59 65 0.000273867
60 65 0.00759885
61 65 0.154611
62 65 2.0026e-15
63 65 1.66831e-16
0 66 1.50106e-07
1 66 9.18992e-08
2 66 2.97656e-07
3 66 1.18175e-07
4 66 1.29133e-05
5 66 8.57987e-06
6 66 5.90946e-06
7 66 6.74816e-05
8 66 9.28539e-05
9 66 7.09046e-05
10 66 1.68318e-06
11 66 2.81426e-08
12 66 9.19896e-07
13 66 9.32779e-07
14 66 1.81265e-08
15 66 6.48533e-07
16 66 7.60482e-07
17 66 8.06466e-06
18 66 0.000102116
19 66 2.53326e-05
20 66 1.37888e-06
21 66 6.95139e-07
22 66 7.07403e-07
23 66 6.48075e-07
24 66 9.54864e-17
25 66 4.58225e-17
26 66 3.59211e-18
27 66 1.7263e-16
28 66 4.17078e-16
29 66 2.41471e-17
30 66 1.58263e-16
31 66 1.14827e-16
32 66 2.11337e-15
33 66 1.11616e-16
34 66 7.21804e-19
35 66 1.05239e-19
36 66 9.77894e-18
37 66 5.05178e-17
38 66 1.59343e-17
39 66 1.77132e-17
40 66 7.06244e-17
41 66 1.43638e-16
42 66 4.05108e-18
43 66 1.59889e-17
44 66 0.000324413
45 66 0.000498726
46 66 0.000140124
47 66 0.000956671
48 66 0.000130494
49 66 1.40993e-06
50 66 7.91999e-07
51 66 3.74219e-05
52 66 8.11087e-05
53 66 2.68136e-05
54 66 0.0134916
55 66 0.00105757
56 66 8.32587e-16
57 66 1.0922e-15
58 66 1.00257e-14
59 66 6.51733e-16
60 66 3.74975e-14
61 66 9.2589e-15
62 66 0.143361
63 66 0.111078
0 67 9.18991e-08
1 67 1.50108e-07
2 67 1.18175e-07
3 67 2.97655e-07
4 67 8.57987e-06
5 67 1.29133e-05
6 67 6.74816e-05
7 67 5.90945e-06
8 67 7.09047e-05
9 67 9.28539e-05
10 67 2.81426e-08
11 67 1.68318e-06
12 67 9.32779e-07
13 67 9.19897e-07
14 67 6.48535e-07
15 67 1.81267e-08
16 67 8.06467e-06
17 67 7.60485e-07
18 67 2.53326e-05
19 67 0.000102116
20 67 6.95138e-07
21 67 1.37888e-06
22 67 6.48075e-07
23 67 7.07403e-07
24 67 4.7595e-17
25 67 9.16556e-17
26 67 1.98783e-16
27 67 6.88658e-18
28 67 1.75471e-17
29 67 4.2191e-16
30 67 1.25794e-16
31 67 1.81746e-16
32 67 8.74739e-17
33 67 2.08709e-15
34 67 1.66221e-18
35 67 2.53552e-18
36 67 3.1641e-17
37 67 1.00281e-17
38 67 1.87921e-17
39 67 6.15015e-18
40 67 1.30141e-16
41 67 5.50494e-17
42 67 1.18012e-17
43 67 4.26746e-18
44 67 0.000498726
45 67 0.000324414
46 67 0.000956671
47 67 0.000140124
48 67 1.40992e-06
49 67 0.000130494
50 67 3.74219e-05
51 67 7.91999e-07
52 67 2.68137e-05
53 67 8.11087e-05
54 67 0.00105758
55 67 0.0134916
56 67 1.24386e-15
57 67 7.18035e-16
58 67 7.64524e-16
59 67 9.39586e-15
60 67 8.41498e-15
61 67 3.80066e-14
62 67 0.111078
63 67 0.143361
0 68 1.25302e-06
1 68 3.37326e-06
2 68 1.60607e-07
3 68 7.0007e-08
4 68 2.88095e-06
5 68 2.23249e-05
6 68 7.11448e-07
7 68 2.1889e-05
8 68 3.36814e-06
9 68 4.84606e-06
10 68 9.74794e-08
11 68 2.5424e-07
12 68 1.95318e-06
13 68 3.88658e-07
14 68 5.46589e-07
15 68 5.88061e-08
16 68 3.76962e-08
17 68 1.86605e-08
18 68 1.16852e-06
19 68 7.27689e-06
20 68 1.95039e-07
21 68 4.81708e-08
22 68 5.35043e-07
23 68 1.69017e-08
24 68 3.5755e-19
25 68 1.07829e-17
26 68 1.89069e-16
27 68 5.88198e-17
28 68 7.06362e-18
29 68 3.6313e-17
30 68 6.09142e-17
31 68 1.04895e-16
32 68 3.61297e-17
33 68 1.15264e-16
34 68 7.21891e-18
35 68 1.02107e-18
36 68 7.10312e-18
37 68 1.72365e-18
38 68 1.43258e-16
39 68 1.54788e-15
40 68 5.17066e-17
41 68 2.91433e-17
42 68 2.00543e-18
43 68 2.15108e-17
44 68 6.86197e-06
45 68 8.91153e-06
46 68 7.55779e-05
47 68 1.82523e-05
48 68 0.000394012
49 68 0.00312646
50 68 7.03367e-05
51 68 0.000254049
52 68 1.85107e-05
53 68 5.66601e-05
54 68 6.13327e-06
55 68 0.00103799
56 68 2.13176e-17
57 68 1.07299e-16
58 68 9.84538e-17
59 68 3.88725e-16
60 68 1.32141e-15
61 68 1.67409e-15
62 68 0.000803692
63 68 0.00260454
0 69 3.37326e-06
1 69 1.25302e-06
2 69 7.00069e-08
3 69 1.60606e-07
4 69 2.23249e-05
5 69 2.88095e-06
6 69 2.18891e-05
7 69 7.11448e-07
8 69 4.84605e-06
9 69 3.36813e-06
10 69 2.54241e-07
11 69 9.74791e-08
12 69 3.88658e-07
13 69 1.95318e-06
14 69 5.8806e-08
15 69 5.46588e-07
16 69 1.86606e-08
17 69 3.76963e-08
18 69 7.27688e-06
19 69 1.16852e-06
20 69 4.81713e-08
21 69 1.95038e-07
22 69 1.69017e-08
23 69 5.35042e-07
24 69 1.11668e-17
25 69 6.80667e-20
26 69 4.61833e-17
27 69 2.15307e-16
28 69 3.93492e-17
29 69 9.4263e-18
30 69 8.82841e-17
31 69 6.03101e-17
32 69 1.20316e-16
33 69 4.05419e-17
34 69 6.72795e-19
35 69 3.20144e-18
36 69 9.3877e-19
37 69 3.25436e-18
38 69 1.55059e-15
39 69 1.62735e-16
40 69 2.58542e-17
41 69 4.09957e-17
42 69 1.55557e-17
43 69 3.96178e-18
44 69 8.91153e-06
45 69 6.86197e-06
46 69 1.82523e-05
47 69 7.5578e-05
48 69 0.00312646
49 69 0.000394012
50 69 0.000254049
51 69 7.03366e-05
52 69 5.666e-05
53 69 1.85107e-05
54 69 0.00103799
55 69 6.13321e-06
56 69 1.13031e-16
57 69 3.81936e-17
58 69 4.6571e-16
59 69 8.33899e-17
60 69 1.63272e-15
61 69 1.38673e-15
62 69 0.00260455
63 69 0.000803694
0 70 0.000138497
1 70 6.33523e-05
2 70 8.3363e-07
3 70 1.6035e-06
4 70 1.91728e-06
5 70 6.08911e-07
6 70 8.36575e-08
7 70 1.60057e-06
8 70 3.27776e-07
9 70 3.68279e-07
10 70 4.01879e-09
11 70 1.30363e-07
12 70 6.09732e-08
13 70 9.74572e-08
14 70 4.65345e-09
15 70 1.0106e-07
16 70 1.12617e-08
17 70 2.3505e-08
18 70 7.20672e-07
19 70 1.26747e-07
20 70 2.6827e-07
21 70 1.18596e-07
22 70 8.36612e-09
23 70 9.28611e-08
24 70 4.64631e-18
25 70 4.22451e-18
26 70 2.46058e-18
27 70 5.9254e-18
28 70 8.84847e-17
29 70 9.51796e-18
30 70 2.39016e-18
31 70 6.74882e-17
32 70 3.82787e-18
33 70 1.16984e-17
34 70 2.27162e-17
35 70 4.45365e-17
36 70 2.07858e-17
37 70 1.71915e-16
38 70 4.57233e-18
39 70 2.68782e-17
40 70 8.02364e-17
41 70 2.51326e-16
42 70 5.9715e-18
43 70 6.6231e-18
44 70 4.68212e-07
45 70 3.35699e-07
46 70 3.05433e-06
47 70 1.18651e-05
48 70 2.12113e-05
49 70 0.000152769
50 70 0.000591551
51 70 0.00275636
52 70 8.07921e-05
53 70 0.00129862
54 70 5.49364e-05
55 70 7.08852e-06
56 70 1.60225e-16
57 70 2.05743e-16
58 70 1.09664e-16
59 70 6.30283e-17
60 70 3.53947e-15
61 70 1.58456e-15
62 70 0.000116064
63 70 6.04225e-05
0 71 6.33523e-05
1 71 0.000138497
2 71 1.6035e-06
3 71 8.33627e-07
4 71 6.08911e-07
5 71 1.91728e-06
6 71 1.60057e-06
7 71 8.36575e-08
8 71 3.68279e-07
9 71 3.27777e-07
10 71 1.30363e-07
11 71 4.01876e-09
12 71 9.7457e-08
13 71 6.09734e-08
14 71 1.01059e-07
15 71 4.65344e-09
16 71 2.3505e-08
17 71 1.12617e-08
18 71 1.26747e-07
19 71 7.20672e-07
20 71 1.18596e-07
21 71 2.6827e-07
22 71 9.28609e-08
23 71 8.36609e-09
24 71 4.33884e-18
25 71 3.86668e-18
26 71 8.75367e-18
27 71 1.90733e-18
28 71 1.06393e-17
29 71 8.48551e-17
30 71 5.40206e-17
31 71 1.60246e-18
32 71 1.13633e-17
33 71 4.26346e-18
34 71 2.94019e-17
35 71 2.76093e-17
36 71 2.09581e-16
37 71 2.61152e-17
38 71 2.83218e-17
39 71 3.96731e-18
40 71 2.74415e-16
41 71 9.4224e-17
42 71 2.7704e-18
43 71 2.71786e-18
44 71 3.357e-07
45 71 4.6821e-07
46 71 1.18651e-05
47 71 3.05434e-06
48 71 0.000152769
49 71 2.12113e-05
50 71 0.00275636
51 71 0.000591551
52 71 0.00129862
53 71 8.07921e-05
54 71 7.08854e-06
55 71 5.49364e-05
56 71 2.77617e-16
57 71 1.52547e-16
58 71 9.60987e-17
59 71 1.12389e-16
60 71 1.68601e-15
61 71 3.62883e-15
62 71 6.04225e-05
63 71 0.000116064
0 72 9.63345e-17
1 72 2.77894e-18
2 72 1.44422e-17
3 72 1.93761e-18
4 72 2.89039e-17
5 72 5.93858e-17
6 72 8.74614e-17
7 72 1.14685e-17
8 72 1.04078e-16
9 72 6.89092e-17
10 72 7.02079e-18
11 72 1.7071e-17
12 72 1.76468e-17
13 72 2.86575e-18
14 72 7.14833e-18
15 72 7.39505e-18
16 72 1.80148e-16
17 72 2.52197e-16
18 72 1.92728e-17
19 72 2.62997e-17
20 72 3.42881e-18
21 72 6.5945e-19
22 72 3.49713e-18
23 72 1.05442e-18
24 72 4.97942e-07
25 72 4.90831e-07
26 72 5.18249e-06
27 72 1.09433e-05
28 72 1.60101e-05
29 72 7.88484e-05
30 72 9.74219e-05
31 72 3.68392e-06
32 72 1.38007e-07
33 72 3.45597e-07
34 72 8.35121e-08
35 72 2.71501e-08
36 72 1.23589e-05
37 72 7.15531e-06
38 72 1.97123e-06
39 72 3.8437e-06
40 72 0.000172166
41 72 0.00122865
42 72 9.37577e-08
43 72 1.70311e-06
44 72 3.30151e-17
45 72 1.70195e-18
46 72 1.81788e-15
47 72 2.00809e-16
48 72 2.90701e-16
49 72 1.1237e-16
50 72 2.34489e-16
51 72 8.3034e-16
52 72 1.18014e-16
53 72 2.13532e-16
54 72 9.95041e-17
55 72 7.11417e-17
56 72 5.16688e-05
57 72 1.25071e-05
58 72 0.000419112
59 72 0.000291752
60 72 0.00143643
61 72 0.0158033
62 72 1.35128e-14
63 72 3.51702e-15
0 73 8.40062e-18
1 73 7.01236e-17
2 73 2.28078e-17
3 73 2.55427e-18
4 73 5.17784e-17
5 73 4.90875e-17
6 73 1.15908e-17
7 73 9.61159e-17
8 73 8.83211e-17
9 73 7.94941e-17
10 73 2.37882e-17
11 73 3.29588e-18
12 73 1.8454e-18
13 73 2.96075e-17
14 73 1.42645e-18
15 73 6.70395e-18
16 73 2.26799e-16
17 73 2.06997e-16
18 73 2.59817e-17
19 73 1.89177e-17
20 73 4.24148e-19
21 73 2.22285e-18
22 73 3.56067e-19
23 73 7.09442e-19
24 73 4.9083e-07
25 73 4.97942e-07
26 73 1.09433e-05
27 73 5.18249e-06
28 73 7.88484e-05
29 73 1.60102e-05
30 73 3.68391e-06
31 73 9.74219e-05
32 73 3.45598e-07
33 73 1.38005e-07
34 73 2.71498e-08
35 73 8.35117e-08
36 73 7.1553e-06
37 73 1.23589e-05
38 73 3.84369e-06
39 73 1.97122e-06
40 73 0.00122865
41 73 0.000172166
42 73 1.70311e-06
43 73 9.37572e-08
44 73 1.04073e-18
45 73 3.88518e-17
46 73 2.11966e-16
47 73 1.72447e-15
48 73 1.40614e-16
49 73 2.25956e-16
50 73 7.74764e-16
51 73 1.84372e-16
52 73 2.12118e-16
53 73 1.35151e-16
54 73 5.44082e-17
55 73 1.23996e-16
56 73 1.25071e-05
57 73 5.16688e-05
58 73 0.000291752
59 73 0.000419113
60 73 0.0158033
61 73 0.00143643
62 73 3.67697e-15
63 73 1.42074e-14
0 74 9.73489e-17
1 74 3.17264e-17
2 74 2.41401e-18
3 74 6.12629e-19
4 74 9.9078e-18
5 74 5.60289e-18
6 74 3.72183e-20
7 74 6.35788e-18
8 74 4.82583e-18
9 74 8.32359e-19
10 74 4.17129e-19
11 74 1.55349e-18
12 74 7.61432e-18
13 74 2.26804e-18
14 74 2.49191e-18
15 74 7.24209e-21
16 74 5.14581e-18
17 74 3.39243e-19
18 74 8.46322e-17
19 74 3.41959e-17
20 74 7.97129e-20
21 74 2.03814e-18
22 74 6.88737e-19
23 74 1.28998e-17
24 74 2.5338e-05
25 74 3.71132e-05
26 74 2.34578e-05
27 74 1.54069e-05
28 74 1.98554e-06
29 74 5.11533e-06
30 74 1.25536e-06
31 74 4.86252e-07
32 74 4.25635e-05
33 74 6.60179e-05
34 74 4.37502e-05
35 74 5.54093e-05
36 74 1.93199e-06
37 74 2.20176e-05
38 74 0.000301682
39 74 0.000243956
40 74 1.03297e-05
41 74 2.66891e-05
42 74 6.13938e-05
43 74 0.0003564
44 74 3.32114e-16
45 74 7.8527e-17
46 74 1.44752e-17
47 74 1.19973e-17
48 74 1.85823e-17
49 74 9.24031e-17
50 74 6.47327e-16
51 74 9.21384e-16
52 74 6.48729e-17
53 74 3.83939e-16
54 74 3.00895e-16
55 74 6.65559e-17
56 74 0.000747626
57 74 0.00136214
58 74 0.00126774
59 74 0.00227724
60 74 1.8588e-05
61 74 1.78446e-05
62 74 5.76668e-16
63 74 6.04632e-17
0 75 2.1122e-17
1 75 1.0321e-16
2 75 2.81596e-19
3 75 1.18446e-18
4 75 3.85964e-18
5 75 1.46664e-17
6 75 8.9624e-18
7 75 2.97633e-19
8 75 4.47526e-18
9 75 3.31839e-18
10 75 6.55792e-18
11 75 8.90012e-19
12 75 3.11577e-18
13 75 2.34722e-18
14 75 6.57075e-19
15 75 3.17518e-18
16 75 1.66042e-18
17 75 4.81265e-18
18 75 3.56618e-17
19 75 9.10892e-17
20 75 5.61951e-18
21 75 2.8375e-18
22 75 1.91673e-17
23 75 1.89396e-18
24 75 3.71131e-05
25 75 2.5338e-05
26 75 1.54069e-05
27 75 2.34578e-05
28 75 5.11533e-06
29 75 1.98554e-06
30 75 4.86251e-07
31 75 1.25536e-06
32 75 6.60179e-05
33 75 4.25635e-05
34 75 5.54093e-05
35 75 4.37501e-05
36 75 2.20176e-05
37 75 1.93199e-06
38 75 0.000243956
39 75 0.000301682
40 75 2.66892e-05
41 75 1.03297e-05
42 75 0.0003564
43 75 6.13938e-05
44 75 6.41623e-17
45 75 3.71426e-16
46 75 1.59415e-17
47 75 1.73406e-17
48 75 8.07919e-17
49 75 3.28202e-17
50 75 1.1169e-15
51 75 6.7165e-16
52 75 3.86541e-16
53 75 1.00455e-16
54 75 2.92813e-17
55 75 3.62434e-16
56 75 0.00136214
57 75 0.000747626
58 75 0.00227724
59 75 0.00126774
60 75 1.78446e-05
61 75 1.8588e-05
62 75 4.00688e-17
63 75 6.75321e-16
0 76 2.01371e-17
1 76 1.69416e-16
2 76 1.34847e-17
3 76 1.21099e-18
4 76 8.47371e-18
5 76 4.43192e-18
6 76 3.04125e-18
7 76 5.07821e-20
8 76 2.72181e-18
9 76 1.99805e-18
10 76 1.22696e-18
11 76 3.40426e-18
12 76 8.72325e-18
13 76 1.92087e-18
14 76 2.29427e-18
15 76 3.72866e-18
16 76 2.57369e-18
17 76 5.27493e-18
18 76 9.64444e-17
19 76 5.17449e-17
20 76 1.5048e-18
21 76 1.08674e-17
22 76 1.56325e-17
23 76 3.70944e-17
24 76 1.10258e-05
25 76 2.88925e-05
26 76 1.45326e-07
27 76 6.03854e-06
28 76 9.69845e-05
29 76 1.01861e-05
30 76 7.35681e-06
31 76 1.36663e-05
32 76 2.06705e-05
33 76 1.51324e-05
34 76 4.55262e-06
35 76 2.96642e-05
36 76 0.000113838
37 76 5.93693e-06
38 76 0.000134317
39 76 4.10303e-05
40 76 4.48898e-05
41 76 3.59941e-05
42 76 7.84416e-05
43 76 0.000261322
44 76 1.38399e-16
45 76 2.24998e-17
46 76 3.42039e-17
47 76 1.26661e-17
48 76 2.84653e-17
49 76 1.67335e-16
50 76 2.72031e-15
51 76 2.08611e-16
52 76 2.34258e-16
53 76 5.61051e-16
54 76 3.60026e-16
55 76 5.52654e-17
56 76 0.000782323
57 76 0.000858093
58 76 0.000798993
59 76 4.43868e-07
60 76 2.13145e-05
61 76 3.16452e-06
62 76 5.54916e-16
63 76 4.30895e-17
0 77 1.5453e-16
1 77 3.28823e-17
2 77 3.17154e-18
3 77 2.18197e-18
4 77 4.70332e-18
5 77 7.92049e-18
6 77 3.32711e-19
7 77 2.20456e-18
8 77 6.06616e-18
9 77 3.50933e-18
10 77 1.62506e-18
11 77 5.54429e-19
12 77 2.8517e-18
13 77 2.8292e-18
14 77 2.83171e-18
15 77 1.20867e-18
16 77 8.8699e-18
17 77 3.85387e-18
18 77 5.46353e-17
19 77 9.24746e-17
20 77 9.83745e-18
21 77 1.11253e-18
22 77 3.14659e-17
23 77 1.35345e-17
24 77 2.88925e-05
25 77 1.10258e-05
26 77 6.03854e-06
27 77 1.45326e-07
28 77 1.01861e-05
29 77 9.69846e-05
30 77 1.36663e-05
31 77 7.35682e-06
32 77 1.51324e-05
33 77 2.06705e-05
34 77 2.96642e-05
35 77 4.55261e-06
36 77 5.93693e-06
37 77 0.000113838
38 77 4.10302e-05
39 77 0.000134317
40 77 3.59941e-05
41 77 4.48898e-05
42 77 0.000261322
43 77 7.84417e-05
44 77 3.71128e-17
45 77 1.15997e-16
46 77 6.58242e-18
47 77 3.86036e-17
48 77 2.10442e-16
49 77 2.93722e-17
50 77 1.88815e-16
51 77 2.78368e-15
52 77 5.37385e-16
53 77 2.73173e-16
54 77 5.70524e-17
55 77 3.78394e-16
56 77 0.000858093
57 77 0.000782323
58 77 4.43868e-07
59 77 0.000798992
60 77 3.1645e-06
61 77 2.13146e-05
62 77 3.81559e-17
63 77 4.88721e-16
0 78 5.0743e-17
1 78 2.73798e-17
2 78 9.11401e-19
3 78 8.25804e-20
4 78 1.96792e-18
5 78 2.42633e-18
6 78 3.17521e-19
7 78 8.98395e-19
8 78 2.6479e-17
9 78 2.59808e-18
10 78 1.33496e-18
11 78 4.37435e-18
12 78 3.25011e-18
13 78 3.09484e-18
14 78 5.94024e-18
15 78 9.72088e-18
16 78 2.12832e-18
17 78 1.25069e-18
18 78 3.23018e-17
19 78 7.06792e-17
20 78 4.48879e-18
21 78 6.34922e-18
22 78 1.10191e-18
23 78 1.18687e-17
24 78 2.26226e-05
25 78 1.88066e-05
26 78 4.3046e-05
27 78 1.40273e-05
28 78 2.59002e-05
29 78 4.7094e-05
30 78 6.38761e-06
31 78 4.0601e-06
32 78 7.00906e-06
33 78 2.25114e-05
34 78 2.06394e-06
35 78 3.60618e-05
36 78 3.74081e-05
37 78 1.7736e-05
38 78 0.000129204
39 78 0.000100426
40 78 0.000154871
41 78 5.1674e-05
42 78 8.92424e-05
43 78 0.000139727
44 78 1.59244e-16
45 78 7.2653e-17
46 78 7.56983e-17
47 78 4.89393e-17
48 78 1.75685e-16
49 78 1.06436e-17
50 78 9.07838e-16
51 78 4.57632e-16
52 78 2.65641e-16
53 78 8.32727e-17
54 78 1.81546e-16
55 78 2.71341e-16
56 78 0.000813715
57 78 0.000704876
58 78 0.000643454
59 78 0.000288698
60 78 0.000230235
61 78 3.80176e-06
62 78 3.37548e-16
63 78 2.03893e-16
0 79 2.16018e-17
1 79 4.87394e-17
2 79 4.20563e-19
3 79 9.39632e-18
4 79 3.32338e-18
5 79 4.49e-18
6 79 1.96247e-19
7 79 1.50386e-18
8 79 1.55599e-18
9 79 1.47265e-17
10 79 5.80708e-18
11 79 4.62437e-19
12 79 3.31047e-18
13 79 2.80131e-18
14 79 5.3457e-18
15 79 1.33782e-18
16 79 1.52984e-18
17 79 2.11955e-18
18 79 6.1885e-17
19 79 2.40081e-17
20 79 6.92769e-18
21 79 5.76752e-18
22 79 1.58307e-17
23 79 9.45753e-19
24 79 1.88066e-05
25 79 2.26226e-05
26 79 1.40273e-05
27 79 4.3046e-05
28 79 4.7094e-05
29 79 2.59002e-05
30 79 4.0601e-06
31 79 6.38762e-06
32 79 2.25114e-05
33 79 7.00906e-06
34 79 3.60618e-05
35 79 2.06394e-06
36 79 1.7736e-05
37 79 3.74081e-05
38 79 0.000100426
39 79 0.000129204
40 79 5.1674e-05
41 79 0.000154871
42 79 0.000139727
43 79 8.92424e-05
44 79 9.70035e-17
45 79 1.43502e-16
46 79 5.0451e-17
47 79 5.09183e-17
48 79 8.88496e-18
49 79 1.74803e-16
50 79 5.66945e-16
51 79 8.08467e-16
52 79 8.12791e-17
53 79 2.40516e-16
54 79 3.07353e-16
55 79 2.17452e-16
56 79 0.000704876
57 79 0.000813715
58 79 0.000288698
59 79 0.000643455
60 79 3.80177e-06
61 79 0.000230235
62 79 2.46854e-16
63 79 5.73327e-16
0 80 2.51073e-17
1 80 1.56541e-16
2 80 1.01867e-17
3 80 4.71096e-18
4 80 3.17147e-18
5 80 1.71898e-19
6 80 3.69582e-19
7 80 1.01423e-18
8 80 1.47688e-17
9 80 1.75289e-18
10 80 1.60443e-18
11 80 1.86249e-19
12 80 1.03508e-18
13 80 3.05764e-18
14 80 1.91826e-17
15 80 1.28431e-17
16 80 1.08891e-17
17 80 2.98271e-18
18 80 1.56785e-17
19 80 4.39619e-17
20 80 7.82712e-18
21 80 3.86781e-17
22 80 6.49243e-17
23 80 1.66552e-18
24 80 1.56145e-05
25 80 5.69725e-06
26 80 5.20433e-06
27 80 1.32133e-05
28 80 9.66314e-06
29 80 9.71303e-05
30 80 2.14987e-06
31 80 4.28017e-06
32 80 8.21637e-07
33 80 5.59457e-06
34 80 1.77287e-05
35 80 2.44892e-05
36 80 0.000125091
37 80 1.99025e-05
38 80 3.64251e-05
39 80 0.00010492
40 80 3.54216e-05
41 80 3.89264e-05
42 80 3.31237e-05
43 80 0.000138155
44 80 5.7672e-17
45 80 3.55607e-17
46 80 7.31425e-19
47 80 2.88107e-18
48 80 3.28403e-17
49 80 2.16155e-16
50 80 1.71291e-15
51 80 4.66139e-16
52 80 5.50055e-16
53 80 2.0639e-16
54 80 6.90071e-17
55 80 5.10272e-16
56 80 0.000602906
57 80 6.59715e-05
58 80 3.04608e-05
59 80 0.000159567
60 80 3.54288e-06
61 80 6.24205e-06
62 80 1.47628e-17
63 80 9.46719e-16
0 81 2.12157e-16
1 81 1.88519e-17
2 81 1.10018e-17
3 81 6.94607e-18
4 81 2.92898e-18
5 81 1.44293e-18
6 81 2.24788e-18
7 81 3.14888e-19
8 81 5.91869e-18
9 81 1.03136e-17
10 81 1.34626e-19
11 81 2.85909e-18
12 81 5.53449e-18
13 81 4.46686e-19
14 81 1.75453e-17
15 81 2.20234e-17
16 81 3.57986e-18
17 81 4.71096e-18
18 81 4.56411e-17
19 81 1.58681e-17
20 81 4.6266e-17
21 81 5.606e-18
22 81 9.90992e-19
23 81 7.73266e-17
24 81 5.69725e-06
25 81 1.56145e-05
26 81 1.32133e-05
27 81 5.20434e-06
28 81 9.71303e-05
29 81 9.66315e-06
30 81 4.28017e-06
31 81 2.14987e-06
32 81 5.59457e-06
33 81 8.21635e-07
34 81 2.44892e-05
35 81 1.77287e-05
36 81 1.99025e-05
37 81 0.000125091
38 81 0.00010492
39 81 3.64251e-05
40 81 3.89264e-05
41 81 3.54216e-05
42 81 0.000138155
43 81 3.31237e-05
44 81 4.54989e-17
45 81 6.52691e-17
46 81 9.61137e-18
47 81 1.27934e-17
48 81 2.47234e-16
49 81 5.50075e-17
50 81 5.41772e-16
51 81 1.70232e-15
52 81 2.23563e-16
53 81 5.79417e-16
54 81 5.45041e-16
55 81 5.73402e-17
56 81 6.59715e-05
57 81 0.000602906
58 81 0.000159567
59 81 3.04608e-05
60 81 6.24203e-06
61 81 3.54287e-06
62 81 1.1068e-15
63 81 1.87682e-17
0 82 7.03549e-06
1 82 2.72303e-06
2 82 5.76186e-08
3 82 9.80308e-08
4 82 4.77909e-07
5 82 4.88152e-09
6 82 8.02163e-07
7 82 3.12424e-07
8 82 1.21053e-05
9 82 1.44631e-07
10 82 7.89381e-07
11 82 3.79913e-07
12 82 8.68743e-07
13 82 2.81921e-07
14 82 4.31588e-06
15 82 2.54194e-07
16 82 0.000103873
17 82 7.66442e-05
18 82 1.57164e-05
19 82 4.45651e-05
20 82 2.05434e-06
21 82 1.89026e-05
22 82 1.45104e-06
23 82 4.50304e-07
24 82 1.03557e-18
25 82 1.81146e-17
26 82 1.37595e-17
27 82 6.43823e-18
28 82 2.20948e-17
29 82 3.28279e-18
30 82 1.25845e-16
31 82 1.10071e-16
32 82 1.08514e-17
33 82 1.69703e-17
34 82 2.51906e-18
35 82 2.53351e-17
36 82 4.36921e-17
37 82 4.4324e-17
38 82 2.44586e-17
39 82 3.84803e-18
40 82 3.94162e-17
41 82 1.8603e-17
42 82 2.96031e-17
43 82 2.91639e-19
44 82 1.10412e-07
45 82 3.60966e-05
46 82 0.0002431
47 82 0.000232955
48 82 6.69221e-06
49 82 3.60847e-06
50 82 3.88934e-05
51 82 0.000226255
52 82 1.51614e-05
53 82 1.61784e-06
54 82 0.000457585
55 82 0.000507521
56 82 1.51076e-16
57 82 2.01065e-16
58 82 1.11893e-17
59 82 5.27758e-18
60 82 1.60417e-16
61 82 1.71362e-16
62 82 4.2558e-05
63 82 0.000467419
0 83 2.72303e-06
1 83 7.03549e-06
2 83 9.80303e-08
3 83 5.76187e-08
4 83 4.88139e-09
5 83 4.77909e-07
6 83 3.12422e-07
7 83 8.0216e-07
8 83 1.44631e-07
9 83 1.21053e-05
10 83 3.79913e-07
11 83 7.89383e-07
12 83 2.81922e-07
13 83 8.68741e-07
14 83 2.54194e-07
15 83 4.31587e-06
16 83 7.66442e-05
17 83 0.000103873
18 83 4.45651e-05
19 83 1.57164e-05
20 83 1.89026e-05
21 83 2.05433e-06
22 83 4.50303e-07
23 83 1.45104e-06
24 83 2.2735e-17
25 83 8.46644e-19
26 83 6.22456e-18
27 83 9.98599e-18
28 83 7.45536e-18
29 83 2.14649e-17
30 83 1.13881e-16
31 83 1.12844e-16
32 83 2.05192e-17
33 83 9.56466e-18
34 83 2.2488e-17
35 83 2.82445e-18
36 83 4.86638e-17
37 83 4.5689e-17
38 83 6.33676e-18
39 83 2.32802e-17
40 83 1.73721e-17
41 83 5.28248e-17
42 83 5.37252e-19
43 83 2.62583e-17
44 83 3.60966e-05
45 83 1.10412e-07
46 83 0.000232955
47 83 0.0002431
48 83 3.60848e-06
49 83 6.6922e-06
50 83 0.000226255
51 83 3.88934e-05
52 83 1.61785e-06
53 83 1.51614e-05
54 83 0.000507521
55 83 0.000457585
56 83 2.13732e-16
57 83 1.75025e-16
58 83 1.57211e-17
59 83 1.33754e-18
60 83 1.91122e-16
61 83 1.52614e-16
62 83 0.000467419
63 83 4.2558e-05
0 84 7.94732e-06
1 84 1.62677e-05
2 84 5.89986e-08
3 84 6.52598e-08
4 84 2.13437e-06
5 84 2.83126e-06
6 84 2.31697e-06
7 84 4.14273e-06
8 84 1.78034e-07
9 84 1.61666e-06
10 84 6.78571e-07
11 84 5.76287e-08
12 84 3.83076e-07
13 84 4.69109e-07
14 84 3.53974e-05
15 84 4.26721e-05
16 84 6.28333e-06
17 84 1.14738e-05
18 84 1.58166e-07
19 84 3.15061e-08
20 84 6.50286e-05
21 84 1.15655e-05
22 84 9.80683e-07
23 84 9.09369e-06
24 84 7.05813e-19
25 84 7.14713e-18
26 84 3.54504e-17
27 84 3.8452e-16
28 84 3.02969e-17
29 84 1.53685e-16
30 84 6.88139e-16
31 84 7.77797e-16
32 84 5.19865e-17
33 84 3.86601e-17
34 84 6.92573e-17
35 84 2.77364e-17
36 84 1.11057e-16
37 84 6.31715e-17
38 84 3.41071e-16
39 84 1.92029e-16
40 84 5.15894e-18
41 84 2.0373e-17
42 84 1.61064e-17
43 84 5.79583e-17
44 84 1.58177e-05
45 84 1.622e-07
46 84 7.49136e-06
47 84 9.45773e-06
48 84 0.00027791
49 84 0.000479054
50 84 0.000395999
51 84 4.71471e-05
52 84 3.88825e-05
53 84 5.94889e-05
54 84 9.57561e-05
55 84 7.72294e-05
56 84 4.28841e-16
57 84 1.68933e-16
58 84 1.92614e-16
59 84 7.52123e-17
60 84 1.50314e-15
61 84 8.819e-16
62 84 3.65141e-05
63 84 6.80651e-06
0 85 1.62677e-05
1 85 7.94731e-06
2 85 6.52607e-08
3 85 5.89991e-08
4 85 2.83126e-06
5 85 2.13437e-06
6 85 4.14273e-06
7 85 2.31697e-06
8 85 1.61666e-06
9 85 1.78034e-07
10 85 5.76287e-08
11 85 6.78571e-07
12 85 4.69109e-07
13 85 3.83076e-07
14 85 4.26721e-05
15 85 3.53974e-05
16 85 1.14738e-05
17 85 6.28334e-06
18 85 3.15058e-08
19 85 1.58166e-07
20 85 1.15655e-05
21 85 6.50286e-05
22 85 9.09368e-06
23 85 9.80681e-07
24 85 6.35782e-18
25 85 1.63825e-18
26 85 3.38034e-16
27 85 2.62581e-17
28 85 1.70904e-16
29 85 3.77445e-17
30 85 7.88523e-16
31 85 7.37467e-16
32 85 4.10899e-17
33 85 5.3244e-17
34 85 2.88006e-17
35 85 6.23128e-17
36 85 7.00293e-17
37 85 1.12113e-16
38 85 2.22499e-16
39 85 3.84126e-16
40 85 1.92785e-17
41 85 1.88465e-18
42 85 5.77984e-17
43 85 6.97563e-18
44 85 1.622e-07
45 85 1.58177e-05
46 85 9.45773e-06
47 85 7.49136e-06
48 85 0.000479054
49 85 0.00027791
50 85 4.7147e-05
51 85 0.000395999
52 85 5.94889e-05
53 85 3.88825e-05
54 85 7.72294e-05
55 85 9.57562e-05
56 85 2.1494e-16
57 85 4.65524e-16
58 85 9.58861e-17
59 85 1.82382e-16
60 85 1.06368e-15
61 85 1.31348e-15
62 85 6.80651e-06
63 85 3.6514e-05
0 86 8.06123e-17
1 86 6.63183e-17
2 86 9.87864e-19
3 86 1.17757e-18
4 86 6.34809e-17
5 86 5.34979e-17
6 86 1.18273e-16
7 86 6.04363e-18
8 86 1.58594e-16
9 86 7.84323e-17
10 86 3.83645e-17
11 86 6.32517e-18
12 86 2.0274e-17
13 86 1.44811e-17
14 86 5.07284e-17
15 86 2.24245e-15
16 86 5.43338e-17
17 86 2.46297e-16
18 86 5.2387e-18
19 86 1.13683e-17
20 86 1.68932e-16
21 86 5.6478e-17
22 86 4.61208e-17
23 86 2.41763e-17
24 86 3.02367e-07
25 86 3.06101e-08
26 86 1.42202e-05
27 86 3.81257e-06
28 86 1.99694e-05
29 86 2.98593e-05
30 86 5.4711e-05
31 86 0.000442014
32 86 1.22789e-05
33 86 2.18719e-05
34 86 7.18189e-06
35 86 3.41316e-06
36 86 1.14298e-06
37 86 2.90672e-06
38 86 8.22616e-07
39 86 3.57883e-07
40 86 1.42132e-09
41 86 5.21331e-08
42 86 8.88386e-06
43 86 5.47486e-07
44 86 1.10683e-16
45 86 7.85163e-17
46 86 7.34884e-16
47 86 6.46124e-16
48 86 1.6457e-14
49 86 1.59257e-15
50 86 4.15934e-16
51 86 2.31456e-15
52 86 6.83445e-17
53 86 4.97517e-16
54 86 4.38756e-16
55 86 1.1719e-16
56 86 1.22073e-05
57 86 5.06968e-06
58 86 6.42713e-07
59 86 1.75284e-06
60 86 0.000527024
61 86 0.000131106
62 86 1.36639e-15
63 86 4.13283e-16
0 87 5.52118e-17
1 87 1.05468e-16
2 87 1.92307e-19
3 87 1.13027e-18
4 87 6.01811e-17
5 87 5.04862e-17
6 87 2.77088e-18
7 87 1.32738e-16
8 87 8.39304e-17
9 87 1.47085e-16
10 87 3.14519e-18
11 87 3.11266e-17
12 87 1.94046e-17
13 87 2.1781e-17
14 87 2.25898e-15
15 87 6.48238e-17
16 87 2.35978e-16
17 87 4.16259e-17
18 87 1.42253e-17
19 87 2.74166e-18
20 87 6.11573e-17
21 87 1.70464e-16
22 87 2.55868e-17
23 87 5.03966e-17
24 87 3.06103e-08
25 87 3.02366e-07
26 87 3.81257e-06
27 87 1.42202e-05
28 87 2.98593e-05
29 87 1.99695e-05
30 87 0.000442014
31 87 5.4711e-05
32 87 2.18718e-05
33 87 1.22789e-05
34 87 3.41316e-06
35 87 7.18189e-06
36 87 2.90671e-06
37 87 1.14298e-06
38 87 3.57882e-07
39 87 8.22616e-07
40 87 5.2133e-08
41 87 1.42128e-09
42 87 5.47486e-07
43 87 8.88387e-06
44 87 8.29578e-17
45 87 1.01797e-16
46 87 5.76968e-16
47 87 6.51595e-16
48 87 1.65824e-15
49 87 1.64042e-14
50 87 2.23302e-15
51 87 3.76421e-16
52 87 4.1967e-16
53 87 8.99086e-17
54 87 9.41494e-17
55 87 4.02716e-16
56 87 5.06967e-06
57 87 1.22073e-05
58 87 1.75285e-06
59 87 6.42716e-07
60 87 0.000131106
61 87 0.000527024
62 87 2.727e-16
63 87 1.33226e-15
0 88 4.43284e-06
1 88 1.80718e-05
2 88 3.87014e-08
3 88 1.80848e-07
4 88 1.00404e-06
5 88 2.30071e-06
6 88 3.26296e-08
7 88 5.28656e-06
8 88 1.85351e-06
9 88 2.56716e-06
10 88 4.99817e-07
11 88 1.09239e-06
12 88 4.86189e-07
13 88 1.07687e-06
14 88 2.6112e-05
15 88 5.96804e-05
16 88 1.52855e-05
17 88 4.88047e-06
18 88 5.67925e-08
19 88 2.27297e-09
20 88 3.56286e-05
21 88 4.05921e-05
22 88 5.54722e-08
23 88 1.06809e-05
24 88 1.71934e-17
25 88 1.84483e-17
26 88 1.33052e-16
27 88 2.7352e-16
28 88 8.97547e-17
29 88 4.21595e-16
30 88 4.5017e-15
31 88 1.49496e-15
32 88 2.77365e-16
33 88 1.47507e-16
34 88 2.00454e-16
35 88 1.30023e-17
36 88 9.49203e-17
37 88 1.83666e-17
38 88 2.34393e-16
39 88 1.25182e-16
40 88 1.62582e-17
41 88 2.82151e-18
42 88 8.32334e-17
43 88 9.53843e-18
44 88 1.32337e-05
45 88 4.59719e-06
46 88 5.05392e-05
47 88 6.26427e-06
48 88 0.00026092
49 88 0.000423325
50 88 0.000386671
51 88 4.96798e-05
52 88 4.66414e-05
53 88 2.79929e-05
54 88 9.01621e-06
55 88 4.5851e-05
56 88 4.01802e-17
57 88 1.51519e-16
58 88 1.56704e-16
59 88 6.08817e-17
60 88 1.09407e-15
61 88 5.79864e-15
62 88 7.04358e-05
63 88 2.35228e-05
0 89 1.80718e-05
1 89 4.43284e-06
2 89 1.80848e-07
3 89 3.87014e-08
4 89 2.30071e-06
5 89 1.00404e-06
6 89 5.28656e-06
7 89 3.26298e-08
8 89 2.56716e-06
9 89 1.85351e-06
10 89 1.09239e-06
11 89 4.99817e-07
12 89 1.07687e-06
13 89 4.86189e-07
14 89 5.96804e-05
15 89 2.6112e-05
16 89 4.88046e-06
17 89 1.52855e-05
18 89 2.27298e-09
19 89 5.67929e-08
20 89 4.05921e-05
21 89 3.56286e-05
22 89 1.06809e-05
23 89 5.54717e-08
24 89 1.38153e-17
25 89 1.07505e-17
26 89 2.96934e-16
27 89 1.26624e-16
28 89 4.26755e-16
29 89 9.86395e-17
30 89 1.44845e-15
31 89 4.58194e-15
32 89 1.44046e-16
33 89 2.93103e-16
34 89 1.61343e-17
35 89 2.01212e-16
36 89 1.40033e-17
37 89 7.12173e-17
38 89 1.33647e-16
39 89 2.14983e-16
40 89 4.30263e-18
41 89 1.08671e-17
42 89 2.00726e-17
43 89 8.36959e-17
44 89 4.59719e-06
45 89 1.32336e-05
46 89 6.26427e-06
47 89 5.05392e-05
48 89 0.000423325
49 89 0.00026092
50 89 4.96798e-05
51 89 0.000386671
52 89 2.79929e-05
53 89 4.66414e-05
54 89 4.58511e-05
55 89 9.0162e-06
56 89 1.57227e-16
57 89 7.33529e-17
58 89 4.51771e-17
59 89 1.5592e-16
60 89 6.26694e-15
61 89 1.15829e-15
62 89 2.35227e-05
63 89 7.04358e-05
0 90 7.81641e-08
1 90 1.25958e-09
2 90 1.57795e-06
3 90 1.26247e-06
4 90 1.8593e-06
5 90 6.81978e-07
6 90 1.21193e-05
7 90 1.09424e-05
8 90 1.6859e-06
9 90 4.60123e-07
10 90 5.04783e-06
11 90 2.62043e-06
12 90 1.11441e-05
13 90 2.18976e-05
14 90 1.0458e-07
15 90 1.31162e-06
16 90 8.29322e-07
17 90 7.21451e-09
18 90 7.11532e-06
19 90 2.46422e-06
20 90 9.52094e-06
21 90 1.04398e-05
22 90 2.75574e-05
23 90 5.00036e-05
24 90 2.60927e-19
25 90 1.36736e-17
26 90 4.60519e-18
27 90 1.8329e-18
28 90 7.63212e-18
29 90 3.89386e-18
30 90 1.01815e-16
31 90 4.56199e-17
32 90 9.10438e-18
33 90 1.55794e-17
34 90 9.47657e-18
35 90 9.43683e-18
36 90 7.67008e-18
37 90 5.12803e-17
38 90 1.09332e-16
39 90 1.09082e-17
40 90 2.64124e-18
41 90 3.16094e-17
42 90 1.89022e-16
43 90 1.07325e-16
44 90 3.9702e-06
45 90 2.11e-05
46 90 2.8212e-05
47 90 2.50088e-05
48 90 2.442e-05
49 90 5.64719e-06
50 90 1.60603e-05
51 90 3.02977e-05
52 90 4.94773e-05
53 90 0.000214001
54 90 5.28396e-06
55 90 2.88447e-06
56 90 3.0547e-17
57 90 4.64942e-16
58 90 3.65596e-17
59 90 1.57137e-17
60 90 1.78436e-17
61 90 9.17227e-17
62 90 9.64845e-06
63 90 4.01522e-05
0 91 1.25952e-09
1 91 7.81631e-08
2 91 1.26247e-06
3 91 1.57795e-06
4 91 6.81978e-07
5 91 1.8593e-06
6 91 1.09424e-05
7 91 1.21193e-05
8 91 4.60122e-07
9 91 1.68589e-06
10 91 2.62043e-06
11 91 5.04783e-06
12 91 2.18976e-05
13 91 1.11441e-05
14 91 1.31162e-06
15 91 1.0458e-07
16 91 7.21455e-09
17 91 8.29323e-07
18 91 2.46422e-06
19 91 7.11532e-06
20 91 1.04398e-05
21 91 9.52094e-06
22 91 5.00036e-05
23 91 2.75574e-05
24 91 1.21541e-17
25 91 7.60096e-20
26 91 1.4115e-19
27 91 3.68079e-18
28 91 6.50163e-18
29 91 4.02128e-18
30 91 4.66763e-17
31 91 1.05048e-16
32 91 1.59935e-17
33 91 7.82308e-18
34 91 6.88181e-18
35 91 6.6111e-18
36 91 6.31144e-17
37 91 9.21496e-18
38 91 1.06211e-17
39 91 1.16567e-16
40 91 3.80804e-17
41 91 7.78476e-18
42 91 9.2894e-17
43 91 1.68913e-16
44 91 2.11e-05
45 91 3.97021e-06
46 91 2.50088e-05
47 91 2.8212e-05
48 91 5.64719e-06
49 91 2.442e-05
50 91 3.02976e-05
51 91 1.60603e-05
52 91 0.000214001
53 91 4.94774e-05
54 91 2.88447e-06
55 91 5.28397e-06
56 91 4.0018e-16
57 91 2.27996e-17
58 91 1.51112e-17
59 91 3.74126e-17
60 91 6.79532e-17
61 91 3.24354e-17
62 91 4.01522e-05
63 91 9.64843e-06
0 92 9.09342e-07
1 92 2.63285e-07
2 92 6.29147e-07
3 92 4.5018e-07
4 92 1.8441e-05
5 92 8.38096e-06
6 92 1.26879e-06
7 92 1.93712e-07
8 92 3.00325e-05
9 92 1.16593e-05
10 92 2.73879e-06
11 92 1.49843e-06
12 92 1.34452e-07
13 92 9.27563e-07
14 92 6.89144e-07
15 92 9.82311e-07
16 92 2.85924e-08
17 92 4.24485e-07
18 92 7.21036e-06
19 92 1.91074e-06
20 92 8.99367e-06
21 92 6.15875e-06
22 92 8.75971e-06
23 92 1.45701e-05
24 92 5.3582e-18
25 92 1.63871e-17
26 92 2.44003e-18
27 92 2.70763e-18
28 92 3.78537e-18
29 92 1.54644e-18
30 92 7.01498e-17
31 92 7.31421e-17
32 92 2.4763e-18
33 92 1.01538e-17
34 92 1.71775e-17
35 92 4.19434e-17
36 92 4.32521e-18
37 92 3.49411e-17
38 92 5.7436e-18
39 92 1.06825e-17
40 92 5.83467e-17
41 92 4.80179e-17
42 92 4.24862e-17
43 92 1.1044e-16
44 92 3.02714e-06
45 92 1.65668e-06
46 92 8.79962e-06
47 92 9.35349e-05
48 92 7.69645e-06
49 92 1.17934e-06
50 92 3.58003e-06
51 92 2.58209e-05
52 92 1.02381e-06
53 92 1.0894e-05
54 92 1.5518e-05
55 92 1.16342e-05
56 92 1.61567e-17
57 92 9.02048e-17
58 92 1.3232e-17
59 92 2.97359e-17
60 92 1.75338e-17
61 92 1.57586e-17
62 92 9.26555e-06
63 92 6.71162e-05
0 93 2.63285e-07
1 93 9.09342e-07
2 93 4.50181e-07
3 93 6.29147e-07
4 93 8.38097e-06
5 93 1.8441e-05
6 93 1.93714e-07
7 93 1.26879e-06
8 93 1.16593e-05
9 93 3.00325e-05
10 93 1.49843e-06
11 93 2.73879e-06
12 93 9.27563e-07
13 93 1.34452e-07
14 93 9.82311e-07
15 93 6.89147e-07
16 93 4.24484e-07
17 93 2.85921e-08
18 93 1.91074e-06
19 93 7.21037e-06
20 93 6.15875e-06
21 93 8.99367e-06
22 93 1.45701e-05
23 93 8.7597e-06
24 93 1.35553e-17
25 93 3.90441e-18
26 93 1.27241e-20
27 93 1.31688e-18
28 93 1.19511e-19
29 93 1.17655e-17
30 93 8.99908e-17
31 93 5.69418e-17
32 93 1.81323e-17
33 93 3.7318e-18
34 93 4.41193e-17
35 93 2.08118e-17
36 93 3.91378e-17
37 93 3.82872e-18
38 93 6.7378e-18
39 93 5.12226e-18
40 93 6.98249e-17
41 93 5.62316e-17
42 93 1.13595e-16
43 93 6.28476e-17
44 93 1.65668e-06
45 93 3.02713e-06
46 93 9.35349e-05
47 93 8.79962e-06
48 93 1.17933e-06
49 93 7.69644e-06
50 93 2.58209e-05
51 93 3.58003e-06
52 93 1.0894e-05
53 93 1.02381e-06
54 93 1.16342e-05
55 93 1.5518e-05
56 93 8.56214e-17
57 93 2.18266e-17
58 93 1.84559e-17
59 93 1.55917e-17
60 93 4.03775e-18
61 93 2.13616e-17
62 93 6.71162e-05
63 93 9.26554e-06
0 94 4.11654e-08
1 94 6.49147e-09
2 94 3.00647e-08
3 94 3.07594e-07
4 94 3.48309e-06
5 94 3.12654e-07
6 94 1.46438e-06
7 94 2.77795e-06
8 94 4.33935e-06
9 94 1.05333e-06
10 94 2.76648e-06
11 94 2.24088e-06
12 94 3.74925e-06
13 94 5.95806e-06
14 94 1.23116e-05
15 94 4.70676e-05
16 94 1.45413e-06
17 94 8.77183e-07
18 94 1.47159e-06
19 94 1.88958e-06
20 94 1.02189e-06
21 94 2.03109e-06
22 94 1.39245e-05
23 94 4.93055e-06
24 94 2.55373e-19
25 94 5.98344e-18
26 94 3.54551e-18
27 94 9.86988e-18
28 94 1.90228e-18
29 94 4.75223e-19
30 94 1.51591e-18
31 94 2.47215e-17
32 94 5.23987e-17
33 94 1.61614e-17
34 94 1.69961e-17
35 94 2.94811e-17
36 94 1.90532e-18
37 94 1.87642e-17
38 94 4.32431e-16
39 94 6.02918e-17
40 94 1.45362e-17
41 94 5.13907e-17
42 94 4.35073e-17
43 94 2.68328e-17
44 94 2.50995e-06
45 94 1.22299e-05
46 94 6.34719e-05
47 94 7.66915e-06
48 94 6.72065e-05
49 94 5.51702e-05
50 94 3.10985e-06
51 94 7.40257e-06
52 94 4.24036e-05
53 94 2.33476e-05
54 94 1.08194e-05
55 94 2.3758e-06
56 94 1.99206e-18
57 94 3.57574e-17
58 94 7.75909e-17
59 94 3.10885e-17
60 94 7.44005e-18
61 94 4.72269e-17
62 94 4.73784e-05
63 94 3.98472e-05
0 95 6.4915e-09
1 95 4.11654e-08
2 95 3.07595e-07
3 95 3.00648e-08
4 95 3.12655e-07
5 95 3.48309e-06
6 95 2.77795e-06
7 95 1.46438e-06
8 95 1.05333e-06
9 95 4.33934e-06
10 95 2.24088e-06
11 95 2.76648e-06
12 95 5.95806e-06
13 95 3.74926e-06
14 95 4.70676e-05
15 95 1.23116e-05
16 95 8.77184e-07
17 95 1.45413e-06
18 95 1.88958e-06
19 95 1.47159e-06
20 95 2.03109e-06
21 95 1.02189e-06
22 95 4.93055e-06
23 95 1.39245e-05
24 95 6.33207e-18
25 95 9.56982e-20
26 95 4.159e-18
27 95 5.78082e-18
28 95 3.31083e-19
29 95 3.69214e-18
30 95 3.74869e-17
31 95 3.30054e-18
32 95 6.39591e-18
33 95 5.53582e-17
34 95 2.85252e-17
35 95 1.13804e-17
36 95 1.15902e-17
37 95 1.10117e-19
38 95 5.61859e-17
39 95 4.56687e-16
40 95 5.22279e-17
41 95 1.07924e-17
42 95 1.20723e-17
43 95 4.43699e-17
44 95 1.22299e-05
45 95 2.50995e-06
46 95 7.66915e-06
47 95 6.34719e-05
48 95 5.51703e-05
49 95 6.72066e-05
50 95 7.40257e-06
51 95 3.10985e-06
52 95 2.33476e-05
53 95 4.24036e-05
54 95 2.3758e-06
55 95 1.08194e-05
56 95 2.38318e-17
57 95 5.97665e-18
58 95 2.36422e-17
59 95 1.12285e-16
60 95 5.52962e-17
61 95 1.50669e-17
62 95 3.98471e-05
63 95 4.73783e-05
0 96 1.32319e-08
1 96 2.16499e-07
2 96 1.27665e-07
3 96 1.83554e-08
4 96 1.54817e-06
5 96 2.97731e-06
6 96 4.37772e-06
7 96 1.19271e-06
8 96 1.61706e-05
9 96 6.67454e-05
10 96 1.46746e-05
11 96 1.38835e-05
12 96 1.2868e-06
13 96 1.98318e-06
14 96 1.77571e-06
15 96 6.07988e-07
16 96 4.9805e-07
17 96 2.63405e-07
18 96 1.10989e-06
19 96 1.33624e-06
20 96 6.41359e-06
21 96 4.08156e-06
22 96 3.50989e-07
23 96 1.24774e-06
24 96 1.11937e-17
25 96 1.30098e-18
26 96 4.9978e-17
27 96 8.32231e-18
28 96 1.39566e-19
29 96 2.5253e-18
30 96 3.62094e-17
31 96 4.80562e-17
32 96 3.73875e-17
33 96 7.70639e-17
34 96 8.91911e-18
35 96 4.52511e-18
36 96 8.48541e-17
37 96 2.5294e-17
38 96 5.72146e-17
39 96 2.95289e-17
40 96 2.05028e-16
41 96 1.41454e-16
42 96 1.03176e-17
43 96 1.89763e-17
44 96 4.85237e-05
45 96 9.90492e-06
46 96 0.000167459
47 96 4.37444e-05
48 96 3.02745e-06
49 96 7.69529e-06
50 96 2.11435e-05
51 96 1.16789e-08
52 96 2.00187e-06
53 96 6.49665e-07
54 96 2.13e-05
55 96 8.69095e-05
56 96 2.20351e-17
57 96 3.11526e-18
58 96 5.34681e-17
59 96 8.96786e-17
60 96 2.17193e-17
61 96 3.43862e-16
62 96 0.000395627
63 96 0.000235605
0 97 2.165e-07
1 97 1.32324e-08
2 97 1.83554e-08
3 97 1.27666e-07
4 97 2.97731e-06
5 97 1.54817e-06
6 97 1.19271e-06
7 97 4.37771e-06
8 97 6.67454e-05
9 97 1.61706e-05
10 97 1.38834e-05
11 97 1.46746e-05
12 97 1.98318e-06
13 97 1.28679e-06
14 97 6.07985e-07
15 97 1.7757e-06
16 97 2.63404e-07
17 97 4.9805e-07
18 97 1.33624e-06
19 97 1.10989e-06
20 97 4.08156e-06
21 97 6.41359e-06
22 97 1.24774e-06
23 97 3.5099e-07
24 97 1.08042e-18
25 97 5.97979e-18
26 97 4.25201e-18
27 97 4.6034e-17
28 97 2.29269e-18
29 97 4.72999e-19
30 97 4.87348e-17
31 97 3.58781e-17
32 97 6.91321e-17
33 97 4.22847e-17
34 97 3.16576e-18
35 97 1.31835e-17
36 97 1.79745e-17
37 97 7.24208e-17
38 97 3.02543e-17
39 97 4.26744e-17
40 97 1.27278e-16
41 97 1.97185e-16
42 97 1.51273e-17
43 97 1.07684e-17
44 97 9.90491e-06
45 97 4.85237e-05
46 97 4.37444e-05
47 97 0.000167459
48 97 7.69529e-06
49 97 3.02746e-06
50 97 1.16789e-08
51 97 2.11435e-05
52 97 6.49665e-07
53 97 2.00187e-06
54 97 8.69095e-05
55 97 2.13e-05
56 97 6.78814e-19
57 97 4.6136e-18
58 97 9.55601e-17
59 97 6.5726e-17
60 97 3.26745e-16
61 97 6.09145e-17
62 97 0.000235605
63 97 0.000395627
0 98 8.93043e-07
1 98 3.68104e-08
2 98 2.47041e-07
3 98 3.96616e-08
4 98 5.05889e-06
5 98 1.07491e-06
6 98 6.36835e-06
7 98 1.11816e-05
8 98 1.44671e-05
9 98 2.68248e-06
10 98 3.7484e-07
11 98 3.45616e-06
12 98 5.5206e-06
13 98 3.7996e-06
14 98 1.37547e-07
15 98 4.26742e-06
16 98 5.56095e-07
17 98 3.74372e-07
18 98 7.30762e-06
19 98 3.62668e-05
20 98 1.99043e-06
21 98 7.78723e-06
22 98 2.94476e-06
23 98 2.57605e-06
24 98 1.97073e-17
25 98 9.88431e-17
26 98 1.41574e-17
27 98 3.03057e-18
28 98 2.5536e-17
29 98 7.68814e-18
30 98 7.70779e-17
31 98 1.03374e-16
32 98 2.58488e-16
33 98 6.08356e-16
34 98 7.16899e-18
35 98 2.90844e-18
36 98 1.73606e-17
37 98 1.65814e-17
38 98 1.80216e-17
39 98 2.23433e-19
40 98 6.46713e-18
41 98 1.32146e-18
42 98 2.20688e-17
43 98 2.90967e-17
44 98 7.70823e-05
45 98 0.000251051
46 98 6.61684e-07
47 98 8.18378e-07
48 98 3.26039e-06
49 98 1.97892e-06
50 98 4.05095e-07
51 98 2.3474e-06
52 98 1.24993e-05
53 98 2.50098e-06
54 98 3.39763e-05
55 98 2.2957e-05
56 98 1.83714e-17
57 98 7.83437e-17
58 98 5.22201e-17
59 98 4.12152e-17
60 98 4.30546e-17
61 98 6.48444e-17
62 98 0.000261219
63 98 0.000282716
0 99 3.68106e-08
1 99 8.93044e-07
2 99 3.96622e-08
3 99 2.47041e-07
4 99 1.07491e-06
5 99 5.05889e-06
6 99 1.11816e-05
7 99 6.36834e-06
8 99 2.68248e-06
9 99 1.44671e-05
10 99 3.45616e-06
11 99 3.74839e-07
12 99 3.7996e-06
13 99 5.5206e-06
14 99 4.26742e-06
15 99 1.37547e-07
16 99 3.74373e-07
17 99 5.56094e-07
18 99 3.62668e-05
19 99 7.30762e-06
20 99 7.78723e-06
21 99 1.99043e-06
22 99 2.57605e-06
23 99 2.94476e-06
24 99 9.56891e-17
25 99 1.82139e-17
26 99 4.36661e-18
27 99 1.72589e-17
28 99 4.70358e-18
29 99 2.92271e-17
30 99 9.3289e-17
31 99 9.4387e-17
32 99 5.80356e-16
33 99 2.22399e-16
34 99 2.50067e-18
35 99 7.31576e-18
36 99 1.72266e-17
37 99 3.47394e-17
38 99 7.6235e-19
39 99 9.3754e-18
40 99 1.45551e-18
41 99 4.11134e-18
42 99 2.40723e-17
43 99 1.1313e-17
44 99 0.000251051
45 99 7.70823e-05
46 99 8.18376e-07
47 99 6.61687e-07
48 99 1.97892e-06
49 99 3.2604e-06
50 99 2.3474e-06
51 99 4.05098e-07
52 99 2.50098e-06
53 99 1.24993e-05
54 99 2.2957e-05
55 99 3.39763e-05
56 99 7.65144e-17
57 99 1.29773e-17
58 99 6.62952e-17
59 99 3.16449e-17
60 99 9.59358e-17
61 99 3.38103e-17
62 99 0.000282716
63 99 0.000261219
0 100 1.91943e-06
1 100 1.21946e-06
2 100 5.40062e-08
3 100 3.48114e-07
4 100 1.41135e-05
5 100 8.22373e-06
6 100 6.01823e-06
7 100 2.2068e-05
8 100 3.55247e-06
9 100 8.6235e-07
10 100 3.28961e-06
11 100 2.64764e-06
12 100 3.37535e-06
13 100 1.14068e-07
14 100 2.82752e-07
15 100 1.87711e-07
16 100 8.75699e-07
17 100 1.26678e-07
18 100 2.29493e-05
19 100 7.23378e-05
20 100 2.94398e-06
21 100 9.87141e-06
22 100 2.67499e-07
23 100 9.40355e-09
24 100 1.39595e-17
25 100 1.23434e-16
26 100 4.31468e-17
27 100 2.60446e-17
28 100 3.48126e-18
29 100 1.28955e-17
30 100 2.9397e-17
31 100 7.19575e-17
32 100 5.71758e-16
33 100 6.42087e-16
34 100 1.07973e-17
35 100 1.62008e-19
36 100 4.60607e-17
37 100 1.38413e-17
38 100 5.39024e-18
39 100 4.98187e-18
40 100 4.96982e-18
41 100 3.50601e-18
42 100 2.48072e-18
43 100 6.08813e-17
44 100 3.72727e-05
45 100 0.00025104
46 100 7.24974e-06
47 100 9.83777e-06
48 100 2.25374e-06
49 100 7.05062e-06
50 100 4.68438e-06
51 100 3.69453e-06
52 100 8.38018e-07
53 100 1.17527e-06
54 100 1.48002e-05
55 100 7.57033e-05
56 100 1.00638e-17
57 100 1.22249e-16
58 100 1.85121e-17
59 100 9.10554e-17
60 100 1.22351e-16
61 100 4.42703e-17
62 100 2.37596e-06
63 100 0.000403463
0 101 1.21946e-06
1 101 1.91944e-06
2 101 3.48114e-07
3 101 5.40059e-08
4 101 8.22372e-06
5 101 1.41135e-05
6 101 2.2068e-05
7 101 6.01822e-06
8 101 8.62348e-07
9 101 3.55247e-06
10 101 2.64764e-06
11 101 3.28962e-06
12 101 1.14068e-07
13 101 3.37535e-06
14 101 1.87711e-07
15 101 2.82753e-07
16 101 1.26678e-07
17 101 8.75699e-07
18 101 7.23378e-05
19 101 2.29494e-05
20 101 9.87141e-06
21 101 2.94398e-06
22 101 9.40324e-09
23 101 2.675e-07
24 101 1.24096e-16
25 101 1.20756e-17
26 101 2.4569e-17
27 101 2.61915e-17
28 101 9.6238e-18
29 101 4.35106e-18
30 101 7.74371e-17
31 101 3.13288e-17
32 101 6.64604e-16
33 101 5.86616e-16
34 101 8.19675e-20
35 101 1.63075e-17
36 101 2.02997e-17
37 101 4.02993e-17
38 101 1.20743e-17
39 101 7.69797e-18
40 101 1.7774e-18
41 101 1.02668e-17
42 101 4.83807e-17
43 101 3.53382e-18
44 101 0.00025104
45 101 3.72727e-05
46 101 9.83778e-06
47 101 7.24974e-06
48 101 7.05061e-06
49 101 2.25374e-06
50 101 3.69454e-06
51 101 4.68438e-06
52 101 1.17527e-06
53 101 8.38016e-07
54 101 7.57033e-05
55 101 1.48003e-05
56 101 1.05105e-16
57 101 6.00474e-18
58 101 8.46645e-17
59 101 3.23865e-17
60 101 2.24901e-17
61 101 1.18996e-16
62 101 0.000403463
63 101 2.37596e-06
0 102 9.51415e-18
1 102 2.97859e-18
2 102 1.13348e-17
3 102 1.9684e-18
4 102 2.84782e-17
5 102 4.0547e-18
6 102 6.27931e-18
7 102 1.22858e-17
8 102 1.03488e-18
9 102 7.60828e-18
10 102 4.75546e-18
11 102 5.5913e-18
12 102 1.12551e-18
13 102 8.82638e-18
14 102 5.28332e-19
15 102 2.85454e-18
16 102 5.67797e-18
17 102 3.18581e-17
18 102 2.06615e-17
19 102 8.54064e-18
20 102 1.81604e-17
21 102 1.11089e-17
22 102 8.29911e-18
23 102 3.43153e-17
24 102 2.72648e-08
25 102 2.78193e-06
26 102 4.61432e-06
27 102 6.59281e-06
28 102 1.06079e-06
29 102 4.15691e-07
30 102 3.04962e-06
31 102 8.01079e-07
32 102 9.57938e-07
33 102 4.92884e-07
34 102 2.26414e-05
35 102 1.20804e-05
36 102 1.13711e-06
37 102 2.15651e-05
38 102 1.42006e-05
39 102 2.92067e-06
40 102 3.39165e-05
41 102 7.96619e-05
42 102 1.83647e-05
43 102 5.53571e-05
44 102 1.85734e-17
45 102 4.77533e-17
46 102 2.66723e-17
47 102 1.25001e-16
48 102 1.91673e-17
49 102 1.57879e-17
50 102 7.97013e-18
51 102 2.04466e-17
52 102 1.02057e-17
53 102 5.37086e-17
54 102 2.03721e-17
55 102 2.05126e-18
56 102 7.32054e-07
57 102 5.642e-06
58 102 3.92582e-07
59 102 5.97106e-07
60 102 1.39205e-05
61 102 8.73881e-06
62 102 1.43239e-16
63 102 2.21047e-17
0 103 5.98704e-17
1 103 1.03697e-17
2 103 2.92435e-17
3 103 3.07673e-18
4 103 1.72449e-17
5 103 4.02735e-17
6 103 8.27122e-19
7 103 6.91305e-18
8 103 7.18435e-18
9 103 1.89222e-18
10 103 8.35885e-18
11 103 1.23844e-17
12 103 2.6702e-17
13 103 6.27379e-18
14 103 1.47851e-18
15 103 1.78865e-17
16 103 4.56543e-17
17 103 8.78035e-18
18 103 1.71015e-17
19 103 3.5558e-17
20 103 8.77047e-18
21 103 3.89185e-17
22 103 4.62699e-17
23 103 1.67969e-17
24 103 2.78194e-06
25 103 2.72654e-08
26 103 6.59283e-06
27 103 4.61431e-06
28 103 4.15695e-07
29 103 1.06079e-06
30 103 8.01078e-07
31 103 3.0496e-06
32 103 4.92885e-07
33 103 9.57937e-07
34 103 1.20804e-05
35 103 2.26414e-05
36 103 2.15651e-05
37 103 1.13711e-06
38 103 2.92067e-06
39 103 1.42006e-05
40 103 7.96619e-05
41 103 3.39165e-05
42 103 5.53571e-05
43 103 1.83647e-05
44 103 6.29098e-17
45 103 1.9358e-17
46 103 9.77383e-17
47 103 2.08892e-17
48 103 2.5863e-18
49 103 8.21758e-18
50 103 4.92037e-17
51 103 1.31482e-17
52 103 4.00522e-17
53 103 1.21602e-17
54 103 9.02423e-18
55 103 5.0726e-17
56 103 5.64199e-06
57 103 7.32055e-07
58 103 5.97102e-07
59 103 3.9258e-07
60 103 8.73883e-06
61 103 1.39206e-05
62 103 6.69485e-17
63 103 6.26518e-17
0 104 1.57462e-17
1 104 6.61131e-18
2 104 3.07403e-19
3 104 3.62598e-18
4 104 1.33465e-18
5 104 7.03095e-19
6 104 1.14752e-17
7 104 1.81547e-18
8 104 3.53961e-17
9 104 5.50962e-18
10 104 2.69815e-18
11 104 3.9247e-18
12 104 9.08938e-19
13 104 8.00147e-18
14 104 2.16396e-18
15 104 4.37061e-19
16 104 2.57498e-17
17 104 5.70537e-18
18 104 5.60262e-19
19 104 7.63053e-18
20 104 4.82178e-18
21 104 4.48512e-18
22 104 4.92959e-17
23 104 8.95137e-18
24 104 2.00293e-06
25 104 8.65508e-07
26 104 8.42386e-07
27 104 5.49116e-06
28 104 9.38038e-07
29 104 3.21818e-07
30 104 1.07322e-06
31 104 2.62315e-05
32 104 4.35238e-07
33 104 3.70558e-07
34 104 8.63204e-06
35 104 1.75991e-05
36 104 2.08797e-05
37 104 1.85218e-06
38 104 1.48984e-05
39 104 1.12097e-06
40 104 5.07922e-05
41 104 1.65157e-05
42 104 6.02491e-05
43 104 7.06981e-06
44 104 1.35566e-17
45 104 1.33502e-17
46 104 2.596e-17
47 104 1.82464e-17
48 104 1.5606e-17
49 104 2.06752e-18
50 104 2.44532e-17
51 104 1.10532e-17
52 104 2.58951e-17
53 104 2.30141e-17
54 104 2.59965e-17
55 104 8.04565e-17
56 104 3.26853e-06
57 104 4.76442e-06
58 104 1.13006e-07
59 104 1.95175e-08
60 104 1.74061e-05
61 104 7.75761e-06
62 104 6.10505e-18
63 104 6.01225e-18
0 105 5.76168e-17
1 105 3.11231e-17
2 105 3.0835e-17
3 105 5.73707e-18
4 105 7.33936e-18
5 105 6.92406e-18
6 105 1.34677e-18
7 105 9.67678e-18
8 105 1.13404e-17
9 105 2.80398e-17
10 105 2.77708e-18
11 105 7.10791e-18
12 105 1.20055e-17
13 105 6.33748e-19
14 105 2.47896e-19
15 105 6.5311e-19
16 105 1.47315e-17
17 105 3.04614e-17
18 105 5.31483e-18
19 105 8.9686e-18
20 105 9.21482e-18
21 105 2.97019e-17
22 105 1.16512e-17
23 105 3.68419e-17
24 105 8.65506e-07
25 105 2.00295e-06
26 105 5.49115e-06
27 105 8.42388e-07
28 105 3.21821e-07
29 105 9.38045e-07
30 105 2.62315e-05
31 105 1.07323e-06
32 105 3.70554e-07
33 105 4.35237e-07
34 105 1.75991e-05
35 105 8.63207e-06
36 105 1.85217e-06
37 105 2.08797e-05
38 105 1.12097e-06
39 105 1.48984e-05
40 105 1.65157e-05
41 105 5.07921e-05
42 105 7.0698e-06
43 105 6.02491e-05
44 105 4.36764e-18
45 105 1.4005e-17
46 105 2.41908e-17
47 105 2.32426e-17
48 105 3.61053e-18
49 105 1.20026e-17
50 105 3.03146e-17
51 105 2.51906e-17
52 105 1.6086e-17
53 105 2.77838e-17
54 105 6.34736e-17
55 105 7.3198e-18
56 105 4.76442e-06
57 105 3.26855e-06
58 105 1.95174e-08
59 105 1.13007e-07
60 105 7.75757e-06
61 105 1.74061e-05
62 105 2.53096e-17
63 105 5.67754e-18
0 106 5.3434e-17
1 106 1.14571e-16
2 106 1.89859e-17
3 106 9.81463e-18
4 106 4.27112e-18
5 106 8.3486e-18
6 106 2.75258e-18
7 106 7.01239e-18
8 106 3.59107e-18
9 106 3.89258e-18
10 106 1.03829e-18
11 106 6.29836e-19
12 106 9.06384e-19
13 106 4.4835e-18
14 106 2.9201e-18
15 106 3.16747e-20
16 106 8.90416e-18
17 106 4.81896e-18
18 106 4.237e-18
19 106 4.11738e-17
20 106 3.59678e-18
21 106 1.24329e-19
22 106 1.33508e-17
23 106 1.79618e-17
24 106 4.79579e-08
25 106 1.93193e-07
26 106 3.27907e-05
27 106 9.22524e-06
28 106 3.65739e-06
29 106 4.25737e-06
30 106 1.98669e-06
31 106 2.47051e-06
32 106 1.90276e-06
33 106 9.31559e-06
34 106 7.64353e-06
35 106 1.2514e-06
36 106 1.54978e-05
37 106 1.50754e-06
38 106 2.26332e-05
39 106 9.27376e-05
40 106 5.03227e-05
41 106 1.99811e-05
42 106 9.13157e-07
43 106 9.60681e-07
44 106 1.66205e-18
45 106 5.04824e-18
46 106 5.01187e-17
47 106 1.38052e-17
48 106 2.42689e-17
49 106 9.45376e-18
50 106 5.39074e-17
51 106 4.94108e-17
52 106 3.84251e-17
53 106 5.59614e-18
54 106 2.86221e-18
55 106 7.40026e-18
56 106 1.19071e-07
57 106 1.7498e-06
58 106 1.70534e-08
59 106 1.10128e-07
60 106 1.81922e-06
61 106 1.98152e-06
62 106 8.91117e-18
63 106 4.56031e-17
0 107 7.27899e-17
1 107 5.9709e-17
2 107 5.55189e-18
3 107 1.71175e-17
4 107 4.86423e-18
5 107 3.17569e-18
6 107 3.8069e-19
7 107 6.62266e-19
8 107 1.18169e-17
9 107 7.24652e-19
10 107 7.31064e-18
11 107 3.58846e-18
12 107 1.16683e-17
13 107 3.00725e-19
14 107 1.36971e-18
15 107 3.52468e-20
16 107 4.61463e-18
17 107 1.05712e-17
18 107 5.68273e-17
19 107 3.86622e-17
20 107 6.52975e-18
21 107 1.29828e-17
22 107 3.11499e-17
23 107 8.8433e-18
24 107 1.93193e-07
25 107 4.79585e-08
26 107 9.22525e-06
27 107 3.27907e-05
28 107 4.25738e-06
29 107 3.6574e-06
30 107 2.4705e-06
31 107 1.98668e-06
32 107 9.31557e-06
33 107 1.90276e-06
34 107 1.2514e-06
35 107 7.64352e-06
36 107 1.50754e-06
37 107 1.54979e-05
38 107 9.27376e-05
39 107 2.26332e-05
40 107 1.9981e-05
41 107 5.03227e-05
42 107 9.6068e-07
43 107 9.13158e-07
44 107 2.44798e-18
45 107 1.37262e-18
46 107 1.00678e-17
47 107 2.26224e-17
48 107 4.1689e-17
49 107 3.2656e-17
50 107 3.68603e-17
51 107 8.24461e-17
52 107 9.51501e-18
53 107 2.96065e-17
54 107 1.81103e-17
55 107 8.78457e-18
56 107 1.74979e-06
57 107 1.19071e-07
58 107 1.10129e-07
59 107 1.70542e-08
60 107 1.98151e-06
61 107 1.81924e-06
62 107 1.16014e-17
63 107 6.69751e-18
0 108 1.77777e-12
1 108 4.03866e-13
2 108 1.35777e-14
3 108 1.54606e-14
4 108 3.91766e-15
5 108 1.75451e-15
6 108 4.49655e-15
7 108 1.03668e-14
8 108 2.22408e-14
9 108 2.86429e-15
10 108 6.73727e-14
11 108 2.51356e-14
12 108 4.37654e-15
13 108 4.09717e-15
14 108 6.77578e-16
15 108 3.63749e-16
16 108 7.09358e-16
17 108 1.10646e-16
18 108 9.09807e-14
19 108 5.11385e-14
20 108 1.05605e-15
21 108 1.51705e-15
22 108 1.37429e-15
23 108 7.55876e-16
24 108 2.34859e-07
25 108 8.8669e-08
26 108 1.61937e-05
27 108 6.46564e-06
28 108 1.31269e-06
29 108 1.64173e-06
30 108 1.44279e-06
31 108 2.50352e-06
32 108 4.94965e-08
33 108 1.18339e-06
34 108 8.18678e-07
35 108 6.80374e-06
36 108 8.43964e-05
37 108 5.98139e-06
38 108 8.65041e-06
39 108 2.41985e-05
40 108 3.1565e-05
41 108 7.05162e-07
42 108 1.18331e-05
43 108 3.43391e-06
44 108 5.77434e-14
45 108 1.90509e-13
46 108 3.03402e-15
47 108 7.05194e-15
48 108 3.69007e-14
49 108 5.11637e-14
50 108 9.77003e-14
51 108 1.99198e-12
52 108 2.11348e-13
53 108 4.74772e-13
54 108 4.10532e-14
55 108 2.01753e-14
56 108 4.40114e-08
57 108 2.09933e-07
58 108 9.74534e-09
59 108 2.69338e-08
60 108 2.78447e-05
61 108 5.01784e-06
62 108 5.20282e-14
63 108 1.80378e-13
0 109 4.04418e-13
1 109 1.78741e-12
2 109 1.5455e-14
3 109 1.30418e-14
4 109 1.87858e-15
5 109 3.95812e-15
6 109 1.06852e-14
7 109 4.34817e-15
8 109 3.13045e-15
9 109 2.22349e-14
10 109 2.46087e-14
11 109 6.77414e-14
12 109 4.27247e-15
13 109 4.29636e-15
14 109 3.25707e-16
15 109 6.44131e-16
16 109 1.81646e-16
17 109 7.20197e-16
18 109 5.11187e-14
19 109 8.87989e-14
20 109 1.6271e-15
21 109 1.01364e-15
22 109 7.37499e-16
23 109 1.3958e-15
24 109 8.86697e-08
25 109 2.34861e-07
26 109 6.46563e-06
27 109 1.61937e-05
28 109 1.64173e-06
29 109 1.31269e-06
30 109 2.50352e-06
31 109 1.4428e-06
32 109 1.18339e-06
33 109 4.9496e-08
34 109 6.80372e-06
35 109 8.18676e-07
36 109 5.9814e-06
37 109 8.43964e-05
38 109 2.41985e-05
39 109 8.65041e-06
40 109 7.05167e-07
41 109 3.1565e-05
42 109 3.43391e-06
43 109 1.18331e-05
44 109 1.89378e-13
45 109 5.8941e-14
46 109 7.23204e-15
47 109 3.05151e-15
48 109 5.05638e-14
49 109 3.73189e-14
50 109 1.98908e-12
51 109 9.52635e-14
52 109 4.74626e-13
53 109 2.09129e-13
54 109 2.04849e-14
55 109 3.9421e-14
56 109 2.09929e-07
57 109 4.40109e-08
58 109 2.69336e-08
59 109 9.74517e-09
60 109 5.01782e-06
61 109 2.78447e-05
62 109 1.77286e-13
63 109 5.26347e-14
0 110 2.89288e-05
1 110 5.76707e-05
2 110 9.82142e-07
3 110 1.37949e-07
4 110 4.32241e-08
5 110 1.88455e-07
6 110 4.87514e-08
7 110 5.66219e-07
8 110 6.44468e-07
9 110 3.20462e-07
10 110 3.33157e-06
11 110 3.239e-07
12 110 1.7227e-07
13 110 1.6145e-07
14 110 3.32001e-08
15 110 1.29473e-09
16 110 3.30471e-08
17 110 7.75125e-10
18 110 2.34135e-06
19 110 3.3235e-06
20 110 4.10061e-08
21 110 6.23344e-08
22 110 8.05219e-08
23 110 1.34838e-08
24 110 2.59335e-15
25 110 5.51831e-15
26 110 5.21313e-13
27 110 4.35638e-14
28 110 5.83727e-14
29 110 1.67051e-14
30 110 6.95863e-14
31 110 2.85388e-14
32 110 5.04253e-15
33 110 2.62628e-14
34 110 1.0792e-13
35 110 8.36661e-14
36 110 1.60164e-12
37 110 7.08405e-13
38 110 2.78615e-14
39 110 7.90001e-13
40 110 6.53834e-13
41 110 1.54771e-13
42 110 3.38161e-13
43 110 4.57213e-14
44 110 2.88047e-06
45 110 7.03989e-06
46 110 3.85947e-08
47 110 3.77531e-07
48 110 1.71804e-06
49 110 1.73778e-06
50 110 3.8369e-05
51 110 4.44893e-05
52 110 1.42442e-05
53 110 1.27883e-05
54 110 5.59886e-07
55 110 1.88943e-06
56 110 1.20902e-16
57 110 6.38044e-15
58 110 5.01795e-16
59 110 4.17467e-16
60 110 6.11156e-13
61 110 2.14883e-13
62 110 1.05203e-06
63 110 8.11458e-06
0 111 5.76707e-05
1 111 2.89288e-05
2 111 1.37949e-07
3 111 9.8214e-07
4 111 1.88456e-07
5 111 4.32237e-08
6 111 5.66219e-07
7 111 4.87509e-08
8 111 3.20462e-07
9 111 6.44467e-07
10 111 3.23899e-07
11 111 3.33157e-06
12 111 1.6145e-07
13 111 1.7227e-07
14 111 1.29471e-09
15 111 3.32e-08
16 111 7.75173e-10
17 111 3.30473e-08
18 111 3.3235e-06
19 111 2.34135e-06
20 111 6.2334e-08
21 111 4.10044e-08
22 111 1.34839e-08
23 111 8.05213e-08
24 111 4.95141e-15
25 111 2.64164e-15
26 111 4.48992e-14
27 111 5.22423e-13
28 111 1.71875e-14
29 111 5.87749e-14
30 111 2.82915e-14
31 111 6.91655e-14
32 111 2.62726e-14
33 111 5.1591e-15
34 111 8.40891e-14
35 111 1.0729e-13
36 111 7.05225e-13
37 111 1.59318e-12
38 111 7.90751e-13
39 111 2.77578e-14
40 111 1.55908e-13
41 111 6.50682e-13
42 111 4.48816e-14
43 111 3.40056e-13
44 111 7.03989e-06
45 111 2.88046e-06
46 111 3.77528e-07
47 111 3.85951e-08
48 111 1.73777e-06
49 111 1.71804e-06
50 111 4.44893e-05
51 111 3.8369e-05
52 111 1.27883e-05
53 111 1.42442e-05
54 111 1.88943e-06
55 111 5.59884e-07
56 111 6.62629e-15
57 111 1.11059e-16
58 111 3.83127e-16
59 111 5.65049e-16
60 111 2.16141e-13
61 111 6.09145e-13
62 111 8.11456e-06
63 111 1.05203e-06
0 112 5.67507e-17
1 112 1.38989e-18
2 112 9.99523e-18
3 112 1.48109e-18
4 112 1.0759e-17
5 112 3.01871e-17
6 112 3.66603e-17
7 112 1.75771e-17
8 112 1.52915e-17
9 112 2.40584e-17
10 112 3.75022e-18
11 112 6.54818e-18
12 112 4.6399e-18
13 112 3.25784e-18
14 112 2.59835e-18
15 112 1.47314e-18
16 112 5.36753e-18
17 112 2.09764e-17
18 112 2.33786e-17
19 112 1.62006e-18
20 112 8.51975e-18
21 112 1.3528e-17
22 112 3.44719e-19
23 112 1.16212e-17
24 112 3.33855e-08
25 112 1.52156e-07
26 112 1.0115e-05
27 112 3.91547e-06
28 112 9.97805e-05
29 112 1.36938e-05
30 112 7.01556e-06
31 112 5.87042e-06
32 112 2.87591e-07
33 112 5.44433e-08
34 112 3.25517e-06
35 112 3.16432e-06
36 112 2.1003e-06
37 112 5.90523e-06
38 112 1.1715e-06
39 112 6.39273e-07
40 112 3.56699e-06
41 112 2.47718e-06
42 112 4.91975e-06
43 112 3.50128e-06
44 112 4.09133e-18
45 112 9.7077e-19
46 112 2.79749e-17
47 112 9.57779e-17
48 112 1.0835e-18
49 112 6.75665e-20
50 112 1.77119e-18
51 112 5.5724e-18
52 112 6.92954e-19
53 112 1.42718e-17
54 112 3.74552e-17
55 112 2.487e-17
56 112 2.67486e-08
57 112 8.04538e-08
58 112 1.66457e-06
59 112 1.20407e-06
60 112 7.5057e-05
61 112 4.2224e-05
62 112 1.24405e-17
63 112 5.76005e-18
0 113 5.92054e-18
1 113 4.28653e-17
2 113 6.9643e-18
3 113 8.09312e-19
4 113 2.37515e-17
5 113 1.88473e-17
6 113 6.79615e-18
7 113 1.35871e-17
8 113 1.80202e-17
9 113 9.38434e-18
10 113 4.45079e-18
11 113 1.47863e-17
12 113 4.21882e-18
13 113 1.30062e-18
14 113 1.42231e-18
15 113 2.09312e-18
16 113 3.16364e-17
17 113 1.55296e-18
18 113 2.30098e-18
19 113 2.92056e-17
20 113 2.67496e-17
21 113 9.96972e-18
22 113 1.92776e-17
23 113 2.14339e-18
24 113 1.52153e-07
25 113 3.33844e-08
26 113 3.91548e-06
27 113 1.0115e-05
28 113 1.36938e-05
29 113 9.97804e-05
30 113 5.87045e-06
31 113 7.01558e-06
32 113 5.44457e-08
33 113 2.87592e-07
34 113 3.16433e-06
35 113 3.25518e-06
36 113 5.90523e-06
37 113 2.10031e-06
38 113 6.39273e-07
39 113 1.1715e-06
40 113 2.47718e-06
41 113 3.567e-06
42 113 3.50128e-06
43 113 4.91974e-06
44 113 2.12496e-18
45 113 2.24655e-18
46 113 6.7084e-17
47 113 2.18201e-17
48 113 2.56393e-18
49 113 2.7874e-18
50 113 2.58647e-17
51 113 6.62927e-18
52 113 2.0146e-17
53 113 3.86263e-18
54 113 2.07053e-17
55 113 2.02578e-17
56 113 8.04519e-08
57 113 2.67487e-08
58 113 1.20407e-06
59 113 1.66457e-06
60 113 4.22239e-05
61 113 7.5057e-05
62 113 1.92687e-18
63 113 1.87744e-18
0 114 9.3321e-17
1 114 2.10686e-16
2 114 4.81703e-19
3 114 6.07547e-18
4 114 1.17295e-17
5 114 1.70437e-17
6 114 1.40807e-17
7 114 8.64118e-18
8 114 1.70549e-17
9 114 1.8814e-17
10 114 6.80786e-18
11 114 3.00373e-17
12 114 1.5525e-17
13 114 1.27773e-17
14 114 8.41254e-18
15 114 3.71338e-19
16 114 4.42688e-18
17 114 1.2414e-17
18 114 1.83738e-17
19 114 2.99439e-18
20 114 9.27816e-18
21 114 7.03821e-18
22 114 3.35877e-17
23 114 2.68323e-17
24 114 4.72036e-08
25 114 7.54487e-07
26 114 4.17709e-06
27 114 6.08725e-06
28 114 1.07569e-05
29 114 7.2738e-06
30 114 1.88849e-05
31 114 3.05693e-06
32 114 2.39431e-06
33 114 1.53961e-05
34 114 6.02106e-06
35 114 2.42754e-06
36 114 1.4016e-05
37 114 8.51483e-06
38 114 3.25213e-07
39 114 2.67759e-07
40 114 2.4e-06
41 114 2.30037e-06
42 114 6.90924e-08
43 114 2.43902e-07
44 114 1.04564e-17
45 114 3.79266e-18
46 114 1.58641e-17
47 114 7.62225e-18
48 114 7.83651e-18
49 114 6.38939e-18
50 114 1.61e-16
51 114 1.27874e-16
52 114 1.10936e-16
53 114 1.20066e-17
54 114 9.39116e-18
55 114 3.38498e-18
56 114 9.81627e-07
57 114 1.57209e-06
58 114 2.97042e-07
59 114 1.59658e-06
60 114 1.00959e-05
61 114 6.92745e-05
62 114 2.59259e-18
63 114 4.37746e-18
0 115 1.33926e-16
1 115 1.40883e-16
2 115 1.73112e-18
3 115 2.59399e-18
4 115 1.83838e-16
5 115 5.10632e-18
6 115 6.75898e-17
7 115 4.40136e-17
8 115 1.54313e-16
9 115 5.20632e-17
10 115 5.96851e-17
11 115 1.03276e-17
12 115 6.08951e-18
13 115 6.30251e-18
14 115 1.22116e-18
15 115 4.55873e-17
16 115 1.93701e-17
17 115 1.04809e-17
18 115 3.58109e-17
19 115 2.28383e-16
20 115 3.64806e-18
21 115 1.32935e-16
22 115 7.2647e-17
23 115 3.94668e-17
24 115 7.54517e-07
25 115 4.72028e-08
26 115 6.08728e-06
27 115 4.17707e-06
28 115 7.27379e-06
29 115 1.0757e-05
30 115 3.05694e-06
31 115 1.8885e-05
32 115 1.53961e-05
33 115 2.39433e-06
34 115 2.42753e-06
35 115 6.02107e-06
36 115 8.5148e-06
37 115 1.4016e-05
38 115 2.67771e-07
39 115 3.25211e-07
40 115 2.30038e-06
41 115 2.40002e-06
42 115 2.43903e-07
43 115 6.90948e-08
44 115 1.77976e-17
45 115 9.81311e-18
46 115 1.14257e-16
47 115 1.25335e-17
48 115 5.1992e-17
49 115 3.36326e-17
50 115 3.46434e-16
51 115 6.4123e-17
52 115 2.10906e-17
53 115 1.44384e-16
54 115 8.10203e-17
55 115 7.57574e-17
56 115 1.5721e-06
57 115 9.81614e-07
58 115 1.59658e-06
59 115 2.97048e-07
60 115 6.92746e-05
61 115 1.0096e-05
62 115 2.80355e-17
63 115 1.52982e-16
0 116 1.25271e-16
1 116 3.06469e-17
2 116 5.0931e-18
3 116 8.06668e-18
4 116 8.14184e-17
5 116 2.29743e-17
6 116 1.60754e-16
7 116 8.93453e-19
8 116 4.20498e-17
9 116 4.3853e-17
10 116 7.45921e-18
11 116 8.47618e-18
12 116 7.86688e-18
13 116 3.04677e-18
14 116 4.51026e-18
15 116 3.40357e-17
16 116 4.0353e-18
17 116 2.22196e-18
18 116 6.49991e-19
19 116 3.86721e-17
20 116 4.72056e-20
21 116 3.4216e-17
22 116 9.46504e-18
23 116 7.35737e-18
24 116 6.27268e-07
25 116 6.50231e-06
26 116 4.29492e-06
27 116 2.88903e-06
28 116 2.94428e-05
29 116 2.26989e-05
30 116 0.00011245
31 116 1.87742e-05
32 116 1.13757e-06
33 116 1.27633e-06
34 116 2.26797e-06
35 116 3.51138e-06
36 116 1.97857e-06
37 116 2.03552e-06
38 116 2.75088e-07
39 116 2.21695e-07
40 116 3.97417e-06
41 116 7.44464e-06
42 116 7.5408e-07
43 116 2.31713e-06
44 116 3.91835e-17
45 116 2.32487e-17
46 116 3.61685e-17
47 116 6.1772e-19
48 116 8.19324e-17
49 116 2.5469e-18
50 116 4.07037e-18
51 116 8.02382e-17
52 116 1.63314e-17
53 116 6.02743e-18
54 116 4.90415e-17
55 116 2.5105e-17
56 116 1.98842e-06
57 116 4.98704e-06
58 116 2.17754e-06
59 116 1.49111e-06
60 116 3.62911e-05
61 116 0.000201405
62 116 4.07762e-17
63 116 2.2989e-17
0 117 1.13656e-16
1 117 5.48115e-17
2 117 2.16147e-18
3 117 3.76137e-18
4 117 1.20835e-16
5 117 3.80138e-17
6 117 4.73707e-17
7 117 1.71746e-16
8 117 3.55726e-17
9 117 2.17941e-18
10 117 1.53664e-17
11 117 1.69039e-18
12 117 8.66123e-18
13 117 1.78822e-18
14 117 1.81627e-18
15 117 6.70709e-18
16 117 6.36663e-18
17 117 6.9816e-18
18 117 3.73289e-17
19 117 1.56738e-17
20 117 9.47748e-18
21 117 6.53865e-17
22 117 1.24556e-17
23 117 1.93133e-17
24 117 6.50229e-06
25 117 6.27254e-07
26 117 2.88903e-06
27 117 4.29493e-06
28 117 2.26988e-05
29 117 2.94429e-05
30 117 1.87743e-05
31 117 0.00011245
32 117 1.27632e-06
33 117 1.13756e-06
34 117 3.51138e-06
35 117 2.26798e-06
36 117 2.03551e-06
37 117 1.97857e-06
38 117 2.21695e-07
39 117 2.75083e-07
40 117 7.44467e-06
41 117 3.97419e-06
42 117 2.31711e-06
43 117 7.54087e-07
44 117 6.89211e-18
45 117 5.08206e-17
46 117 2.31461e-18
47 117 2.43907e-18
48 117 1.16598e-17
49 117 3.02309e-17
50 117 4.30652e-17
51 117 6.85239e-17
52 117 6.30891e-18
53 117 2.02069e-17
54 117 4.90948e-18
55 117 4.54352e-17
56 117 4.98703e-06
57 117 1.98841e-06
58 117 1.4911e-06
59 117 2.17754e-06
60 117 0.000201405
61 117 3.62913e-05
62 117 2.90535e-17
63 117 1.2839e-17
0 118 5.05066e-17
1 118 4.32634e-18
2 118 4.1633e-18
3 118 2.94651e-18
4 118 2.858e-18
5 118 1.72079e-17
6 118 2.25561e-18
7 118 4.57978e-19
8 118 3.78905e-17
9 118 2.22816e-17
10 118 1.58531e-18
11 118 6.83364e-18
12 118 6.6449e-18
13 118 1.43934e-17
14 118 6.50962e-18
15 118 6.2446e-18
16 118 3.1479e-17
17 118 1.59242e-18
18 118 2.24152e-18
19 118 1.60526e-17
20 118 2.89405e-17
21 118 1.60664e-17
22 118 2.36019e-17
23 118 2.65561e-17
24 118 2.33726e-07
25 118 2.45331e-07
26 118 1.62622e-06
27 118 4.42551e-06
28 118 2.35915e-06
29 118 3.21604e-06
30 118 2.47765e-07
31 118 2.73593e-07
32 118 2.11452e-06
33 118 4.90939e-07
34 118 2.94695e-05
35 118 1.83139e-07
36 118 1.93556e-07
37 118 7.44292e-06
38 118 6.82544e-07
39 118 1.67451e-06
40 118 3.31928e-07
41 118 2.40206e-07
42 118 4.74305e-06
43 118 1.43898e-06
44 118 7.2081e-18
45 118 1.20046e-17
46 118 2.06183e-18
47 118 6.79388e-19
48 118 7.77604e-18
49 118 2.68564e-17
50 118 1.04564e-17
51 118 4.31243e-17
52 118 3.19213e-18
53 118 1.21587e-17
54 118 1.56144e-18
55 118 5.13666e-17
56 118 3.73868e-06
57 118 4.08275e-06
58 118 7.05293e-06
59 118 1.64274e-06
60 118 7.89595e-07
61 118 1.05581e-05
62 118 3.19107e-18
63 118 8.43746e-17
0 119 2.2754e-18
1 119 1.81534e-17
2 119 9.83111e-18
3 119 2.38891e-18
4 119 6.12025e-17
5 119 2.54678e-18
6 119 2.75834e-18
7 119 4.1602e-19
8 119 1.75262e-17
9 119 1.01916e-17
10 119 1.75145e-17
11 119 4.9853e-18
12 119 7.2252e-20
13 119 4.93809e-18
14 119 3.61246e-18
15 119 1.95735e-18
16 119 1.29591e-17
17 119 1.54885e-17
18 119 1.18161e-17
19 119 2.99172e-17
20 119 1.08118e-17
21 119 4.37786e-17
22 119 2.80253e-17
23 119 2.14843e-17
24 119 2.45339e-07
25 119 2.33733e-07
26 119 4.42548e-06
27 119 1.62624e-06
28 119 3.21602e-06
29 119 2.35918e-06
30 119 2.73593e-07
31 119 2.47761e-07
32 119 4.90946e-07
33 119 2.11453e-06
34 119 1.83133e-07
35 119 2.94695e-05
36 119 7.44293e-06
37 119 1.9356e-07
38 119 1.67451e-06
39 119 6.82548e-07
40 119 2.4021e-07
41 119 3.31927e-07
42 119 1.43897e-06
43 119 4.74306e-06
44 119 1.75019e-17
45 119 3.05629e-18
46 119 2.88396e-17
47 119 5.21164e-18
48 119 9.32357e-19
49 119 1.41814e-18
50 119 2.65198e-17
51 119 1.59302e-17
52 119 1.46929e-17
53 119 2.68618e-18
54 119 2.51355e-17
55 119 6.26566e-18
56 119 4.08276e-06
57 119 3.7387e-06
58 119 1.64275e-06
59 119 7.05294e-06
60 119 1.05581e-05
61 119 7.89605e-07
62 119 1.99789e-17
63 119 4.15249e-17
0 120 1.88482e-17
1 120 3.87445e-18
2 120 7.14233e-18
3 120 1.6062e-17
4 120 3.47445e-17
5 120 2.52696e-18
6 120 1.56892e-19
7 120 2.72403e-17
8 120 7.25902e-18
9 120 6.73021e-18
10 120 5.22165e-18
11 120 4.64325e-17
12 120 1.11536e-17
13 120 7.20881e-18
14 120 8.50734e-17
15 120 2.72124e-17
16 120 9.43227e-18
17 120 1.99844e-17
18 120 1.38895e-18
19 120 9.68105e-17
20 120 1.4093e-17
21 120 5.4098e-17
22 120 7.26101e-19
23 120 1.25751e-17
24 120 8.41475e-08
25 120 1.57756e-08
26 120 2.16626e-05
27 120 8.21679e-06
28 120 6.32004e-06
29 120 1.13259e-06
30 120 6.1326e-07
31 120 1.93882e-06
32 120 1.39672e-07
33 120 3.3116e-07
34 120 8.45402e-07
35 120 5.50493e-06
36 120 7.98977e-07
37 120 3.81931e-07
38 120 8.80204e-06
39 120 1.13848e-05
40 120 8.91524e-08
41 120 4.12119e-08
42 120 1.0975e-07
43 120 9.6975e-08
44 120 2.54291e-17
45 120 3.8349e-18
46 120 1.81873e-17
47 120 4.27607e-18
48 120 2.46035e-17
49 120 3.68801e-17
50 120 3.02925e-17
51 120 3.09604e-17
52 120 1.72816e-17
53 120 9.01566e-18
54 120 6.4966e-18
55 120 2.4609e-17
56 120 4.01531e-06
57 120 1.07806e-06
58 120 1.44998e-05
59 120 3.49964e-05
60 120 3.08785e-06
61 120 3.23959e-06
62 120 3.64992e-17
63 120 6.54559e-18
0 121 1.00083e-16
1 121 1.54166e-16
2 121 1.1025e-16
3 121 2.24554e-17
4 121 3.16858e-17
5 121 5.79934e-17
6 121 1.56389e-16
7 121 8.3986e-18
8 121 1.38792e-17
9 121 3.61704e-18
10 121 4.54544e-17
11 121 4.37554e-18
12 121 3.70483e-17
13 121 2.96425e-18
14 121 1.90635e-17
15 121 2.52371e-16
16 121 1.07703e-16
17 121 5.79471e-17
18 121 3.07813e-17
19 121 8.52521e-17
20 121 2.85032e-17
21 121 6.20728e-17
22 121 1.57815e-16
23 121 1.79739e-17
24 121 1.57726e-08
25 121 8.41497e-08
26 121 8.21682e-06
27 121 2.16626e-05
28 121 1.13257e-06
29 121 6.32004e-06
30 121 1.93877e-06
31 121 6.13258e-07
32 121 3.31158e-07
33 121 1.39675e-07
34 121 5.50491e-06
35 121 8.45402e-07
36 121 3.81939e-07
37 121 7.98972e-07
38 121 1.13848e-05
39 121 8.80203e-06
40 121 4.1211e-08
41 121 8.91552e-08
42 121 9.69753e-08
43 121 1.09755e-07
44 121 2.82493e-17
45 121 2.20352e-17
46 121 4.42437e-17
47 121 1.17266e-17
48 121 3.5102e-17
49 121 2.39948e-17
50 121 2.87055e-17
51 121 3.47702e-17
52 121 3.19908e-17
53 121 6.39396e-18
54 121 2.30313e-16
55 121 2.7238e-16
56 121 1.07805e-06
57 121 4.01534e-06
58 121 3.49963e-05
59 121 1.44998e-05
60 121 3.23961e-06
61 121 3.08783e-06
62 121 2.39164e-17
63 121 3.01258e-16
0 122 2.9587e-17
1 122 6.55873e-17
2 122 4.30811e-17
3 122 6.82543e-19
4 122 1.03664e-16
5 122 3.20631e-18
6 122 4.32829e-17
7 122 1.17609e-17
8 122 3.23574e-18
9 122 1.64403e-17
10 122 7.4637e-18
11 122 2.65099e-17
12 122 1.91402e-17
13 122 2.68572e-18
14 122 1.46404e-17
15 122 2.13864e-17
16 122 7.53889e-17
17 122 2.20176e-16
18 122 6.03791e-17
19 122 1.20192e-16
20 122 3.43177e-17
21 122 6.24686e-17
22 122 1.91104e-17
23 122 1.29109e-16
24 122 5.80853e-07
25 122 1.61705e-06
26 122 2.61968e-06
27 122 1.52963e-06
28 122 2.06676e-05
29 122 2.11393e-07
30 122 1.50858e-07
31 122 3.66102e-08
32 122 8.52985e-07
33 122 2.08405e-07
34 122 8.5685e-07
35 122 1.98991e-06
36 122 2.83828e-07
37 122 9.03929e-10
38 122 3.87125e-08
39 122 9.53988e-08
40 122 2.65727e-07
41 122 3.14223e-07
42 122 1.4649e-07
43 122 3.75983e-07
44 122 1.06942e-17
45 122 1.67187e-17
46 122 2.81828e-17
47 122 1.01601e-16
48 122 2.02691e-18
49 122 1.42603e-17
50 122 1.13977e-17
51 122 4.34958e-17
52 122 9.8555e-18
53 122 2.26984e-17
54 122 8.34321e-17
55 122 1.14753e-17
56 122 9.03858e-07
57 122 3.0106e-06
58 122 1.24106e-07
59 122 7.77273e-07
60 122 6.31802e-05
61 122 7.03569e-06
62 122 4.35499e-18
63 122 9.79189e-17
0 123 1.37389e-16
1 123 1.046e-16
2 123 6.50413e-17
3 123 1.56425e-17
4 123 2.80601e-17
5 123 3.12873e-17
6 123 3.23458e-17
7 123 1.50347e-17
8 123 1.98308e-17
9 123 1.79699e-18
10 123 5.45983e-17
11 123 1.2103e-17
12 123 1.83182e-17
13 123 1.95119e-17
14 123 1.73666e-17
15 123 3.15434e-17
16 123 4.66602e-17
17 123 4.99277e-17
18 123 5.54923e-17
19 123 1.0106e-17
20 123 4.80782e-17
21 123 3.91023e-17
22 123 6.95909e-17
23 123 5.55724e-17
24 123 1.61706e-06
25 123 5.80825e-07
26 123 1.52966e-06
27 123 2.61966e-06
28 123 2.1139e-07
29 123 2.06677e-05
30 123 3.66093e-08
31 123 1.50859e-07
32 123 2.08406e-07
33 123 8.52985e-07
34 123 1.98992e-06
35 123 8.56848e-07
36 123 9.03076e-10
37 123 2.83822e-07
38 123 9.54023e-08
39 123 3.87112e-08
40 123 3.14228e-07
41 123 2.6573e-07
42 123 3.7599e-07
43 123 1.46478e-07
44 123 7.80522e-18
45 123 4.40045e-18
46 123 2.0793e-17
47 123 2.4312e-19
48 123 3.60811e-17
49 123 3.1888e-18
50 123 1.00545e-16
51 123 4.48459e-17
52 123 1.91614e-17
53 123 2.81792e-17
54 123 5.20726e-18
55 123 1.37196e-16
56 123 3.01063e-06
57 123 9.03859e-07
58 123 7.7727e-07
59 123 1.24108e-07
60 123 7.03576e-06
61 123 6.31801e-05
62 123 1.03045e-17
63 123 6.67525e-17
0 124 6.39165e-17
1 124 4.55255e-16
2 124 3.6066e-17
3 124 6.25512e-17
4 124 2.67481e-16
5 124 1.56884e-17
6 124 6.61511e-17
7 124 8.98016e-17
8 124 2.52975e-16
9 124 6.9104e-17
10 124 5.62069e-17
11 124 1.14753e-16
12 124 1.95269e-17
13 124 2.86569e-17
14 124 7.99193e-18
15 124 1.40286e-16
16 124 6.27364e-17
17 124 2.35213e-17
18 124 1.20462e-16
19 124 4.96419e-16
20 124 4.79013e-17
21 124 4.17066e-16
22 124 2.94024e-16
23 124 5.42116e-18
24 124 1.28302e-05
25 124 1.81375e-06
26 124 1.61844e-07
27 124 5.98215e-08
28 124 6.74294e-07
29 124 4.1163e-06
30 124 8.32526e-08
31 124 4.12725e-07
32 124 4.80578e-05
33 124 8.04521e-07
34 124 3.5061e-07
35 124 1.09721e-06
36 124 1.36058e-06
37 124 7.9501e-06
38 124 6.95775e-06
39 124 3.09751e-07
40 124 2.15369e-07
41 124 1.27894e-06
42 124 5.12927e-06
43 124 1.10282e-06
44 124 1.2441e-16
45 124 5.07241e-17
46 124 3.32476e-16
47 124 6.29423e-19
48 124 2.80441e-17
49 124 3.00595e-17
50 124 1.07023e-16
51 124 6.76548e-17
52 124 7.36082e-17
53 124 4.05126e-18
54 124 1.82531e-16
55 124 4.08404e-16
56 124 1.83015e-05
57 124 2.8724e-06
58 124 3.96515e-05
59 124 1.92671e-06
60 124 6.66216e-07
61 124 7.24715e-07
62 124 9.70363e-17
63 124 4.97407e-16
0 125 3.70533e-16
1 125 1.35841e-16
2 125 2.858e-17
3 125 1.34149e-16
4 125 1.04777e-16
5 125 2.71004e-17
6 125 1.96151e-17
7 125 4.56376e-17
8 125 9.2119e-17
9 125 8.20188e-17
10 125 4.6154e-17
11 125 3.5487e-17
12 125 1.4471e-17
13 125 7.93851e-17
14 125 7.78066e-17
15 125 1.5688e-16
16 125 2.02297e-16
17 125 4.94964e-17
18 125 3.40076e-16
19 125 1.67411e-16
20 125 5.71903e-17
21 125 2.14061e-16
22 125 3.95273e-17
23 125 4.54787e-16
24 125 1.81366e-06
25 125 1.28304e-05
26 125 5.98112e-08
27 125 1.61841e-07
28 125 4.11625e-06
29 125 6.74307e-07
30 125 4.1274e-07
31 125 8.32586e-08
32 125 8.04514e-07
33 125 4.80579e-05
34 125 1.09717e-06
35 125 3.506e-07
36 125 7.95014e-06
37 125 1.36064e-06
38 125 3.09768e-07
39 125 6.95787e-06
40 125 1.27895e-06
41 125 2.15368e-07
42 125 1.10277e-06
43 125 5.12918e-06
44 125 6.83285e-17
45 125 1.25639e-16
46 125 6.38343e-17
47 125 4.16538e-17
48 125 9.11479e-17
49 125 7.80569e-17
50 125 3.30025e-17
51 125 3.30556e-16
52 125 4.37935e-17
53 125 5.95284e-17
54 125 4.46144e-16
55 125 4.80288e-16
56 125 2.87242e-06
57 125 1.83015e-05
58 125 1.9267e-06
59 125 3.96516e-05
60 125 7.24712e-07
61 125 6.66194e-07
62 125 2.20096e-17
63 125 4.83467e-16
0 126 4.95812e-17
1 126 4.40297e-16
2 126 1.76159e-16
3 126 5.81248e-17
4 126 7.83576e-17
5 126 9.10906e-17
6 126 1.19902e-16
7 126 6.84612e-18
8 126 1.13971e-16
9 126 7.66723e-17
10 126 6.87423e-17
11 126 9.01122e-17
12 126 7.34232e-18
13 126 1.03797e-16
14 126 1.83159e-17
15 126 3.49405e-17
16 126 1.49282e-16
17 126 1.90925e-18
18 126 1.33098e-16
19 126 2.35377e-16
20 126 2.7929e-16
21 126 1.16836e-16
22 126 4.68232e-18
23 126 3.58019e-16
24 126 7.66573e-06
25 126 2.5429e-05
26 126 9.24042e-08
27 126 2.87073e-07
28 126 2.9356e-06
29 126 6.0415e-08
30 126 2.12738e-06
31 126 3.91335e-06
32 126 1.28251e-06
33 126 5.01676e-07
34 126 1.58431e-06
35 126 3.73158e-06
36 126 2.82977e-08
37 126 4.31901e-07
38 126 1.07199e-07
39 126 6.14347e-07
40 126 9.10838e-07
41 126 8.46875e-07
42 126 9.64378e-06
43 126 2.5081e-06
44 126 9.13296e-17
45 126 1.21669e-17
46 126 8.47811e-17
47 126 4.41058e-17
48 126 1.00733e-16
49 126 1.94148e-17
50 126 7.10434e-17
51 126 1.75067e-16
52 126 8.50549e-17
53 126 2.94249e-17
54 126 7.80183e-17
55 126 1.54161e-16
56 126 2.80565e-06
57 126 6.73096e-05
58 126 3.91508e-06
59 126 4.16318e-07
60 126 1.81803e-07
61 126 1.95155e-08
62 126 1.88878e-18
63 126 1.24449e-16
0 127 5.81905e-16
1 127 1.47965e-16
2 127 1.89361e-17
3 127 4.75154e-17
4 127 2.86138e-16
5 127 1.47297e-17
6 127 3.57837e-17
7 127 2.3285e-16
8 127 6.36781e-17
9 127 6.83947e-17
10 127 6.54246e-17
11 127 6.24888e-17
12 127 7.6145e-18
13 127 5.28252e-17
14 127 3.52098e-18
15 127 2.55115e-16
16 127 7.52204e-16
17 127 9.73277e-17
18 127 3.05296e-16
19 127 6.86217e-16
20 127 8.34782e-17
21 127 5.97847e-16
22 127 1.94073e-16
23 127 2.29437e-16
24 127 2.54292e-05
25 127 7.66579e-06
26 127 2.87037e-07
27 127 9.24091e-08
28 127 6.04188e-08
29 127 2.93551e-06
30 127 3.91336e-06
31 127 2.12744e-06
32 127 5.0168e-07
33 127 1.28252e-06
34 127 3.73157e-06
35 127 1.58425e-06
36 127 4.31878e-07
37 127 2.83012e-08
38 127 6.14316e-07
39 127 1.07204e-07
40 127 8.46867e-07
41 127 9.10846e-07
42 127 2.50816e-06
43 127 9.64379e-06
44 127 1.67386e-17
45 127 5.75127e-18
46 127 1.40638e-16
47 127 5.53788e-17
48 127 2.05664e-16
49 127 3.37211e-16
50 127 1.60832e-16
51 127 2.03238e-17
52 127 2.41351e-16
53 127 4.55206e-16
54 127 4.84283e-16
55 127 6.13006e-16
56 127 6.73097e-05
57 127 2.80575e-06
58 127 4.16322e-07
59 127 3.91512e-06
60 127 1.9518e-08
61 127 1.81815e-07
62 127 2.30835e-16
63 127 2.88527e-16
