0 24 9.6203e-15
1 24 1.54383e-15
2 24 0.000362116
3 24 0.001135
4 24 9.75927e-15
5 24 9.6697e-15
6 24 0.00102308
7 24 0.00160514
8 24 0.000575025
9 24 1.53042e-05
10 24 1.50202e-05
11 24 3.11213e-05
12 24 9.61334e-06
13 24 1.94971e-05
14 24 2.77509e-06
15 24 8.08891e-06
16 24 3.33782e-11
17 24 4.27426e-12
18 24 1.67138e-12
19 24 1.82153e-12
20 24 1.46619e-13
21 24 4.99984e-13
22 24 0.311876
23 24 0.150735
0 25 1.54378e-15
1 25 9.6211e-15
2 25 0.001135
3 25 0.000362116
4 25 9.6608e-15
5 25 9.76046e-15
6 25 0.00160514
7 25 0.00102308
8 25 1.53042e-05
9 25 0.000575025
10 25 3.11213e-05
11 25 1.50202e-05
12 25 1.94971e-05
13 25 9.61334e-06
14 25 8.08891e-06
15 25 2.77509e-06
16 25 4.2744e-12
17 25 3.3378e-11
18 25 1.82156e-12
19 25 1.67144e-12
20 25 4.99992e-13
21 25 1.46604e-13
22 25 0.150735
23 25 0.311876
0 26 2.06442e-06
1 26 0.000102543
2 26 4.10252e-16
3 26 6.69217e-17
4 26 3.21969e-06
5 26 6.07939e-06
6 26 1.13161e-15
7 26 9.19006e-16
8 26 4.03729e-15
9 26 2.05478e-14
10 26 1.75405e-14
11 26 1.84602e-16
12 26 1.44026e-12
13 26 1.7108e-12
14 26 6.0528e-14
15 26 1.34577e-13
16 26 4.0892e-06
17 26 0.000100458
18 26 3.64182e-06
19 26 4.174e-07
20 26 0.0110697
21 26 0.000232433
22 26 1.06278e-13
23 26 1.37586e-13
0 27 0.000102543
1 27 2.06442e-06
2 27 6.74258e-17
3 27 4.09937e-16
4 27 6.07939e-06
5 27 3.21969e-06
6 27 9.18124e-16
7 27 1.13156e-15
8 27 2.05429e-14
9 27 4.03998e-15
10 27 1.84322e-16
11 27 1.75381e-14
12 27 1.71083e-12
13 27 1.44026e-12
14 27 1.34586e-13
15 27 6.05294e-14
16 27 0.000100458
17 27 4.0892e-06
18 27 4.17401e-07
19 27 3.64182e-06
20 27 0.000232433
21 27 0.0110697
22 27 1.37532e-13
23 27 1.06321e-13
0 28 5.82681e-06
1 28 1.65659e-05
2 28 6.05371e-15
3 28 8.64866e-16
4 28 1.51182e-08
5 28 2.97905e-07
6 28 6.84576e-15
7 28 7.41376e-16
8 28 9.17967e-18
9 28 1.69988e-15
10 28 1.41123e-12
11 28 1.01123e-12
12 28 1.40754e-14
13 28 8.78059e-16
14 28 2.35438e-15
15 28 1.00164e-15
16 28 0.000282582
17 28 0.000506544
18 28 0.00523502
19 28 0.00254116
20 28 2.28958e-05
21 28 2.36539e-05
22 28 3.44767e-14
23 28 1.62843e-14
0 29 1.65659e-05
1 29 5.82681e-06
2 29 8.64397e-16
3 29 6.05728e-15
4 29 2.97905e-07
5 29 1.51182e-08
6 29 7.39652e-16
7 29 6.84831e-15
8 29 1.69742e-15
9 29 9.28595e-18
10 29 1.01124e-12
11 29 1.41128e-12
12 29 8.78525e-16
13 29 1.40759e-14
14 29 1.00242e-15
15 29 2.35514e-15
16 29 0.000506544
17 29 0.000282582
18 29 0.00254116
19 29 0.00523502
20 29 2.36539e-05
21 29 2.28958e-05
22 29 1.62875e-14
23 29 3.44833e-14
0 30 8.24496e-07
1 30 1.04087e-06
2 30 2.04505e-14
3 30 3.02058e-12
4 30 1.97457e-07
5 30 2.41079e-08
6 30 6.53939e-14
7 30 5.47636e-13
8 30 6.5488e-14
9 30 3.75361e-14
10 30 2.77694e-14
11 30 6.25354e-15
12 30 4.1483e-16
13 30 8.72671e-16
14 30 2.91619e-16
15 30 5.55532e-16
16 30 0.0018924
17 30 0.00289846
18 30 0.000461336
19 30 0.000138829
20 30 1.61691e-05
21 30 5.56995e-06
22 30 1.16269e-11
23 30 1.42894e-11
0 31 1.04087e-06
1 31 8.24496e-07
2 31 3.02064e-12
3 31 2.04562e-14
4 31 2.41079e-08
5 31 1.97457e-07
6 31 5.47654e-13
7 31 6.53996e-14
8 31 3.75382e-14
9 31 6.54993e-14
10 31 6.2533e-15
11 31 2.77769e-14
12 31 8.7324e-16
13 31 4.15787e-16
14 31 5.55564e-16
15 31 2.91605e-16
16 31 0.00289846
17 31 0.0018924
18 31 0.000138829
19 31 0.000461336
20 31 5.56995e-06
21 31 1.61691e-05
22 31 1.42893e-11
23 31 1.16271e-11
0 32 1.18982e-16
1 32 1.35361e-15
2 32 1.52753e-07
3 32 7.82853e-08
4 32 4.37374e-14
5 32 4.49072e-13
6 32 1.72669e-05
7 32 4.7726e-06
8 32 9.43556e-08
9 32 7.1367e-07
10 32 6.22813e-06
11 32 2.00634e-06
12 32 5.27298e-05
13 32 1.09973e-05
14 32 0.000432361
15 32 0.000454855
16 32 1.08626e-15
17 32 4.85779e-15
18 32 2.30118e-14
19 32 1.81948e-15
20 32 5.72445e-15
21 32 2.02065e-15
22 32 1.17796e-05
23 32 5.33849e-06
0 33 1.35314e-15
1 33 1.18027e-16
2 33 7.82853e-08
3 33 1.52753e-07
4 33 4.49054e-13
5 33 4.37384e-14
6 33 4.7726e-06
7 33 1.72669e-05
8 33 7.1367e-07
9 33 9.43556e-08
10 33 2.00634e-06
11 33 6.22813e-06
12 33 1.09973e-05
13 33 5.27298e-05
14 33 0.000454855
15 33 0.000432361
16 33 4.85646e-15
17 33 1.08581e-15
18 33 1.82156e-15
19 33 2.30062e-14
20 33 2.02378e-15
21 33 5.72063e-15
22 33 5.33849e-06
23 33 1.17796e-05
0 34 1.03758e-15
1 34 4.82975e-16
2 34 1.21532e-05
3 34 1.18048e-05
4 34 1.28768e-14
5 34 5.73046e-15
6 34 8.56351e-05
7 34 0.000302644
8 34 0.000337133
9 34 0.000399946
10 34 6.25191e-07
11 34 8.59367e-07
12 34 8.59156e-06
13 34 2.562e-05
14 34 3.17324e-05
15 34 1.03024e-05
16 34 6.67684e-14
17 34 1.22517e-13
18 34 2.00518e-14
19 34 5.75287e-14
20 34 5.50502e-14
21 34 2.70216e-14
22 34 4.92587e-06
23 34 0.00110769
0 35 4.83055e-16
1 35 1.03882e-15
2 35 1.18048e-05
3 35 1.21532e-05
4 35 5.72954e-15
5 35 1.28804e-14
6 35 0.000302644
7 35 8.56351e-05
8 35 0.000399946
9 35 0.000337133
10 35 8.59367e-07
11 35 6.25191e-07
12 35 2.562e-05
13 35 8.59156e-06
14 35 1.03024e-05
15 35 3.17324e-05
16 35 1.22475e-13
17 35 6.67602e-14
18 35 5.75401e-14
19 35 2.0047e-14
20 35 2.7022e-14
21 35 5.50533e-14
22 35 0.00110769
23 35 4.92587e-06
0 36 2.70562e-16
1 36 4.62068e-16
2 36 1.84906e-07
3 36 8.12823e-08
4 36 1.74433e-16
5 36 1.30191e-15
6 36 0.000286306
7 36 0.000238761
8 36 7.43395e-06
9 36 0.000270992
10 36 1.54634e-05
11 36 4.46601e-06
12 36 6.46749e-06
13 36 3.19788e-06
14 36 1.40145e-07
15 36 1.45005e-07
16 36 7.1578e-17
17 36 2.01015e-16
18 36 3.08895e-14
19 36 1.7044e-14
20 36 6.27811e-14
21 36 1.69122e-14
22 36 5.91131e-07
23 36 3.1366e-06
0 37 4.6211e-16
1 37 2.70707e-16
2 37 8.12823e-08
3 37 1.84906e-07
4 37 1.30229e-15
5 37 1.74642e-16
6 37 0.000238761
7 37 0.000286306
8 37 0.000270992
9 37 7.43395e-06
10 37 4.46601e-06
11 37 1.54634e-05
12 37 3.19788e-06
13 37 6.46749e-06
14 37 1.45005e-07
15 37 1.40145e-07
16 37 2.00414e-16
17 37 7.1651e-17
18 37 1.70456e-14
19 37 3.08759e-14
20 37 1.69108e-14
21 37 6.27478e-14
22 37 3.1366e-06
23 37 5.91131e-07
0 38 2.41742e-14
1 38 2.22413e-14
2 38 9.67765e-08
3 38 3.96711e-07
4 38 6.97301e-16
5 38 4.48803e-16
6 38 4.5759e-05
7 38 5.53638e-05
8 38 2.03281e-05
9 38 1.12193e-05
10 38 1.5559e-06
11 38 6.41754e-07
12 38 0.000236982
13 38 0.000328191
14 38 8.02574e-07
15 38 2.50853e-05
16 38 1.24909e-14
17 38 4.4674e-15
18 38 2.15611e-14
19 38 4.332e-16
20 38 9.22825e-13
21 38 8.41537e-13
22 38 0.000198244
23 38 3.99137e-05
0 39 2.22462e-14
1 39 2.41647e-14
2 39 3.96711e-07
3 39 9.67765e-08
4 39 4.4896e-16
5 39 6.96892e-16
6 39 5.53638e-05
7 39 4.5759e-05
8 39 1.12193e-05
9 39 2.03281e-05
10 39 6.41754e-07
11 39 1.5559e-06
12 39 0.000328191
13 39 0.000236982
14 39 2.50853e-05
15 39 8.02574e-07
16 39 4.46717e-15
17 39 1.24915e-14
18 39 4.32872e-16
19 39 2.15704e-14
20 39 8.41554e-13
21 39 9.22745e-13
22 39 3.99137e-05
23 39 0.000198244
0 40 2.28803e-15
1 40 1.93523e-15
2 40 9.52994e-06
3 40 1.54999e-06
4 40 1.3995e-16
5 40 3.37701e-16
6 40 6.17503e-06
7 40 5.55029e-08
8 40 7.72794e-06
9 40 1.30591e-05
10 40 0.000149904
11 40 0.000290408
12 40 4.77198e-06
13 40 1.39757e-07
14 40 1.13732e-06
15 40 7.08182e-07
16 40 9.99809e-14
17 40 5.01794e-14
18 40 6.22917e-13
19 40 5.72576e-13
20 40 1.15866e-15
21 40 8.54981e-15
22 40 8.01083e-06
23 40 1.08037e-06
0 41 1.93285e-15
1 41 2.28877e-15
2 41 1.54999e-06
3 41 9.52994e-06
4 41 3.37381e-16
5 41 1.40536e-16
6 41 5.55029e-08
7 41 6.17503e-06
8 41 1.30591e-05
9 41 7.72794e-06
10 41 0.000290408
11 41 0.000149904
12 41 1.39757e-07
13 41 4.77198e-06
14 41 7.08182e-07
15 41 1.13732e-06
16 41 5.01789e-14
17 41 9.99795e-14
18 41 5.72613e-13
19 41 6.22837e-13
20 41 8.5538e-15
21 41 1.15668e-15
22 41 1.08037e-06
23 41 8.01083e-06
0 42 1.77313e-16
1 42 1.62042e-15
2 42 0.00014063
3 42 0.000387461
4 42 4.90904e-16
5 42 4.19095e-15
6 42 4.04991e-06
7 42 1.68804e-05
8 42 1.50778e-06
9 42 5.27153e-06
10 42 5.4995e-06
11 42 4.41676e-07
12 42 5.31424e-08
13 42 1.14056e-07
14 42 5.97673e-08
15 42 1.40295e-07
16 42 1.82102e-13
17 42 3.07532e-12
18 42 3.34076e-13
19 42 9.51444e-14
20 42 1.55021e-14
21 42 4.87193e-16
22 42 0.00011531
23 42 0.000375447
0 43 1.62052e-15
1 43 1.77011e-16
2 43 0.000387461
3 43 0.00014063
4 43 4.18448e-15
5 43 4.91648e-16
6 43 1.68804e-05
7 43 4.04991e-06
8 43 5.27153e-06
9 43 1.50778e-06
10 43 4.41676e-07
11 43 5.4995e-06
12 43 1.14056e-07
13 43 5.31424e-08
14 43 1.40295e-07
15 43 5.97673e-08
16 43 3.07511e-12
17 43 1.82077e-13
18 43 9.51409e-14
19 43 3.33929e-13
20 43 4.84366e-16
21 43 1.54863e-14
22 43 0.000375447
23 43 0.00011531
0 44 1.50741e-05
1 44 0.000162821
2 44 2.35337e-16
3 44 1.10557e-16
4 44 1.43095e-07
5 44 3.64755e-06
6 44 8.73911e-17
7 44 2.03434e-17
8 44 6.17183e-17
9 44 1.41471e-15
10 44 8.77778e-15
11 44 2.76519e-15
12 44 1.84473e-15
13 44 5.68566e-16
14 44 1.1583e-14
15 44 6.18597e-15
16 44 5.02543e-07
17 44 2.71078e-06
18 44 2.05837e-05
19 44 7.13686e-06
20 44 2.13535e-06
21 44 5.74394e-07
22 44 3.76947e-17
23 44 4.93029e-17
0 45 0.000162821
1 45 1.50741e-05
2 45 1.11918e-16
3 45 2.38847e-16
4 45 3.64755e-06
5 45 1.43095e-07
6 45 2.08319e-17
7 45 8.82003e-17
8 45 1.41226e-15
9 45 6.28085e-17
10 45 2.76729e-15
11 45 8.78483e-15
12 45 5.69609e-16
13 45 1.84312e-15
14 45 6.19382e-15
15 45 1.15616e-14
16 45 2.71078e-06
17 45 5.02543e-07
18 45 7.13686e-06
19 45 2.05837e-05
20 45 5.74393e-07
21 45 2.13534e-06
22 45 4.80484e-17
23 45 3.9766e-17
0 46 1.66801e-05
1 46 7.0145e-06
2 46 5.83435e-19
3 46 3.74276e-17
4 46 4.3712e-07
5 46 1.76409e-09
6 46 1.33431e-16
7 46 1.73592e-15
8 46 1.7696e-15
9 46 4.62449e-16
10 46 1.39047e-15
11 46 1.26794e-15
12 46 1.74708e-15
13 46 1.98725e-14
14 46 1.86786e-16
15 46 2.83815e-15
16 46 4.76786e-09
17 46 5.24971e-09
18 46 3.72316e-06
19 46 3.14255e-06
20 46 3.49274e-05
21 46 4.32454e-05
22 46 1.26163e-15
23 46 1.11083e-15
0 47 7.0145e-06
1 47 1.66801e-05
2 47 3.49486e-17
3 47 5.83092e-19
4 47 1.76409e-09
5 47 4.3712e-07
6 47 1.73857e-15
7 47 1.34965e-16
8 47 4.62415e-16
9 47 1.77001e-15
10 47 1.26723e-15
11 47 1.40027e-15
12 47 1.98579e-14
13 47 1.7473e-15
14 47 2.85221e-15
15 47 1.89328e-16
16 47 5.24969e-09
17 47 4.76786e-09
18 47 3.14255e-06
19 47 3.72316e-06
20 47 4.32454e-05
21 47 3.49274e-05
22 47 1.1131e-15
23 47 1.25551e-15
