0 0.00519065 0.06616774  0.00000119 -0.000693697250  0.003428706722 -0.000745889984  0.003686694750 -0.000148059394  0.000731821437
1 5.45587440 0.06639780  1.31762290  0.689236362334  3.792469308536 -0.690411966667 -3.798937970377  0.001759842055  0.009683448459
2 5.98976114 0.06645474  1.58947495 -4.160157071545 -0.810772892223 -4.154215052447 -0.809614853136  0.000159455184  0.000031083706
3 6.68405636 0.06649057  1.98038208  0.006729811245 -0.006440065435 -0.006875679069  0.006579665574 -4.829146608907  4.621230906016
4 0.00001358 0.06816329  0.00000000 -0.000009855193 -0.000000372149 -0.000009325631 -0.000000354363 -0.000000052034 -0.000000001178
5 0.00001696 0.06824491  0.00000000 -0.000001977770 -0.000008846409  0.000001914012  0.000008570985  0.000002468943  0.000011061727
6 0.00013335 0.06828192  0.00000000  0.000012648419 -0.000094417858 -0.000012389722  0.000092480967  0.000000033837 -0.000000255960
7 0.00000179 0.06841095  0.00000000  0.000000153383  0.000000677238 -0.000000300686 -0.000001317234 -0.000000207264 -0.000000917150
8 0.00000248 0.06848296  0.00000000 -0.000001208743 -0.000000041897 -0.000000681482 -0.000000021934 -0.000002055292 -0.000000072723
9 0.00021303 0.06849026  0.00000000  0.000096410933 -0.000108859399  0.000095335788 -0.000107645050 -0.000039566992  0.000044674707
10 0.00030315 0.06879033  0.00000000  0.000005090915 -0.000215093086 -0.000005049329  0.000213497640  0.000000033475 -0.000001455026
11 0.00001640 0.06882151  0.00000000  0.000000673879 -0.000006200971 -0.000001635445  0.000015067300  0.000000042562 -0.000000443338
12 0.00067206 0.06894750  0.00000002 -0.000134020114  0.000144018523 -0.000132353036  0.000142228246  0.000417294849 -0.000448420647
13 0.00005159 0.06897614  0.00000000  0.000008952820  0.000033383078 -0.000008699554 -0.000032430268 -0.000004772117 -0.000017792790
14 0.00005335 0.06901969  0.00000000 -0.000037373270 -0.000001881069 -0.000037968558 -0.000001912395 -0.000000805686 -0.000000041758
15 0.00293170 0.06961106  0.00000040  0.000045343835 -0.000048396847  0.000051672445 -0.000055152838  0.002003290353 -0.002138129540
16 0.00002123 0.06985598  0.00000000 -0.000015208544 -0.000000563546 -0.000014783028 -0.000000547736  0.000000407273  0.000000016086
17 0.00002701 0.06986201  0.00000000  0.000003242396  0.000013977174 -0.000003267942 -0.000014073775  0.000004011761  0.000017282139
18 0.00009771 0.06987644  0.00000000  0.000009592937 -0.000069061333 -0.000009416032  0.000067801029  0.000000042385 -0.000000319882
19 0.00063478 0.06989598  0.00000002  0.000043678532 -0.000047052711  0.000041903392 -0.000045140333 -0.000427608619  0.000460635166
20 0.00013065 0.06996138  0.00000000 -0.000011888744  0.000091542235  0.000011905692 -0.000091691145 -0.000000032484  0.000000263724
21 0.00048264 0.06997296  0.00000001  0.000031597321 -0.000034089567  0.000030334079 -0.000032725415 -0.000325164736  0.000350800662
22 0.00002116 0.06997876  0.00000000 -0.000001618599 -0.000007074754  0.000001698466  0.000007418130 -0.000004094552 -0.000017899127
23 0.00000775 0.06998593  0.00000000  0.000006249856  0.000000154197  0.000004484111  0.000000111319  0.000000962771  0.000000022678
24 0.00190677 0.07019522  0.00000017 -0.000337747199 -0.001202528952 -0.000131264851 -0.000467368414  0.000366789182  0.001305917628
25 0.84935065 0.07036749  0.03384191 -0.000228470531  0.000315018055 -0.000759132923  0.001046698716 -0.498659851280  0.687555861368
26 0.00000177 0.07050988  0.00000000 -0.000000007691  0.000000949745  0.000000013367 -0.000001494690  0.000000001440 -0.000000114754
27 0.00026400 0.07051581  0.00000000 -0.000051864518 -0.000179648551  0.000051559712  0.000178621658 -0.000003592890 -0.000012446817
28 0.00033238 0.07051740  0.00000001  0.000235365235  0.000000431555  0.000234693534  0.000000429098  0.000000610857 -0.000000000366
29 0.00313429 0.07053799  0.00000046 -0.000020098205  0.000021894881 -0.000022107590  0.000024084748  0.002118550809 -0.002309456876
30 2.29395251 0.07055328  0.24751116  1.523104261992  0.551697080959  1.527099030873  0.553144069425 -0.001345977427 -0.000487542082
31 0.31687114 0.07060170  0.00472595  0.040631652262  0.227253867816 -0.038189638851 -0.213595707181 -0.000971864479 -0.005435683515
32 0.00564089 0.07071331  0.00000150  0.000075407270 -0.002707201070  0.000066543762 -0.002388532166 -0.000120636844  0.004331396223
33 0.74317436 0.07079961  0.02606880  0.476851101548  0.032568916722  0.567764595440  0.038778269409 -0.000165759838 -0.000011334145
34 3.18429924 0.07082882  0.47879154  0.349583805578  2.241855716034 -0.344184522900 -2.207230394669 -0.005569617173 -0.035717483180
35 1.60516613 0.07088371  0.12175734 -0.008778011427 -0.007475609913  0.005552692035  0.004728821303  1.222011778733  1.040701385046
36 0.03855036 0.07091265  0.00007026 -0.002780711664  0.007424568949  0.004350174380 -0.011615199239 -0.012496207834  0.033365871741
37 3.62682371 0.07092853  0.62198883  0.333613178478 -2.539115699883 -0.333725790458  2.539972663441  0.023524395397 -0.179043259339
38 6.14202051 0.07096960  1.78485774  0.054356562138 -0.038406800411 -0.054125860746  0.038243764587 -5.015617867156  3.543892125283
39 0.14528188 0.07098780  0.00099888 -0.001244279666  0.001541616534  0.005986705221 -0.007417202320 -0.091043050108  0.112797201592
40 4.73329213 0.07102809  1.06087806  3.337525292450 -0.177775182896  3.346876525424 -0.178273281305  0.003379347626 -0.000179972188
41 0.96279576 0.07105861  0.04391307 -0.000548111252 -0.002763332992  0.000221929311  0.001118910225 -0.187320924465 -0.944392559411
42 0.73930859 0.07113540  0.02592066 -0.342547470263 -0.398487918196 -0.338975469794 -0.394332592354  0.004286437219  0.004986489969
43 0.20787484 0.07116151  0.00205002 -0.067675354782 -0.144756266079  0.055966544008  0.119711364785 -0.006203493575 -0.013269186859
44 0.01953249 0.07126332  0.00001813 -0.000806905012  0.001412771060 -0.001531238638  0.002680979156 -0.009531421581  0.016688042291
45 1.71224679 0.07130224  0.13936209 -0.000342746813  0.000599117275  0.000810549144 -0.001416838981 -0.850245174304  1.486226459766
46 0.65567360 0.07137049  0.02045516 -0.003121396317 -0.461739873303  0.003146216358  0.465410000778 -0.000059717052 -0.008834234112
47 0.90240394 0.07143072  0.03877892 -0.610192271041  0.194160238745 -0.605907525701  0.192796860790  0.002235040822 -0.000711185890
48 0.01118307 0.07194455  0.00000600  0.000375342020  0.007208157607  0.000423044855  0.008124159826  0.000135416369  0.002600629904
49 1.40730700 0.07199577  0.09505903 -0.000359068848  0.004001289186  0.000281461722 -0.003136438149  0.125785183160 -1.401665090652
50 0.24154068 0.07201498  0.00280099  0.208794588958  0.001426673352  0.121403269442  0.000829576875  0.002289621189  0.000015630712
51 0.73011181 0.07201553  0.02559255  0.073854653601  0.494022309108 -0.078705730872 -0.526471804865  0.002003086266  0.013398943405
52 0.01034097 0.07202299  0.00000513 -0.001041662206 -0.006935987892 -0.000763338467 -0.005082685794 -0.000831263531 -0.005534920608
53 0.14198436 0.07205885  0.00096845  0.007308527548  0.003867936301 -0.008129345382 -0.004302344026  0.125016145849  0.066163051986
54 0.03075525 0.07206768  0.00004545  0.009051478651 -0.018721869996  0.009772886419 -0.020214005434  0.001329712624 -0.002750330321
55 0.49311610 0.07207117  0.01168338 -0.342490555033 -0.035289395569 -0.351087838354 -0.036175245857  0.006822758661  0.000702998780
56 0.40784552 0.07207383  0.00799241 -0.289352293402 -0.052279658114  0.276788957558  0.050009741996 -0.027252738456 -0.004923981768
57 2.99648702 0.07210146  0.43159618  0.010365685454 -0.016331746072 -0.009154736197  0.014423833019  1.605673864020 -2.529837919463
58 3.19432996 0.07218754  0.49105544 -0.738113606430 -2.139720987792  0.734863360812  2.130298914405  0.015736368882  0.045618178845
59 3.60080910 0.07224321  0.62446189  2.532598269027 -0.207367068586  2.542720108540 -0.208195813918 -0.000153091510  0.000012533607
60 0.02605177 0.07228178  0.00003270 -0.004615813476 -0.015621136987 -0.005758819260 -0.019489396719 -0.000172007824 -0.000582082655
61 0.39213808 0.07237493  0.00741951 -0.026619492365 -0.278630861717  0.026051211881  0.272682465083  0.001888079719  0.019762727916
62 0.21120232 0.07239636  0.00215290 -0.146792006274 -0.026747268278 -0.147052583285 -0.026794771983 -0.000816427355 -0.000148763379
63 0.49918762 0.07247851  0.01204053 -0.150119224243 -0.326966383838 -0.144386625449 -0.314480465136  0.000060093520  0.000130899062
64 0.36579871 0.07247953  0.00646559  0.118889084589 -0.236761434300  0.113181866748 -0.225395852033  0.000970732452 -0.001933153348
65 1.09797527 0.07248666  0.05825751 -0.268070056725 -0.721427502102  0.272057287984  0.732157821182  0.019580810272  0.052695694258
66 0.66082730 0.07249452  0.02110522 -0.017914998532  0.001495916859  0.018561778419 -0.001549919044 -0.658030087069  0.054945414486
67 0.61513748 0.07254076  0.01829933  0.046587290682 -0.002428146691 -0.046669590981  0.002432436572  0.610754091744 -0.031832757746
68 0.04066708 0.07254455  0.00007998  0.003868350711 -0.017852342465  0.004541443959 -0.020958657327 -0.006211253012  0.028664808544
69 0.38240625 0.07257165  0.00707499 -0.120441252188  0.232767939866  0.127883326946 -0.247150720142 -0.004817909961  0.009311212699
70 0.68040288 0.07257376  0.02239859 -0.486282229418 -0.018446710102 -0.475192103472 -0.018026003976 -0.002215691711 -0.000084043526
71 0.68755017 0.07260818  0.02288248  0.489783765465  0.017116675253  0.481931121779  0.016842240121 -0.001686768939 -0.000058945250
72 0.35057728 0.07261120  0.00594949 -0.014244431812 -0.000380692532  0.014160056365  0.000378426577 -0.349876138139 -0.009349948209
73 0.00085083 0.07261144  0.00000004 -0.000611941522 -0.000021004131 -0.000584901119 -0.000020084074  0.000080453716  0.000002640786
74 0.11252058 0.07261217  0.00061289 -0.059536928515 -0.007487540084  0.086739641044  0.010908613384  0.037354262871  0.004697664646
75 0.45601321 0.07261948  0.01006739 -0.007789482576 -0.000302629002  0.011443626795  0.000444593475 -0.455459121129 -0.017695056225
76 0.05577159 0.07261987  0.00015059 -0.009327832880  0.004633584441 -0.008024876951  0.003986336290 -0.048409081488  0.024047100370
77 0.01396496 0.07262976  0.00000944 -0.001917219108 -0.001742698003 -0.002374422607 -0.002158290590 -0.009872913952 -0.008974235878
78 0.34254654 0.07266105  0.00568394 -0.009766478929 -0.013583045316  0.008669690220  0.012057645753  0.199545041587  0.277523822187
79 0.16003192 0.07266795  0.00124069  0.036230307906  0.106609427183 -0.035692968820 -0.105028289246  0.008057586094  0.023709847085
80 0.13699882 0.07268162  0.00090943  0.095453517984 -0.004018713755  0.098093112627 -0.004129839540  0.001354591258 -0.000057020861
81 0.00588285 0.07270785  0.00000168  0.000795439885 -0.004370662350  0.000689419631 -0.003788118594 -0.000038968048  0.000214125752
82 0.38578728 0.07272284  0.00721565  0.088967346897  0.258952399717 -0.088305384322 -0.257025646161  0.000167506736  0.000487550043
83 0.00025669 0.07272688  0.00000000  0.000071348798  0.000168506392 -0.000070207428 -0.000165761606  0.000000113936  0.000000225357
84 0.01513847 0.07273283  0.00001111  0.013809461001  0.000484748812  0.006176966892  0.000216829193  0.000187227299  0.000006571000
85 0.27442894 0.07276677  0.00365344 -0.181207531613 -0.059466386237 -0.187487681685 -0.061527324707 -0.001193830711 -0.000391759528
86 0.04684036 0.07277126  0.00010644 -0.020915636666  0.023815602822  0.022411643939 -0.025519052089  0.003952027534 -0.004499973463
87 0.47858065 0.07280520  0.01111684 -0.004907811688  0.003109900418  0.003006265539 -0.001904971473  0.404212499324 -0.256135252295
88 0.00636404 0.07282071  0.00000197 -0.000243657809 -0.001446007458 -0.000009053950 -0.000053712104 -0.001028998073 -0.006106467347
89 0.22541570 0.07282758  0.00246702  0.004463438298  0.000432217606 -0.004691621776 -0.000454326938 -0.224272707595 -0.021717816169
90 0.00025299 0.07284277  0.00000000 -0.000040445353  0.000178076970  0.000038799305 -0.000170738952  0.000000156664 -0.000000626386
91 0.01345832 0.07290859  0.00000880 -0.001790113917  0.004436962263 -0.000015087669  0.000037388833 -0.004706463488  0.011665459143
92 0.68955941 0.07291160  0.02311260  0.026504997664 -0.003503782418 -0.036992720621  0.004890212176  0.682095749353 -0.090168736277
93 0.50511539 0.07291738  0.01240284 -0.002670684733 -0.347937745628  0.002794936093  0.364123435615  0.000295290738  0.038470497246
94 0.71409911 0.07291870  0.02478932  0.012134668109 -0.509166126671  0.011924581403 -0.500351452590  0.000162279727 -0.006808260871
95 0.00580985 0.07296895  0.00000164  0.000239728870 -0.001007509904  0.000888822138 -0.003735414149 -0.000980412621  0.004120346859
96 0.30277996 0.07298046  0.00446036 -0.062945250313 -0.039633645566  0.062500069588  0.039353332063 -0.240375048975 -0.151352781619
97 0.49143027 0.07298145  0.01175019 -0.163082541683  0.305569300416  0.161544540494 -0.302687536897  0.029096320302 -0.054518059882
98 0.05485015 0.07298365  0.00014638 -0.033863183552 -0.025671201706 -0.027387529840 -0.020762086265  0.003709773955  0.002812339916
99 0.00040139 0.07301338  0.00000001  0.000032960073 -0.000287540783 -0.000031669994  0.000276310765 -0.000000137488  0.000001049838
100 0.00044257 0.07307981  0.00000001  0.000258069989 -0.000175480085  0.000255709229 -0.000173869710 -0.000044211996  0.000030072066
101 0.00002575 0.07310203  0.00000000  0.000004486606  0.000020083925  0.000002204236  0.000009935634 -0.000002561203 -0.000011382572
102 0.00000467 0.07320200  0.00000000  0.000001165584  0.000000013585  0.000000428038 -0.000000006423 -0.000004496879 -0.000000131337
103 0.00001272 0.07326955  0.00000000  0.000009739792  0.000000205203  0.000007887722  0.000000169055 -0.000002133607 -0.000000046761
104 0.00001048 0.07327891  0.00000000 -0.000002368769 -0.000009143112  0.000000841870  0.000003239944  0.000000776105  0.000002981160
105 0.00027756 0.07332057  0.00000000  0.000089391226 -0.000085308219  0.000089127565 -0.000085061576  0.000156165376 -0.000149009674
106 0.30552240 0.07337991  0.00456638  0.171594671481 -0.135360906727  0.167613650024 -0.132220549747  0.000118792401 -0.000093714152
107 0.33753798 0.07338314  0.00557379  0.038381773213  0.233274170472 -0.039113677496 -0.237722390505 -0.000044976672 -0.000273356697
108 0.01407707 0.07338740  0.00000970 -0.001046672774  0.009313902255 -0.001169146498  0.010403617709 -0.000094597057  0.000841673858
109 0.00014258 0.07339069  0.00000000 -0.000012419346  0.000102249243  0.000011890387 -0.000097864278 -0.000000048176  0.000000374490
110 0.19829099 0.07340984  0.00192428  0.001572355657 -0.001743561269 -0.001594586254  0.001768202876 -0.132777950091  0.147235022131
111 0.00014774 0.07348007  0.00000000  0.000000383101 -0.000000420697  0.000002517791 -0.000002769439  0.000099165437 -0.000109445008
112 0.00249600 0.07348417  0.00000031  0.000652435701 -0.001823857883  0.000526472600 -0.001471725490 -0.000062799365  0.000175538962
113 0.11845154 0.07349083  0.00068742 -0.002966089677  0.003237079730  0.003371739192 -0.003679788709  0.079896426439 -0.087195999972
114 0.13177878 0.07349750  0.00085089 -0.005437385882 -0.092595988767  0.005481685294  0.093350219552  0.000246980689  0.004205943151
115 0.12908343 0.07350565  0.00081653 -0.088202234196  0.025306302766 -0.087267170098  0.025038019441 -0.000157038457  0.000045054616
116 0.00002187 0.07367697  0.00000000  0.000002434702 -0.000017336161 -0.000001828506  0.000012954770  0.000000130008 -0.000000901722
117 0.00005738 0.07375005  0.00000000  0.000004701139  0.000039941758 -0.000004710268 -0.000040014885 -0.000000852135 -0.000007170217
118 0.00007177 0.07380571  0.00000000  0.000050374449  0.000000668871  0.000051105390  0.000000688204  0.000000275995 -0.000000002951
119 0.00089290 0.07385212  0.00000004 -0.000053230340 -0.000431937727 -0.000072521531 -0.000588297926 -0.000061976202 -0.000502668899
120 1.17153702 0.07388034  0.06760046  0.257638677583  0.787223385962 -0.257691363500 -0.787384702590  0.001429748129  0.004368635965
121 1.33913017 0.07388773  0.08833375 -0.923822566388  0.208496102529 -0.923530060858  0.208429995599 -0.000128001539  0.000028877935
122 0.00011352 0.07389211  0.00000000  0.000007471397 -0.000013390737  0.000013393485 -0.000023702804 -0.000053561463  0.000095089959
123 0.46059373 0.07395120  0.01045900  0.001416788208  0.000937901126 -0.001348174962 -0.000892466077  0.384061524541  0.254239707055
124 0.00000306 0.07401835  0.00000000 -0.000001904206 -0.000000218596 -0.000002312720 -0.000000273604 -0.000000488324 -0.000000043793
125 0.00000472 0.07404318  0.00000000 -0.000000517065 -0.000002066920  0.000000667596  0.000002669612 -0.000000777397 -0.000003099481
126 0.00002794 0.07411715  0.00000000 -0.000002615434  0.000020463231  0.000002389935 -0.000018660021  0.000000131165 -0.000001001390
127 0.00001394 0.07412045  0.00000000  0.000010278301  0.000001163097  0.000009002581  0.000001021859 -0.000002268750 -0.000000264388
128 0.00002851 0.07412610  0.00000000  0.000001363567  0.000006450742 -0.000001597824 -0.000007521107 -0.000005519310 -0.000026069972
129 0.00007289 0.07414609  0.00000000  0.000016931274 -0.000047966960 -0.000017082228  0.000048385575  0.000003182651 -0.000009039824
130 0.00000814 0.07422935  0.00000000  0.000006616097  0.000000038484  0.000003313521  0.000000015132  0.000003381278  0.000000012216
131 0.00002321 0.07423409  0.00000000 -0.000001691659 -0.000005130008  0.000001467723  0.000004453034  0.000006911672  0.000020976168
132 0.00086851 0.07425407  0.00000004 -0.000034354035  0.000036591175 -0.000038972067  0.000041520557  0.000592163151 -0.000630789007
133 0.00033838 0.07426284  0.00000001 -0.000031342181  0.000241077670  0.000030174884 -0.000232241018  0.000003034601 -0.000023297271
134 0.00222243 0.07427460  0.00000024  0.000025214695 -0.000022414637  0.000024454784 -0.000021741603 -0.001660470806  0.001476424537
135 0.00064343 0.07429967  0.00000002  0.000169350586 -0.000175380099  0.000172176738 -0.000178299982  0.000376113695 -0.000389450965
136 0.00002734 0.07438192  0.00000000 -0.000004493259  0.000019262885  0.000004197056 -0.000018009134  0.000000850753 -0.000003691468
137 0.00002944 0.07438472  0.00000000  0.000018783831  0.000001716677  0.000022438154  0.000002056905  0.000001823360  0.000000169572
138 0.00263340 0.07439502  0.00000034 -0.000218718871  0.001871009883 -0.000213640459  0.001827682313 -0.000001768668  0.000014855827
139 0.19413629 0.07440166  0.00186941  0.000105703360 -0.000032281089 -0.000130245764  0.000039823746 -0.185622970748  0.056859293422
140 0.22220532 0.07440369  0.00244913  0.030866033252  0.153926768549 -0.030906624147 -0.154130184701 -0.000827295509 -0.004126106879
141 0.24883970 0.07440647  0.00307156 -0.125856749491  0.123036356743 -0.125786675984  0.122967610116  0.000066753094 -0.000065236728
142 0.00002333 0.07440798  0.00000000  0.000003284694  0.000014059652 -0.000002697911 -0.000012551644 -0.000002876444 -0.000012761840
143 0.00000900 0.07447459  0.00000000 -0.000004979288 -0.000000200624 -0.000007333804 -0.000000292183 -0.000001484164 -0.000000073775
144 0.00001464 0.07448011  0.00000000 -0.000000448054 -0.000003809124  0.000000435163  0.000003776211 -0.000001520165 -0.000013523709
145 0.00001614 0.07450930  0.00000000 -0.000003441814 -0.000010908272  0.000003277165  0.000010366770 -0.000001024206 -0.000003218996
146 0.00000700 0.07451608  0.00000000 -0.000005036120  0.000003400329 -0.000002035769  0.000001362848 -0.000002059082  0.000001377319
147 0.00000507 0.07452143  0.00000000 -0.000001110169 -0.000000026083  0.000004930815  0.000000163277  0.000000289415  0.000000025859
148 0.00015987 0.07453036  0.00000000  0.000010881424 -0.000009222759  0.000019735374 -0.000016721740 -0.000119868997  0.000101580252
149 0.00022307 0.07453470  0.00000000  0.000038596947  0.000153583732 -0.000038061802 -0.000151508789 -0.000004058481 -0.000016140823
150 0.00002404 0.07457444  0.00000000 -0.000003048098 -0.000013673580  0.000002509118  0.000011217265  0.000003434423  0.000015411560
151 0.00049202 0.07459723  0.00000001  0.000026180105 -0.000030177142  0.000026603355 -0.000030667652  0.000320254721 -0.000369159122
152 0.00000532 0.07460372  0.00000000  0.000003674245  0.000000274667  0.000000601455  0.000000050957 -0.000003774644 -0.000000279600
153 0.00005295 0.07461164  0.00000000 -0.000015658234  0.000035655484  0.000014309506 -0.000032575229 -0.000001843201  0.000004209460
154 0.00001009 0.07461290  0.00000000 -0.000005492919 -0.000000488223 -0.000008392818 -0.000000754607 -0.000000659875 -0.000000055752
155 0.00001162 0.07462040  0.00000000  0.000001004790 -0.000007425106 -0.000001178706  0.000008712894 -0.000000173339  0.000001261220
156 0.00000770 0.07463195  0.00000000  0.000001331073  0.000003896618 -0.000000904833 -0.000002644797  0.000001906375  0.000005560742
157 0.00001842 0.07467940  0.00000000  0.000018193699  0.000002203150 -0.000001848519 -0.000000238263 -0.000000110001 -0.000000028134
158 0.00006807 0.07468247  0.00000000 -0.000021804461  0.000041129621  0.000023046269 -0.000043478551  0.000003158459 -0.000005967536
159 0.00026511 0.07469206  0.00000000 -0.000019002362  0.000026727659 -0.000019955537  0.000028067017  0.000151117591 -0.000212572650
160 0.00066214 0.07470079  0.00000002  0.000069591340  0.000035915658  0.000066413376  0.000034276094  0.000580476344  0.000299585905
161 0.00009721 0.07470393  0.00000000  0.000003832329  0.000018845801  0.000003799287  0.000018637843  0.000018671720  0.000091487811
162 0.00009002 0.07471131  0.00000000  0.000005832726 -0.000059329029 -0.000006199497  0.000063174662 -0.000002245975  0.000022686317
163 0.00013850 0.07471780  0.00000000 -0.000070814119  0.000066280464  0.000071927066 -0.000067338682 -0.000005961570  0.000005572814
164 0.00003171 0.07472655  0.00000000 -0.000029543472 -0.000002151206  0.000011266854  0.000000833522 -0.000000823088 -0.000000045483
165 0.00005567 0.07474854  0.00000000 -0.000015365051  0.000023117579 -0.000013064504  0.000019641005 -0.000023323262  0.000035051779
166 0.00001489 0.07475262  0.00000000 -0.000001970829 -0.000007690928  0.000003021345  0.000011751399  0.000000860812  0.000003278488
167 0.00001435 0.07477881  0.00000000  0.000003406057  0.000011287732 -0.000002352567 -0.000007836157  0.000000048043  0.000000172743
168 0.00001187 0.07478082  0.00000000 -0.000008532046 -0.000002578356 -0.000006839975 -0.000002068282  0.000003096256  0.000000945221
169 0.00012348 0.07478585  0.00000000 -0.000014454328  0.000017337190 -0.000015530984  0.000018641049  0.000076150741 -0.000091377330
170 0.00005638 0.07479481  0.00000000  0.000007054787 -0.000039685557 -0.000006912620  0.000038775450 -0.000000277198  0.000001459609
171 0.00003625 0.07483943  0.00000000  0.000003346135 -0.000023659594 -0.000003788682  0.000026914511 -0.000000293371  0.000002092478
172 0.00001423 0.07484252  0.00000000  0.000000041377  0.000000206056 -0.000000274289 -0.000001648028  0.000002246097  0.000013949514
173 0.00013190 0.07487288  0.00000000  0.000061740873 -0.000068667369  0.000062934196 -0.000070000326 -0.000002162798  0.000002413995
174 0.00047834 0.07488202  0.00000001  0.000007384724 -0.000007973146  0.000007234608 -0.000007808571 -0.000324839793  0.000350795459
175 0.00000851 0.07488586  0.00000000  0.000004963707  0.000000146141  0.000005391325  0.000000160994  0.000004316989  0.000000124395
176 0.00013980 0.07490544  0.00000000 -0.000031664121  0.000033890504 -0.000032009060  0.000034246150  0.000084167416 -0.000090063310
177 0.00005136 0.07491487  0.00000000 -0.000004720824  0.000036509953  0.000004582862 -0.000035509514 -0.000000107106  0.000000731278
178 0.00001848 0.07492756  0.00000000  0.000003225936  0.000011988554 -0.000003550845 -0.000013097218  0.000000495361  0.000001773998
179 0.00002413 0.07494123  0.00000000 -0.000017196786  0.000001557286 -0.000016514591  0.000001499268 -0.000002975043  0.000000256852
180 0.00002206 0.07505309  0.00000000  0.000002894525  0.000012608072 -0.000002402223 -0.000010383269  0.000003220711  0.000013975798
181 0.00003473 0.07506158  0.00000000 -0.000024941560 -0.000000732347 -0.000024100594 -0.000000701412  0.000001428291  0.000000045490
182 0.00005518 0.07508930  0.00000000  0.000004578381 -0.000041119211 -0.000003978573  0.000035649245  0.000000759572 -0.000006788402
183 0.00032427 0.07509633  0.00000001 -0.000142291837  0.000151002565 -0.000144647790  0.000153484992 -0.000091059677  0.000096603440
184 0.00007206 0.07513266  0.00000000  0.000007231738  0.000039901459 -0.000006915369 -0.000038161440  0.000008071720  0.000044479162
185 0.00014465 0.07515096  0.00000000 -0.000062486979  0.000071511540 -0.000061138867  0.000069976367 -0.000037623044  0.000043055670
186 0.00000965 0.07515350  0.00000000 -0.000003677424 -0.000000421641 -0.000008795995 -0.000001010849 -0.000001016108 -0.000000123394
187 0.00029127 0.07516778  0.00000000 -0.000031710328  0.000203734838  0.000031646431 -0.000203279522 -0.000000232742  0.000001437497
188 0.00012476 0.07520765  0.00000000 -0.000008213922  0.000086309961  0.000008475041 -0.000088990794 -0.000000698741  0.000007483497
189 0.00066734 0.07522904  0.00000002  0.000072004959 -0.000031963241  0.000068266882 -0.000030301743 -0.000601817111  0.000267148015
190 0.00009754 0.07523658  0.00000000  0.000064869123  0.000001175679  0.000071634324  0.000001296466 -0.000013060980 -0.000000249619
191 0.00008150 0.07523810  0.00000000 -0.000007760974 -0.000056994188  0.000007025887  0.000051609308 -0.000003371467 -0.000024691218
192 0.00011975 0.07525159  0.00000000  0.000083460140  0.000001856319  0.000085790648  0.000001909592 -0.000002516280 -0.000000057449
193 0.00009687 0.07525633  0.00000000 -0.000016276126 -0.000065332037  0.000016193092  0.000065012984 -0.000004594901 -0.000018466339
194 0.00011604 0.07526225  0.00000000 -0.000041194364  0.000072890683  0.000039485366 -0.000069858626  0.000002030196 -0.000003597617
195 0.00005700 0.07528818  0.00000000 -0.000000238390  0.000005611003  0.000000357341 -0.000008569120  0.000002347470 -0.000056016796
196 0.00309491 0.07530027  0.00000048 -0.000027603342  0.000031819529 -0.000027970579  0.000032232743  0.002027859530 -0.002337229008
197 0.00004122 0.07530193  0.00000000  0.000020874925 -0.000001620479  0.000027909129 -0.000002154232  0.000021772338 -0.000001658217
198 0.00124937 0.07532742  0.00000008  0.000001164590 -0.000006194946  0.000006427551 -0.000034235287 -0.000230399741  0.001227427824
199 0.00040272 0.07532779  0.00000001  0.000006270508  0.000062913831 -0.000004660282 -0.000046743042 -0.000039144256 -0.000392993058
200 0.00077758 0.07532827  0.00000003  0.000002934605  0.000006686605  0.000005454126  0.000012411951 -0.000313019748 -0.000711629653
201 0.00002603 0.07535080  0.00000000 -0.000018753395 -0.000001206738 -0.000017950867 -0.000001148129 -0.000000876044 -0.000000076153
202 0.00012196 0.07535834  0.00000000  0.000009022549  0.000042550235 -0.000008058663 -0.000038066023  0.000022198447  0.000104764051
203 0.00160077 0.07538682  0.00000013 -0.000025900487  0.000022731956 -0.000026838816  0.000023549734 -0.001202584338  0.001055362144
204 0.00004642 0.07539540  0.00000000  0.000001740532  0.000007742567 -0.000001712174 -0.000007545674 -0.000009979964 -0.000043957925
205 0.00000324 0.07541479  0.00000000 -0.000000580215 -0.000002308621  0.000000071031  0.000000276718 -0.000000537675 -0.000002109248
206 0.00001594 0.07542271  0.00000000  0.000011757244 -0.000000638174  0.000003297022 -0.000000178965 -0.000010212109  0.000000561905
207 0.00002217 0.07542693  0.00000000  0.000002545910  0.000000784344 -0.000019707766 -0.000006122008  0.000007289442  0.000002276679
208 0.00008983 0.07543107  0.00000000  0.000009286866 -0.000063648618 -0.000008925775  0.000061196014 -0.000001504184  0.000010210583
209 0.00005702 0.07545363  0.00000000  0.000005137848 -0.000040388687 -0.000004950277  0.000039209126  0.000000709354 -0.000005585083
210 0.00189944 0.07545460  0.00000018  0.000061589546  0.001050667312  0.000073146648  0.001247758678  0.000056611803  0.000966811297
211 0.00010565 0.07546321  0.00000000  0.000051159280 -0.000054434463  0.000050838525 -0.000054095472  0.000005744719 -0.000006145757
212 0.00045945 0.07549278  0.00000001 -0.000067665016  0.000073811156 -0.000068429090  0.000074674045 -0.000295149816  0.000322021037
213 0.00007329 0.07550840  0.00000000 -0.000006993520  0.000053545383  0.000006291411 -0.000048037936 -0.000001363312  0.000010311137
214 0.00013761 0.07551817  0.00000000  0.000050970140 -0.000059000728  0.000051513353 -0.000059636913  0.000053302751 -0.000061697675
215 0.00001744 0.07553763  0.00000000  0.000008135303  0.000000141409  0.000010337217  0.000000186737 -0.000011452437 -0.000000139776
216 0.00000484 0.07555964  0.00000000  0.000000573450  0.000002334196 -0.000000238082 -0.000000932431  0.000000957830  0.000003970979
217 0.00012587 0.07556525  0.00000000  0.000032706455 -0.000035817648  0.000031669736 -0.000034681366  0.000071572718 -0.000078492139
218 0.00006301 0.07557625  0.00000000 -0.000005173139  0.000043782071  0.000005191117 -0.000044657579 -0.000000227341  0.000002416418
219 2.62411810 0.07560815  0.34709162 -0.002200637374 -0.003315752393  0.005353904393  0.008066919888  1.451076815832  2.186381099074
220 0.00021837 0.07560830  0.00000000 -0.000002364549 -0.000010955907  0.000002568087  0.000011501790 -0.000066573136 -0.000207341212
221 0.00028407 0.07561565  0.00000000 -0.000009982937  0.000010408256 -0.000010129438  0.000010544463 -0.000195968733  0.000204615522
222 0.00011945 0.07561977  0.00000000 -0.000083654115 -0.000003258374 -0.000081910253 -0.000003199794 -0.000023243126 -0.000000841330
223 1.16722165 0.07562936  0.06869194  0.827620749482  0.001909841867  0.823005853308  0.001899195416 -0.010216997136 -0.000023540133
224 0.00000632 0.07564502  0.00000000 -0.000004825417  0.000000968653  0.000003869415 -0.000000822659  0.000000103173 -0.000000054310
225 0.00000118 0.07564787  0.00000000  0.000001030550 -0.000000037746  0.000000391628 -0.000000077051  0.000000389233  0.000000104452
226 0.00002222 0.07566841  0.00000000  0.000002093361  0.000015773928 -0.000001676265 -0.000012896569 -0.000001110963 -0.000008382640
227 0.00000996 0.07569040  0.00000000  0.000001885423  0.000008074231 -0.000001247945 -0.000005115910 -0.000000414784 -0.000001575272
228 0.00000783 0.07570090  0.00000000 -0.000005251432  0.000000200857 -0.000005765641  0.000000236769  0.000000575537 -0.000000017171
229 0.00003853 0.07571764  0.00000000  0.000023507729  0.000000431663  0.000030279758  0.000000530493 -0.000003791653 -0.000000105532
230 0.00006926 0.07572027  0.00000000  0.000003231194  0.000050399445 -0.000003032121 -0.000047288318 -0.000000032280 -0.000000709358
231 0.00079655 0.07572712  0.00000003  0.000057224955 -0.000073248174  0.000052674100 -0.000067384603  0.000484312162 -0.000619666013
232 0.00002144 0.07573011  0.00000000 -0.000002718191 -0.000013958918  0.000000599543  0.000003037151 -0.000002965471 -0.000015464958
233 0.00004400 0.07573069  0.00000000 -0.000004782339  0.000028757135  0.000004319301 -0.000025811848 -0.000003328868  0.000019752559
234 1.66502607 0.07575415  0.14000942  0.226327384885 -1.151450981223 -0.227774449929  1.158812958818  0.004396773364 -0.022368843415
235 0.00033477 0.07575650  0.00000001  0.000014326902 -0.000016246750  0.000054700255 -0.000063371176  0.000211920816 -0.000244307547
236 0.00000366 0.07578748  0.00000000  0.000000134033 -0.000001884276 -0.000000088318  0.000001162126 -0.000000220732  0.000002905394
237 0.00019112 0.07579764  0.00000000 -0.000011473570  0.000015180132 -0.000005051410  0.000006715993 -0.000114393050  0.000151684298
238 0.00047634 0.07579876  0.00000001 -0.000028451181  0.000029514757 -0.000028684717  0.000029683367 -0.000328292655  0.000340209577
239 0.00000203 0.07581969  0.00000000  0.000001361012 -0.000000069286  0.000001404789 -0.000000086483  0.000000515224 -0.000000027218
240 0.00067307 0.07583998  0.00000002  0.000021552440 -0.000028517002  0.000023181512 -0.000030707280  0.000404459871 -0.000535416551
241 0.00015736 0.07584528  0.00000000 -0.000037177099  0.000105371889  0.000036649900 -0.000103903658 -0.000003880548  0.000011053371
242 0.00001850 0.07585714  0.00000000 -0.000002030403 -0.000007385373  0.000001461230  0.000005352821 -0.000004227874 -0.000015330069
243 0.00000794 0.07587249  0.00000000 -0.000006368294 -0.000000228039 -0.000004421548 -0.000000173637 -0.000001709275 -0.000000053684
244 1.87947376 0.07594183  0.17883905 -1.305731387614 -0.025408694912 -1.351350678847 -0.026296398985  0.001182318610  0.000023011155
245 1.00806203 0.07595629  0.05145730 -0.156280099666 -0.742259413583  0.136699580767  0.649260812110  0.005005213494  0.023772334696
246 0.04472007 0.07596685  0.00010128 -0.005303936333  0.030006229515 -0.005696838339  0.032229686257 -0.000072427977  0.000409433880
247 0.66093004 0.07598437  0.02212809  0.013702491777 -0.009909111501 -0.008011438932  0.005793496644  0.535328542846 -0.387128100461
248 0.00001288 0.07602609  0.00000000  0.000001934544 -0.000007499404 -0.000002584092  0.000009965310  0.000000050002 -0.000000130619
249 0.00984177 0.07607567  0.00000491 -0.000130326296  0.002040662632 -0.000220552307  0.003453746976 -0.000572524467  0.008965171558
250 0.00006567 0.07609183  0.00000000 -0.000008721428 -0.000034880426  0.000008681973  0.000034692384 -0.000010129000 -0.000040469442
251 0.00006077 0.07609427  0.00000000 -0.000042445985 -0.000003066475 -0.000043247372 -0.000003126182 -0.000001529704 -0.000000102811
252 0.00195951 0.07613931  0.00000019  0.000008327032 -0.000008064982  0.000008280720 -0.000008046875 -0.001406872238  0.001363865119
253 0.23387295 0.07615710  0.00277702 -0.039338046075 -0.160432347248  0.039268870287  0.160150248387  0.003535376275  0.014418404120
254 0.73016983 0.07622128  0.02709148  0.002758846422 -0.003170775592 -0.002439467153  0.002803678270  0.479273139662 -0.550830060803
255 0.00002443 0.07625755  0.00000000  0.000003685468  0.000014337760 -0.000003917893 -0.000015288575  0.000002810194  0.000010993048
256 0.00000129 0.07625869  0.00000000  0.000001179975 -0.000000208558  0.000000250341 -0.000000048059 -0.000000395636  0.000000079944
257 0.00044531 0.07626858  0.00000001 -0.000005187063  0.000004797164 -0.000003365455  0.000003108356  0.000326705441 -0.000302479584
258 0.00001774 0.07628522  0.00000000 -0.000002321853 -0.000009226804 -0.000003659237 -0.000014509199 -0.000000193657 -0.000000378051
259 0.05309514 0.07628619  0.00014337  0.029452380127 -0.025313122698  0.027354745015 -0.023510292953 -0.002383982183  0.002048888690
260 0.05581878 0.07628819  0.00015846 -0.033306125584 -0.017765490208 -0.034040241277 -0.018157062068  0.012552873257  0.006695830046
261 0.45855503 0.07629005  0.01069448  0.002387552861 -0.002548475221 -0.001361795746  0.001453570377  0.313498017880 -0.334627478571
262 0.00003700 0.07640171  0.00000000 -0.000001804988  0.000021010290  0.000002623438 -0.000030262810  0.000000074532 -0.000001152220
263 0.00001291 0.07640721  0.00000000  0.000008116749  0.000000069178  0.000010019734  0.000000092077 -0.000000527662 -0.000000003603
264 0.00006044 0.07645100  0.00000000  0.000005125085  0.000023344657 -0.000005041581 -0.000023116458  0.000010815789  0.000049035060
265 0.00004540 0.07645258  0.00000000  0.000005083528 -0.000045093964  0.000000066622 -0.000000618146 -0.000000189993  0.000001295843
266 0.84928515 0.07646064  0.03676662  0.254603074347  0.559211261455  0.242933707999  0.533582733809  0.001757632639  0.003860498280
267 0.93089371 0.07646372  0.04417376 -0.137495829098 -0.629649288809  0.143281320276  0.656147421021 -0.002531491755 -0.011592723253
268 0.00007954 0.07648658  0.00000000 -0.000014556386 -0.000020265183 -0.000008714273 -0.000012250210 -0.000043202756 -0.000060099164
269 0.00012802 0.07648780  0.00000000  0.000024308583 -0.000044408210  0.000026307096 -0.000048194939  0.000049882718 -0.000091225466
270 0.00000649 0.07650599  0.00000000 -0.000004053137 -0.000000190668 -0.000004845043 -0.000000144136  0.000001458038  0.000000013453
271 0.00002340 0.07654836  0.00000000 -0.000000937870 -0.000003347689  0.000000585799  0.000002135970  0.000006216779  0.000022183833
272 0.00007761 0.07655836  0.00000000 -0.000007817676 -0.000041717617  0.000010638870  0.000056879573 -0.000005445775 -0.000029042811
273 0.00014739 0.07655969  0.00000000 -0.000030620325  0.000037079990 -0.000019027257  0.000023071841  0.000086602526 -0.000104960987
274 0.00000637 0.07658756  0.00000000 -0.000004558345 -0.000000130526 -0.000003278540 -0.000000107287  0.000003010032  0.000000080581
275 0.37961913 0.07660664  0.00735989  0.113786721208  0.257446397987 -0.102833775468 -0.232665122569  0.005374859790  0.012160820705
276 0.03254771 0.07660964  0.00005410  0.006659645264  0.023959121734  0.005623198896  0.020231105352  0.000056958325  0.000205082982
277 0.27644730 0.07661174  0.00390327  0.166963135977 -0.058250158227  0.200632657233 -0.069996714649 -0.000546948863  0.000190812036
278 0.00281722 0.07662070  0.00000041 -0.000010438483  0.000009976432 -0.000017213939  0.000016407791  0.002034800522 -0.001948217736
279 2.60597611 0.07664314  0.34699473  0.006907972371  0.004459825081 -0.006446449158 -0.004161868684 -2.189328926634 -1.413443967805
280 0.00002428 0.07667788  0.00000000  0.000016498781  0.000000436891  0.000017141136  0.000000437687 -0.000004801522 -0.000000069024
281 0.00003385 0.07668255  0.00000000 -0.000000671707 -0.000002912857  0.000000701407  0.000002953063 -0.000007803078 -0.000032657685
282 0.00004008 0.07669483  0.00000000  0.000002372386 -0.000027677922 -0.000002470811  0.000028771615  0.000000039083 -0.000000726910
283 0.00127802 0.07671146  0.00000008  0.000004989647 -0.000004502050  0.000001256402 -0.000001125900  0.000948098159 -0.000856967284
284 0.00002369 0.07679468  0.00000000 -0.000002847061  0.000017827055  0.000002362389 -0.000014782041  0.000000533630 -0.000003334732
285 0.00473587 0.07679605  0.00000115  0.000032950634 -0.000289437104  0.000194121191 -0.001705416092  0.000498139872 -0.004375998819
286 0.00008106 0.07679891  0.00000000 -0.000010272391 -0.000037031527  0.000010224686  0.000036877260  0.000016126692  0.000058048399
287 0.00001637 0.07681099  0.00000000  0.000010986079  0.000000131315  0.000011652798  0.000000160996  0.000003363197  0.000000027127
288 0.00205063 0.07684747  0.00000022 -0.000009724268  0.000010385797 -0.000005130723  0.000005482501 -0.001401837884  0.001496557182
289 1.20521353 0.07687694  0.07444453 -0.003457557290  0.004170593259  0.002632524655 -0.003175397360 -0.769191621377  0.927813315175
290 1.22062364 0.07691138  0.07639464  0.841579474014 -0.162137324298  0.853430345783 -0.164420480172 -0.000309762636  0.000059674227
291 0.04256438 0.07692018  0.00009291  0.030015152223  0.019127168600 -0.018587289194 -0.011845082506 -0.006487252047 -0.004134064268
292 1.99357787 0.07696193  0.20391592 -0.032357756760  0.040117414502  0.028281457557 -0.035063626617 -1.250851555446  1.550818294242
293 0.08442428 0.07697793  0.00036577 -0.015754633509 -0.061663317190 -0.013601538156 -0.053236011021 -0.001882103105 -0.007366696960
294 1.41689942 0.07698880  0.10304202 -0.981604035757 -0.453007396311  0.825656537098  0.381041417483  0.099216638560  0.045788290028
295 1.16598310 0.07698922  0.06977875  0.708588786717 -0.089915463754  0.914261669786 -0.116009352808  0.001067445616 -0.000135234009
296 0.03469841 0.07703276  0.00006183  0.002273072223 -0.020478877728  0.003075144673 -0.027704820108  0.000171453839 -0.001544412610
297 1.36164011 0.07705347  0.09524136 -0.228548663166 -0.942889923125  0.225059461962  0.928495262370 -0.001346870577 -0.005556539470
298 0.03413032 0.07705967  0.00005984  0.001839257970 -0.017182631592 -0.003004484573  0.028068209709  0.000886709447 -0.008283448702
299 0.50322725 0.07708326  0.01301359 -0.358967602603 -0.014160863900 -0.351798619394 -0.013878063102 -0.014972506345 -0.000590674511
300 0.28693397 0.07708412  0.00423095  0.011223588731 -0.012440881246  0.010919752543 -0.012104081850 -0.191563641587  0.212339301430
301 1.62722676 0.07714041  0.13617169  0.774676663120  0.380660336026  0.777601724906  0.382097909430 -0.963373192407 -0.473380977729
302 1.69916903 0.07714064  0.14847904  0.981057442423 -0.168590708114  0.991012214236 -0.170301521139  0.927243526316 -0.159343935392
303 0.99570779 0.07714437  0.05098903 -0.116750482531 -0.689827703843  0.118090261283  0.697744446756  0.005655424531  0.033413385258
304 0.30950125 0.07714911  0.00492679  0.038591097107 -0.022725224171 -0.034719638401  0.020445935617  0.261593462023 -0.154047673628
305 0.52183920 0.07714990  0.01400611 -0.032485368044  0.048907171157  0.032793932889 -0.049370938127 -0.285016659244  0.429093823664
306 1.29712193 0.07715492  0.08654341  0.893282777253  0.004749333301  0.940329108952  0.004999492920 -0.017458488371 -0.000092905172
307 0.00057046 0.07716272  0.00000002  0.000377132593 -0.000010863539  0.000427634120 -0.000012334810 -0.000007398059  0.000000234245
308 0.00093259 0.07716601  0.00000004  0.000141191227  0.000658715204 -0.000130181682 -0.000608489147  0.000035431656  0.000165577238
309 1.19125478 0.07716896  0.07300636 -0.182186454933 -0.848007177052  0.171399320125  0.797797206087  0.006377161557  0.029683208007
310 0.00001210 0.07717214  0.00000000 -0.000000072261 -0.000003775317 -0.000000037158  0.000005215946  0.000000275907 -0.000010244160
311 0.00563851 0.07717486  0.00000164 -0.000052215226  0.000019662694 -0.000005280017  0.000002191797 -0.005272971704  0.001996358665
312 0.29695119 0.07725350  0.00454148  0.026492699828 -0.212951780188 -0.025104746050  0.201795539426  0.003443426474 -0.027679255036
313 0.68895079 0.07726383  0.02444901 -0.182264061282  0.492466457488 -0.151493172096  0.409325017319 -0.031835430731  0.086018317084
314 0.49068159 0.07726469  0.01240193  0.026177629752 -0.052596164660  0.073595052931 -0.147867973768 -0.204202443908  0.410288913721
315 0.42507570 0.07726676  0.00930752  0.066348999509  0.219418063687 -0.098457170342 -0.325601367886 -0.032273749315 -0.106729619004
316 0.44754740 0.07729119  0.01032088  0.000650293780 -0.002203701360 -0.000172415053  0.000584224838 -0.126664307212  0.429242568629
317 0.33242924 0.07729290  0.00569438 -0.000033528267 -0.005759532104 -0.000036765904 -0.006326440928 -0.001931895363 -0.332313511834
318 0.04071519 0.07731083  0.00008544 -0.017440287427 -0.007640183482 -0.032853674311 -0.014392406502  0.002699380768  0.001182511189
319 0.02603976 0.07731236  0.00003495 -0.004731104047  0.012733372770 -0.005099204205  0.013724153613 -0.005819623475  0.015662841681
320 0.09801087 0.07731826  0.00049515 -0.010830865464 -0.065138674051  0.011582413719  0.069659412261 -0.002640682807 -0.015881324102
321 0.27013381 0.07732479  0.00376171 -0.194654229004 -0.013536312054 -0.186305870712 -0.012955799943  0.004576513638  0.000318176288
322 0.98596659 0.07733453  0.05011948  0.008228649706 -0.003911284407  0.001346419860 -0.000639994767  0.890448965658 -0.423255865648
323 0.03832710 0.07736014  0.00007576 -0.001681345229  0.009668465702 -0.004062216876  0.023359462106  0.004877515818 -0.028048249045
324 0.59438727 0.07737387  0.01822393  0.413312024599  0.009384443202  0.426896362643  0.009692887246 -0.006844499007 -0.000155413144
325 0.04083551 0.07738507  0.00008603 -0.008507800985  0.021804513308 -0.007072138736  0.018125297842 -0.009895976633  0.025362325368
326 1.05404994 0.07738947  0.05732090 -0.053019837057 -0.695770526822  0.059990748056  0.787248431499 -0.002087257620 -0.027390092343
327 1.14393279 0.07739309  0.06751681  0.848859331272  0.060562841308  0.762352920281  0.054390965183  0.014518426349  0.001035827603
328 1.86220494 0.07740337  0.17894664  0.000949503426 -0.001227419858 -0.006517384834  0.008424807659  1.139422769052 -1.472890741090
329 0.35383799 0.07743401  0.00646323 -0.063961293105 -0.245109148672  0.061963146481  0.237452170926  0.007180968882  0.027518207829
330 0.04786053 0.07745529  0.00011828  0.002365395420 -0.018930376455  0.000450361583 -0.003603813967 -0.005423606300  0.043405881116
331 1.10394413 0.07746674  0.06293877 -0.013579562128 -0.069482999262  0.011853667583  0.060652182356 -0.210977087956 -1.079513701064
332 0.08675238 0.07746977  0.00038869  0.001907829510 -0.013793573746  0.002895182937 -0.020930401251 -0.011369443573  0.082196992856
333 1.32024503 0.07747774  0.09003155 -0.200968200377 -0.923057718560  0.195127325619  0.896230997667  0.020535926048  0.094322628785
334 0.26545291 0.07748748  0.00364012 -0.033871338178  0.185709812549 -0.033473429007  0.183527954495  0.000930002576 -0.005098930459
335 1.55172749 0.07748947  0.12438910  0.995855399091 -0.449747049079  1.004091438668 -0.453466474170 -0.004679784246  0.002113418685
336 0.66633218 0.07750403  0.02294112  0.461284925108  0.024364478137  0.479560750426  0.025329717692 -0.001023365897 -0.000054241352
337 0.40472770 0.07750890  0.00846420 -0.020798802005  0.026369095623  0.010626121275 -0.013471580682 -0.249558460938  0.316390209772
338 0.00804879 0.07751483  0.00000335  0.000147792071 -0.001266593499  0.000400900400 -0.003436863781 -0.000828973291  0.007106121241
339 0.46097877 0.07751883  0.01098191 -0.022130979931  0.033634958957  0.025861403162 -0.039304249744 -0.251088399174  0.381603613101
340 0.31648940 0.07751981  0.00517654  0.054946548323  0.209102104791 -0.057049271852 -0.217104248073 -0.013998180184 -0.053271987804
341 0.04727203 0.07752853  0.00011550  0.003165789335 -0.019327515018  0.005091822181 -0.031085838909  0.004737119718 -0.028920121448
342 0.40131777 0.07754225  0.00832576 -0.019111469380  0.024069225945  0.032147616336 -0.040486974158 -0.246736818454  0.310740492539
343 2.09082342 0.07754587  0.22599670 -0.026225702303 -1.472755374818  0.026393420722  1.482171848225  0.001169663093  0.065688912177
344 0.64499554 0.07755471  0.02150950  0.490496126157 -0.035872723876  0.416196156371 -0.030438980993  0.000407990753 -0.000029820116
345 0.27773152 0.07757244  0.00398902  0.058813710558  0.186673950013 -0.053698837201 -0.170439510221 -0.024953444067 -0.079200481660
346 2.52956983 0.07757791  0.33093307  0.054816540617 -0.081856699319  0.038631900589 -0.057688586767  1.405919480395 -2.099425671794
347 2.00691896 0.07757875  0.20831051  1.403445454212 -0.036989735774  1.426199400832 -0.037589374158 -0.145684263720  0.003839241484
348 0.05939122 0.07759974  0.00018248  0.005853516888 -0.038433903410  0.006745238607 -0.044289065019  0.000448516401 -0.002944195028
349 0.77812496 0.07761123  0.03132795  0.542266909935 -0.012134340926  0.557760211936 -0.012480774979  0.005056349577 -0.000113218483
350 0.97025659 0.07761331  0.04871000  0.098642039351  0.689618012283 -0.095426355654 -0.667138443248 -0.006195882060 -0.043316434280
351 0.85910712 0.07762548  0.03819510  0.013780965719 -0.008665381930 -0.017743496361  0.011156996698  0.726932349371 -0.457088717463
352 0.01626986 0.07764685  0.00001370  0.001483587507 -0.012697868191  0.001086142358 -0.009296296165  0.000429126718 -0.003672387267
353 0.53779591 0.07765902  0.01497393 -0.002047993877  0.001522723936  0.008133951986 -0.006047650088 -0.431495647337  0.320821915155
354 0.44134565 0.07768823  0.01008839  0.070490293753  0.303981820167 -0.070250379955 -0.302947336497 -0.005976418196 -0.025772733289
355 0.30647104 0.07770137  0.00486537 -0.005377208587 -0.014254622140  0.003817625440  0.010120505783 -0.107966205164 -0.286214414921
356 0.30694806 0.07770469  0.00488074  0.217149166356 -0.003283792646  0.216868478907 -0.003279523124 -0.003142546574  0.000047429840
357 0.01430933 0.07773888  0.00001061  0.000966209301 -0.005951423777  0.000147890093 -0.000910993656  0.002074366020 -0.012776899696
358 0.73900652 0.07775620  0.02831003  0.497376635582  0.151707056790  0.502253768273  0.153194530207  0.002068959495  0.000631058471
359 0.75528110 0.07776668  0.02957464 -0.154100537611 -0.503950691395  0.158209543529  0.517387907754  0.001160912479  0.003796414148
360 0.00275210 0.07781600  0.00000039 -0.000309031839  0.002499585907  0.000135171552 -0.001093408462 -0.000015922279  0.000128676399
361 0.69704710 0.07784244  0.02521445  0.005656591366 -0.011401886692 -0.000792753587  0.001597975871  0.309730755193 -0.624320698171
362 1.34530816 0.07786527  0.09394985  0.932833127711  0.003261396018  0.969354983654  0.003389105404 -0.002277797247 -0.000007942495
363 0.83508452 0.07787277  0.03620389 -0.342552304471 -0.501927942582  0.322868555364  0.473086256342  0.003461326544  0.005071738456
364 0.00461533 0.07788804  0.00000111 -0.001857150556  0.001442351845 -0.000479241034  0.000372188228 -0.003099704399  0.002407384527
365 0.07804313 0.07789680  0.00031630 -0.002908719317  0.004170566478 -0.005112036018  0.007329525429 -0.044256368403  0.063453878742
366 0.22860401 0.07791704  0.00271462  0.005195720848  0.008453976084  0.119442277508  0.194343514843 -0.005865139487 -0.009543082121
367 1.09973658 0.07791900  0.06282456 -0.808576794030 -0.033326691219 -0.744021685539 -0.030665759302  0.002183758167  0.000090024642
368 1.81305474 0.07792967  0.17077859  0.304609471094  1.228800526765 -0.312270653743 -1.259705703958 -0.001838729544 -0.007417413351
369 0.11657375 0.07793945  0.00070610 -0.011557308226  0.058218397980 -0.019394413011  0.097696955844 -0.002349968935  0.011837481604
370 1.22676938 0.07794210  0.07819999 -0.762380277610 -0.442433159942 -0.737959304755 -0.428261096172  0.000778117043  0.000451565106
371 0.02007513 0.07797726  0.00002095  0.000140510884 -0.000847957984 -0.000479791034  0.002895152492 -0.003243845573  0.019573892076
372 0.81226935 0.07798221  0.03430081 -0.582313520108 -0.052584365023 -0.561563576732 -0.050710596797 -0.001453335353 -0.000131238928
373 0.09409287 0.07798859  0.00046031  0.004623627528 -0.004211980162 -0.005856194323  0.005334862340  0.069156433406 -0.062999852552
374 0.38004132 0.07799454  0.00750991 -0.056193316027 -0.259781078344  0.056933055879  0.263201048514 -0.007538388807 -0.034849938417
375 0.37115919 0.07801215  0.00716459  0.005663728205  0.000708745552 -0.003806213486 -0.000476313738 -0.368223521286 -0.046079124007
376 0.01933432 0.07803322  0.00001945 -0.000736213547  0.006125973938 -0.000321217032  0.002672777550 -0.002162668501  0.017995067144
377 3.92774320 0.07805708  0.80279968 -0.000967897977  0.003868777212  0.000393346524 -0.001572229802  0.953288832974 -3.810300323206
378 0.26503348 0.07807157  0.00365597  0.193060623088  0.010545586804  0.180967048561  0.009884919332 -0.003508662158 -0.000191718502
379 0.34469281 0.07808052  0.00618466  0.070301704431  0.232440987687 -0.068049450482 -0.224994041142  0.019611150377  0.064840919851
380 0.02656961 0.07808350  0.00003675 -0.004057024830 -0.016918432156 -0.003636845230 -0.015166254755  0.002949784516  0.012300735438
381 1.11081854 0.07809611  0.06424279 -0.785216952783 -0.013900907373 -0.785469759185 -0.013905336923 -0.001684912010 -0.000029827713
382 0.08641967 0.07811243  0.00038891  0.009704983567 -0.042272795026 -0.013736175700  0.059832309351 -0.009541571989  0.041563848764
383 1.38762318 0.07811328  0.10027131 -0.260200055925 -0.930434301428  0.265555910278  0.949585876235 -0.037947608153 -0.135693495076
384 0.53081843 0.07811378  0.01467332  0.150260483682  0.031645595013 -0.159954901926 -0.033687090115 -0.470784414388 -0.099147327741
385 0.61223478 0.07811949  0.01952109 -0.456845825336 -0.070121739103 -0.396652043789 -0.060882623355 -0.012762806750 -0.001958982606
386 0.71912872 0.07812313  0.02693405  0.153043857810 -0.264755148663 -0.155040192680  0.268208277961 -0.286469098718  0.495571097880
387 0.95471516 0.07812419  0.04747248 -0.086579049903  0.087614209742  0.091440535566 -0.092533624775 -0.659141526121  0.667021331628
388 0.00207288 0.07816060  0.00000022 -0.000112567220  0.001852780042  0.000055492805 -0.000913385535 -0.000007162509  0.000118116024
389 0.00821119 0.07816179  0.00000351  0.000552217528 -0.000682053194 -0.001704931127  0.002105668516  0.004846357388 -0.005985462236
390 0.01808783 0.07816276  0.00001705 -0.000085284910 -0.000265427557 -0.000198336164 -0.000617234720 -0.005529147663 -0.017207554253
391 0.06430338 0.07817406  0.00021550 -0.046464332814  0.000130201366 -0.044433947606  0.000124513414  0.001257742295 -0.000003511395
392 0.67303305 0.07821609  0.02361988 -0.000015624218  0.000027864421 -0.001223098752  0.002185223426  0.328718549466 -0.587291519114
393 0.14177732 0.07821629  0.00104814  0.000093606983 -0.001694936462 -0.000195629059  0.003543893649  0.007809728929 -0.141507381350
394 0.14285984 0.07823998  0.00106453  0.100014077099  0.000643948626  0.101961183806  0.000656500181  0.003031179614  0.000019484588
395 0.11126309 0.07824271  0.00064574  0.019542978175  0.078344931872 -0.018398989676 -0.073758873471  0.002174612983  0.008717499623
396 0.00408566 0.07831966  0.00000087  0.000070042924 -0.000841013263 -0.000230794338  0.002770653249 -0.000238439300  0.002862481307
397 0.09425999 0.07837741  0.00046425  0.000962440944 -0.000962538840 -0.002945132794  0.002945440167 -0.066576299476  0.066583331016
398 0.13350885 0.07838978  0.00093151 -0.069653077418 -0.070584853462  0.062728377362  0.063567531151 -0.002734949856 -0.002771502658
399 0.20883671 0.07839385  0.00227932  0.143145056033  0.014616785373  0.150564882493  0.015374447124 -0.001559607550 -0.000159238705
400 0.05643520 0.07841800  0.00016650 -0.000886871354  0.000901111400 -0.000121067150  0.000122997097 -0.039576539168  0.040211946059
401 0.00276427 0.07842170  0.00000040 -0.000452301865  0.000705030435 -0.001411311402  0.002199844872 -0.000177782201  0.000277129230
402 0.10956194 0.07843494  0.00062768  0.023597657542  0.051204317997 -0.039177207955 -0.085010199096  0.003335262176  0.007237098309
403 0.08029976 0.07843537  0.00033717 -0.070127313087  0.028133885446 -0.024216509720  0.009715240532 -0.007060265871  0.002832495697
404 0.15610903 0.07846889  0.00127486 -0.034499451438 -0.102608502691  0.034980439477  0.104039048889  0.007829467688  0.023286421156
405 0.01003949 0.07847113  0.00000527  0.001094531767 -0.007626329630  0.000888417621 -0.006190334267 -0.000216525116  0.001508647427
406 0.24800563 0.07849704  0.00321873 -0.174865674707 -0.009680943912 -0.175328006878 -0.009706544367 -0.000968287992 -0.000053594698
407 0.35925287 0.07851137  0.00675526  0.003902528262 -0.008965376437 -0.004605850340  0.010581139655  0.143256403197 -0.329107045296
408 0.44246832 0.07853261  0.01024998 -0.312369600502 -0.009369360171 -0.313093382338 -0.009391031940  0.000087115819  0.000002599802
409 0.29841998 0.07854330  0.00466309  0.046539420971  0.207891077581 -0.045415790348 -0.202871663184  0.004635962912  0.020709075348
410 0.40825156 0.07854703  0.00872759  0.000649805699 -0.000484532478 -0.000415661217  0.000309947074 -0.327296879375  0.244018776817
411 0.00966208 0.07856690  0.00000489 -0.001063791808  0.006432364657 -0.001081167395  0.006537449117 -0.000429900668  0.002599395315
412 0.00016675 0.07865192  0.00000000  0.000002527391  0.000119061367 -0.000002478912 -0.000116683025  0.000000023680  0.000001251340
413 0.00002683 0.07866774  0.00000000  0.000023912853  0.000000066748  0.000012074209  0.000000060568 -0.000001512725 -0.000000041897
414 0.12408916 0.07868554  0.00080774  0.021832826686  0.086630919929 -0.021039676134 -0.083483798452  0.000507827145  0.002015014206
415 0.00498426 0.07869925  0.00000130 -0.000157934349 -0.003293660961 -0.000164998481 -0.003441067136 -0.000069434565 -0.001447994845
416 0.00820200 0.07870183  0.00000353  0.004777923960  0.000045148175  0.006652718199  0.000062868861 -0.000423719530 -0.000004012149
417 0.03725407 0.07876526  0.00007288 -0.000220597409  0.000088492519  0.000197287350 -0.000079146028 -0.034574402305  0.013869917081
418 0.00002995 0.07879002  0.00000000 -0.000004363363 -0.000018557683  0.000003550930  0.000015054808  0.000003921823  0.000016706699
419 0.00003045 0.07883511  0.00000000  0.000002787213  0.000011265232 -0.000005097638 -0.000020607615  0.000004408398  0.000017963997
420 0.00038723 0.07886560  0.00000001  0.000134569531 -0.000097515963  0.000128725316 -0.000093278777 -0.000252269822  0.000182797634
421 0.00002579 0.07890575  0.00000000  0.000014526955  0.000000848623  0.000021246230  0.000001082176  0.000001020414  0.000000042647
422 0.13885480 0.07890594  0.00101424  0.096117397753 -0.010977501894  0.098963520994 -0.011302531803 -0.000261823826  0.000029886736
423 0.00998945 0.07891265  0.00000525 -0.002977932498  0.007261950100  0.002342548579 -0.005712541931  0.000096366687 -0.000235004121
424 0.00106572 0.07891348  0.00000006 -0.000707652211 -0.000528130259 -0.000378758641 -0.000282676403  0.000291935035  0.000217868463
425 0.00400119 0.07892235  0.00000084 -0.000434400643  0.002142017751 -0.000422286967  0.002082287656 -0.000515152248  0.002540262994
426 0.26666650 0.07893420  0.00374206 -0.188071908338  0.009921638458 -0.188527409003  0.009945656995 -0.000204245195  0.000010783339
427 0.04234656 0.07893579  0.00009437  0.001483106773 -0.001237751824 -0.001828762182  0.001526189915  0.032426585063 -0.027061826742
428 0.20872415 0.07896104  0.00229333 -0.077231516885 -0.126742813964  0.075946954429  0.124634727492  0.007986582019  0.013106555379
429 0.08872558 0.07896281  0.00041441  0.010322641320 -0.024517881366 -0.010226726795  0.024290097358  0.031212068702 -0.074133372129
430 0.00334859 0.07900328  0.00000059  0.000803840576 -0.002606117255  0.000546260591 -0.001771037419  0.000171883610 -0.000557273724
431 0.11305789 0.07900655  0.00067325  0.080632576380  0.001843148585  0.079207246339  0.001810584984 -0.000098675682 -0.000002267397
432 0.03059642 0.07901352  0.00004931  0.021181279018  0.002181967260 -0.021846103865 -0.002250430715 -0.000641994531 -0.000066118232
433 0.00073515 0.07901505  0.00000003  0.000218857289 -0.000235670286  0.000216552731 -0.000233206736  0.000394301535 -0.000424564741
434 0.05595170 0.07902335  0.00016493 -0.001855153484  0.000421993977  0.001323526633 -0.000301088723  0.054510337426 -0.012399766583
435 0.00059602 0.07904234  0.00000002 -0.000059410703  0.000427858432  0.000056495463 -0.000406687590 -0.000001086474  0.000007935198
436 0.20374960 0.07906269  0.00218813 -0.142943159347  0.017776382298 -0.142999561696  0.017783429237 -0.000167128156  0.000020771243
437 0.01344322 0.07906973  0.00000953 -0.000552471253 -0.010795241701 -0.000404508754 -0.007903789838 -0.000057012452 -0.001113971351
438 0.10479674 0.07908486  0.00057903 -0.009170931050  0.007535858154  0.009643716481 -0.007924353561  0.079866965211 -0.065627233635
439 0.30429263 0.07909290  0.00488235 -0.042387177553 -0.210583628066  0.042524257168  0.211264489356 -0.000650615680 -0.003232334353
440 0.18236430 0.07910837  0.00175392  0.020487127028  0.127244686309 -0.020482729058 -0.127217642469  0.001029348379  0.006393479929
441 0.00182808 0.07911884  0.00000018  0.000026584897 -0.000014452869 -0.001597282488  0.000865522991 -0.000176973770  0.000095912235
442 0.00073004 0.07916981  0.00000003  0.000140329204  0.000007717360  0.000513736121  0.000028150826  0.000497737642  0.000027315452
443 0.31781723 0.07917703  0.00533166 -0.004262637182  0.005393217929  0.003848111685 -0.004868754991  0.196987421418 -0.249234781044
444 0.00014976 0.07921266  0.00000000  0.000013984763 -0.000106034562 -0.000013651190  0.000103838230 -0.000000637877  0.000004326613
445 0.00000611 0.07926879  0.00000000 -0.000000047697 -0.000000322959  0.000000307710  0.000001795258 -0.000000945592 -0.000005747384
446 0.00001115 0.07927690  0.00000000 -0.000008450405 -0.000000310761 -0.000004201155 -0.000000150741  0.000005923282  0.000000244577
447 0.00388480 0.07928936  0.00000080  0.000429502065 -0.002906751082  0.000358897548 -0.002428940856 -0.000095779574  0.000648277309
448 0.00042192 0.07929542  0.00000001 -0.000024448587  0.000023535264 -0.000025153928  0.000024192576  0.000302034043 -0.000290558782
449 0.00001969 0.07930506  0.00000000  0.000015554293  0.000000467812  0.000009950716  0.000000290473 -0.000006805042 -0.000000213800
450 0.00001291 0.07931597  0.00000000  0.000001376073  0.000005738497 -0.000001325628 -0.000005554712  0.000002375113  0.000009675973
451 0.21152220 0.07932251  0.00236601 -0.139299419831 -0.059513176770  0.135757871510  0.058000104112  0.001041215183  0.000444832805
452 0.25072302 0.07934644  0.00332525 -0.174004927387  0.020817252402 -0.178037171581  0.021299642683  0.000222367979 -0.000026606465
453 0.00024110 0.07937146  0.00000000  0.000034039668 -0.000037820805  0.000033377377 -0.000037021401 -0.000154053433  0.000171244975
454 0.01683946 0.07937152  0.00001500 -0.000762002548  0.000845831859 -0.001880306437  0.002087157756 -0.011087102094  0.012306739378
455 0.00024064 0.07937512  0.00000000 -0.000022397533  0.000168298679  0.000022532760 -0.000169014904 -0.000000310418  0.000002406819
456 0.00546164 0.07939536  0.00000158  0.000824881823 -0.000018347895 -0.005143800966  0.000114383371  0.001635753306 -0.000036375156
457 0.05998762 0.07940844  0.00019050 -0.041812057088  0.000102428322 -0.043014432355  0.000105365278 -0.000057291933  0.000000146841
458 0.03803004 0.07941754  0.00007657  0.009841465727  0.026191927110 -0.009038848077 -0.024055862506  0.000611932188  0.001628601640
459 0.00003921 0.07942926  0.00000000  0.000003778415 -0.000026630306 -0.000004002913  0.000028237799  0.000000107363 -0.000000968293
460 0.00001111 0.07943257  0.00000000 -0.000008240540 -0.000000341210 -0.000007372005 -0.000000309292 -0.000001011294 -0.000000044266
461 0.00000699 0.07944826  0.00000000 -0.000001694826 -0.000004259667  0.000001885618  0.000004725227 -0.000000512299 -0.000001293795
462 0.00378138 0.07945524  0.00000076  0.000435186696 -0.003308626799  0.000231780883 -0.001762147242  0.000007787228 -0.000059205718
463 0.00014443 0.07945831  0.00000000 -0.000014543232  0.000016140657 -0.000012397313  0.000013772368 -0.000094743285  0.000105201456
464 0.02100380 0.07960375  0.00002341 -0.000312511714 -0.015076674734 -0.000302461095 -0.014591548353  0.000017964638  0.000866419733
465 0.00011383 0.07960656  0.00000000  0.000081673480  0.000002862794  0.000079143470  0.000002786675  0.000002524137  0.000000049557
466 0.28527609 0.07960850  0.00431916 -0.202107868056 -0.024051854381 -0.198490281351 -0.023621332023  0.000066568217  0.000007921536
467 0.00002972 0.07960889  0.00000000 -0.000000263288 -0.000002042548  0.000004959849  0.000020278188 -0.000004763957 -0.000020511374
468 0.00016214 0.07961922  0.00000000  0.000014966752 -0.000111052692 -0.000015594636  0.000116060261  0.000000600974 -0.000004502326
469 0.00012708 0.07962568  0.00000000 -0.000004841013  0.000005522977 -0.000000485219  0.000000518325  0.000083793050 -0.000095259129
470 0.34336634 0.07963498  0.00625933 -0.043568925877 -0.235335255066  0.044423404882  0.239950728932  0.005953980035  0.032160065054
471 0.20874995 0.07963675  0.00231353 -0.018589196627  0.014057062506  0.018719312577 -0.014155441666 -0.164400240482  0.124318757611
472 0.09007359 0.07971782  0.00043118 -0.001855170998  0.004171698100  0.002108530435 -0.004741447842  0.036492136688 -0.082059760151
473 0.00533403 0.07972732  0.00000151 -0.001274247477 -0.003284062460 -0.001166535611 -0.003006514924 -0.000859306156 -0.002214666429
474 0.10445412 0.07973269  0.00057996  0.027725402545  0.067708311714 -0.028232504331 -0.068946727791  0.000989946422  0.002417534900
475 0.23555585 0.07976261  0.00295050  0.167153634640 -0.020608076715  0.163448435924 -0.020151252286  0.000248997149 -0.000030696134
476 0.00001169 0.07977549  0.00000000  0.000008426503  0.000000138529  0.000008007315  0.000000110206  0.000001216369  0.000000020962
477 0.00001944 0.07979817  0.00000000 -0.000000689412 -0.000002984053  0.000000788321  0.000003366314 -0.000004286825 -0.000018394658
478 0.00033232 0.07982997  0.00000001 -0.000062601821  0.000067673965 -0.000062008833  0.000067025732  0.000207753233 -0.000224582872
479 0.00004326 0.07984792  0.00000000 -0.000000626480 -0.000003175349 -0.000000071917 -0.000000330986  0.000008377244  0.000042319310
480 0.00016936 0.07985498  0.00000000  0.000020019873 -0.000119692897 -0.000019477238  0.000116486820 -0.000000476326  0.000002812519
481 0.00000694 0.07987884  0.00000000  0.000006012427  0.000000665085  0.000003100362  0.000000339719 -0.000001332251 -0.000000132892
482 0.00045553 0.07991715  0.00000001  0.000037803678 -0.000389377161  0.000020034585 -0.000206569890 -0.000010279466  0.000106215911
483 0.00011939 0.07991786  0.00000000 -0.000009568556  0.000085583711  0.000009174591 -0.000082184616  0.000000063302 -0.000000560158
484 0.11446240 0.07995670  0.00069838  0.075047570053  0.012236788659  0.084440322816  0.013768238693  0.000174940254  0.000028519188
485 0.04393489 0.07995936  0.00010290 -0.009994505963  0.027450669855  0.009130435402 -0.025077617839  0.006532118670 -0.017942265803
486 0.10965426 0.07995967  0.00064096  0.055194250870  0.060067509844 -0.049454764033 -0.053821164267  0.003519366378  0.003829945969
487 0.00001661 0.07997596  0.00000000  0.000009754397 -0.000000302174  0.000011874792 -0.000000391918 -0.000006274248  0.000000221793
488 0.00024933 0.07997645  0.00000000  0.000043587359 -0.000043654349  0.000042264075 -0.000042333677  0.000165404722 -0.000165592281
489 0.00002051 0.07998303  0.00000000  0.000000674585  0.000002275846 -0.000002046198 -0.000006958043 -0.000005353470 -0.000018270455
490 0.00009484 0.07998803  0.00000000 -0.000009085949  0.000068622512  0.000008385759 -0.000063422461  0.000001369577 -0.000010376147
491 0.00007996 0.08000774  0.00000000  0.000018471109 -0.000020451837  0.000013728627 -0.000015224410 -0.000048374539  0.000053613978
492 0.00047326 0.08000927  0.00000001 -0.000029258777  0.000028676537 -0.000031037318  0.000030450148  0.000335221473 -0.000328678452
493 0.00788035 0.08000998  0.00000331  0.000063597700 -0.000060936222  0.000058134048 -0.000055737361  0.005688554078 -0.005452163365
494 0.00001562 0.08001850  0.00000000 -0.000004871710 -0.000003063626  0.000000867644  0.000000553618 -0.000012245992 -0.000007729639
495 0.00000794 0.08002009  0.00000000 -0.000000904876  0.000000203374 -0.000005210317  0.000001240989  0.000005629315 -0.000001361909
496 0.00001238 0.08002753  0.00000000  0.000001950755  0.000009090674 -0.000001677751 -0.000007858823 -0.000000270884 -0.000001473375
497 0.00000823 0.08003012  0.00000000 -0.000001604192 -0.000005629099  0.000001528302  0.000005348151 -0.000000418343 -0.000001560214
498 0.00109282 0.08003131  0.00000006  0.000157542781  0.000580860345  0.000238778396  0.000880357108  0.000000356950  0.000001277783
499 0.02817435 0.08003658  0.00004236  0.003992956134  0.019444890595 -0.004016965725 -0.019561705984 -0.000196099362 -0.000954979808
500 0.02574085 0.08005201  0.00003536 -0.018226358503 -0.000280487727 -0.018172322382 -0.000279668805  0.000032090593  0.000000513130
501 0.00011809 0.08005228  0.00000000 -0.000083016958 -0.000000553377 -0.000083800624 -0.000000541312 -0.000005476997 -0.000000032793
502 0.00010013 0.08005347  0.00000000  0.000036651332 -0.000046595986  0.000035709011 -0.000045385051 -0.000034856702  0.000044282018
503 0.00001663 0.08006789  0.00000000 -0.000001670742  0.000008597266  0.000002597954 -0.000013461334 -0.000000634520  0.000003373286
504 0.00001919 0.08007852  0.00000000  0.000000614270 -0.000004017607 -0.000000459680  0.000002989201  0.000002751303 -0.000018306270
505 0.00000478 0.08008276  0.00000000  0.000002897168  0.000000438658  0.000003708716  0.000000561062 -0.000000430380 -0.000000046354
506 0.00020499 0.08009765  0.00000000  0.000047244333 -0.000048414996  0.000047976926 -0.000049173499  0.000126336683 -0.000129481424
507 0.00003070 0.08010805  0.00000000 -0.000002610011  0.000026267520  0.000001390049 -0.000013881207 -0.000000678740  0.000007097294
508 0.00000283 0.08025664  0.00000000  0.000000017163  0.000000134227 -0.000000049994 -0.000002388078  0.000000077540  0.000001515502
509 0.00000172 0.08026045  0.00000000 -0.000000105931 -0.000000064941  0.000001223380  0.000000584651 -0.000000955272 -0.000000456089
510 0.00000428 0.08026443  0.00000000 -0.000000172591 -0.000000726914 -0.000000451536 -0.000001860722 -0.000000867920 -0.000003647607
511 0.00004897 0.08026510  0.00000000  0.000000275519 -0.000019078658  0.000000212505 -0.000017898918  0.000000493831 -0.000041387377
512 0.00000274 0.08031159  0.00000000  0.000000093218 -0.000001281227 -0.000000149352  0.000002323735 -0.000000065776  0.000000673384
513 0.00001243 0.08032286  0.00000000 -0.000000359500 -0.000000815997  0.000000805760  0.000001878888  0.000004942713  0.000011183210
514 0.00010835 0.08032390  0.00000000 -0.000001644250  0.000005003494 -0.000001872534  0.000005674314 -0.000033738187  0.000102660101
515 0.00000419 0.08032779  0.00000000 -0.000003396195  0.000000189685 -0.000002214456  0.000000096352 -0.000001023164  0.000000080221
516 0.00004723 0.08040704  0.00000000  0.000005824902 -0.000035968576 -0.000004769624  0.000029491269 -0.000000521270  0.000003212049
517 0.00007891 0.08044300  0.00000000  0.000000067964 -0.000000966360  0.000000780619 -0.000011123795  0.000005305962 -0.000077933863
518 0.00037242 0.08044460  0.00000001  0.000022659697 -0.000021217512  0.000021476483 -0.000020101762  0.000270044263 -0.000252872192
519 0.00000552 0.08045587  0.00000000  0.000003389969  0.000000313654  0.000003591994  0.000000306486 -0.000002414764 -0.000000208071
520 0.00003185 0.08056951  0.00000000 -0.000002736570  0.000018509162  0.000003778944 -0.000025458923  0.000000223923 -0.000001411262
521 0.00000195 0.08058487  0.00000000 -0.000000648889  0.000000018046 -0.000000937479 -0.000000071836 -0.000001573548 -0.000000041300
522 0.00012022 0.08058751  0.00000000  0.000010675412 -0.000013249155  0.000009699520 -0.000012015427 -0.000074060732  0.000091870516
523 0.00001235 0.08059699  0.00000000  0.000000831481  0.000003689845 -0.000001356798 -0.000005441336 -0.000002380155 -0.000010059432
524 0.00008828 0.08061515  0.00000000  0.000021879359 -0.000022641052  0.000020192206 -0.000020890493  0.000053600291 -0.000055536324
525 0.00001606 0.08062245  0.00000000  0.000004041685 -0.000010100181 -0.000004369791  0.000010972545 -0.000000044679  0.000000109638
526 0.00000676 0.08062533  0.00000000  0.000005173278  0.000000435648  0.000004302597  0.000000308569  0.000000269106  0.000000031934
527 0.00000694 0.08062830  0.00000000 -0.000000938463 -0.000005035860  0.000000540387  0.000003312597 -0.000000587830 -0.000003206342
528 0.00000805 0.08069551  0.00000000 -0.000000675086 -0.000003371075  0.000000790190  0.000003552565 -0.000001283824 -0.000006176809
529 0.00000533 0.08070161  0.00000000 -0.000003577493 -0.000000224540 -0.000002190388 -0.000000072363  0.000003283000  0.000000131536
530 0.00011716 0.08070186  0.00000000  0.000051232105 -0.000065862617  0.000049902250 -0.000064206408  0.000007523580 -0.000009666592
531 0.00013253 0.08072682  0.00000000 -0.000014035096  0.000092561668  0.000014041903 -0.000092746979 -0.000000134216  0.000000892283
532 0.00001595 0.08077862  0.00000000  0.000000546357  0.000002508420 -0.000000692919 -0.000002887777  0.000003476416  0.000015060394
533 0.00000719 0.08078795  0.00000000 -0.000004213976 -0.000000111537 -0.000004970383 -0.000000233211 -0.000003030821 -0.000000055194
534 0.03676920 0.08079788  0.00007282  0.005090331523  0.025499293143  0.005089196347  0.025493513145 -0.000033518265 -0.000167906510
535 0.00014944 0.08082527  0.00000000  0.000014426733 -0.000107601921 -0.000013382537  0.000101808473  0.000000110697 -0.000001131758
536 0.00044943 0.08086076  0.00000001 -0.000175233486  0.000189942021 -0.000162126042  0.000177196114 -0.000188714134  0.000204719407
537 0.00000826 0.08086455  0.00000000 -0.000004033374 -0.000000101112 -0.000004867960 -0.000000220046  0.000005301801  0.000000217919
538 0.00001309 0.08087091  0.00000000 -0.000001251951 -0.000006204918  0.000000835716  0.000004182956  0.000002507850  0.000010335122
539 2.95264120 0.08087948  0.47007641 -0.070398251223  2.085163002842  0.070416771004 -2.085705255461 -0.003391737265  0.100463744162
540 1.02718501 0.08088654  0.05689608  0.149847820071 -0.177209222831 -0.150801605263  0.178337738306 -0.628252629082  0.742970208621
541 0.00013461 0.08089036  0.00000000 -0.000028091195  0.000031636548 -0.000042324040  0.000046381516 -0.000074699020  0.000082499612
542 0.00010477 0.08090270  0.00000000 -0.000000743396 -0.000008136021 -0.000016337802  0.000103161435  0.000000020332 -0.000000097883
543 3.35465235 0.08090393  0.60697864  1.016311075866 -2.143525809397  1.016176673812 -2.143241983077 -0.000131042949  0.000276191971
544 0.00001302 0.08132286  0.00000000  0.000004059062  0.000008322718 -0.000004011523 -0.000008207318  0.000000243127  0.000000491654
545 0.00000496 0.08134887  0.00000000  0.000001076326  0.000003847387  0.000000658370  0.000002320260 -0.000000464132 -0.000001618779
546 0.00000248 0.08134916  0.00000000  0.000002060715  0.000000030679  0.000001353290  0.000000027398  0.000000221115 -0.000000004347
547 0.00002185 0.08135099  0.00000000 -0.000002295075 -0.000007020185 -0.000002553158 -0.000007798398  0.000005864475  0.000017920422
548 0.00000481 0.08184307  0.00000000  0.000002123567  0.000000063283  0.000000814431  0.000000021356 -0.000004239919 -0.000000170210
549 0.00000542 0.08185015  0.00000000 -0.000000404843  0.000003834307  0.000000373239 -0.000003757631  0.000000036614 -0.000000466346
550 0.10043381 0.08185377  0.00055044  0.071631179471  0.001150080737  0.070379642204  0.001129996760 -0.000174548311 -0.000002829666
551 0.00000216 0.08187174  0.00000000 -0.000000175302 -0.000000958331  0.000000425004  0.000001770401  0.000000159735  0.000000610818
552 0.00542757 0.08187315  0.00000161 -0.000924100242 -0.003325403728 -0.001113355996 -0.004006457971  0.000135261937  0.000486551105
553 0.00002934 0.08187737  0.00000000  0.000003579275 -0.000003721824  0.000004518751 -0.000004684702 -0.000019513702  0.000020266791
554 0.48023992 0.08188598  0.01259026  0.154701164257  0.303034158503 -0.154050901805 -0.301760428404 -0.003994796016 -0.007825278940
555 0.94776304 0.08189531  0.04904190 -0.007038766604  0.003069828306  0.006563903124 -0.002862700046 -0.868684104449  0.378856781727
556 0.00000835 0.08197176  0.00000000 -0.000000788827  0.000006062678  0.000000732979 -0.000005584995 -0.000000086797  0.000000797699
557 0.00000360 0.08198365  0.00000000  0.000002595596  0.000000112117  0.000002410722  0.000000086367 -0.000000624526 -0.000000071694
558 0.00000155 0.08199581  0.00000000  0.000000207669  0.000000982681 -0.000000176683 -0.000000865462  0.000000150662  0.000000776798
559 0.00000792 0.08200635  0.00000000 -0.000003843171  0.000004099572 -0.000003801254  0.000004070765  0.000000215140 -0.000000264054
560 0.00001317 0.08207848  0.00000000 -0.000001301679  0.000009139716  0.000001316901 -0.000009291217  0.000000061698 -0.000000355616
561 0.00001171 0.08208128  0.00000000 -0.000000102106 -0.000000327600 -0.000000191045 -0.000000838076  0.000002686383  0.000011361306
562 0.00000181 0.08209524  0.00000000  0.000001296015  0.000000047425  0.000001073553  0.000000046963  0.000000669482  0.000000006838
563 0.00008775 0.08209770  0.00000000 -0.000006691154  0.000007193160 -0.000007203066  0.000007754400  0.000058905528 -0.000063411786
564 0.01577101 0.08213812  0.00001362 -0.001124022979 -0.010687192561 -0.001113177863 -0.010584519761 -0.000467453252 -0.004444730165
565 0.37569708 0.08215285  0.00773049 -0.008110153096  0.269716773688  0.007803744512 -0.259506376416 -0.000917163726  0.030497254085
566 0.15727941 0.08215512  0.00135484 -0.004304809139 -0.001537907553  0.008746210729  0.003124848686  0.147787743093  0.052805673649
567 0.58807369 0.08215754  0.01894173 -0.337668226314  0.233116134679 -0.346675562548  0.239333985111  0.001424236734 -0.000983209317
568 0.06971038 0.08224560  0.00026645 -0.000885964073 -0.004680936675 -0.000673607215 -0.003558673906  0.012916523606  0.068241388361
569 1.71714767 0.08226489  0.16171062  0.002293128130 -0.003070989729 -0.003534747952  0.004733751299 -1.027374725057  1.375880697653
570 1.06142721 0.08230389  0.06181723 -0.418513237073 -0.609126207342  0.431436527515  0.627933897977  0.000619071680  0.000901033493
571 1.54870311 0.08231187  0.13161565  1.098810934013  0.041684757084  1.089784609789  0.041341723775 -0.004309190867 -0.000163431505
572 0.02305258 0.08255154  0.00002925 -0.000422213212  0.000404294570 -0.000734077285  0.000702926663 -0.016628245491  0.015923197310
573 0.35051757 0.08259280  0.00676504  0.001608074435  0.237162825843 -0.001737713353 -0.256279393077  0.000207530782  0.030521928648
574 0.20438078 0.08259469  0.00230007  0.107090445172  0.103273544112  0.100522639901  0.096939738009 -0.008381690290 -0.008083700890
575 2.63355040 0.08259727  0.38190709 -0.000298517472  0.000828133835 -0.000637501129  0.001768092121 -0.893213651073  2.477448844433
