0 -0.249822926823896 1.02209e-06
1 -0.249822926795505 6.1287e-07
2 -0.249745453726969 7.13483e-07
3 -0.249745453718191 5.67609e-07
4 -0.249714614475665 9.31665e-07
5 -0.249714614450075 5.36578e-07
6 -0.249536373763398 1.12014e-06
7 -0.249536373722406 5.62679e-07
8 -0.249013027085889 5.17366e-07
9 -0.249013027081974 4.2146e-07
10 -0.247771471098624 3.11969e-07
11 -0.247771471098493 3.04199e-07
12 -0.247360164653651 3.35648e-07
13 -0.247360164653163 3.22706e-07
14 -0.247228260006659 3.35638e-07
15 -0.247228260006417 3.26691e-07
16 -0.247076606715045 2.96845e-07
17 -0.247076606714947 3.17175e-07
18 -0.246895409902424 3.01645e-07
19 -0.246895409902131 2.91788e-07
20 -0.246841854714308 3.15706e-07
21 -0.246841854714146 3.07917e-07
22 -0.246632331308139 3.14903e-07
23 -0.246632331307908 2.81068e-07
24 -0.246455900045252 3.00181e-07
25 -0.246455900045147 2.97406e-07
26 -0.246414671648295 3.11123e-07
27 -0.2464146716481 3.07748e-07
28 -0.246290690382957 3.21391e-07
29 -0.246290690382839 2.86787e-07
30 -0.246190680469525 2.8916e-07
31 -0.246190680469481 2.77253e-07
32 -0.246108289506516 2.8946e-07
33 -0.246108289506496 2.75923e-07
34 -0.246047906366634 2.80759e-07
35 -0.246047906366607 2.86605e-07
36 -0.245974563189994 2.9966e-07
37 -0.245974563189896 3.02506e-07
38 -0.245457933181943 2.96635e-07
39 -0.245457933181906 2.81192e-07
40 -0.242814602897046 3.03948e-07
41 -0.242814602897042 3.02288e-07
42 -0.242757321884719 2.89963e-07
43 -0.242757321884714 2.96658e-07
44 -0.242607355963774 2.87089e-07
45 -0.242607355963771 3.05303e-07
46 -0.24245334671487 2.95721e-07
47 -0.242453346714867 3.05133e-07
48 -0.242348676387982 2.95498e-07
49 -0.24234867638798 3.01967e-07
50 -0.242269629273478 3.04268e-07
51 -0.242269629273475 2.96728e-07
52 -0.242167145150968 2.81919e-07
53 -0.242167145150958 2.91348e-07
54 -0.242099192717205 2.80809e-07
55 -0.242099192717199 2.91836e-07
56 -0.241923485055819 2.89256e-07
57 -0.241923485055814 2.97149e-07
58 -0.241488405645349 3.00712e-07
59 -0.241488405645339 2.8198e-07
60 -0.238466295592361 2.8809e-07
61 -0.238466295592357 2.99857e-07
62 -0.238137298429498 3.03948e-07
63 -0.238137298429491 2.7489e-07
64 -0.237975099762759 2.91824e-07
65 -0.237975099762753 3.2535e-07
66 -0.237840007550117 2.78539e-07
67 -0.237840007550108 3.08727e-07
68 -0.23774733608719 3.06687e-07
69 -0.237747336087187 2.88608e-07
70 -0.23753349132735 3.0715e-07
71 -0.237533491327346 3.06574e-07
72 -0.233903528854854 2.86387e-07
73 -0.233903528854849 2.97324e-07
74 -0.233402947122572 2.7744e-07
75 -0.23340294712257 2.79049e-07
76 -0.233313812271355 2.95157e-07
77 -0.233313812271354 2.95474e-07
78 -0.229541904387268 2.78862e-07
79 -0.229541904387256 2.92998e-07
80 -0.157908917485708 1.01196e-06
81 -0.157908917485706 1.01533e-06
82 -0.154888338084434 1.02025e-06
83 -0.154888338084433 1.01993e-06
84 -0.154532439254365 9.96238e-07
85 -0.154532439254361 1.00046e-06
86 -0.153224075843753 1.03164e-06
87 -0.153224075843749 1.03499e-06
88 -0.150964495187057 1.02808e-06
89 -0.150964495187055 1.02922e-06
90 -0.150393768245744 9.96472e-07
91 -0.150393768245742 9.97523e-07
92 -0.150096535274384 1.01051e-06
93 -0.15009653527438 1.01322e-06
94 -0.149471734378076 1.0243e-06
95 -0.149471734378074 1.02092e-06
96 -0.149246171807788 1.0193e-06
97 -0.149246171807786 1.01914e-06
98 -0.148884596610019 1.03097e-06
99 -0.148884596610017 1.02824e-06
100 -0.146683780040643 9.95463e-07
101 -0.146683780040641 9.96604e-07
102 -0.146502009959298 1.02292e-06
103 -0.146502009959295 1.02265e-06
104 -0.146162660826801 9.83653e-07
105 -0.146162660826799 9.85925e-07
106 -0.145977765825574 1.00808e-06
107 -0.145977765825573 1.00646e-06
108 -0.145515599944922 9.90095e-07
109 -0.145515599944921 9.89238e-07
110 -0.145114449303156 1.01532e-06
111 -0.145114449303154 1.0152e-06
112 -0.144858524925021 1.01736e-06
113 -0.14485852492502 1.01571e-06
114 -0.14444481598719 1.00646e-06
115 -0.144444815987187 1.00413e-06
116 -0.144016744206323 1.02099e-06
117 -0.144016744206321 1.01873e-06
118 -0.143832808623755 1.00637e-06
119 -0.143832808623752 1.00876e-06
120 -0.143713969912493 9.92439e-07
121 -0.14371396991249 9.93726e-07
122 -0.143615803846303 9.8027e-07
123 -0.1436158038463 9.79082e-07
124 -0.142312288988157 9.92741e-07
125 -0.14231228898814 9.9715e-07
126 -0.142064503469426 9.78359e-07
127 -0.142064503469408 9.79661e-07
128 -0.141992616421197 9.58063e-07
129 -0.141992616421181 9.5767e-07
130 -0.141962981841222 9.82653e-07
131 -0.141962981841213 9.80367e-07
132 -0.141692216330751 1.0242e-06
133 -0.141692216330726 1.02629e-06
134 -0.141481818633906 9.81618e-07
135 -0.141481818633874 9.80794e-07
136 -0.141233861336825 1.009e-06
137 -0.141233861336807 1.01334e-06
138 -0.140966185816186 9.60314e-07
139 -0.140966185816122 9.5923e-07
