0 60 6.83016e-15
1 60 3.7967e-15
2 60 1.72778e-14
3 60 1.56446e-14
4 60 1.31266e-15
5 60 1.78868e-15
6 60 1.64608e-14
7 60 2.65815e-14
8 60 1.50158e-14
9 60 2.08821e-14
10 60 5.56448e-14
11 60 4.74648e-15
12 60 6.59937e-15
13 60 9.01909e-14
14 60 4.60101e-15
15 60 1.25143e-14
16 60 3.73836e-14
17 60 2.00931e-14
18 60 6.85009e-15
19 60 1.33115e-13
20 60 1.99699e-05
21 60 3.44383e-05
22 60 0.000782738
23 60 0.000140102
24 60 6.14824e-05
25 60 0.0002528
26 60 3.32045e-05
27 60 8.22542e-05
28 60 1.38396e-05
29 60 0.0002412
30 60 4.81976e-06
31 60 1.12724e-06
32 60 1.9182e-06
33 60 2.85467e-08
34 60 2.11283e-05
35 60 1.93315e-05
36 60 3.31988e-05
37 60 7.2596e-05
38 60 3.40705e-06
39 60 1.15647e-06
40 60 2.24568e-13
41 60 1.14026e-13
42 60 3.20646e-13
43 60 2.75732e-13
44 60 2.51089e-11
45 60 3.16274e-12
46 60 1.14845e-13
47 60 4.86299e-14
48 60 1.97418e-13
49 60 1.80438e-13
50 60 1.02528e-12
51 60 2.45776e-12
52 60 0.000665273
53 60 0.00037796
54 60 0.00168873
55 60 0.0885404
56 60 0.00699891
57 60 0.0644674
58 60 9.34827e-14
59 60 5.821e-14
0 61 3.79245e-15
1 61 6.84767e-15
2 61 1.5639e-14
3 61 1.7344e-14
4 61 1.79124e-15
5 61 1.30868e-15
6 61 2.66287e-14
7 61 1.64456e-14
8 61 2.0943e-14
9 61 1.49904e-14
10 61 4.72671e-15
11 61 5.56149e-14
12 61 9.02266e-14
13 61 6.59102e-15
14 61 1.2494e-14
15 61 4.59367e-15
16 61 2.00784e-14
17 61 3.73499e-14
18 61 1.33081e-13
19 61 6.84104e-15
20 61 3.44383e-05
21 61 1.99699e-05
22 61 0.000140102
23 61 0.000782738
24 61 0.0002528
25 61 6.14824e-05
26 61 8.22542e-05
27 61 3.32045e-05
28 61 0.0002412
29 61 1.38396e-05
30 61 1.12724e-06
31 61 4.81976e-06
32 61 2.85467e-08
33 61 1.9182e-06
34 61 1.93315e-05
35 61 2.11283e-05
36 61 7.2596e-05
37 61 3.31988e-05
38 61 1.15647e-06
39 61 3.40705e-06
40 61 1.1405e-13
41 61 2.2461e-13
42 61 2.75603e-13
43 61 3.20545e-13
44 61 3.16284e-12
45 61 2.51091e-11
46 61 4.86789e-14
47 61 1.14925e-13
48 61 1.80262e-13
49 61 1.97538e-13
50 61 2.45804e-12
51 61 1.02528e-12
52 61 0.00037796
53 61 0.000665273
54 61 0.0885404
55 61 0.00168873
56 61 0.0644674
57 61 0.00699891
58 61 5.82882e-14
59 61 9.36525e-14
0 62 3.21349e-07
1 62 1.10079e-05
2 62 2.85132e-07
3 62 1.9528e-08
4 62 2.96357e-05
5 62 7.70446e-06
6 62 1.06231e-05
7 62 4.72384e-05
8 62 1.15401e-06
9 62 5.11523e-06
10 62 2.0568e-06
11 62 8.3558e-06
12 62 8.10067e-07
13 62 1.10571e-06
14 62 3.87919e-06
15 62 1.90874e-06
16 62 1.0846e-07
17 62 5.29512e-07
18 62 6.80436e-06
19 62 1.66806e-06
20 62 3.10771e-14
21 62 1.32936e-14
22 62 4.20512e-14
23 62 9.83424e-13
24 62 9.24058e-13
25 62 3.30065e-13
26 62 9.62944e-15
27 62 3.76346e-15
28 62 3.22503e-14
29 62 5.3182e-14
30 62 1.09008e-14
31 62 8.28826e-15
32 62 4.49561e-14
33 62 4.76037e-14
34 62 4.81597e-12
35 62 5.18253e-12
36 62 1.88525e-13
37 62 5.26907e-13
38 62 7.2884e-14
39 62 7.19429e-14
40 62 0.000161584
41 62 0.000189911
42 62 5.13843e-06
43 62 0.000122302
44 62 0.000602356
45 62 0.00116294
46 62 8.7483e-06
47 62 9.29188e-05
48 62 0.000147097
49 62 8.2142e-05
50 62 0.000656936
51 62 0.00141477
52 62 5.09265e-14
53 62 9.56101e-14
54 62 8.8463e-13
55 62 6.92917e-13
56 62 6.81147e-11
57 62 9.93082e-12
58 62 0.0348464
59 62 0.132332
0 63 1.10079e-05
1 63 3.21349e-07
2 63 1.9528e-08
3 63 2.85132e-07
4 63 7.70446e-06
5 63 2.96357e-05
6 63 4.72384e-05
7 63 1.06231e-05
8 63 5.11523e-06
9 63 1.15401e-06
10 63 8.3558e-06
11 63 2.0568e-06
12 63 1.10571e-06
13 63 8.10067e-07
14 63 1.90874e-06
15 63 3.87919e-06
16 63 5.29513e-07
17 63 1.0846e-07
18 63 1.66806e-06
19 63 6.80436e-06
20 63 1.33045e-14
21 63 3.10837e-14
22 63 9.83566e-13
23 63 4.20664e-14
24 63 3.30068e-13
25 63 9.24115e-13
26 63 3.76101e-15
27 63 9.62863e-15
28 63 5.31901e-14
29 63 3.22329e-14
30 63 8.27183e-15
31 63 1.09003e-14
32 63 4.76076e-14
33 63 4.49733e-14
34 63 5.18256e-12
35 63 4.81608e-12
36 63 5.27105e-13
37 63 1.88512e-13
38 63 7.19444e-14
39 63 7.29138e-14
40 63 0.000189911
41 63 0.000161584
42 63 0.000122302
43 63 5.13843e-06
44 63 0.00116294
45 63 0.000602356
46 63 9.29188e-05
47 63 8.7483e-06
48 63 8.2142e-05
49 63 0.000147097
50 63 0.00141477
51 63 0.000656936
52 63 9.55941e-14
53 63 5.09449e-14
54 63 6.93319e-13
55 63 8.85142e-13
56 63 9.9289e-12
57 63 6.81127e-11
58 63 0.132332
59 63 0.0348464
0 64 4.5977e-06
1 64 2.55215e-06
2 64 6.05818e-06
3 64 3.89766e-06
4 64 8.46844e-06
5 64 7.30024e-07
6 64 2.54158e-05
7 64 5.52539e-05
8 64 1.89214e-07
9 64 5.88822e-06
10 64 3.91113e-06
11 64 4.68834e-08
12 64 9.20189e-07
13 64 7.67767e-07
14 64 1.7553e-05
15 64 2.02811e-05
16 64 4.03594e-08
17 64 4.00511e-07
18 64 7.00468e-08
19 64 9.01204e-07
20 64 5.31627e-15
21 64 6.72332e-14
22 64 1.80903e-13
23 64 4.04652e-13
24 64 3.04863e-13
25 64 1.43262e-14
26 64 2.51432e-13
27 64 1.00578e-13
28 64 4.61696e-15
29 64 2.7086e-14
30 64 5.70457e-14
31 64 1.45571e-15
32 64 1.73216e-13
33 64 2.69449e-13
34 64 1.72437e-13
35 64 1.35566e-12
36 64 5.30839e-12
37 64 1.14282e-11
38 64 3.53091e-14
39 64 9.5037e-15
40 64 0.000132404
41 64 0.000281891
42 64 0.000227626
43 64 0.00016942
44 64 0.000486844
45 64 0.000680649
46 64 6.35234e-07
47 64 9.39437e-05
48 64 6.7678e-05
49 64 9.93102e-05
50 64 0.00059739
51 64 0.00346439
52 64 8.63755e-15
53 64 2.04751e-13
54 64 9.48061e-13
55 64 5.65322e-13
56 64 3.90484e-13
57 64 1.15361e-13
58 64 0.0429956
59 64 0.0778636
0 65 2.55215e-06
1 65 4.5977e-06
2 65 3.89766e-06
3 65 6.05818e-06
4 65 7.30024e-07
5 65 8.46844e-06
6 65 5.52539e-05
7 65 2.54158e-05
8 65 5.88822e-06
9 65 1.89214e-07
10 65 4.68834e-08
11 65 3.91113e-06
12 65 7.67767e-07
13 65 9.2019e-07
14 65 2.02811e-05
15 65 1.7553e-05
16 65 4.00511e-07
17 65 4.03594e-08
18 65 9.01204e-07
19 65 7.00469e-08
20 65 6.72606e-14
21 65 5.316e-15
22 65 4.04558e-13
23 65 1.8092e-13
24 65 1.43398e-14
25 65 3.04782e-13
26 65 1.00598e-13
27 65 2.51389e-13
28 65 2.70716e-14
29 65 4.62564e-15
30 65 1.45309e-15
31 65 5.70634e-14
32 65 2.69404e-13
33 65 1.73161e-13
34 65 1.35561e-12
35 65 1.72375e-13
36 65 1.14278e-11
37 65 5.30851e-12
38 65 9.51157e-15
39 65 3.52951e-14
40 65 0.000281891
41 65 0.000132404
42 65 0.00016942
43 65 0.000227626
44 65 0.000680649
45 65 0.000486844
46 65 9.39437e-05
47 65 6.35235e-07
48 65 9.93102e-05
49 65 6.7678e-05
50 65 0.00346439
51 65 0.00059739
52 65 2.04695e-13
53 65 8.62795e-15
54 65 5.6545e-13
55 65 9.47892e-13
56 65 1.15167e-13
57 65 3.90457e-13
58 65 0.0778636
59 65 0.0429956
0 66 3.6959e-05
1 66 9.01531e-06
2 66 1.49976e-06
3 66 3.5235e-06
4 66 7.16187e-06
5 66 4.48822e-06
6 66 2.19292e-06
7 66 6.29855e-07
8 66 1.33888e-06
9 66 6.76765e-07
10 66 3.13308e-06
11 66 1.94394e-06
12 66 6.17649e-07
13 66 1.82508e-06
14 66 5.70869e-07
15 66 1.5256e-06
16 66 3.47415e-07
17 66 9.61932e-08
18 66 1.59586e-06
19 66 3.72067e-06
20 66 6.95526e-15
21 66 1.54652e-14
22 66 2.55228e-14
23 66 1.88548e-15
24 66 7.67134e-14
25 66 1.73003e-14
26 66 8.40036e-15
27 66 2.2193e-14
28 66 4.57957e-14
29 66 1.59075e-14
30 66 4.14304e-13
31 66 3.58154e-13
32 66 1.17921e-14
33 66 9.15187e-14
34 66 1.34406e-14
35 66 2.6821e-14
36 66 3.90331e-13
37 66 5.83685e-13
38 66 5.04598e-14
39 66 2.1362e-14
40 66 8.6336e-06
41 66 6.4083e-06
42 66 0.000105271
43 66 9.58615e-06
44 66 4.92747e-05
45 66 5.55968e-05
46 66 0.00107369
47 66 0.000884726
48 66 0.000941066
49 66 0.000208666
50 66 1.04294e-06
51 66 1.56946e-05
52 66 3.43003e-13
53 66 1.02013e-13
54 66 2.8412e-13
55 66 1.19751e-12
56 66 3.64745e-14
57 66 3.12651e-14
58 66 0.00160591
59 66 0.0014944
0 67 9.01531e-06
1 67 3.6959e-05
2 67 3.5235e-06
3 67 1.49976e-06
4 67 4.48822e-06
5 67 7.16187e-06
6 67 6.29855e-07
7 67 2.19292e-06
8 67 6.76765e-07
9 67 1.33888e-06
10 67 1.94394e-06
11 67 3.13308e-06
12 67 1.82508e-06
13 67 6.17649e-07
14 67 1.5256e-06
15 67 5.70869e-07
16 67 9.61932e-08
17 67 3.47415e-07
18 67 3.72067e-06
19 67 1.59586e-06
20 67 1.54572e-14
21 67 6.95652e-15
22 67 1.88654e-15
23 67 2.55165e-14
24 67 1.7288e-14
25 67 7.67201e-14
26 67 2.22036e-14
27 67 8.39965e-15
28 67 1.59159e-14
29 67 4.57826e-14
30 67 3.58126e-13
31 67 4.14279e-13
32 67 9.1539e-14
33 67 1.17891e-14
34 67 2.68344e-14
35 67 1.34413e-14
36 67 5.83724e-13
37 67 3.90294e-13
38 67 2.13533e-14
39 67 5.04523e-14
40 67 6.4083e-06
41 67 8.6336e-06
42 67 9.58615e-06
43 67 0.000105271
44 67 5.55968e-05
45 67 4.92747e-05
46 67 0.000884726
47 67 0.00107369
48 67 0.000208666
49 67 0.000941066
50 67 1.56946e-05
51 67 1.04294e-06
52 67 1.01958e-13
53 67 3.42939e-13
54 67 1.1972e-12
55 67 2.84e-13
56 67 3.12806e-14
57 67 3.64613e-14
58 67 0.0014944
59 67 0.00160591
0 68 1.78489e-14
1 68 8.86051e-16
2 68 3.81344e-13
3 68 3.76505e-14
4 68 1.85135e-14
5 68 1.88816e-14
6 68 4.25465e-16
7 68 1.58838e-15
8 68 1.61489e-14
9 68 1.04995e-14
10 68 1.38788e-14
11 68 6.77292e-15
12 68 1.48713e-14
13 68 4.5087e-14
14 68 1.71955e-14
15 68 1.15466e-13
16 68 1.76815e-14
17 68 2.49339e-15
18 68 2.05308e-14
19 68 9.75719e-15
20 68 7.71953e-06
21 68 1.7864e-06
22 68 5.7418e-05
23 68 4.58441e-05
24 68 6.41703e-05
25 68 4.43864e-05
26 68 4.06816e-06
27 68 1.09985e-06
28 68 1.70947e-06
29 68 8.80559e-06
30 68 6.95009e-06
31 68 4.89128e-06
32 68 3.67703e-06
33 68 1.64486e-06
34 68 5.467e-05
35 68 0.000220503
36 68 5.11326e-06
37 68 7.06986e-05
38 68 3.33834e-05
39 68 4.66234e-06
40 68 7.59051e-15
41 68 1.70497e-13
42 68 2.66018e-13
43 68 2.71441e-13
44 68 3.14995e-13
45 68 2.55309e-14
46 68 3.36637e-13
47 68 8.87092e-14
48 68 2.03462e-13
49 68 1.84341e-13
50 68 9.64957e-13
51 68 2.08833e-13
52 68 2.53557e-06
53 68 2.07902e-05
54 68 0.000386719
55 68 0.00396189
56 68 0.000670559
57 68 0.00281738
58 68 1.07433e-11
59 68 3.94662e-11
0 69 8.94468e-16
1 69 1.78494e-14
2 69 3.76698e-14
3 69 3.81453e-13
4 69 1.88801e-14
5 69 1.84512e-14
6 69 1.55948e-15
7 69 4.31726e-16
8 69 1.04557e-14
9 69 1.61302e-14
10 69 6.76377e-15
11 69 1.38568e-14
12 69 4.50452e-14
13 69 1.48614e-14
14 69 1.15556e-13
15 69 1.71729e-14
16 69 2.49644e-15
17 69 1.76552e-14
18 69 9.74602e-15
19 69 2.05088e-14
20 69 1.7864e-06
21 69 7.71953e-06
22 69 4.58441e-05
23 69 5.7418e-05
24 69 4.43864e-05
25 69 6.41703e-05
26 69 1.09985e-06
27 69 4.06816e-06
28 69 8.80559e-06
29 69 1.70947e-06
30 69 4.89128e-06
31 69 6.95009e-06
32 69 1.64486e-06
33 69 3.67703e-06
34 69 0.000220503
35 69 5.467e-05
36 69 7.06986e-05
37 69 5.11326e-06
38 69 4.66234e-06
39 69 3.33834e-05
40 69 1.70449e-13
41 69 7.58192e-15
42 69 2.71526e-13
43 69 2.65986e-13
44 69 2.5515e-14
45 69 3.15013e-13
46 69 8.87336e-14
47 69 3.36549e-13
48 69 1.84364e-13
49 69 2.03417e-13
50 69 2.08972e-13
51 69 9.65148e-13
52 69 2.07902e-05
53 69 2.53557e-06
54 69 0.00396189
55 69 0.000386719
56 69 0.00281738
57 69 0.000670559
58 69 3.94688e-11
59 69 1.07433e-11
0 70 5.87894e-15
1 70 1.96928e-14
2 70 9.87814e-14
3 70 7.79144e-13
4 70 1.56784e-14
5 70 1.38454e-13
6 70 1.14747e-13
7 70 4.17467e-14
8 70 6.6852e-15
9 70 2.12686e-14
10 70 4.83057e-15
11 70 2.70895e-15
12 70 2.73058e-15
13 70 2.58942e-14
14 70 6.25375e-14
15 70 1.05458e-14
16 70 2.32201e-14
17 70 1.05912e-13
18 70 4.59327e-14
19 70 2.26773e-13
20 70 4.53124e-07
21 70 4.86004e-06
22 70 5.585e-08
23 70 3.87835e-07
24 70 6.27948e-07
25 70 4.09408e-07
26 70 1.46782e-05
27 70 6.76991e-05
28 70 3.66118e-05
29 70 2.43324e-05
30 70 2.3631e-06
31 70 2.31897e-06
32 70 8.17751e-06
33 70 1.17177e-05
34 70 4.48075e-05
35 70 0.000119577
36 70 0.00020786
37 70 5.61345e-05
38 70 5.70706e-06
39 70 1.16704e-05
40 70 2.16759e-13
41 70 2.51308e-14
42 70 4.39668e-12
43 70 2.54244e-12
44 70 2.68696e-13
45 70 3.45141e-13
46 70 7.84356e-14
47 70 1.27965e-14
48 70 1.74892e-13
49 70 1.5189e-14
50 70 2.49293e-12
51 70 1.46434e-12
52 70 6.33697e-05
53 70 0.000376291
54 70 0.000988132
55 70 0.000989469
56 70 0.000860417
57 70 0.00179029
58 70 4.68469e-12
59 70 1.27159e-12
0 71 1.97163e-14
1 71 5.89425e-15
2 71 7.78397e-13
3 71 9.88141e-14
4 71 1.38414e-13
5 71 1.567e-14
6 71 4.16296e-14
7 71 1.14675e-13
8 71 2.1211e-14
9 71 6.68339e-15
10 71 2.69846e-15
11 71 4.84203e-15
12 71 2.58798e-14
13 71 2.71792e-15
14 71 1.05265e-14
15 71 6.26247e-14
16 71 1.05867e-13
17 71 2.32479e-14
18 71 2.26714e-13
19 71 4.59591e-14
20 71 4.86004e-06
21 71 4.53124e-07
22 71 3.87835e-07
23 71 5.585e-08
24 71 4.09408e-07
25 71 6.27948e-07
26 71 6.76991e-05
27 71 1.46782e-05
28 71 2.43324e-05
29 71 3.66118e-05
30 71 2.31897e-06
31 71 2.3631e-06
32 71 1.17177e-05
33 71 8.17751e-06
34 71 0.000119577
35 71 4.48075e-05
36 71 5.61345e-05
37 71 0.00020786
38 71 1.16704e-05
39 71 5.70706e-06
40 71 2.51417e-14
41 71 2.16796e-13
42 71 2.54243e-12
43 71 4.3965e-12
44 71 3.45183e-13
45 71 2.68699e-13
46 71 1.28026e-14
47 71 7.84335e-14
48 71 1.51869e-14
49 71 1.74929e-13
50 71 1.46439e-12
51 71 2.49291e-12
52 71 0.000376291
53 71 6.33697e-05
54 71 0.000989469
55 71 0.000988132
56 71 0.00179029
57 71 0.000860417
58 71 1.27217e-12
59 71 4.68287e-12
0 72 2.55808e-14
1 72 2.37443e-15
2 72 9.30573e-15
3 72 2.83482e-14
4 72 2.33624e-14
5 72 1.96647e-14
6 72 1.09514e-14
7 72 1.75688e-14
8 72 1.99313e-14
9 72 1.86412e-14
10 72 1.54017e-13
11 72 3.85917e-14
12 72 6.05909e-14
13 72 1.4417e-13
14 72 2.12841e-14
15 72 2.13361e-14
16 72 7.00449e-13
17 72 3.02824e-14
18 72 8.5994e-14
19 72 1.25543e-13
20 72 4.26777e-06
21 72 1.1914e-06
22 72 3.24695e-05
23 72 1.54462e-05
24 72 9.93429e-06
25 72 2.83079e-05
26 72 3.34964e-05
27 72 6.24457e-06
28 72 1.07022e-05
29 72 5.1608e-05
30 72 1.32939e-05
31 72 1.79948e-05
32 72 4.73682e-05
33 72 7.94251e-06
34 72 3.14406e-05
35 72 0.000186918
36 72 1.56823e-05
37 72 1.28577e-05
38 72 1.8068e-05
39 72 3.39214e-05
40 72 2.29084e-14
41 72 3.54406e-15
42 72 1.66619e-13
43 72 2.52236e-13
44 72 7.56727e-13
45 72 1.02169e-14
46 72 1.49466e-13
47 72 5.23061e-14
48 72 4.27809e-13
49 72 4.40386e-13
50 72 2.78846e-13
51 72 5.17161e-15
52 72 2.16228e-05
53 72 0.000115577
54 72 8.60561e-05
55 72 0.000396909
56 72 6.3263e-05
57 72 0.000115474
58 72 9.70452e-14
59 72 9.15431e-13
0 73 2.3439e-15
1 73 2.5508e-14
2 73 2.81872e-14
3 73 9.25578e-15
4 73 1.95378e-14
5 73 2.34142e-14
6 73 1.76654e-14
7 73 1.09577e-14
8 73 1.86899e-14
9 73 1.99132e-14
10 73 3.84867e-14
11 73 1.54055e-13
12 73 1.44242e-13
13 73 6.04048e-14
14 73 2.13717e-14
15 73 2.12464e-14
16 73 3.0268e-14
17 73 7.00482e-13
18 73 1.25464e-13
19 73 8.58841e-14
20 73 1.1914e-06
21 73 4.26777e-06
22 73 1.54462e-05
23 73 3.24695e-05
24 73 2.83079e-05
25 73 9.93429e-06
26 73 6.24457e-06
27 73 3.34964e-05
28 73 5.1608e-05
29 73 1.07022e-05
30 73 1.79948e-05
31 73 1.32939e-05
32 73 7.94251e-06
33 73 4.73682e-05
34 73 0.000186918
35 73 3.14406e-05
36 73 1.28577e-05
37 73 1.56823e-05
38 73 3.39214e-05
39 73 1.8068e-05
40 73 3.54664e-15
41 73 2.29051e-14
42 73 2.52172e-13
43 73 1.66621e-13
44 73 1.02234e-14
45 73 7.56752e-13
46 73 5.23002e-14
47 73 1.49366e-13
48 73 4.4036e-13
49 73 4.27921e-13
50 73 5.17713e-15
51 73 2.78852e-13
52 73 0.000115577
53 73 2.16228e-05
54 73 0.000396909
55 73 8.60561e-05
56 73 0.000115474
57 73 6.3263e-05
58 73 9.15397e-13
59 73 9.69968e-14
0 74 2.05831e-16
1 74 2.75681e-15
2 74 2.56318e-14
3 74 1.73167e-14
4 74 4.56257e-15
5 74 2.00877e-14
6 74 3.44017e-15
7 74 6.24422e-14
8 74 9.5856e-16
9 74 2.99071e-15
10 74 4.76189e-16
11 74 9.74652e-15
12 74 1.50639e-14
13 74 1.4039e-14
14 74 9.85806e-15
15 74 4.47367e-15
16 74 8.69554e-15
17 74 4.25511e-14
18 74 1.43941e-13
19 74 1.38195e-13
20 74 5.99038e-05
21 74 6.34117e-06
22 74 6.60064e-07
23 74 3.49827e-05
24 74 1.89276e-06
25 74 8.73589e-07
26 74 1.03596e-06
27 74 2.27666e-06
28 74 2.49776e-06
29 74 1.11077e-06
30 74 1.99141e-05
31 74 4.56358e-05
32 74 4.47619e-06
33 74 2.94791e-05
34 74 3.60181e-06
35 74 9.23439e-06
36 74 4.05854e-06
37 74 3.45137e-06
38 74 1.03116e-05
39 74 0.000113794
40 74 5.7231e-14
41 74 7.16571e-15
42 74 2.05713e-13
43 74 1.18236e-13
44 74 9.83177e-14
45 74 8.8138e-14
46 74 2.21857e-14
47 74 1.2984e-15
48 74 1.17611e-12
49 74 1.26603e-13
50 74 4.09527e-14
51 74 1.89465e-13
52 74 0.0017411
53 74 0.000297204
54 74 0.000216114
55 74 5.30934e-05
56 74 7.29011e-06
57 74 2.60793e-05
58 74 2.58867e-14
59 74 6.96875e-14
0 75 2.70949e-15
1 75 2.094e-16
2 75 1.72689e-14
3 75 2.56569e-14
4 75 2.00184e-14
5 75 4.54919e-15
6 75 6.23889e-14
7 75 3.45832e-15
8 75 2.9724e-15
9 75 9.55357e-16
10 75 9.72303e-15
11 75 4.66785e-16
12 75 1.40123e-14
13 75 1.50574e-14
14 75 4.45989e-15
15 75 9.86715e-15
16 75 4.26407e-14
17 75 8.71108e-15
18 75 1.38157e-13
19 75 1.4396e-13
20 75 6.34117e-06
21 75 5.99038e-05
22 75 3.49827e-05
23 75 6.60064e-07
24 75 8.73589e-07
25 75 1.89276e-06
26 75 2.27666e-06
27 75 1.03596e-06
28 75 1.11077e-06
29 75 2.49776e-06
30 75 4.56358e-05
31 75 1.99141e-05
32 75 2.94791e-05
33 75 4.47619e-06
34 75 9.23439e-06
35 75 3.60181e-06
36 75 3.45137e-06
37 75 4.05854e-06
38 75 0.000113794
39 75 1.03116e-05
40 75 7.16939e-15
41 75 5.72943e-14
42 75 1.18245e-13
43 75 2.05742e-13
44 75 8.8113e-14
45 75 9.83067e-14
46 75 1.29896e-15
47 75 2.21865e-14
48 75 1.26615e-13
49 75 1.17621e-12
50 75 1.89396e-13
51 75 4.09405e-14
52 75 0.000297204
53 75 0.0017411
54 75 5.30934e-05
55 75 0.000216114
56 75 2.60793e-05
57 75 7.29011e-06
58 75 6.97609e-14
59 75 2.58682e-14
0 76 9.18572e-15
1 76 1.20399e-14
2 76 5.94718e-16
3 76 2.02238e-14
4 76 7.07357e-16
5 76 2.80866e-16
6 76 6.40281e-15
7 76 3.05891e-16
8 76 1.61109e-14
9 76 1.83062e-15
10 76 9.28453e-14
11 76 1.38794e-14
12 76 2.60397e-16
13 76 3.40216e-14
14 76 4.94869e-14
15 76 9.50357e-14
16 76 1.46745e-13
17 76 2.45563e-14
18 76 1.20488e-14
19 76 5.74764e-13
20 76 2.20959e-05
21 76 3.13537e-05
22 76 1.98242e-05
23 76 8.40897e-07
24 76 1.23499e-06
25 76 6.04129e-08
26 76 3.66006e-07
27 76 5.43437e-06
28 76 1.28071e-05
29 76 1.2682e-05
30 76 0.000129092
31 76 2.85529e-06
32 76 5.75079e-05
33 76 9.83206e-06
34 76 1.80427e-05
35 76 6.22082e-06
36 76 2.5991e-06
37 76 1.1245e-05
38 76 0.000163551
39 76 3.8772e-05
40 76 9.60369e-14
41 76 4.88208e-14
42 76 5.55333e-13
43 76 1.40836e-13
44 76 7.2428e-13
45 76 3.69592e-13
46 76 1.89815e-14
47 76 1.16138e-13
48 76 1.60418e-14
49 76 8.62804e-14
50 76 1.14778e-13
51 76 1.64525e-14
52 76 0.0010066
53 76 0.000576466
54 76 1.5941e-06
55 76 0.000156033
56 76 2.22624e-05
57 76 0.000259729
58 76 4.29509e-13
59 76 4.9935e-14
0 77 1.20661e-14
1 77 9.18391e-15
2 77 2.03731e-14
3 77 5.89395e-16
4 77 2.77856e-16
5 77 7.0065e-16
6 77 3.11384e-16
7 77 6.40841e-15
8 77 1.84834e-15
9 77 1.61862e-14
10 77 1.38943e-14
11 77 9.29351e-14
12 77 3.40178e-14
13 77 2.59763e-16
14 77 9.5027e-14
15 77 4.9495e-14
16 77 2.45366e-14
17 77 1.46729e-13
18 77 5.74618e-13
19 77 1.20586e-14
20 77 3.13537e-05
21 77 2.20959e-05
22 77 8.40897e-07
23 77 1.98242e-05
24 77 6.04129e-08
25 77 1.23499e-06
26 77 5.43437e-06
27 77 3.66006e-07
28 77 1.2682e-05
29 77 1.28071e-05
30 77 2.85529e-06
31 77 0.000129092
32 77 9.83206e-06
33 77 5.75079e-05
34 77 6.22082e-06
35 77 1.80427e-05
36 77 1.1245e-05
37 77 2.5991e-06
38 77 3.8772e-05
39 77 0.000163551
40 77 4.8814e-14
41 77 9.60712e-14
42 77 1.40871e-13
43 77 5.5545e-13
44 77 3.69597e-13
45 77 7.24338e-13
46 77 1.16164e-13
47 77 1.89632e-14
48 77 8.62911e-14
49 77 1.60543e-14
50 77 1.6464e-14
51 77 1.14817e-13
52 77 0.000576466
53 77 0.0010066
54 77 0.000156033
55 77 1.5941e-06
56 77 0.000259729
57 77 2.22624e-05
58 77 4.9979e-14
59 77 4.29413e-13
0 78 8.70451e-16
1 78 4.1485e-16
2 78 1.33769e-15
3 78 3.04104e-15
4 78 5.31946e-16
5 78 6.91328e-16
6 78 1.55173e-15
7 78 1.28354e-15
8 78 8.854e-15
9 78 1.46052e-15
10 78 2.94459e-15
11 78 7.90055e-15
12 78 1.85192e-15
13 78 4.09578e-15
14 78 5.71174e-15
15 78 4.74079e-15
16 78 1.06893e-14
17 78 1.81344e-15
18 78 3.41282e-14
19 78 5.4161e-15
20 78 2.4159e-07
21 78 1.96548e-07
22 78 5.95939e-05
23 78 2.86712e-05
24 78 7.04852e-06
25 78 1.5724e-05
26 78 5.25707e-05
27 78 7.06569e-05
28 78 5.58765e-05
29 78 7.56715e-05
30 78 1.73583e-05
31 78 1.24891e-05
32 78 3.773e-06
33 78 6.65545e-06
34 78 4.24919e-06
35 78 6.3181e-06
36 78 1.35635e-07
37 78 1.01343e-08
38 78 7.87666e-07
39 78 3.20073e-06
40 78 4.95855e-14
41 78 4.75166e-15
42 78 1.92609e-14
43 78 1.59713e-14
44 78 2.77784e-13
45 78 1.14811e-13
46 78 3.63849e-14
47 78 2.45601e-14
48 78 2.16196e-14
49 78 6.72832e-14
50 78 1.34919e-14
51 78 1.7495e-14
52 78 0.00010716
53 78 0.000174179
54 78 0.00018796
55 78 0.000150491
56 78 4.8305e-05
57 78 7.82252e-05
58 78 1.69103e-14
59 78 1.06233e-14
0 79 4.08814e-16
1 79 8.89888e-16
2 79 3.0348e-15
3 79 1.3469e-15
4 79 6.94736e-16
5 79 5.33844e-16
6 79 1.28654e-15
7 79 1.56746e-15
8 79 1.46668e-15
9 79 8.88798e-15
10 79 7.90109e-15
11 79 2.94482e-15
12 79 4.10629e-15
13 79 1.84661e-15
14 79 4.74079e-15
15 79 5.71737e-15
16 79 1.82038e-15
17 79 1.06998e-14
18 79 5.41242e-15
19 79 3.41371e-14
20 79 1.96548e-07
21 79 2.4159e-07
22 79 2.86712e-05
23 79 5.95939e-05
24 79 1.5724e-05
25 79 7.04852e-06
26 79 7.06569e-05
27 79 5.25707e-05
28 79 7.56715e-05
29 79 5.58765e-05
30 79 1.24891e-05
31 79 1.73583e-05
32 79 6.65545e-06
33 79 3.773e-06
34 79 6.3181e-06
35 79 4.24919e-06
36 79 1.01343e-08
37 79 1.35635e-07
38 79 3.20073e-06
39 79 7.87666e-07
40 79 4.7613e-15
41 79 4.96079e-14
42 79 1.59554e-14
43 79 1.92778e-14
44 79 1.14847e-13
45 79 2.77854e-13
46 79 2.45652e-14
47 79 3.63858e-14
48 79 6.73077e-14
49 79 2.16204e-14
50 79 1.74941e-14
51 79 1.34837e-14
52 79 0.000174179
53 79 0.00010716
54 79 0.000150491
55 79 0.00018796
56 79 7.82252e-05
57 79 4.8305e-05
58 79 1.06642e-14
59 79 1.68934e-14
0 80 1.19612e-06
1 80 9.00792e-07
2 80 1.72617e-05
3 80 1.68526e-05
4 80 1.00912e-06
5 80 4.00987e-07
6 80 4.23591e-06
7 80 1.21275e-05
8 80 2.75303e-06
9 80 3.69115e-06
10 80 1.12464e-08
11 80 1.2625e-05
12 80 2.30283e-05
13 80 2.32153e-06
14 80 1.47043e-06
15 80 1.49767e-06
16 80 2.84593e-06
17 80 7.75042e-06
18 80 3.37151e-06
19 80 2.70032e-07
20 80 1.89506e-15
21 80 1.67595e-15
22 80 2.44192e-14
23 80 6.2393e-14
24 80 7.82893e-16
25 80 1.40807e-14
26 80 1.15078e-14
27 80 7.66932e-15
28 80 1.51716e-14
29 80 2.02838e-15
30 80 4.66169e-15
31 80 6.1253e-15
32 80 2.4591e-14
33 80 7.29083e-14
34 80 6.36281e-14
35 80 1.82655e-14
36 80 1.35625e-13
37 80 1.02753e-13
38 80 6.10311e-15
39 80 2.13018e-14
40 80 1.84387e-05
41 80 6.36301e-06
42 80 1.66463e-05
43 80 7.62046e-05
44 80 2.09042e-06
45 80 0.00012105
46 80 1.70899e-05
47 80 9.26542e-06
48 80 6.53896e-06
49 80 1.03874e-05
50 80 2.45067e-06
51 80 5.05254e-06
52 80 5.91315e-13
53 80 1.75478e-13
54 80 2.81387e-13
55 80 1.27298e-13
56 80 4.81561e-13
57 80 6.93772e-14
58 80 0.000106157
59 80 0.000155463
0 81 9.00792e-07
1 81 1.19612e-06
2 81 1.68526e-05
3 81 1.72617e-05
4 81 4.00987e-07
5 81 1.00912e-06
6 81 1.21275e-05
7 81 4.23591e-06
8 81 3.69115e-06
9 81 2.75303e-06
10 81 1.2625e-05
11 81 1.12464e-08
12 81 2.32153e-06
13 81 2.30283e-05
14 81 1.49767e-06
15 81 1.47043e-06
16 81 7.75042e-06
17 81 2.84593e-06
18 81 2.70032e-07
19 81 3.37151e-06
20 81 1.68139e-15
21 81 1.89957e-15
22 81 6.24001e-14
23 81 2.44365e-14
24 81 1.40816e-14
25 81 7.83045e-16
26 81 7.66294e-15
27 81 1.15105e-14
28 81 2.03477e-15
29 81 1.51713e-14
30 81 6.12027e-15
31 81 4.66993e-15
32 81 7.29117e-14
33 81 2.45935e-14
34 81 1.82852e-14
35 81 6.36566e-14
36 81 1.02739e-13
37 81 1.357e-13
38 81 2.12945e-14
39 81 6.10912e-15
40 81 6.36301e-06
41 81 1.84387e-05
42 81 7.62046e-05
43 81 1.66463e-05
44 81 0.00012105
45 81 2.09042e-06
46 81 9.26542e-06
47 81 1.70899e-05
48 81 1.03874e-05
49 81 6.53896e-06
50 81 5.05254e-06
51 81 2.45067e-06
52 81 1.75521e-13
53 81 5.91227e-13
54 81 1.272e-13
55 81 2.81405e-13
56 81 6.94173e-14
57 81 4.81639e-13
58 81 0.000155463
59 81 0.000106157
0 82 2.08266e-07
1 82 1.24021e-07
2 82 5.81666e-06
3 82 1.92794e-05
4 82 4.38159e-09
5 82 9.6702e-09
6 82 4.12675e-06
7 82 2.41194e-06
8 82 4.48857e-07
9 82 6.72979e-07
10 82 4.5603e-07
11 82 4.75454e-07
12 82 9.78427e-07
13 82 7.09518e-07
14 82 8.6248e-06
15 82 7.16583e-07
16 82 6.92059e-06
17 82 3.04715e-06
18 82 3.78122e-07
19 82 2.46754e-07
20 82 2.15782e-14
21 82 2.61879e-16
22 82 3.53741e-14
23 82 1.61963e-13
24 82 1.42512e-14
25 82 1.11701e-16
26 82 2.17766e-14
27 82 1.70016e-14
28 82 1.85433e-15
29 82 1.37905e-14
30 82 1.07609e-13
31 82 6.94074e-14
32 82 3.29558e-15
33 82 9.37389e-15
34 82 1.22616e-12
35 82 2.99508e-13
36 82 1.64707e-13
37 82 2.10045e-14
38 82 2.78052e-14
39 82 3.02226e-14
40 82 4.25817e-06
41 82 4.70827e-07
42 82 3.57146e-06
43 82 1.47211e-05
44 82 9.90143e-07
45 82 0.000460023
46 82 2.92739e-06
47 82 1.15042e-06
48 82 2.41654e-05
49 82 7.69838e-06
50 82 0.000101108
51 82 0.000411046
52 82 1.24675e-13
53 82 7.57717e-15
54 82 1.41918e-12
55 82 4.60825e-14
56 82 2.28556e-14
57 82 4.15369e-14
58 82 6.27527e-06
59 82 7.79483e-06
0 83 1.24021e-07
1 83 2.08266e-07
2 83 1.92794e-05
3 83 5.81665e-06
4 83 9.67012e-09
5 83 4.38158e-09
6 83 2.41194e-06
7 83 4.12675e-06
8 83 6.72979e-07
9 83 4.48857e-07
10 83 4.75454e-07
11 83 4.56031e-07
12 83 7.09518e-07
13 83 9.78426e-07
14 83 7.16583e-07
15 83 8.6248e-06
16 83 3.04715e-06
17 83 6.92059e-06
18 83 2.46754e-07
19 83 3.78122e-07
20 83 2.61312e-16
21 83 2.15648e-14
22 83 1.6203e-13
23 83 3.53476e-14
24 83 1.11812e-16
25 83 1.42493e-14
26 83 1.70027e-14
27 83 2.17743e-14
28 83 1.37838e-14
29 83 1.85268e-15
30 83 6.94116e-14
31 83 1.0763e-13
32 83 9.37542e-15
33 83 3.28102e-15
34 83 2.99521e-13
35 83 1.22612e-12
36 83 2.10048e-14
37 83 1.64629e-13
38 83 3.02281e-14
39 83 2.77863e-14
40 83 4.70827e-07
41 83 4.25817e-06
42 83 1.47211e-05
43 83 3.57146e-06
44 83 0.000460023
45 83 9.90143e-07
46 83 1.15042e-06
47 83 2.92739e-06
48 83 7.69838e-06
49 83 2.41654e-05
50 83 0.000411046
51 83 0.000101108
52 83 7.5651e-15
53 83 1.24618e-13
54 83 4.60276e-14
55 83 1.41938e-12
56 83 4.15752e-14
57 83 2.28083e-14
58 83 7.79483e-06
59 83 6.27527e-06
0 84 5.45729e-06
1 84 1.04149e-05
2 84 9.97569e-07
3 84 8.10927e-07
4 84 1.54231e-07
5 84 3.72214e-07
6 84 7.77941e-08
7 84 5.58207e-07
8 84 3.13432e-07
9 84 4.55938e-07
10 84 7.44003e-07
11 84 2.29152e-06
12 84 1.45884e-05
13 84 4.44463e-06
14 84 1.93441e-06
15 84 5.72175e-07
16 84 1.89748e-05
17 84 1.76435e-05
18 84 2.57063e-06
19 84 4.44594e-07
20 84 1.31937e-15
21 84 9.03737e-15
22 84 3.0553e-15
23 84 9.16759e-16
24 84 7.11207e-15
25 84 1.37887e-14
26 84 4.80299e-15
27 84 3.33323e-15
28 84 5.52632e-15
29 84 5.49572e-15
30 84 8.35489e-16
31 84 5.19159e-15
32 84 2.63777e-14
33 84 3.6623e-14
34 84 2.45496e-14
35 84 5.46919e-14
36 84 9.4978e-15
37 84 5.97127e-15
38 84 1.98354e-15
39 84 4.98302e-15
40 84 2.38348e-06
41 84 2.01844e-06
42 84 5.69087e-07
43 84 2.41796e-06
44 84 1.62582e-05
45 84 2.46141e-05
46 84 2.66168e-05
47 84 4.67269e-06
48 84 8.11527e-05
49 84 0.000182491
50 84 1.42655e-05
51 84 5.80075e-06
52 84 6.53053e-13
53 84 2.54735e-13
54 84 9.27361e-14
55 84 3.86526e-14
56 84 1.24854e-13
57 84 5.95568e-14
58 84 1.0965e-05
59 84 3.74702e-05
0 85 1.04149e-05
1 85 5.45729e-06
2 85 8.10927e-07
3 85 9.97569e-07
4 85 3.72214e-07
5 85 1.5423e-07
6 85 5.58207e-07
7 85 7.77941e-08
8 85 4.55938e-07
9 85 3.13432e-07
10 85 2.29152e-06
11 85 7.44003e-07
12 85 4.44463e-06
13 85 1.45884e-05
14 85 5.72175e-07
15 85 1.93441e-06
16 85 1.76435e-05
17 85 1.89748e-05
18 85 4.44594e-07
19 85 2.57063e-06
20 85 9.04119e-15
21 85 1.32102e-15
22 85 9.19075e-16
23 85 3.05034e-15
24 85 1.37824e-14
25 85 7.10942e-15
26 85 3.34115e-15
27 85 4.80678e-15
28 85 5.50085e-15
29 85 5.52575e-15
30 85 5.1991e-15
31 85 8.3702e-16
32 85 3.66211e-14
33 85 2.63707e-14
34 85 5.46732e-14
35 85 2.45484e-14
36 85 5.96724e-15
37 85 9.50287e-15
38 85 4.98569e-15
39 85 1.98424e-15
40 85 2.01844e-06
41 85 2.38348e-06
42 85 2.41796e-06
43 85 5.69087e-07
44 85 2.46141e-05
45 85 1.62582e-05
46 85 4.67269e-06
47 85 2.66168e-05
48 85 0.000182491
49 85 8.11527e-05
50 85 5.80075e-06
51 85 1.42655e-05
52 85 2.54768e-13
53 85 6.53195e-13
54 85 3.86296e-14
55 85 9.27467e-14
56 85 5.95298e-14
57 85 1.24903e-13
58 85 3.74702e-05
59 85 1.0965e-05
0 86 2.57185e-06
1 86 2.57642e-06
2 86 1.5804e-07
3 86 3.30196e-07
4 86 2.38369e-06
5 86 1.19473e-05
6 86 2.46909e-06
7 86 2.83792e-06
8 86 2.39556e-06
9 86 1.39649e-05
10 86 2.61945e-07
11 86 3.89982e-06
12 86 1.41744e-05
13 86 2.18526e-06
14 86 7.00934e-07
15 86 1.51214e-07
16 86 1.5582e-06
17 86 7.6255e-06
18 86 1.68964e-05
19 86 8.07974e-08
20 86 3.06148e-15
21 86 5.61713e-15
22 86 1.13059e-14
23 86 8.98333e-15
24 86 2.41994e-14
25 86 3.72658e-14
26 86 1.54148e-14
27 86 7.2344e-15
28 86 1.02084e-13
29 86 1.208e-14
30 86 7.94123e-15
31 86 8.02624e-15
32 86 5.26957e-15
33 86 4.70546e-14
34 86 3.20645e-14
35 86 3.64609e-14
36 86 1.28988e-13
37 86 1.87502e-14
38 86 3.11249e-14
39 86 2.55474e-14
40 86 1.84599e-06
41 86 2.74892e-06
42 86 1.96055e-05
43 86 3.17862e-05
44 86 7.19896e-06
45 86 3.35108e-05
46 86 4.30746e-05
47 86 0.00016114
48 86 8.47139e-06
49 86 1.23944e-05
50 86 1.89063e-06
51 86 6.04201e-06
52 86 4.86626e-14
53 86 1.19985e-13
54 86 2.22076e-12
55 86 1.73346e-13
56 86 4.07947e-13
57 86 1.26965e-13
58 86 3.60228e-05
59 86 3.54042e-05
0 87 2.57642e-06
1 87 2.57185e-06
2 87 3.30195e-07
3 87 1.5804e-07
4 87 1.19473e-05
5 87 2.38369e-06
6 87 2.83792e-06
7 87 2.46909e-06
8 87 1.39649e-05
9 87 2.39556e-06
10 87 3.89982e-06
11 87 2.61945e-07
12 87 2.18526e-06
13 87 1.41744e-05
14 87 1.51215e-07
15 87 7.00934e-07
16 87 7.6255e-06
17 87 1.5582e-06
18 87 8.07973e-08
19 87 1.68964e-05
20 87 5.61151e-15
21 87 3.05318e-15
22 87 8.98778e-15
23 87 1.12981e-14
24 87 3.72613e-14
25 87 2.42056e-14
26 87 7.24335e-15
27 87 1.53962e-14
28 87 1.20884e-14
29 87 1.02092e-13
30 87 8.02846e-15
31 87 7.94771e-15
32 87 4.70266e-14
33 87 5.25677e-15
34 87 3.64352e-14
35 87 3.20401e-14
36 87 1.87503e-14
37 87 1.28977e-13
38 87 2.55529e-14
39 87 3.11223e-14
40 87 2.74892e-06
41 87 1.84599e-06
42 87 3.17862e-05
43 87 1.96055e-05
44 87 3.35108e-05
45 87 7.19896e-06
46 87 0.00016114
47 87 4.30746e-05
48 87 1.23944e-05
49 87 8.47139e-06
50 87 6.04201e-06
51 87 1.89063e-06
52 87 1.19991e-13
53 87 4.86403e-14
54 87 1.73428e-13
55 87 2.22032e-12
56 87 1.27001e-13
57 87 4.08066e-13
58 87 3.54042e-05
59 87 3.60228e-05
0 88 6.39916e-07
1 88 6.8613e-07
2 88 3.45367e-06
3 88 1.65459e-06
4 88 1.03028e-05
5 88 4.98647e-06
6 88 2.02146e-06
7 88 2.73599e-06
8 88 2.76084e-06
9 88 1.59837e-06
10 88 5.76482e-07
11 88 1.07288e-05
12 88 1.45504e-06
13 88 1.34947e-06
14 88 8.6992e-06
15 88 5.44248e-06
16 88 4.34711e-07
17 88 6.00688e-06
18 88 1.32044e-06
19 88 1.31194e-06
20 88 2.8837e-15
21 88 6.43761e-16
22 88 3.95724e-16
23 88 5.48825e-14
24 88 2.67987e-14
25 88 1.99382e-14
26 88 9.94697e-15
27 88 6.7582e-16
28 88 8.29151e-14
29 88 8.08912e-15
30 88 5.38087e-15
31 88 1.14901e-13
32 88 2.53398e-14
33 88 2.92752e-13
34 88 5.45025e-14
35 88 3.9932e-15
36 88 2.10479e-14
37 88 8.68564e-14
38 88 2.01958e-14
39 88 1.11447e-13
40 88 1.61615e-06
41 88 3.9837e-06
42 88 5.14852e-06
43 88 0.000129468
44 88 4.17892e-06
45 88 5.83546e-06
46 88 7.29183e-06
47 88 7.40828e-06
48 88 4.12053e-05
49 88 2.23603e-05
50 88 1.57693e-06
51 88 3.18455e-06
52 88 2.70001e-13
53 88 9.30845e-14
54 88 1.72576e-13
55 88 6.16919e-15
56 88 2.34444e-14
57 88 2.3943e-14
58 88 1.17225e-05
59 88 0.000258957
0 89 6.86129e-07
1 89 6.39915e-07
2 89 1.65459e-06
3 89 3.45367e-06
4 89 4.98647e-06
5 89 1.03028e-05
6 89 2.736e-06
7 89 2.02146e-06
8 89 1.59837e-06
9 89 2.76084e-06
10 89 1.07288e-05
11 89 5.76483e-07
12 89 1.34947e-06
13 89 1.45504e-06
14 89 5.44248e-06
15 89 8.6992e-06
16 89 6.00688e-06
17 89 4.34711e-07
18 89 1.31194e-06
19 89 1.32044e-06
20 89 6.39964e-16
21 89 2.8794e-15
22 89 5.49e-14
23 89 3.96065e-16
24 89 1.99483e-14
25 89 2.6812e-14
26 89 6.75558e-16
27 89 9.95581e-15
28 89 8.08421e-15
29 89 8.29542e-14
30 89 1.14932e-13
31 89 5.38319e-15
32 89 2.92777e-13
33 89 2.53276e-14
34 89 3.99952e-15
35 89 5.4493e-14
36 89 8.68826e-14
37 89 2.107e-14
38 89 1.11437e-13
39 89 2.01898e-14
40 89 3.9837e-06
41 89 1.61615e-06
42 89 0.000129468
43 89 5.14852e-06
44 89 5.83546e-06
45 89 4.17892e-06
46 89 7.40828e-06
47 89 7.29183e-06
48 89 2.23603e-05
49 89 4.12053e-05
50 89 3.18455e-06
51 89 1.57693e-06
52 89 9.30935e-14
53 89 2.69962e-13
54 89 6.18399e-15
55 89 1.72541e-13
56 89 2.39378e-14
57 89 2.34265e-14
58 89 0.000258957
59 89 1.17225e-05
0 90 2.65746e-06
1 90 3.36128e-07
2 90 4.09985e-06
3 90 3.50102e-07
4 90 1.0559e-05
5 90 1.38817e-06
6 90 3.77318e-09
7 90 4.05556e-06
8 90 3.76216e-06
9 90 1.81407e-07
10 90 6.92306e-06
11 90 9.05341e-06
12 90 1.23863e-06
13 90 2.02833e-06
14 90 3.9968e-07
15 90 6.91655e-07
16 90 3.93311e-09
17 90 1.08988e-06
18 90 1.76413e-06
19 90 4.94631e-06
20 90 7.52253e-15
21 90 1.10175e-14
22 90 3.54102e-16
23 90 1.1032e-14
24 90 1.66557e-14
25 90 2.12045e-14
26 90 4.68783e-14
27 90 1.30162e-14
28 90 3.80138e-14
29 90 4.23061e-14
30 90 3.92857e-15
31 90 9.61068e-15
32 90 2.07438e-14
33 90 1.61982e-14
34 90 1.54416e-14
35 90 5.44886e-14
36 90 4.40974e-14
37 90 9.28129e-13
38 90 1.94088e-14
39 90 3.01162e-14
40 90 2.67613e-06
41 90 2.66433e-05
42 90 3.19726e-05
43 90 7.51564e-05
44 90 4.34276e-05
45 90 1.29759e-05
46 90 6.37604e-05
47 90 2.02184e-06
48 90 1.97953e-05
49 90 3.67114e-06
50 90 2.40808e-05
51 90 1.31353e-05
52 90 8.00767e-15
53 90 4.20758e-14
54 90 1.07752e-12
55 90 1.63772e-12
56 90 4.19521e-13
57 90 5.94761e-13
58 90 1.20356e-05
59 90 0.000440507
0 91 3.36128e-07
1 91 2.65746e-06
2 91 3.50102e-07
3 91 4.09985e-06
4 91 1.38817e-06
5 91 1.0559e-05
6 91 4.05556e-06
7 91 3.77319e-09
8 91 1.81407e-07
9 91 3.76216e-06
10 91 9.05341e-06
11 91 6.92306e-06
12 91 2.02833e-06
13 91 1.23863e-06
14 91 6.91655e-07
15 91 3.9968e-07
16 91 1.08988e-06
17 91 3.93311e-09
18 91 4.94631e-06
19 91 1.76413e-06
20 91 1.10367e-14
21 91 7.52332e-15
22 91 1.10426e-14
23 91 3.52989e-16
24 91 2.12173e-14
25 91 1.6643e-14
26 91 1.30067e-14
27 91 4.68753e-14
28 91 4.23361e-14
29 91 3.80048e-14
30 91 9.61273e-15
31 91 3.93497e-15
32 91 1.62121e-14
33 91 2.07558e-14
34 91 5.44638e-14
35 91 1.54125e-14
36 91 9.28066e-13
37 91 4.41276e-14
38 91 3.01088e-14
39 91 1.94222e-14
40 91 2.66433e-05
41 91 2.67613e-06
42 91 7.51564e-05
43 91 3.19726e-05
44 91 1.29759e-05
45 91 4.34276e-05
46 91 2.02184e-06
47 91 6.37604e-05
48 91 3.67114e-06
49 91 1.97953e-05
50 91 1.31353e-05
51 91 2.40808e-05
52 91 4.21141e-14
53 91 8.0176e-15
54 91 1.63784e-12
55 91 1.07785e-12
56 91 5.94812e-13
57 91 4.1966e-13
58 91 0.000440507
59 91 1.20356e-05
0 92 2.50095e-06
1 92 4.16805e-06
2 92 2.40059e-06
3 92 1.56946e-08
4 92 4.62154e-06
5 92 2.90142e-07
6 92 2.36964e-05
7 92 4.51327e-06
8 92 3.3284e-07
9 92 2.36869e-06
10 92 1.20432e-07
11 92 3.23592e-06
12 92 1.5813e-06
13 92 6.34369e-07
14 92 3.89295e-06
15 92 8.72961e-07
16 92 1.60426e-05
17 92 5.11892e-06
18 92 2.86318e-06
19 92 5.35242e-07
20 92 2.96343e-15
21 92 4.54337e-14
22 92 9.06579e-15
23 92 4.13488e-15
24 92 1.59075e-14
25 92 5.9924e-15
26 92 8.73098e-15
27 92 3.69248e-14
28 92 2.0511e-14
29 92 3.43784e-14
30 92 1.29592e-13
31 92 1.56586e-14
32 92 4.33274e-14
33 92 4.56298e-14
34 92 2.05493e-14
35 92 9.39083e-15
36 92 4.58251e-13
37 92 1.41531e-14
38 92 4.22714e-14
39 92 2.25834e-14
40 92 8.34546e-05
41 92 8.7887e-07
42 92 5.07306e-05
43 92 4.53218e-05
44 92 1.71569e-05
45 92 1.07198e-05
46 92 3.65294e-06
47 92 7.04969e-05
48 92 9.79314e-07
49 92 8.06529e-05
50 92 2.51884e-06
51 92 2.83251e-05
52 92 4.09949e-15
53 92 4.35659e-15
54 92 3.47707e-14
55 92 6.47649e-14
56 92 1.09926e-14
57 92 2.21219e-15
58 92 0.000256603
59 92 5.49019e-05
0 93 4.16805e-06
1 93 2.50095e-06
2 93 1.56945e-08
3 93 2.40059e-06
4 93 2.90142e-07
5 93 4.62154e-06
6 93 4.51327e-06
7 93 2.36964e-05
8 93 2.36869e-06
9 93 3.32839e-07
10 93 3.23592e-06
11 93 1.20432e-07
12 93 6.3437e-07
13 93 1.5813e-06
14 93 8.72961e-07
15 93 3.89295e-06
16 93 5.11892e-06
17 93 1.60426e-05
18 93 5.35242e-07
19 93 2.86318e-06
20 93 4.54133e-14
21 93 2.95672e-15
22 93 4.13993e-15
23 93 9.06693e-15
24 93 6.00618e-15
25 93 1.59006e-14
26 93 3.69321e-14
27 93 8.73633e-15
28 93 3.43457e-14
29 93 2.05077e-14
30 93 1.56394e-14
31 93 1.29591e-13
32 93 4.56353e-14
33 93 4.33272e-14
34 93 9.39314e-15
35 93 2.05319e-14
36 93 1.41516e-14
37 93 4.58278e-13
38 93 2.25921e-14
39 93 4.22959e-14
40 93 8.7887e-07
41 93 8.34546e-05
42 93 4.53218e-05
43 93 5.07306e-05
44 93 1.07198e-05
45 93 1.71569e-05
46 93 7.04969e-05
47 93 3.65294e-06
48 93 8.06529e-05
49 93 9.79314e-07
50 93 2.83251e-05
51 93 2.51884e-06
52 93 4.35399e-15
53 93 4.10625e-15
54 93 6.48288e-14
55 93 3.47014e-14
56 93 2.21227e-15
57 93 1.10098e-14
58 93 5.49019e-05
59 93 0.000256603
0 94 3.22235e-06
1 94 4.18894e-06
2 94 4.21765e-07
3 94 4.75642e-07
4 94 4.89854e-06
5 94 6.03577e-06
6 94 6.31534e-07
7 94 1.78339e-06
8 94 1.13027e-06
9 94 2.84056e-06
10 94 1.77953e-06
11 94 1.73699e-06
12 94 1.88341e-06
13 94 6.60931e-07
14 94 1.70788e-05
15 94 4.9823e-06
16 94 3.51361e-06
17 94 7.66491e-06
18 94 3.6553e-06
19 94 5.72071e-07
20 94 5.41164e-15
21 94 1.92797e-14
22 94 1.39306e-15
23 94 1.47308e-14
24 94 9.53509e-15
25 94 3.73211e-14
26 94 1.53838e-13
27 94 1.45363e-14
28 94 4.69602e-15
29 94 2.15032e-14
30 94 4.4391e-15
31 94 1.01214e-14
32 94 1.76283e-16
33 94 4.27888e-14
34 94 4.79835e-14
35 94 1.94381e-13
36 94 8.27263e-14
37 94 3.2045e-14
38 94 8.00949e-16
39 94 4.86133e-14
40 94 1.11156e-05
41 94 1.84341e-05
42 94 8.21168e-06
43 94 1.43914e-05
44 94 1.87265e-05
45 94 1.92729e-05
46 94 2.0358e-06
47 94 2.92528e-07
48 94 2.13286e-05
49 94 1.77946e-05
50 94 1.0062e-05
51 94 6.42358e-06
52 94 2.36895e-14
53 94 3.69181e-14
54 94 2.3087e-15
55 94 1.71028e-15
56 94 4.06945e-14
57 94 2.46955e-14
58 94 8.56561e-06
59 94 2.12702e-05
0 95 4.18894e-06
1 95 3.22235e-06
2 95 4.75642e-07
3 95 4.21764e-07
4 95 6.03576e-06
5 95 4.89854e-06
6 95 1.78339e-06
7 95 6.31534e-07
8 95 2.84056e-06
9 95 1.13027e-06
10 95 1.73699e-06
11 95 1.77953e-06
12 95 6.60931e-07
13 95 1.88341e-06
14 95 4.9823e-06
15 95 1.70788e-05
16 95 7.66491e-06
17 95 3.51361e-06
18 95 5.72071e-07
19 95 3.6553e-06
20 95 1.927e-14
21 95 5.42525e-15
22 95 1.47245e-14
23 95 1.3924e-15
24 95 3.73263e-14
25 95 9.52576e-15
26 95 1.45349e-14
27 95 1.53783e-13
28 95 2.15121e-14
29 95 4.6988e-15
30 95 1.0139e-14
31 95 4.43261e-15
32 95 4.28024e-14
33 95 1.75182e-16
34 95 1.94324e-13
35 95 4.79816e-14
36 95 3.20364e-14
37 95 8.27e-14
38 95 4.86043e-14
39 95 8.01376e-16
40 95 1.84341e-05
41 95 1.11156e-05
42 95 1.43914e-05
43 95 8.21168e-06
44 95 1.92729e-05
45 95 1.87265e-05
46 95 2.92528e-07
47 95 2.0358e-06
48 95 1.77946e-05
49 95 2.13286e-05
50 95 6.42358e-06
51 95 1.0062e-05
52 95 3.69173e-14
53 95 2.37026e-14
54 95 1.69573e-15
55 95 2.30196e-15
56 95 2.47179e-14
57 95 4.07017e-14
58 95 2.12702e-05
59 95 8.56561e-06
0 96 4.89356e-06
1 96 5.77813e-06
2 96 4.63662e-06
3 96 1.62448e-06
4 96 6.11895e-06
5 96 3.67653e-08
6 96 1.40334e-06
7 96 4.10599e-07
8 96 1.67887e-06
9 96 8.29479e-06
10 96 7.655e-07
11 96 2.65544e-06
12 96 1.68692e-06
13 96 1.13812e-06
14 96 2.55334e-06
15 96 2.08543e-06
16 96 2.42911e-06
17 96 1.2072e-06
18 96 2.52468e-06
19 96 2.88357e-07
20 96 5.7404e-15
21 96 6.24335e-15
22 96 1.16388e-14
23 96 1.47496e-15
24 96 9.46817e-15
25 96 1.71467e-14
26 96 2.12024e-17
27 96 1.64842e-14
28 96 3.24024e-14
29 96 5.15695e-15
30 96 5.3166e-15
31 96 1.49679e-14
32 96 4.88719e-15
33 96 4.49222e-15
34 96 2.32148e-15
35 96 2.69384e-14
36 96 1.36477e-13
37 96 2.45843e-13
38 96 2.67283e-14
39 96 1.25205e-14
40 96 4.75482e-06
41 96 9.67652e-05
42 96 1.92882e-05
43 96 3.17265e-05
44 96 8.20763e-06
45 96 2.75775e-06
46 96 6.71619e-06
47 96 5.44517e-07
48 96 9.00025e-06
49 96 1.47603e-05
50 96 2.32423e-07
51 96 1.1928e-05
52 96 2.99071e-14
53 96 2.85797e-14
54 96 2.66286e-15
55 96 5.40055e-16
56 96 4.47083e-16
57 96 2.56817e-14
58 96 3.538e-05
59 96 5.11865e-05
0 97 5.77813e-06
1 97 4.89356e-06
2 97 1.62448e-06
3 97 4.63662e-06
4 97 3.67653e-08
5 97 6.11895e-06
6 97 4.10599e-07
7 97 1.40334e-06
8 97 8.29479e-06
9 97 1.67887e-06
10 97 2.65544e-06
11 97 7.655e-07
12 97 1.13812e-06
13 97 1.68692e-06
14 97 2.08543e-06
15 97 2.55333e-06
16 97 1.2072e-06
17 97 2.42911e-06
18 97 2.88357e-07
19 97 2.52468e-06
20 97 6.24092e-15
21 97 5.74643e-15
22 97 1.47001e-15
23 97 1.16291e-14
24 97 1.7116e-14
25 97 9.45054e-15
26 97 1.64663e-14
27 97 2.0403e-17
28 97 5.16768e-15
29 97 3.23762e-14
30 97 1.49724e-14
31 97 5.3125e-15
32 97 4.49489e-15
33 97 4.87708e-15
34 97 2.69308e-14
35 97 2.32731e-15
36 97 2.45771e-13
37 97 1.36395e-13
38 97 1.25025e-14
39 97 2.67282e-14
40 97 9.67652e-05
41 97 4.75482e-06
42 97 3.17265e-05
43 97 1.92882e-05
44 97 2.75775e-06
45 97 8.20763e-06
46 97 5.44517e-07
47 97 6.71619e-06
48 97 1.47603e-05
49 97 9.00025e-06
50 97 1.1928e-05
51 97 2.32423e-07
52 97 2.86041e-14
53 97 2.99116e-14
54 97 5.41922e-16
55 97 2.65609e-15
56 97 2.55534e-14
57 97 4.47776e-16
58 97 5.11865e-05
59 97 3.538e-05
0 98 3.46676e-06
1 98 1.15105e-06
2 98 4.23701e-07
3 98 1.35232e-06
4 98 1.02496e-07
5 98 1.10517e-07
6 98 5.21542e-07
7 98 1.30189e-06
8 98 1.78686e-06
9 98 3.74452e-07
10 98 8.93545e-08
11 98 7.54582e-07
12 98 2.69844e-07
13 98 7.55316e-07
14 98 1.16368e-06
15 98 2.79073e-06
16 98 5.34886e-06
17 98 2.583e-06
18 98 9.3221e-07
19 98 1.15755e-06
20 98 2.70398e-14
21 98 1.01827e-14
22 98 3.34632e-15
23 98 1.99293e-15
24 98 1.98208e-15
25 98 4.82385e-16
26 98 5.8865e-14
27 98 1.90483e-14
28 98 2.06418e-14
29 98 1.78798e-14
30 98 6.07708e-14
31 98 1.54259e-14
32 98 6.41617e-14
33 98 2.81596e-14
34 98 7.44433e-15
35 98 1.65373e-15
36 98 1.3264e-14
37 98 5.36755e-15
38 98 1.85676e-14
39 98 6.01665e-16
40 98 6.31567e-06
41 98 0.000315925
42 98 1.81385e-06
43 98 1.05241e-06
44 98 2.90149e-06
45 98 5.37662e-07
46 98 5.58341e-05
47 98 7.7716e-06
48 98 2.61461e-06
49 98 1.89894e-06
50 98 4.39984e-06
51 98 2.46208e-07
52 98 3.20742e-14
53 98 7.05912e-15
54 98 6.65731e-15
55 98 1.08821e-14
56 98 7.64272e-14
57 98 5.38529e-14
58 98 7.27889e-05
59 98 0.000535967
0 99 1.15105e-06
1 99 3.46676e-06
2 99 1.35232e-06
3 99 4.23701e-07
4 99 1.10517e-07
5 99 1.02496e-07
6 99 1.30189e-06
7 99 5.21541e-07
8 99 3.74452e-07
9 99 1.78686e-06
10 99 7.54581e-07
11 99 8.93546e-08
12 99 7.55316e-07
13 99 2.69843e-07
14 99 2.79073e-06
15 99 1.16368e-06
16 99 2.583e-06
17 99 5.34886e-06
18 99 1.15755e-06
19 99 9.3221e-07
20 99 1.01518e-14
21 99 2.70599e-14
22 99 2.00285e-15
23 99 3.34844e-15
24 99 4.77176e-16
25 99 2.00137e-15
26 99 1.90432e-14
27 99 5.89169e-14
28 99 1.78325e-14
29 99 2.06098e-14
30 99 1.54329e-14
31 99 6.0809e-14
32 99 2.81304e-14
33 99 6.41315e-14
34 99 1.65184e-15
35 99 7.45646e-15
36 99 5.35488e-15
37 99 1.32545e-14
38 99 6.02247e-16
39 99 1.85708e-14
40 99 0.000315925
41 99 6.31567e-06
42 99 1.05241e-06
43 99 1.81385e-06
44 99 5.37662e-07
45 99 2.90149e-06
46 99 7.77159e-06
47 99 5.58341e-05
48 99 1.89894e-06
49 99 2.61461e-06
50 99 2.46207e-07
51 99 4.39984e-06
52 99 7.04133e-15
53 99 3.20926e-14
54 99 1.08024e-14
55 99 6.63129e-15
56 99 5.38613e-14
57 99 7.66527e-14
58 99 0.000535967
59 99 7.27889e-05
0 100 4.73452e-15
1 100 1.57159e-15
2 100 1.90257e-15
3 100 6.21729e-14
4 100 1.35096e-16
5 100 9.41606e-16
6 100 2.41763e-15
7 100 8.62965e-16
8 100 1.08467e-15
9 100 3.06958e-16
10 100 2.86313e-15
11 100 1.90343e-15
12 100 2.38338e-16
13 100 2.02255e-16
14 100 1.07699e-15
15 100 7.43167e-16
16 100 1.23554e-14
17 100 4.16312e-15
18 100 2.23021e-15
19 100 2.62924e-15
20 100 8.09901e-08
21 100 6.74352e-07
22 100 4.24391e-07
23 100 5.23781e-07
24 100 2.14454e-06
25 100 2.18074e-06
26 100 1.55275e-09
27 100 1.38773e-06
28 100 9.83849e-08
29 100 3.04408e-07
30 100 4.04285e-06
31 100 1.26905e-07
32 100 1.11831e-07
33 100 1.58167e-07
34 100 2.46615e-07
35 100 4.64967e-06
36 100 1.5539e-05
37 100 1.63267e-06
38 100 2.35e-06
39 100 8.79279e-08
40 100 8.7275e-14
41 100 1.071e-14
42 100 7.94893e-13
43 100 6.16455e-14
44 100 1.04891e-14
45 100 7.95032e-15
46 100 3.05515e-15
47 100 2.6077e-15
48 100 2.60965e-15
49 100 1.01847e-14
50 100 5.01949e-14
51 100 1.07821e-13
52 100 1.09117e-07
53 100 1.05918e-06
54 100 2.01783e-06
55 100 1.2076e-06
56 100 5.65339e-07
57 100 1.4263e-06
58 100 6.46173e-15
59 100 9.68862e-16
0 101 1.58661e-15
1 101 4.79084e-15
2 101 6.203e-14
3 101 1.95378e-15
4 101 9.59139e-16
5 101 1.438e-16
6 101 8.78478e-16
7 101 2.35883e-15
8 101 3.06926e-16
9 101 1.08701e-15
10 101 1.916e-15
11 101 2.85742e-15
12 101 2.00334e-16
13 101 2.27628e-16
14 101 7.63524e-16
15 101 1.06601e-15
16 101 4.16108e-15
17 101 1.23533e-14
18 101 2.65005e-15
19 101 2.23025e-15
20 101 6.74352e-07
21 101 8.09902e-08
22 101 5.23781e-07
23 101 4.24391e-07
24 101 2.18074e-06
25 101 2.14454e-06
26 101 1.38773e-06
27 101 1.55274e-09
28 101 3.04408e-07
29 101 9.83849e-08
30 101 1.26905e-07
31 101 4.04285e-06
32 101 1.58167e-07
33 101 1.11831e-07
34 101 4.64967e-06
35 101 2.46616e-07
36 101 1.63267e-06
37 101 1.5539e-05
38 101 8.7928e-08
39 101 2.35e-06
40 101 1.06674e-14
41 101 8.72654e-14
42 101 6.1653e-14
43 101 7.94971e-13
44 101 8.00516e-15
45 101 1.04927e-14
46 101 2.61606e-15
47 101 3.06734e-15
48 101 1.01998e-14
49 101 2.61289e-15
50 101 1.0801e-13
51 101 5.01208e-14
52 101 1.05918e-06
53 101 1.09117e-07
54 101 1.2076e-06
55 101 2.01784e-06
56 101 1.4263e-06
57 101 5.65339e-07
58 101 9.58209e-16
59 101 6.44813e-15
0 102 6.66936e-15
1 102 5.29082e-15
2 102 2.3688e-14
3 102 5.17546e-14
4 102 3.91111e-15
5 102 3.41093e-15
6 102 2.2765e-15
7 102 1.2395e-15
8 102 4.045e-16
9 102 1.90416e-16
10 102 7.09114e-16
11 102 2.47051e-16
12 102 6.93812e-15
13 102 6.96825e-16
14 102 2.08006e-15
15 102 1.86183e-16
16 102 6.03024e-15
17 102 4.8848e-15
18 102 1.52198e-14
19 102 2.78226e-15
20 102 1.20629e-07
21 102 6.14612e-08
22 102 5.82736e-06
23 102 6.80202e-06
24 102 2.82673e-08
25 102 5.79669e-08
26 102 1.23851e-07
27 102 2.28815e-08
28 102 2.61564e-06
29 102 5.34222e-07
30 102 1.14184e-06
31 102 2.22923e-06
32 102 8.96172e-08
33 102 5.16234e-07
34 102 6.63556e-06
35 102 6.03993e-06
36 102 4.47402e-05
37 102 1.35461e-05
38 102 8.94383e-08
39 102 1.51857e-06
40 102 4.6866e-15
41 102 3.50724e-15
42 102 2.18055e-13
43 102 8.38218e-13
44 102 1.48711e-15
45 102 3.69789e-14
46 102 1.83665e-14
47 102 1.8576e-14
48 102 1.5295e-14
49 102 4.5255e-14
50 102 1.22784e-13
51 102 3.28092e-14
52 102 4.55929e-07
53 102 3.24244e-07
54 102 3.86381e-06
55 102 1.66821e-06
56 102 4.58034e-06
57 102 3.14103e-07
58 102 5.51826e-14
59 102 7.45587e-14
0 103 5.30398e-15
1 103 6.74114e-15
2 103 5.17333e-14
3 103 2.36656e-14
4 103 3.47195e-15
5 103 3.98571e-15
6 103 1.23274e-15
7 103 2.2604e-15
8 103 1.90616e-16
9 103 4.05234e-16
10 103 2.48372e-16
11 103 6.9564e-16
12 103 7.15502e-16
13 103 6.88856e-15
14 103 1.74498e-16
15 103 2.07167e-15
16 103 4.86215e-15
17 103 6.0165e-15
18 103 2.77606e-15
19 103 1.52128e-14
20 103 6.1461e-08
21 103 1.20629e-07
22 103 6.80202e-06
23 103 5.82736e-06
24 103 5.7967e-08
25 103 2.82674e-08
26 103 2.28814e-08
27 103 1.2385e-07
28 103 5.34222e-07
29 103 2.61564e-06
30 103 2.22923e-06
31 103 1.14184e-06
32 103 5.16234e-07
33 103 8.96171e-08
34 103 6.03993e-06
35 103 6.63556e-06
36 103 1.35461e-05
37 103 4.47402e-05
38 103 1.51857e-06
39 103 8.94383e-08
40 103 3.51715e-15
41 103 4.66054e-15
42 103 8.38736e-13
43 103 2.17673e-13
44 103 3.69304e-14
45 103 1.50783e-15
46 103 1.84864e-14
47 103 1.84249e-14
48 103 4.54248e-14
49 103 1.52685e-14
50 103 3.28591e-14
51 103 1.23101e-13
52 103 3.24244e-07
53 103 4.55929e-07
54 103 1.66821e-06
55 103 3.86381e-06
56 103 3.14102e-07
57 103 4.58034e-06
58 103 7.44214e-14
59 103 5.50689e-14
0 104 3.23535e-16
1 104 5.31616e-15
2 104 4.03523e-14
3 104 2.63384e-14
4 104 7.98043e-15
5 104 2.5166e-14
6 104 2.95127e-15
7 104 5.74233e-15
8 104 2.99475e-15
9 104 2.72394e-15
10 104 2.16324e-14
11 104 1.67114e-14
12 104 7.69803e-15
13 104 1.48374e-14
14 104 1.46484e-15
15 104 8.6741e-15
16 104 1.11584e-15
17 104 1.06325e-14
18 104 1.02051e-15
19 104 1.84716e-16
20 104 8.63177e-08
21 104 5.18665e-08
22 104 1.15854e-06
23 104 9.3772e-07
24 104 8.5054e-07
25 104 1.43041e-05
26 104 1.10329e-07
27 104 1.16593e-07
28 104 2.91163e-07
29 104 3.48289e-08
30 104 1.1984e-07
31 104 8.43068e-08
32 104 7.34193e-07
33 104 1.40002e-06
34 104 2.03349e-06
35 104 1.59144e-05
36 104 3.27217e-06
37 104 4.28655e-06
38 104 3.3636e-07
39 104 4.83833e-07
40 104 1.30244e-15
41 104 1.31346e-17
42 104 1.17594e-15
43 104 3.07185e-14
44 104 2.89303e-14
45 104 2.90717e-15
46 104 2.10866e-15
47 104 2.44868e-15
48 104 3.8098e-15
49 104 2.92903e-15
50 104 2.99645e-14
51 104 3.3056e-15
52 104 2.74798e-06
53 104 8.85522e-07
54 104 5.4305e-09
55 104 1.40511e-07
56 104 2.34397e-06
57 104 4.00936e-05
58 104 3.51516e-15
59 104 2.47634e-15
0 105 5.2308e-15
1 105 3.2767e-16
2 105 2.62044e-14
3 105 4.05141e-14
4 105 2.51276e-14
5 105 8.058e-15
6 105 5.7412e-15
7 105 2.93028e-15
8 105 2.75974e-15
9 105 2.96862e-15
10 105 1.66892e-14
11 105 2.1509e-14
12 105 1.48478e-14
13 105 7.6595e-15
14 105 8.64102e-15
15 105 1.49603e-15
16 105 1.06303e-14
17 105 1.08785e-15
18 105 1.83474e-16
19 105 1.04839e-15
20 105 5.18666e-08
21 105 8.63177e-08
22 105 9.3772e-07
23 105 1.15854e-06
24 105 1.43041e-05
25 105 8.5054e-07
26 105 1.16593e-07
27 105 1.10329e-07
28 105 3.4829e-08
29 105 2.91163e-07
30 105 8.4307e-08
31 105 1.1984e-07
32 105 1.40002e-06
33 105 7.34193e-07
34 105 1.59144e-05
35 105 2.03349e-06
36 105 4.28655e-06
37 105 3.27217e-06
38 105 4.83833e-07
39 105 3.3636e-07
40 105 1.64929e-17
41 105 1.31572e-15
42 105 3.06715e-14
43 105 1.17427e-15
44 105 2.92416e-15
45 105 2.88333e-14
46 105 2.44585e-15
47 105 2.084e-15
48 105 2.89882e-15
49 105 3.76731e-15
50 105 3.25247e-15
51 105 3.00462e-14
52 105 8.85521e-07
53 105 2.74798e-06
54 105 1.40511e-07
55 105 5.43054e-09
56 105 4.00936e-05
57 105 2.34397e-06
58 105 2.54634e-15
59 105 3.55062e-15
0 106 1.28266e-15
1 106 2.85181e-15
2 106 1.45049e-14
3 106 3.82305e-15
4 106 8.44746e-16
5 106 2.79673e-15
6 106 1.57264e-16
7 106 3.95481e-16
8 106 2.85241e-16
9 106 2.84384e-15
10 106 2.54762e-15
11 106 1.51636e-17
12 106 3.0425e-15
13 106 5.37707e-16
14 106 2.85844e-15
15 106 1.57489e-15
16 106 1.0983e-14
17 106 1.21255e-14
18 106 3.59769e-15
19 106 2.31146e-15
20 106 2.05381e-06
21 106 2.18468e-07
22 106 1.08948e-06
23 106 3.47993e-06
24 106 1.78418e-06
25 106 7.72605e-06
26 106 4.97399e-06
27 106 8.61234e-07
28 106 4.99373e-07
29 106 4.61783e-08
30 106 2.12988e-07
31 106 6.4571e-07
32 106 3.94026e-06
33 106 1.39631e-05
34 106 1.77801e-06
35 106 7.14905e-06
36 106 6.75879e-06
37 106 1.15757e-05
38 106 3.68544e-07
39 106 9.80783e-06
40 106 4.844e-14
41 106 7.68934e-14
42 106 1.08549e-14
43 106 3.8879e-13
44 106 9.19201e-15
45 106 3.06315e-14
46 106 4.35312e-14
47 106 1.38883e-14
48 106 3.75753e-15
49 106 7.40771e-15
50 106 8.79011e-15
51 106 1.99149e-14
52 106 5.70383e-08
53 106 5.83233e-08
54 106 2.85027e-06
55 106 1.5411e-06
56 106 3.47777e-05
57 106 3.06075e-05
58 106 1.42015e-15
59 106 1.24841e-15
0 107 2.84358e-15
1 107 1.29688e-15
2 107 3.84105e-15
3 107 1.45244e-14
4 107 2.82528e-15
5 107 8.70152e-16
6 107 4.21348e-16
7 107 1.67347e-16
8 107 2.80554e-15
9 107 2.82703e-16
10 107 1.91264e-17
11 107 2.56746e-15
12 107 5.44665e-16
13 107 3.04514e-15
14 107 1.5674e-15
15 107 2.8439e-15
16 107 1.21675e-14
17 107 1.09518e-14
18 107 2.293e-15
19 107 3.58751e-15
20 107 2.18468e-07
21 107 2.05381e-06
22 107 3.47993e-06
23 107 1.08948e-06
24 107 7.72605e-06
25 107 1.78418e-06
26 107 8.61234e-07
27 107 4.97399e-06
28 107 4.61783e-08
29 107 4.99373e-07
30 107 6.45709e-07
31 107 2.12988e-07
32 107 1.39631e-05
33 107 3.94026e-06
34 107 7.14905e-06
35 107 1.77801e-06
36 107 1.15757e-05
37 107 6.75878e-06
38 107 9.80783e-06
39 107 3.68544e-07
40 107 7.69277e-14
41 107 4.83736e-14
42 107 3.87849e-13
43 107 1.0895e-14
44 107 3.03143e-14
45 107 9.25731e-15
46 107 1.39549e-14
47 107 4.33738e-14
48 107 7.44641e-15
49 107 3.77275e-15
50 107 1.99817e-14
51 107 8.82736e-15
52 107 5.83234e-08
53 107 5.70381e-08
54 107 1.5411e-06
55 107 2.85027e-06
56 107 3.06075e-05
57 107 3.47777e-05
58 107 1.226e-15
59 107 1.40302e-15
0 108 1.40008e-15
1 108 7.68925e-15
2 108 1.45175e-14
3 108 4.0036e-14
4 108 3.44712e-16
5 108 2.76609e-14
6 108 9.03204e-15
7 108 2.79566e-15
8 108 8.31528e-15
9 108 1.85791e-15
10 108 7.41966e-16
11 108 1.70742e-15
12 108 1.09759e-14
13 108 1.40636e-14
14 108 1.75589e-14
15 108 2.26797e-15
16 108 4.56264e-14
17 108 2.56448e-16
18 108 1.18678e-15
19 108 1.07912e-15
20 108 2.13721e-06
21 108 1.05258e-06
22 108 2.5276e-06
23 108 1.54601e-06
24 108 6.59298e-06
25 108 3.16755e-05
26 108 5.4081e-07
27 108 4.43181e-07
28 108 5.29329e-07
29 108 7.3619e-07
30 108 3.8518e-07
31 108 2.0652e-07
32 108 4.142e-06
33 108 8.90872e-07
34 108 5.28823e-06
35 108 2.48356e-06
36 108 2.59733e-06
37 108 2.44431e-07
38 108 2.75466e-07
39 108 1.19026e-07
40 108 1.46028e-14
41 108 1.57586e-15
42 108 3.74619e-13
43 108 2.93022e-13
44 108 3.92466e-14
45 108 7.14886e-14
46 108 2.519e-15
47 108 3.82984e-15
48 108 2.46432e-15
49 108 9.61102e-15
50 108 1.10818e-13
51 108 5.87193e-14
52 108 1.59691e-06
53 108 3.51498e-08
54 108 1.34894e-06
55 108 4.45839e-06
56 108 9.42369e-06
57 108 2.79372e-05
58 108 6.90431e-14
59 108 2.17658e-14
0 109 7.69431e-15
1 109 1.40704e-15
2 109 4.00565e-14
3 109 1.46384e-14
4 109 2.7596e-14
5 109 3.21384e-16
6 109 2.79612e-15
7 109 9.02312e-15
8 109 1.86037e-15
9 109 8.20848e-15
10 109 1.65345e-15
11 109 7.65759e-16
12 109 1.41209e-14
13 109 1.09116e-14
14 109 2.21668e-15
15 109 1.76882e-14
16 109 2.68055e-16
17 109 4.56228e-14
18 109 1.05986e-15
19 109 1.20048e-15
20 109 1.05258e-06
21 109 2.13721e-06
22 109 1.54601e-06
23 109 2.5276e-06
24 109 3.16755e-05
25 109 6.59298e-06
26 109 4.43182e-07
27 109 5.4081e-07
28 109 7.3619e-07
29 109 5.29329e-07
30 109 2.0652e-07
31 109 3.8518e-07
32 109 8.90871e-07
33 109 4.142e-06
34 109 2.48356e-06
35 109 5.28823e-06
36 109 2.44431e-07
37 109 2.59733e-06
38 109 1.19026e-07
39 109 2.75466e-07
40 109 1.58307e-15
41 109 1.45918e-14
42 109 2.92905e-13
43 109 3.74489e-13
44 109 7.10416e-14
45 109 3.90564e-14
46 109 3.77994e-15
47 109 2.47856e-15
48 109 9.4923e-15
49 109 2.4357e-15
50 109 5.85818e-14
51 109 1.10654e-13
52 109 3.51498e-08
53 109 1.59691e-06
54 109 4.45839e-06
55 109 1.34894e-06
56 109 2.79372e-05
57 109 9.42369e-06
58 109 2.15993e-14
59 109 6.91466e-14
0 110 1.36934e-14
1 110 8.76982e-15
2 110 1.42776e-14
3 110 3.3079e-16
4 110 3.42283e-15
5 110 1.40662e-15
6 110 3.32402e-16
7 110 1.1704e-14
8 110 3.45334e-17
9 110 2.125e-15
10 110 8.19361e-16
11 110 1.72077e-15
12 110 5.12299e-15
13 110 2.28339e-15
14 110 3.98415e-16
15 110 1.61894e-15
16 110 1.73647e-14
17 110 2.07706e-14
18 110 3.44438e-14
19 110 2.97001e-14
20 110 6.36519e-06
21 110 7.78768e-08
22 110 1.74292e-07
23 110 1.47855e-06
24 110 3.24177e-06
25 110 1.8738e-06
26 110 1.60013e-07
27 110 6.69056e-07
28 110 1.85631e-06
29 110 1.28676e-07
30 110 3.27373e-06
31 110 6.76505e-06
32 110 7.07585e-07
33 110 9.62469e-08
34 110 3.20402e-07
35 110 2.00862e-07
36 110 1.5987e-06
37 110 2.38155e-06
38 110 1.33914e-06
39 110 9.27888e-06
40 110 2.82584e-15
41 110 1.52213e-15
42 110 4.57623e-14
43 110 5.65142e-14
44 110 3.41944e-15
45 110 1.34089e-14
46 110 3.66665e-14
47 110 1.63177e-15
48 110 1.01242e-14
49 110 4.31402e-15
50 110 1.52059e-14
51 110 1.23447e-14
52 110 8.12906e-06
53 110 1.9779e-08
54 110 8.98076e-06
55 110 4.59723e-07
56 110 1.74486e-06
57 110 1.46186e-08
58 110 2.03967e-14
59 110 3.61788e-15
0 111 8.73466e-15
1 111 1.37449e-14
2 111 3.33293e-16
3 111 1.42611e-14
4 111 1.40072e-15
5 111 3.42093e-15
6 111 1.17121e-14
7 111 3.46248e-16
8 111 2.09677e-15
9 111 3.55069e-17
10 111 1.69195e-15
11 111 7.9315e-16
12 111 2.3083e-15
13 111 5.11012e-15
14 111 1.63272e-15
15 111 3.92278e-16
16 111 2.08267e-14
17 111 1.74723e-14
18 111 2.97716e-14
19 111 3.42381e-14
20 111 7.78768e-08
21 111 6.36519e-06
22 111 1.47855e-06
23 111 1.74292e-07
24 111 1.8738e-06
25 111 3.24177e-06
26 111 6.69057e-07
27 111 1.60013e-07
28 111 1.28676e-07
29 111 1.85631e-06
30 111 6.76505e-06
31 111 3.27373e-06
32 111 9.6247e-08
33 111 7.07585e-07
34 111 2.00862e-07
35 111 3.20402e-07
36 111 2.38155e-06
37 111 1.5987e-06
38 111 9.27888e-06
39 111 1.33914e-06
40 111 1.52219e-15
41 111 2.82475e-15
42 111 5.63879e-14
43 111 4.58115e-14
44 111 1.34218e-14
45 111 3.33777e-15
46 111 1.61026e-15
47 111 3.68176e-14
48 111 4.34859e-15
49 111 1.00579e-14
50 111 1.23144e-14
51 111 1.52971e-14
52 111 1.9779e-08
53 111 8.12905e-06
54 111 4.59723e-07
55 111 8.98076e-06
56 111 1.46187e-08
57 111 1.74486e-06
58 111 3.65449e-15
59 111 2.04628e-14
0 112 6.33333e-15
1 112 5.12275e-15
2 112 1.00564e-14
3 112 4.69554e-15
4 112 5.14057e-15
5 112 3.81479e-15
6 112 3.13986e-15
7 112 7.63412e-15
8 112 3.15988e-15
9 112 1.68411e-17
10 112 6.25666e-15
11 112 4.46857e-15
12 112 6.93534e-17
13 112 2.77827e-16
14 112 1.93373e-15
15 112 9.55437e-16
16 112 3.50575e-15
17 112 7.3174e-14
18 112 9.37501e-15
19 112 7.1044e-16
20 112 8.08027e-07
21 112 1.65985e-07
22 112 4.62496e-06
23 112 1.86003e-06
24 112 5.16478e-06
25 112 2.03086e-06
26 112 5.45031e-07
27 112 7.83045e-07
28 112 6.69558e-06
29 112 3.96796e-08
30 112 3.91983e-06
31 112 7.67183e-06
32 112 6.60242e-08
33 112 1.1103e-05
34 112 1.85638e-07
35 112 6.80352e-07
36 112 8.47242e-07
37 112 1.24385e-07
38 112 8.52308e-06
39 112 2.56337e-05
40 112 9.38297e-15
41 112 1.12211e-16
42 112 5.46902e-15
43 112 3.30553e-15
44 112 9.0207e-14
45 112 2.49431e-14
46 112 3.68434e-14
47 112 1.5285e-13
48 112 1.64963e-14
49 112 1.71902e-14
50 112 3.0152e-14
51 112 9.22358e-15
52 112 2.45256e-07
53 112 1.45642e-07
54 112 5.13324e-06
55 112 1.84326e-05
56 112 1.37786e-05
57 112 1.8823e-06
58 112 1.62819e-15
59 112 5.70548e-15
0 113 5.18714e-15
1 113 6.32625e-15
2 113 4.62331e-15
3 113 9.97937e-15
4 113 3.83661e-15
5 113 5.12947e-15
6 113 7.73005e-15
7 113 3.22437e-15
8 113 1.3568e-17
9 113 3.14919e-15
10 113 4.45421e-15
11 113 6.23858e-15
12 113 2.68384e-16
13 113 7.27643e-17
14 113 9.05952e-16
15 113 1.91512e-15
16 113 7.32801e-14
17 113 3.48373e-15
18 113 6.80936e-16
19 113 9.20554e-15
20 113 1.65985e-07
21 113 8.08027e-07
22 113 1.86003e-06
23 113 4.62496e-06
24 113 2.03086e-06
25 113 5.16478e-06
26 113 7.83046e-07
27 113 5.45031e-07
28 113 3.96796e-08
29 113 6.69558e-06
30 113 7.67183e-06
31 113 3.91983e-06
32 113 1.1103e-05
33 113 6.60241e-08
34 113 6.80351e-07
35 113 1.85638e-07
36 113 1.24384e-07
37 113 8.47242e-07
38 113 2.56337e-05
39 113 8.52307e-06
40 113 1.11318e-16
41 113 9.31471e-15
42 113 3.29645e-15
43 113 5.58751e-15
44 113 2.48805e-14
45 113 9.03282e-14
46 113 1.52991e-13
47 113 3.65597e-14
48 113 1.7399e-14
49 113 1.65051e-14
50 113 9.24401e-15
51 113 2.98012e-14
52 113 1.45641e-07
53 113 2.45256e-07
54 113 1.84326e-05
55 113 5.13324e-06
56 113 1.8823e-06
57 113 1.37786e-05
58 113 5.59918e-15
59 113 1.51461e-15
0 114 1.89611e-15
1 114 2.51874e-15
2 114 7.90445e-16
3 114 4.70687e-16
4 114 2.38812e-14
5 114 5.47339e-15
6 114 6.23498e-16
7 114 1.23229e-15
8 114 2.30446e-14
9 114 2.52788e-15
10 114 2.87884e-14
11 114 7.27606e-17
12 114 3.23852e-15
13 114 4.56681e-15
14 114 1.46238e-19
15 114 1.71876e-15
16 114 9.90264e-15
17 114 3.43469e-15
18 114 1.49204e-14
19 114 3.65892e-14
20 114 3.34181e-07
21 114 5.36729e-07
22 114 8.9369e-06
23 114 2.62248e-07
24 114 2.20918e-06
25 114 1.39409e-06
26 114 8.92119e-07
27 114 1.86265e-06
28 114 6.10194e-06
29 114 5.73126e-06
30 114 1.10454e-05
31 114 1.28581e-05
32 114 7.57397e-06
33 114 1.01762e-06
34 114 4.47302e-06
35 114 7.11009e-06
36 114 2.56792e-08
37 114 7.90742e-08
38 114 6.20466e-06
39 114 1.33194e-06
40 114 1.78029e-14
41 114 6.10039e-14
42 114 2.94639e-15
43 114 3.14163e-15
44 114 1.39822e-13
45 114 2.30013e-14
46 114 5.60591e-14
47 114 3.49844e-14
48 114 1.02645e-15
49 114 3.4778e-16
50 114 5.60031e-16
51 114 6.37726e-15
52 114 2.07762e-07
53 114 1.89583e-07
54 114 2.11604e-06
55 114 3.97002e-05
56 114 3.11162e-06
57 114 1.41376e-06
58 114 4.07968e-14
59 114 3.30865e-14
0 115 2.43899e-15
1 115 1.9017e-15
2 115 4.40478e-16
3 115 7.90948e-16
4 115 5.57074e-15
5 115 2.37003e-14
6 115 1.24904e-15
7 115 6.71417e-16
8 115 2.54099e-15
9 115 2.31684e-14
10 115 7.05219e-17
11 115 2.90544e-14
12 115 4.45923e-15
13 115 3.31392e-15
14 115 1.71392e-15
15 115 5.04381e-21
16 115 3.46044e-15
17 115 9.87671e-15
18 115 3.65025e-14
19 115 1.50172e-14
20 115 5.36729e-07
21 115 3.34181e-07
22 115 2.62248e-07
23 115 8.9369e-06
24 115 1.39409e-06
25 115 2.20918e-06
26 115 1.86265e-06
27 115 8.9212e-07
28 115 5.73126e-06
29 115 6.10194e-06
30 115 1.28581e-05
31 115 1.10454e-05
32 115 1.01762e-06
33 115 7.57397e-06
34 115 7.11009e-06
35 115 4.47302e-06
36 115 7.90743e-08
37 115 2.56792e-08
38 115 1.33194e-06
39 115 6.20466e-06
40 115 6.11611e-14
41 115 1.76699e-14
42 115 3.13135e-15
43 115 2.93421e-15
44 115 2.31577e-14
45 115 1.39332e-13
46 115 3.4859e-14
47 115 5.60129e-14
48 115 3.47636e-16
49 115 1.03008e-15
50 115 6.35001e-15
51 115 5.44233e-16
52 115 1.89583e-07
53 115 2.07762e-07
54 115 3.97002e-05
55 115 2.11604e-06
56 115 1.41376e-06
57 115 3.11162e-06
58 115 3.28603e-14
59 115 4.03448e-14
0 116 1.53117e-16
1 116 1.96251e-15
2 116 9.59083e-15
3 116 2.67789e-15
4 116 1.11067e-15
5 116 2.63945e-15
6 116 3.58702e-16
7 116 6.73704e-16
8 116 2.64947e-14
9 116 4.96749e-15
10 116 9.83209e-15
11 116 2.68255e-15
12 116 1.00911e-14
13 116 3.84665e-15
14 116 3.13677e-15
15 116 6.35642e-16
16 116 1.15173e-15
17 116 6.47e-14
18 116 1.26224e-14
19 116 8.95114e-16
20 116 3.94281e-07
21 116 7.7945e-07
22 116 5.58981e-07
23 116 3.84752e-05
24 116 2.28231e-06
25 116 2.12822e-06
26 116 3.2614e-06
27 116 1.23365e-06
28 116 3.71705e-06
29 116 5.27618e-07
30 116 1.50139e-06
31 116 9.08734e-06
32 116 7.51616e-07
33 116 1.3047e-06
34 116 1.94903e-06
35 116 2.96767e-06
36 116 2.2766e-07
37 116 2.69565e-06
38 116 2.93216e-06
39 116 4.72311e-06
40 116 6.14621e-15
41 116 4.8542e-15
42 116 7.92775e-15
43 116 9.55232e-15
44 116 1.3494e-13
45 116 2.79482e-13
46 116 6.63363e-15
47 116 3.45968e-15
48 116 5.90401e-15
49 116 7.9535e-15
50 116 7.89042e-14
51 116 1.01826e-13
52 116 3.39347e-07
53 116 2.01886e-06
54 116 6.72377e-05
55 116 2.53489e-05
56 116 8.09801e-08
57 116 1.91748e-07
58 116 2.76929e-15
59 116 3.63225e-14
0 117 2.03093e-15
1 117 1.80563e-16
2 117 2.68253e-15
3 117 9.66696e-15
4 117 2.60926e-15
5 117 1.14425e-15
6 117 7.45923e-16
7 117 3.27765e-16
8 117 5.01392e-15
9 117 2.64549e-14
10 117 2.72717e-15
11 117 9.81286e-15
12 117 3.9075e-15
13 117 1.00901e-14
14 117 6.20844e-16
15 117 3.21808e-15
16 117 6.48871e-14
17 117 1.14552e-15
18 117 9.14787e-16
19 117 1.25158e-14
20 117 7.7945e-07
21 117 3.94281e-07
22 117 3.84752e-05
23 117 5.5898e-07
24 117 2.12822e-06
25 117 2.28231e-06
26 117 1.23365e-06
27 117 3.2614e-06
28 117 5.27618e-07
29 117 3.71705e-06
30 117 9.08734e-06
31 117 1.50139e-06
32 117 1.3047e-06
33 117 7.51615e-07
34 117 2.96767e-06
35 117 1.94902e-06
36 117 2.69565e-06
37 117 2.2766e-07
38 117 4.72311e-06
39 117 2.93216e-06
40 117 4.83519e-15
41 117 6.16517e-15
42 117 9.77251e-15
43 117 7.84866e-15
44 117 2.78726e-13
45 117 1.35637e-13
46 117 3.49405e-15
47 117 6.67902e-15
48 117 7.97085e-15
49 117 5.95838e-15
50 117 1.02728e-13
51 117 7.94404e-14
52 117 2.01886e-06
53 117 3.39347e-07
54 117 2.53489e-05
55 117 6.72377e-05
56 117 1.91748e-07
57 117 8.09807e-08
58 117 3.64874e-14
59 117 2.86431e-15
0 118 5.9466e-15
1 118 1.62016e-15
2 118 8.10403e-17
3 118 4.53503e-16
4 118 4.80323e-15
5 118 6.50965e-15
6 118 2.4033e-15
7 118 2.82541e-16
8 118 3.32421e-15
9 118 3.70595e-15
10 118 4.72705e-15
11 118 2.72736e-15
12 118 4.86469e-15
13 118 4.79935e-15
14 118 2.23864e-15
15 118 9.34536e-15
16 118 9.11449e-15
17 118 1.48131e-15
18 118 1.72288e-14
19 118 4.37359e-15
20 118 9.8226e-08
21 118 3.26408e-06
22 118 2.18088e-06
23 118 6.16785e-07
24 118 8.96545e-07
25 118 5.40764e-07
26 118 2.19914e-06
27 118 1.80209e-05
28 118 9.89721e-07
29 118 1.40279e-06
30 118 1.89161e-06
31 118 5.12761e-06
32 118 4.30182e-06
33 118 7.05214e-06
34 118 1.65e-07
35 118 5.27634e-08
36 118 2.87152e-07
37 118 1.00124e-07
38 118 1.42567e-06
39 118 6.41683e-07
40 118 5.11698e-15
41 118 1.23597e-14
42 118 2.60217e-15
43 118 2.4981e-16
44 118 6.94305e-15
45 118 8.11362e-15
46 118 3.20892e-14
47 118 1.13651e-13
48 118 5.42275e-14
49 118 5.47878e-15
50 118 4.6106e-15
51 118 2.46437e-17
52 118 5.13912e-08
53 118 7.86214e-08
54 118 8.54496e-07
55 118 2.40863e-06
56 118 3.01351e-07
57 118 5.30608e-07
58 118 4.54917e-15
59 118 2.02657e-15
0 119 1.61941e-15
1 119 6.07563e-15
2 119 4.56741e-16
3 119 8.2022e-17
4 119 6.47172e-15
5 119 5.00581e-15
6 119 2.87415e-16
7 119 2.28441e-15
8 119 3.68001e-15
9 119 3.28573e-15
10 119 2.72465e-15
11 119 4.72009e-15
12 119 4.79235e-15
13 119 4.89434e-15
14 119 9.31363e-15
15 119 2.20323e-15
16 119 1.44039e-15
17 119 8.91936e-15
18 119 4.35398e-15
19 119 1.71573e-14
20 119 3.26408e-06
21 119 9.82257e-08
22 119 6.16784e-07
23 119 2.18088e-06
24 119 5.40764e-07
25 119 8.96544e-07
26 119 1.80209e-05
27 119 2.19913e-06
28 119 1.40279e-06
29 119 9.89721e-07
30 119 5.12761e-06
31 119 1.89161e-06
32 119 7.05214e-06
33 119 4.30182e-06
34 119 5.27632e-08
35 119 1.65001e-07
36 119 1.00124e-07
37 119 2.87152e-07
38 119 6.41683e-07
39 119 1.42568e-06
40 119 1.24228e-14
41 119 5.1349e-15
42 119 2.22814e-16
43 119 2.60564e-15
44 119 8.10824e-15
45 119 6.66388e-15
46 119 1.13744e-13
47 119 3.21929e-14
48 119 5.49944e-15
49 119 5.43135e-14
50 119 4.88322e-17
51 119 4.55258e-15
52 119 7.86216e-08
53 119 5.13915e-08
54 119 2.40863e-06
55 119 8.54495e-07
56 119 5.30607e-07
57 119 3.01349e-07
58 119 2.09514e-15
59 119 4.33156e-15
