0 60 3.46079e-15
1 60 2.97383e-15
2 60 9.17807e-15
3 60 3.27358e-16
4 60 1.04632e-15
5 60 3.17336e-15
6 60 3.7424e-15
7 60 5.5011e-15
8 60 1.58757e-14
9 60 1.16924e-14
10 60 4.79129e-14
11 60 5.79605e-16
12 60 2.46749e-15
13 60 6.25708e-14
14 60 2.68187e-15
15 60 1.32143e-14
16 60 1.36301e-14
17 60 4.47874e-14
18 60 1.91123e-14
19 60 4.03324e-14
20 60 1.7495e-07
21 60 2.81705e-08
22 60 0.000321377
23 60 0.000147451
24 60 0.000525871
25 60 0.000330442
26 60 4.94875e-05
27 60 9.08479e-05
28 60 2.47313e-05
29 60 0.00020957
30 60 3.54004e-05
31 60 1.08728e-05
32 60 8.09e-06
33 60 1.56808e-06
34 60 2.72016e-05
35 60 6.70363e-05
36 60 6.95208e-06
37 60 3.73602e-05
38 60 8.79122e-06
39 60 1.07062e-06
40 60 1.04623e-13
41 60 1.73321e-13
42 60 3.04444e-15
43 60 3.06477e-14
44 60 1.84942e-11
45 60 2.04527e-12
46 60 2.10986e-14
47 60 1.28704e-13
48 60 3.84074e-14
49 60 1.32563e-13
50 60 2.94615e-12
51 60 2.56894e-13
52 60 0.000924995
53 60 0.000589597
54 60 0.00213068
55 60 0.0856153
56 60 0.00894051
57 60 0.076894
58 60 4.01434e-13
59 60 2.86467e-13
0 61 2.94593e-15
1 61 3.48254e-15
2 61 3.19466e-16
3 61 9.24945e-15
4 61 3.1584e-15
5 61 1.03485e-15
6 61 5.49676e-15
7 61 3.738e-15
8 61 1.1691e-14
9 61 1.58756e-14
10 61 5.81775e-16
11 61 4.80496e-14
12 61 6.27456e-14
13 61 2.49744e-15
14 61 1.3248e-14
15 61 2.68465e-15
16 61 4.47887e-14
17 61 1.36297e-14
18 61 4.03378e-14
19 61 1.91364e-14
20 61 2.81705e-08
21 61 1.7495e-07
22 61 0.000147451
23 61 0.000321377
24 61 0.000330442
25 61 0.000525871
26 61 9.08479e-05
27 61 4.94875e-05
28 61 0.00020957
29 61 2.47313e-05
30 61 1.08728e-05
31 61 3.54004e-05
32 61 1.56808e-06
33 61 8.09e-06
34 61 6.70363e-05
35 61 2.72016e-05
36 61 3.73602e-05
37 61 6.95208e-06
38 61 1.07062e-06
39 61 8.79122e-06
40 61 1.73307e-13
41 61 1.04575e-13
42 61 3.05923e-14
43 61 3.05965e-15
44 61 2.04561e-12
45 61 1.84951e-11
46 61 1.28641e-13
47 61 2.10892e-14
48 61 1.32473e-13
49 61 3.84541e-14
50 61 2.57043e-13
51 61 2.94643e-12
52 61 0.000589597
53 61 0.000924995
54 61 0.0856153
55 61 0.00213068
56 61 0.076894
57 61 0.00894051
58 61 2.86756e-13
59 61 4.0155e-13
0 62 5.28469e-07
1 62 2.22941e-06
2 62 4.32515e-07
3 62 1.31173e-07
4 62 3.23397e-05
5 62 7.97272e-06
6 62 2.38599e-05
7 62 7.50083e-05
8 62 7.65931e-07
9 62 2.1755e-06
10 62 1.98834e-06
11 62 1.51782e-05
12 62 1.13322e-08
13 62 2.49187e-06
14 62 1.48994e-05
15 62 3.29148e-06
16 62 4.06773e-07
17 62 1.63507e-07
18 62 4.90785e-06
19 62 1.08265e-06
20 62 6.7667e-14
21 62 1.38255e-13
22 62 9.0943e-14
23 62 4.12826e-13
24 62 1.08234e-12
25 62 5.49752e-13
26 62 6.22844e-14
27 62 2.06516e-14
28 62 1.93816e-14
29 62 3.39063e-14
30 62 2.67454e-14
31 62 1.86296e-13
32 62 5.50765e-14
33 62 5.07589e-14
34 62 5.63762e-12
35 62 4.82497e-12
36 62 1.52787e-13
37 62 6.30967e-13
38 62 3.54176e-14
39 62 3.38164e-13
40 62 8.45666e-05
41 62 0.000114572
42 62 2.49532e-05
43 62 3.57961e-05
44 62 0.000450041
45 62 0.00166617
46 62 8.12165e-06
47 62 0.00010982
48 62 2.07823e-06
49 62 0.000159993
50 62 0.000893511
51 62 0.00266434
52 62 3.39592e-14
53 62 2.56317e-13
54 62 3.13542e-13
55 62 6.09253e-13
56 62 8.26455e-11
57 62 9.23201e-12
58 62 0.025888
59 62 0.101554
0 63 2.22941e-06
1 63 5.28469e-07
2 63 1.31173e-07
3 63 4.32515e-07
4 63 7.97272e-06
5 63 3.23397e-05
6 63 7.50083e-05
7 63 2.386e-05
8 63 2.1755e-06
9 63 7.65931e-07
10 63 1.51782e-05
11 63 1.98834e-06
12 63 2.49187e-06
13 63 1.13322e-08
14 63 3.29148e-06
15 63 1.48994e-05
16 63 1.63507e-07
17 63 4.06773e-07
18 63 1.08265e-06
19 63 4.90786e-06
20 63 1.38241e-13
21 63 6.76512e-14
22 63 4.12934e-13
23 63 9.08947e-14
24 63 5.49733e-13
25 63 1.08235e-12
26 63 2.06452e-14
27 63 6.22458e-14
28 63 3.39188e-14
29 63 1.93791e-14
30 63 1.86354e-13
31 63 2.6731e-14
32 63 5.07627e-14
33 63 5.50802e-14
34 63 4.82524e-12
35 63 5.63765e-12
36 63 6.30837e-13
37 63 1.52804e-13
38 63 3.38192e-13
39 63 3.54466e-14
40 63 0.000114572
41 63 8.45666e-05
42 63 3.57961e-05
43 63 2.49532e-05
44 63 0.00166617
45 63 0.000450041
46 63 0.00010982
47 63 8.12165e-06
48 63 0.000159993
49 63 2.07823e-06
50 63 0.00266434
51 63 0.000893511
52 63 2.56186e-13
53 63 3.39677e-14
54 63 6.09593e-13
55 63 3.13842e-13
56 63 9.22934e-12
57 63 8.26419e-11
58 63 0.101554
59 63 0.025888
0 64 1.53638e-05
1 64 1.83024e-05
2 64 9.39683e-06
3 64 4.84998e-07
4 64 8.67888e-06
5 64 3.45858e-06
6 64 1.36555e-05
7 64 3.22661e-05
8 64 7.31981e-07
9 64 9.07211e-06
10 64 3.12938e-06
11 64 4.42874e-06
12 64 6.20979e-07
13 64 1.98394e-06
14 64 7.81342e-06
15 64 1.35455e-05
16 64 3.05981e-07
17 64 8.21988e-06
18 64 3.06762e-06
19 64 8.58269e-07
20 64 3.22305e-14
21 64 4.0893e-15
22 64 2.27423e-14
23 64 2.73683e-13
24 64 4.27449e-13
25 64 7.67365e-14
26 64 4.25412e-13
27 64 1.5604e-13
28 64 3.80076e-15
29 64 1.02266e-14
30 64 7.19532e-14
31 64 7.90657e-13
32 64 1.57459e-13
33 64 2.26234e-14
34 64 5.09295e-12
35 64 8.91304e-13
36 64 3.97593e-12
37 64 7.93227e-12
38 64 2.06963e-14
39 64 7.15707e-15
40 64 8.47384e-05
41 64 0.000306974
42 64 0.000230724
43 64 0.000383948
44 64 0.000305729
45 64 0.000373533
46 64 0.000320829
47 64 4.75429e-05
48 64 0.000305871
49 64 1.47949e-05
50 64 0.0005215
51 64 0.00242185
52 64 4.46501e-14
53 64 2.24313e-13
54 64 2.25601e-13
55 64 4.47567e-13
56 64 1.05864e-12
57 64 4.7174e-13
58 64 0.0463014
59 64 0.100339
0 65 1.83024e-05
1 65 1.53638e-05
2 65 4.84997e-07
3 65 9.39683e-06
4 65 3.45859e-06
5 65 8.67888e-06
6 65 3.22661e-05
7 65 1.36555e-05
8 65 9.07212e-06
9 65 7.31981e-07
10 65 4.42874e-06
11 65 3.12938e-06
12 65 1.98394e-06
13 65 6.20979e-07
14 65 1.35455e-05
15 65 7.81342e-06
16 65 8.21988e-06
17 65 3.05981e-07
18 65 8.58268e-07
19 65 3.06762e-06
20 65 4.08398e-15
21 65 3.22149e-14
22 65 2.73822e-13
23 65 2.27416e-14
24 65 7.67315e-14
25 65 4.27425e-13
26 65 1.56042e-13
27 65 4.25406e-13
28 65 1.02164e-14
29 65 3.80588e-15
30 65 7.90693e-13
31 65 7.19429e-14
32 65 2.26319e-14
33 65 1.57423e-13
34 65 8.91128e-13
35 65 5.09301e-12
36 65 7.93195e-12
37 65 3.97603e-12
38 65 7.14675e-15
39 65 2.07209e-14
40 65 0.000306974
41 65 8.47384e-05
42 65 0.000383948
43 65 0.000230724
44 65 0.000373533
45 65 0.000305729
46 65 4.75429e-05
47 65 0.000320829
48 65 1.47949e-05
49 65 0.000305871
50 65 0.00242185
51 65 0.0005215
52 65 2.24203e-13
53 65 4.467e-14
54 65 4.47777e-13
55 65 2.26198e-13
56 65 4.72016e-13
57 65 1.0586e-12
58 65 0.100339
59 65 0.0463014
0 66 7.17425e-05
1 66 3.12391e-05
2 66 3.66634e-06
3 66 8.6343e-06
4 66 1.7343e-05
5 66 1.81851e-05
6 66 5.04451e-07
7 66 9.06951e-08
8 66 3.10586e-06
9 66 3.27854e-06
10 66 4.17334e-06
11 66 8.38447e-07
12 66 1.5689e-06
13 66 3.16197e-06
14 66 3.16081e-09
15 66 2.92216e-07
16 66 2.00302e-06
17 66 2.92012e-06
18 66 1.52298e-07
19 66 1.20581e-06
20 66 1.01297e-14
21 66 4.44064e-15
22 66 2.29832e-14
23 66 3.79173e-14
24 66 1.04654e-14
25 66 1.39675e-14
26 66 5.04505e-15
27 66 1.79501e-16
28 66 6.64652e-14
29 66 1.40159e-13
30 66 2.06503e-13
31 66 2.1054e-13
32 66 6.76907e-15
33 66 3.57141e-14
34 66 2.31616e-13
35 66 6.8507e-14
36 66 9.28184e-14
37 66 1.44245e-13
38 66 7.6102e-14
39 66 2.42531e-14
40 66 1.04967e-05
41 66 1.03638e-05
42 66 8.05625e-05
43 66 2.11351e-06
44 66 6.68129e-05
45 66 7.4799e-05
46 66 0.00061366
47 66 0.000669195
48 66 0.0015155
49 66 0.000254807
50 66 3.10492e-05
51 66 3.73464e-05
52 66 2.76989e-13
53 66 4.24703e-13
54 66 1.7668e-13
55 66 7.43747e-14
56 66 1.39407e-14
57 66 3.40582e-13
58 66 0.00208029
59 66 0.0020344
0 67 3.12391e-05
1 67 7.17425e-05
2 67 8.6343e-06
3 67 3.66634e-06
4 67 1.81851e-05
5 67 1.7343e-05
6 67 9.0695e-08
7 67 5.04451e-07
8 67 3.27854e-06
9 67 3.10586e-06
10 67 8.38447e-07
11 67 4.17334e-06
12 67 3.16197e-06
13 67 1.5689e-06
14 67 2.92216e-07
15 67 3.1608e-09
16 67 2.92012e-06
17 67 2.00302e-06
18 67 1.20581e-06
19 67 1.52298e-07
20 67 4.44115e-15
21 67 1.01347e-14
22 67 3.79159e-14
23 67 2.29785e-14
24 67 1.39649e-14
25 67 1.04702e-14
26 67 1.78541e-16
27 67 5.04475e-15
28 67 1.40164e-13
29 67 6.64435e-14
30 67 2.10553e-13
31 67 2.06432e-13
32 67 3.56902e-14
33 67 6.76399e-15
34 67 6.85e-14
35 67 2.31635e-13
36 67 1.44267e-13
37 67 9.28089e-14
38 67 2.42463e-14
39 67 7.60816e-14
40 67 1.03638e-05
41 67 1.04967e-05
42 67 2.11351e-06
43 67 8.05625e-05
44 67 7.4799e-05
45 67 6.68129e-05
46 67 0.000669195
47 67 0.00061366
48 67 0.000254807
49 67 0.0015155
50 67 3.73464e-05
51 67 3.10492e-05
52 67 4.24725e-13
53 67 2.77055e-13
54 67 7.43617e-14
55 67 1.7661e-13
56 67 3.40605e-13
57 67 1.39384e-14
58 67 0.0020344
59 67 0.00208029
0 68 1.41744e-16
1 68 8.33666e-16
2 68 4.58945e-13
3 68 8.83725e-14
4 68 2.82296e-14
5 68 7.86626e-15
6 68 2.2082e-17
7 68 9.01943e-15
8 68 1.13324e-14
9 68 1.41493e-15
10 68 1.15689e-14
11 68 4.6183e-15
12 68 1.71952e-15
13 68 4.33961e-14
14 68 2.56272e-16
15 68 1.16443e-13
16 68 9.35137e-15
17 68 5.09581e-14
18 68 4.10059e-15
19 68 2.84789e-16
20 68 7.12673e-07
21 68 1.88031e-07
22 68 9.22624e-05
23 68 6.19529e-05
24 68 4.75135e-06
25 68 2.14695e-05
26 68 1.58977e-06
27 68 2.11075e-06
28 68 5.22715e-06
29 68 9.34287e-06
30 68 1.72039e-06
31 68 1.19174e-06
32 68 5.49462e-06
33 68 1.30112e-07
34 68 2.46925e-05
35 68 9.37313e-05
36 68 1.73345e-05
37 68 0.0002177
38 68 2.81359e-05
39 68 9.38529e-06
40 68 1.64248e-14
41 68 1.27518e-13
42 68 1.41891e-13
43 68 1.15891e-13
44 68 3.60476e-13
45 68 8.77574e-14
46 68 4.71918e-14
47 68 2.92678e-14
48 68 5.23988e-13
49 68 3.68928e-14
50 68 8.97918e-13
51 68 6.06661e-13
52 68 7.76435e-05
53 68 1.3166e-05
54 68 0.000427456
55 68 0.00388137
56 68 0.000559449
57 68 0.00309667
58 68 1.325e-11
59 68 3.43732e-11
0 69 8.35635e-16
1 69 1.38251e-16
2 69 8.8166e-14
3 69 4.58786e-13
4 69 7.85216e-15
5 69 2.82206e-14
6 69 9.04155e-15
7 69 2.21283e-17
8 69 1.41792e-15
9 69 1.1342e-14
10 69 4.60763e-15
11 69 1.16243e-14
12 69 4.34685e-14
13 69 1.69662e-15
14 69 1.16402e-13
15 69 2.54197e-16
16 69 5.10141e-14
17 69 9.35607e-15
18 69 2.85363e-16
19 69 4.08873e-15
20 69 1.88031e-07
21 69 7.12673e-07
22 69 6.19529e-05
23 69 9.22624e-05
24 69 2.14695e-05
25 69 4.75135e-06
26 69 2.11075e-06
27 69 1.58977e-06
28 69 9.34287e-06
29 69 5.22715e-06
30 69 1.19174e-06
31 69 1.72039e-06
32 69 1.30112e-07
33 69 5.49462e-06
34 69 9.37313e-05
35 69 2.46925e-05
36 69 0.0002177
37 69 1.73345e-05
38 69 9.38528e-06
39 69 2.81359e-05
40 69 1.27559e-13
41 69 1.64203e-14
42 69 1.15963e-13
43 69 1.41903e-13
44 69 8.78064e-14
45 69 3.60536e-13
46 69 2.92721e-14
47 69 4.71713e-14
48 69 3.68834e-14
49 69 5.24014e-13
50 69 6.06644e-13
51 69 8.97925e-13
52 69 1.3166e-05
53 69 7.76435e-05
54 69 0.00388137
55 69 0.000427456
56 69 0.00309667
57 69 0.000559449
58 69 3.43804e-11
59 69 1.32497e-11
0 70 3.92038e-14
1 70 2.00572e-15
2 70 3.95388e-14
3 70 6.52287e-13
4 70 1.03266e-14
5 70 1.09616e-13
6 70 4.16807e-14
7 70 5.17533e-15
8 70 1.58187e-14
9 70 1.43743e-14
10 70 5.03309e-14
11 70 3.03757e-14
12 70 8.66176e-14
13 70 2.34175e-14
14 70 7.41752e-15
15 70 1.0669e-14
16 70 3.84461e-15
17 70 1.74761e-13
18 70 1.81016e-13
19 70 2.40715e-14
20 70 3.25537e-06
21 70 2.64171e-07
22 70 2.77228e-06
23 70 4.0217e-07
24 70 1.22234e-05
25 70 2.92462e-05
26 70 1.33678e-05
27 70 6.75191e-05
28 70 1.73773e-07
29 70 2.74347e-06
30 70 3.69501e-05
31 70 2.49646e-05
32 70 1.64742e-05
33 70 2.20826e-05
34 70 0.000128909
35 70 2.33245e-05
36 70 0.000257133
37 70 4.19366e-05
38 70 2.79144e-05
39 70 2.57745e-05
40 70 2.29695e-13
41 70 1.89762e-14
42 70 4.29618e-12
43 70 2.25613e-12
44 70 5.86514e-13
45 70 7.50309e-13
46 70 1.66345e-14
47 70 5.54321e-14
48 70 9.16237e-14
49 70 3.31839e-13
50 70 1.34374e-12
51 70 4.89839e-13
52 70 0.000107835
53 70 1.12231e-05
54 70 0.000322704
55 70 0.00035746
56 70 0.000869687
57 70 0.00147072
58 70 5.09334e-12
59 70 9.36094e-13
0 71 2.01162e-15
1 71 3.93484e-14
2 71 6.52168e-13
3 71 3.95674e-14
4 71 1.09579e-13
5 71 1.03381e-14
6 71 5.16442e-15
7 71 4.16357e-14
8 71 1.43945e-14
9 71 1.58121e-14
10 71 3.03769e-14
11 71 5.03005e-14
12 71 2.33558e-14
13 71 8.64531e-14
14 71 1.06277e-14
15 71 7.38704e-15
16 71 1.74816e-13
17 71 3.8344e-15
18 71 2.40876e-14
19 71 1.81044e-13
20 71 2.64171e-07
21 71 3.25537e-06
22 71 4.0217e-07
23 71 2.77228e-06
24 71 2.92462e-05
25 71 1.22234e-05
26 71 6.75191e-05
27 71 1.33678e-05
28 71 2.74347e-06
29 71 1.73773e-07
30 71 2.49646e-05
31 71 3.69501e-05
32 71 2.20826e-05
33 71 1.64742e-05
34 71 2.33245e-05
35 71 0.000128909
36 71 4.19366e-05
37 71 0.000257133
38 71 2.57745e-05
39 71 2.79144e-05
40 71 1.89587e-14
41 71 2.2973e-13
42 71 2.25618e-12
43 71 4.29612e-12
44 71 7.50237e-13
45 71 5.8649e-13
46 71 5.54129e-14
47 71 1.6635e-14
48 71 3.31863e-13
49 71 9.16134e-14
50 71 4.89688e-13
51 71 1.34381e-12
52 71 1.12231e-05
53 71 0.000107835
54 71 0.00035746
55 71 0.000322704
56 71 0.00147072
57 71 0.000869687
58 71 9.35545e-13
59 71 5.09343e-12
0 72 5.90863e-16
1 72 3.14061e-14
2 72 1.73668e-13
3 72 2.91826e-15
4 72 6.8411e-14
5 72 4.34485e-14
6 72 8.97912e-15
7 72 1.48397e-13
8 72 5.44155e-14
9 72 4.8376e-15
10 72 3.11956e-14
11 72 1.50275e-15
12 72 9.3871e-15
13 72 1.41288e-13
14 72 3.67882e-14
15 72 5.45796e-14
16 72 1.55086e-13
17 72 1.99839e-13
18 72 3.31848e-14
19 72 1.31524e-13
20 72 5.97106e-06
21 72 2.25575e-06
22 72 1.78e-05
23 72 1.85431e-05
24 72 9.12469e-06
25 72 2.95157e-05
26 72 2.74191e-06
27 72 7.33237e-07
28 72 1.59337e-05
29 72 3.89488e-05
30 72 4.17659e-06
31 72 1.95394e-05
32 72 2.11081e-05
33 72 1.9566e-05
34 72 2.4301e-06
35 72 5.27437e-05
36 72 1.92193e-07
37 72 0.000111602
38 72 3.79527e-05
39 72 1.92192e-05
40 72 3.60885e-15
41 72 3.06113e-13
42 72 5.62372e-13
43 72 6.50899e-13
44 72 2.67047e-14
45 72 1.61485e-14
46 72 9.02565e-14
47 72 2.97941e-14
48 72 4.87965e-13
49 72 4.08669e-13
50 72 1.60177e-12
51 72 4.60446e-13
52 72 0.000286253
53 72 0.000128438
54 72 0.000189993
55 72 0.00152499
56 72 2.55896e-05
57 72 0.000152141
58 72 5.95715e-14
59 72 7.18709e-14
0 73 3.14373e-14
1 73 5.87696e-16
2 73 2.92814e-15
3 73 1.73693e-13
4 73 4.34979e-14
5 73 6.83869e-14
6 73 1.4829e-13
7 73 8.95181e-15
8 73 4.83551e-15
9 73 5.45167e-14
10 73 1.48782e-15
11 73 3.12661e-14
12 73 1.41373e-13
13 73 9.38743e-15
14 73 5.46151e-14
15 73 3.67854e-14
16 73 1.99912e-13
17 73 1.55204e-13
18 73 1.31581e-13
19 73 3.31938e-14
20 73 2.25575e-06
21 73 5.97106e-06
22 73 1.85431e-05
23 73 1.78e-05
24 73 2.95157e-05
25 73 9.12469e-06
26 73 7.33237e-07
27 73 2.74191e-06
28 73 3.89488e-05
29 73 1.59337e-05
30 73 1.95394e-05
31 73 4.17659e-06
32 73 1.9566e-05
33 73 2.11081e-05
34 73 5.27437e-05
35 73 2.4301e-06
36 73 0.000111602
37 73 1.92193e-07
38 73 1.92192e-05
39 73 3.79527e-05
40 73 3.06115e-13
41 73 3.61705e-15
42 73 6.50947e-13
43 73 5.62453e-13
44 73 1.61624e-14
45 73 2.66726e-14
46 73 2.97651e-14
47 73 9.02634e-14
48 73 4.08499e-13
49 73 4.87977e-13
50 73 4.60253e-13
51 73 1.60168e-12
52 73 0.000128438
53 73 0.000286253
54 73 0.00152499
55 73 0.000189993
56 73 0.000152141
57 73 2.55896e-05
58 73 7.191e-14
59 73 5.97474e-14
0 74 2.0297e-14
1 74 1.26241e-14
2 74 1.48066e-14
3 74 4.49501e-15
4 74 5.18015e-15
5 74 7.16447e-15
6 74 2.85319e-14
7 74 2.34424e-14
8 74 1.75221e-15
9 74 2.94312e-15
10 74 7.79997e-16
11 74 5.03258e-15
12 74 6.45329e-14
13 74 4.53372e-16
14 74 1.7084e-14
15 74 3.03988e-14
16 74 9.82593e-15
17 74 1.21534e-13
18 74 1.8488e-13
19 74 2.41104e-13
20 74 1.76833e-05
21 74 3.29246e-08
22 74 1.45778e-06
23 74 2.40103e-05
24 74 2.46452e-05
25 74 1.27238e-05
26 74 2.10788e-07
27 74 4.72603e-07
28 74 1.40281e-06
29 74 2.21664e-07
30 74 1.71103e-05
31 74 0.000105956
32 74 5.33084e-06
33 74 7.16451e-06
34 74 8.07289e-05
35 74 1.77494e-05
36 74 2.03622e-06
37 74 1.71532e-05
38 74 2.97894e-05
39 74 0.000150663
40 74 4.16926e-14
41 74 5.40268e-15
42 74 3.95008e-14
43 74 3.24284e-14
44 74 5.81775e-14
45 74 7.69644e-13
46 74 1.66142e-14
47 74 4.56788e-15
48 74 1.59825e-12
49 74 2.07718e-13
50 74 1.11638e-14
51 74 7.95393e-16
52 74 0.00130129
53 74 9.51792e-05
54 74 7.40058e-06
55 74 3.13746e-06
56 74 4.31176e-05
57 74 7.00649e-06
58 74 2.77905e-14
59 74 4.60425e-14
0 75 1.26007e-14
1 75 2.02835e-14
2 75 4.51731e-15
3 75 1.48695e-14
4 75 7.14666e-15
5 75 5.19456e-15
6 75 2.34794e-14
7 75 2.86507e-14
8 75 2.92128e-15
9 75 1.72988e-15
10 75 5.02492e-15
11 75 7.69162e-16
12 75 4.4129e-16
13 75 6.43964e-14
14 75 3.04318e-14
15 75 1.70929e-14
16 75 1.2142e-13
17 75 9.84969e-15
18 75 2.41189e-13
19 75 1.84835e-13
20 75 3.29245e-08
21 75 1.76833e-05
22 75 2.40103e-05
23 75 1.45778e-06
24 75 1.27238e-05
25 75 2.46452e-05
26 75 4.72603e-07
27 75 2.10788e-07
28 75 2.21664e-07
29 75 1.40281e-06
30 75 0.000105956
31 75 1.71103e-05
32 75 7.16451e-06
33 75 5.33084e-06
34 75 1.77494e-05
35 75 8.07289e-05
36 75 1.71532e-05
37 75 2.03622e-06
38 75 0.000150663
39 75 2.97894e-05
40 75 5.39343e-15
41 75 4.17357e-14
42 75 3.24379e-14
43 75 3.95153e-14
44 75 7.69559e-13
45 75 5.81595e-14
46 75 4.57431e-15
47 75 1.66209e-14
48 75 2.07679e-13
49 75 1.59821e-12
50 75 7.95822e-16
51 75 1.11605e-14
52 75 9.51792e-05
53 75 0.00130129
54 75 3.13746e-06
55 75 7.40058e-06
56 75 7.00649e-06
57 75 4.31176e-05
58 75 4.59328e-14
59 75 2.78146e-14
0 76 1.21458e-14
1 76 2.59794e-14
2 76 1.91818e-15
3 76 3.42292e-15
4 76 1.50281e-14
5 76 4.55768e-15
6 76 1.22283e-14
7 76 2.42202e-15
8 76 3.83801e-15
9 76 6.49895e-16
10 76 3.90705e-15
11 76 3.71893e-15
12 76 9.72224e-16
13 76 1.2872e-15
14 76 1.89495e-14
15 76 2.62785e-13
16 76 5.48951e-13
17 76 1.69138e-13
18 76 4.77596e-14
19 76 1.51082e-14
20 76 2.25806e-05
21 76 3.2449e-05
22 76 2.43063e-07
23 76 1.96678e-06
24 76 3.09218e-06
25 76 5.86001e-06
26 76 4.42639e-07
27 76 6.07799e-07
28 76 1.2358e-05
29 76 1.38093e-05
30 76 2.81834e-05
31 76 2.39522e-05
32 76 0.000106685
33 76 4.96537e-06
34 76 4.15622e-06
35 76 1.76133e-06
36 76 3.06326e-06
37 76 3.80024e-07
38 76 9.45965e-05
39 76 5.14673e-05
40 76 9.31474e-14
41 76 8.00167e-15
42 76 3.04828e-13
43 76 1.53073e-14
44 76 7.04808e-13
45 76 4.50026e-14
46 76 1.84973e-13
47 76 2.27927e-14
48 76 4.65289e-14
49 76 8.4556e-14
50 76 2.32583e-13
51 76 1.37516e-13
52 76 0.00121407
53 76 0.000884622
54 76 2.42864e-06
55 76 0.00057566
56 76 1.38457e-05
57 76 6.85474e-05
58 76 2.235e-12
59 76 4.33467e-13
0 77 2.59687e-14
1 77 1.21225e-14
2 77 3.4309e-15
3 77 1.9267e-15
4 77 4.55409e-15
5 77 1.49954e-14
6 77 2.40828e-15
7 77 1.23317e-14
8 77 6.50647e-16
9 77 3.90542e-15
10 77 3.74591e-15
11 77 3.93858e-15
12 77 1.2905e-15
13 77 9.76046e-16
14 77 2.62666e-13
15 77 1.89462e-14
16 77 1.69101e-13
17 77 5.49011e-13
18 77 1.5079e-14
19 77 4.77801e-14
20 77 3.2449e-05
21 77 2.25806e-05
22 77 1.96678e-06
23 77 2.43063e-07
24 77 5.86001e-06
25 77 3.09218e-06
26 77 6.07799e-07
27 77 4.42639e-07
28 77 1.38093e-05
29 77 1.2358e-05
30 77 2.39522e-05
31 77 2.81834e-05
32 77 4.96537e-06
33 77 0.000106685
34 77 1.76133e-06
35 77 4.15622e-06
36 77 3.80024e-07
37 77 3.06326e-06
38 77 5.14673e-05
39 77 9.45965e-05
40 77 8.01067e-15
41 77 9.31515e-14
42 77 1.53122e-14
43 77 3.04893e-13
44 77 4.50265e-14
45 77 7.04726e-13
46 77 2.2815e-14
47 77 1.84987e-13
48 77 8.45485e-14
49 77 4.65312e-14
50 77 1.37557e-13
51 77 2.32686e-13
52 77 0.000884622
53 77 0.00121407
54 77 0.00057566
55 77 2.42864e-06
56 77 6.85474e-05
57 77 1.38457e-05
58 77 4.33674e-13
59 77 2.23504e-12
0 78 6.64181e-16
1 78 5.93352e-16
2 78 2.03698e-15
3 78 6.53669e-15
4 78 4.4218e-15
5 78 5.96886e-15
6 78 1.59301e-15
7 78 4.81313e-15
8 78 6.85807e-17
9 78 6.83148e-15
10 78 4.70238e-15
11 78 7.64216e-15
12 78 8.05792e-16
13 78 1.41567e-15
14 78 1.95178e-14
15 78 8.9509e-17
16 78 5.39952e-15
17 78 1.23104e-14
18 78 2.36503e-15
19 78 5.36571e-16
20 78 4.98271e-07
21 78 1.48875e-08
22 78 3.18354e-05
23 78 7.37287e-06
24 78 1.79038e-06
25 78 5.98371e-05
26 78 7.03667e-05
27 78 7.52263e-05
28 78 5.34424e-05
29 78 8.91888e-05
30 78 3.79697e-06
31 78 4.09734e-06
32 78 3.17488e-05
33 78 2.75008e-05
34 78 4.41196e-08
35 78 5.22057e-07
36 78 1.742e-07
37 78 3.7099e-07
38 78 6.60575e-07
39 78 1.05697e-06
40 78 5.07652e-14
41 78 3.23895e-14
42 78 2.87323e-14
43 78 4.78355e-14
44 78 1.08233e-13
45 78 1.37375e-13
46 78 4.04363e-16
47 78 2.9808e-14
48 78 1.17458e-14
49 78 3.72168e-14
50 78 2.6775e-14
51 78 2.47567e-14
52 78 2.94921e-05
53 78 7.45542e-05
54 78 0.000127315
55 78 0.000130724
56 78 5.99915e-05
57 78 0.000114506
58 78 3.00371e-14
59 78 5.22349e-14
0 79 5.90454e-16
1 79 6.68832e-16
2 79 6.50794e-15
3 79 2.03264e-15
4 79 5.99227e-15
5 79 4.41912e-15
6 79 4.80748e-15
7 79 1.59195e-15
8 79 6.79983e-15
9 79 6.63811e-17
10 79 7.61603e-15
11 79 4.7115e-15
12 79 1.40589e-15
13 79 8.15927e-16
14 79 9.22217e-17
15 79 1.95018e-14
16 79 1.23112e-14
17 79 5.39385e-15
18 79 5.36132e-16
19 79 2.36101e-15
20 79 1.48875e-08
21 79 4.98271e-07
22 79 7.37287e-06
23 79 3.18354e-05
24 79 5.98371e-05
25 79 1.79038e-06
26 79 7.52263e-05
27 79 7.03667e-05
28 79 8.91888e-05
29 79 5.34424e-05
30 79 4.09734e-06
31 79 3.79697e-06
32 79 2.75008e-05
33 79 3.17488e-05
34 79 5.22057e-07
35 79 4.41196e-08
36 79 3.7099e-07
37 79 1.742e-07
38 79 1.05697e-06
39 79 6.60574e-07
40 79 3.23976e-14
41 79 5.07549e-14
42 79 4.77737e-14
43 79 2.87386e-14
44 79 1.37419e-13
45 79 1.08236e-13
46 79 2.98004e-14
47 79 4.03965e-16
48 79 3.72173e-14
49 79 1.17395e-14
50 79 2.47474e-14
51 79 2.67735e-14
52 79 7.45542e-05
53 79 2.94921e-05
54 79 0.000130724
55 79 0.000127315
56 79 0.000114506
57 79 5.99915e-05
58 79 5.2303e-14
59 79 3.00782e-14
0 80 1.50917e-07
1 80 2.62151e-07
2 80 1.6556e-07
3 80 3.92621e-07
4 80 5.30598e-07
5 80 6.63624e-07
6 80 5.22393e-07
7 80 1.0028e-06
8 80 1.11439e-06
9 80 5.96926e-07
10 80 1.40784e-07
11 80 1.03288e-05
12 80 4.29797e-06
13 80 3.69674e-07
14 80 2.14331e-06
15 80 6.32608e-07
16 80 3.3309e-06
17 80 1.21806e-06
18 80 6.6931e-06
19 80 3.8639e-07
20 80 2.80272e-14
21 80 1.82098e-14
22 80 2.52515e-15
23 80 8.04113e-16
24 80 3.40967e-14
25 80 1.96863e-14
26 80 3.41642e-17
27 80 5.23909e-15
28 80 4.37929e-16
29 80 4.52873e-16
30 80 1.42424e-14
31 80 7.48653e-14
32 80 3.65557e-14
33 80 2.60619e-14
34 80 5.61093e-13
35 80 3.33927e-13
36 80 9.5138e-14
37 80 1.27944e-13
38 80 1.97217e-15
39 80 3.24115e-14
40 80 4.65993e-06
41 80 2.16571e-06
42 80 7.32882e-06
43 80 3.44183e-05
44 80 8.73062e-05
45 80 0.000426613
46 80 3.92714e-07
47 80 1.63461e-06
48 80 3.54666e-05
49 80 3.27461e-05
50 80 0.0001593
51 80 0.000204772
52 80 1.0426e-13
53 80 4.42424e-14
54 80 1.91484e-13
55 80 3.93135e-14
56 80 5.34813e-13
57 80 7.16308e-14
58 80 6.38555e-05
59 80 7.58403e-05
0 81 2.62151e-07
1 81 1.50917e-07
2 81 3.92621e-07
3 81 1.65559e-07
4 81 6.63624e-07
5 81 5.30598e-07
6 81 1.0028e-06
7 81 5.22392e-07
8 81 5.96926e-07
9 81 1.11439e-06
10 81 1.03288e-05
11 81 1.40784e-07
12 81 3.69675e-07
13 81 4.29797e-06
14 81 6.32609e-07
15 81 2.14331e-06
16 81 1.21806e-06
17 81 3.3309e-06
18 81 3.8639e-07
19 81 6.6931e-06
20 81 1.8234e-14
21 81 2.8019e-14
22 81 8.11282e-16
23 81 2.52545e-15
24 81 1.96935e-14
25 81 3.41154e-14
26 81 5.24368e-15
27 81 3.45965e-17
28 81 4.53874e-16
29 81 4.37396e-16
30 81 7.48309e-14
31 81 1.42479e-14
32 81 2.60648e-14
33 81 3.65808e-14
34 81 3.33868e-13
35 81 5.61128e-13
36 81 1.27956e-13
37 81 9.51113e-14
38 81 3.23983e-14
39 81 1.96891e-15
40 81 2.16571e-06
41 81 4.65993e-06
42 81 3.44183e-05
43 81 7.32882e-06
44 81 0.000426613
45 81 8.73062e-05
46 81 1.63461e-06
47 81 3.92714e-07
48 81 3.27461e-05
49 81 3.54666e-05
50 81 0.000204772
51 81 0.0001593
52 81 4.42237e-14
53 81 1.04203e-13
54 81 3.93172e-14
55 81 1.91432e-13
56 81 7.15894e-14
57 81 5.34997e-13
58 81 7.58403e-05
59 81 6.38555e-05
0 82 8.77489e-09
1 82 4.02418e-09
2 82 1.63723e-05
3 82 4.05887e-05
4 82 2.4996e-06
5 82 2.58564e-06
6 82 4.44779e-06
7 82 1.70653e-06
8 82 4.73763e-06
9 82 1.56352e-07
10 82 5.90664e-06
11 82 1.95611e-05
12 82 1.47716e-05
13 82 2.05807e-06
14 82 3.2792e-06
15 82 5.78734e-07
16 82 2.54141e-08
17 82 4.43179e-08
18 82 3.51507e-06
19 82 6.00261e-06
20 82 7.83711e-15
21 82 3.08681e-14
22 82 4.26281e-14
23 82 1.10107e-13
24 82 1.52987e-14
25 82 3.81541e-14
26 82 1.5161e-14
27 82 6.27162e-15
28 82 1.24238e-15
29 82 5.08174e-15
30 82 2.59096e-14
31 82 2.57043e-14
32 82 7.57542e-15
33 82 3.3815e-14
34 82 4.34648e-14
35 82 4.97287e-14
36 82 4.0756e-13
37 82 8.8107e-14
38 82 3.30278e-18
39 82 8.7219e-16
40 82 1.48656e-05
41 82 3.65443e-06
42 82 5.23582e-05
43 82 4.73068e-05
44 82 5.86096e-06
45 82 5.2747e-05
46 82 3.75388e-06
47 82 1.07329e-06
48 82 1.01943e-06
49 82 3.65314e-06
50 82 4.43368e-05
51 82 0.000101041
52 82 1.12341e-13
53 82 5.25613e-13
54 82 1.42869e-12
55 82 1.08081e-13
56 82 3.18378e-13
57 82 9.49666e-15
58 82 0.000140139
59 82 6.91523e-05
0 83 4.02421e-09
1 83 8.77484e-09
2 83 4.05887e-05
3 83 1.63723e-05
4 83 2.58564e-06
5 83 2.4996e-06
6 83 1.70653e-06
7 83 4.44779e-06
8 83 1.56352e-07
9 83 4.73763e-06
10 83 1.95611e-05
11 83 5.90664e-06
12 83 2.05807e-06
13 83 1.47716e-05
14 83 5.78734e-07
15 83 3.2792e-06
16 83 4.43179e-08
17 83 2.54141e-08
18 83 6.00261e-06
19 83 3.51507e-06
20 83 3.08594e-14
21 83 7.84997e-15
22 83 1.10049e-13
23 83 4.2603e-14
24 83 3.81797e-14
25 83 1.52976e-14
26 83 6.27129e-15
27 83 1.51684e-14
28 83 5.07163e-15
29 83 1.24333e-15
30 83 2.57206e-14
31 83 2.59409e-14
32 83 3.38229e-14
33 83 7.575e-15
34 83 4.97762e-14
35 83 4.34466e-14
36 83 8.81145e-14
37 83 4.07672e-13
38 83 8.732e-16
39 83 3.12233e-18
40 83 3.65443e-06
41 83 1.48656e-05
42 83 4.73068e-05
43 83 5.23582e-05
44 83 5.2747e-05
45 83 5.86096e-06
46 83 1.07329e-06
47 83 3.75388e-06
48 83 3.65314e-06
49 83 1.01943e-06
50 83 0.000101041
51 83 4.43368e-05
52 83 5.25572e-13
53 83 1.12384e-13
54 83 1.08142e-13
55 83 1.4285e-12
56 83 9.50784e-15
57 83 3.18405e-13
58 83 6.91523e-05
59 83 0.000140139
0 84 1.03961e-06
1 84 1.29512e-06
2 84 6.73828e-07
3 84 7.57997e-07
4 84 4.16935e-07
5 84 5.13827e-07
6 84 7.23546e-09
7 84 4.06265e-08
8 84 1.87834e-06
9 84 1.50278e-06
10 84 6.34537e-09
11 84 6.00508e-08
12 84 1.78061e-06
13 84 1.27835e-06
14 84 7.40725e-08
15 84 1.99935e-07
16 84 6.93099e-06
17 84 6.04162e-06
18 84 2.28305e-05
19 84 9.24148e-06
20 84 1.68516e-15
21 84 6.30839e-15
22 84 3.67332e-15
23 84 4.76208e-15
24 84 8.72485e-16
25 84 3.3962e-15
26 84 4.65782e-15
27 84 7.05124e-15
28 84 2.22938e-15
29 84 5.33935e-15
30 84 2.96057e-14
31 84 1.19243e-14
32 84 6.4685e-15
33 84 2.07426e-14
34 84 4.11759e-14
35 84 7.10457e-14
36 84 8.25913e-15
37 84 3.90853e-14
38 84 9.46007e-16
39 84 1.63492e-14
40 84 7.81877e-06
41 84 3.70125e-06
42 84 6.31197e-06
43 84 2.40713e-05
44 84 6.20186e-05
45 84 7.54763e-05
46 84 3.65942e-05
47 84 4.41949e-05
48 84 8.68915e-05
49 84 0.000160084
50 84 6.07849e-06
51 84 1.31422e-06
52 84 4.09139e-13
53 84 3.74351e-13
54 84 1.28633e-13
55 84 4.3331e-14
56 84 1.51668e-13
57 84 5.54033e-14
58 84 3.0177e-05
59 84 8.15593e-05
0 85 1.29512e-06
1 85 1.03961e-06
2 85 7.57997e-07
3 85 6.73827e-07
4 85 5.13826e-07
5 85 4.16935e-07
6 85 4.06264e-08
7 85 7.23547e-09
8 85 1.50278e-06
9 85 1.87834e-06
10 85 6.00508e-08
11 85 6.34536e-09
12 85 1.27835e-06
13 85 1.78061e-06
14 85 1.99935e-07
15 85 7.40723e-08
16 85 6.04162e-06
17 85 6.93099e-06
18 85 9.24148e-06
19 85 2.28305e-05
20 85 6.30247e-15
21 85 1.68645e-15
22 85 4.76933e-15
23 85 3.67703e-15
24 85 3.39442e-15
25 85 8.68228e-16
26 85 7.05064e-15
27 85 4.65521e-15
28 85 5.34837e-15
29 85 2.22703e-15
30 85 1.19256e-14
31 85 2.96022e-14
32 85 2.07494e-14
33 85 6.46781e-15
34 85 7.10623e-14
35 85 4.11714e-14
36 85 3.9105e-14
37 85 8.26401e-15
38 85 1.63513e-14
39 85 9.47094e-16
40 85 3.70125e-06
41 85 7.81877e-06
42 85 2.40713e-05
43 85 6.31197e-06
44 85 7.54763e-05
45 85 6.20186e-05
46 85 4.41949e-05
47 85 3.65942e-05
48 85 0.000160084
49 85 8.68915e-05
50 85 1.31422e-06
51 85 6.07849e-06
52 85 3.74455e-13
53 85 4.09147e-13
54 85 4.33131e-14
55 85 1.28643e-13
56 85 5.5427e-14
57 85 1.51593e-13
58 85 8.15593e-05
59 85 3.0177e-05
0 86 2.56072e-06
1 86 8.30105e-07
2 86 2.13133e-07
3 86 1.40685e-06
4 86 3.0757e-07
5 86 7.31222e-06
6 86 6.60982e-07
7 86 4.57992e-07
8 86 2.63657e-06
9 86 1.54718e-05
10 86 1.00834e-06
11 86 1.64879e-06
12 86 1.16533e-05
13 86 1.13691e-06
14 86 4.85585e-06
15 86 1.71936e-06
16 86 6.655e-07
17 86 5.12792e-06
18 86 1.23531e-05
19 86 8.2614e-07
20 86 1.96661e-14
21 86 6.07921e-15
22 86 3.37478e-15
23 86 4.80077e-14
24 86 8.39184e-14
25 86 1.34644e-14
26 86 3.08101e-14
27 86 6.53269e-15
28 86 3.49506e-14
29 86 2.12685e-14
30 86 2.88165e-15
31 86 1.95112e-16
32 86 7.45138e-15
33 86 9.87306e-14
34 86 5.79674e-16
35 86 1.18441e-14
36 86 7.40594e-15
37 86 1.46781e-14
38 86 1.03628e-14
39 86 3.54326e-14
40 86 4.49895e-06
41 86 1.69628e-09
42 86 7.81755e-07
43 86 4.03281e-07
44 86 2.53679e-06
45 86 3.81118e-05
46 86 5.23439e-05
47 86 0.000173228
48 86 4.38218e-06
49 86 5.34358e-06
50 86 2.01111e-06
51 86 2.55893e-06
52 86 1.84388e-13
53 86 3.09192e-13
54 86 3.28616e-12
55 86 5.92478e-14
56 86 1.024e-12
57 86 4.10998e-14
58 86 5.64732e-05
59 86 9.76792e-06
0 87 8.30106e-07
1 87 2.56072e-06
2 87 1.40685e-06
3 87 2.13133e-07
4 87 7.31222e-06
5 87 3.07569e-07
6 87 4.57992e-07
7 87 6.60982e-07
8 87 1.54718e-05
9 87 2.63657e-06
10 87 1.64879e-06
11 87 1.00834e-06
12 87 1.13691e-06
13 87 1.16533e-05
14 87 1.71936e-06
15 87 4.85585e-06
16 87 5.12792e-06
17 87 6.65499e-07
18 87 8.26139e-07
19 87 1.23531e-05
20 87 6.08282e-15
21 87 1.96634e-14
22 87 4.80472e-14
23 87 3.37768e-15
24 87 1.34523e-14
25 87 8.38891e-14
26 87 6.52892e-15
27 87 3.07997e-14
28 87 2.12689e-14
29 87 3.49483e-14
30 87 1.95142e-16
31 87 2.87454e-15
32 87 9.87556e-14
33 87 7.457e-15
34 87 1.18427e-14
35 87 5.76662e-16
36 87 1.46879e-14
37 87 7.42077e-15
38 87 3.54368e-14
39 87 1.03621e-14
40 87 1.69628e-09
41 87 4.49895e-06
42 87 4.03281e-07
43 87 7.81755e-07
44 87 3.81118e-05
45 87 2.53679e-06
46 87 0.000173228
47 87 5.23439e-05
48 87 5.34358e-06
49 87 4.38218e-06
50 87 2.55893e-06
51 87 2.01111e-06
52 87 3.09241e-13
53 87 1.84352e-13
54 87 5.92209e-14
55 87 3.28588e-12
56 87 4.11726e-14
57 87 1.02413e-12
58 87 9.76792e-06
59 87 5.64732e-05
0 88 1.44706e-06
1 88 6.62226e-07
2 88 1.87823e-06
3 88 5.89614e-07
4 88 4.65252e-06
5 88 2.09364e-06
6 88 1.66684e-07
7 88 4.27613e-06
8 88 1.08564e-06
9 88 2.6553e-06
10 88 4.43811e-07
11 88 4.48167e-07
12 88 6.52825e-06
13 88 2.26407e-06
14 88 1.31892e-05
15 88 3.8318e-06
16 88 1.4531e-07
17 88 5.30701e-07
18 88 1.62671e-05
19 88 8.08961e-07
20 88 2.14694e-15
21 88 6.50572e-16
22 88 1.20712e-15
23 88 6.75986e-14
24 88 2.81232e-14
25 88 6.12454e-14
26 88 6.05368e-15
27 88 5.32733e-15
28 88 8.94812e-15
29 88 5.01507e-15
30 88 5.85585e-14
31 88 2.8596e-14
32 88 1.75757e-14
33 88 2.94601e-13
34 88 7.41842e-14
35 88 4.19117e-14
36 88 3.56145e-13
37 88 4.57165e-13
38 88 2.23647e-14
39 88 1.29156e-13
40 88 1.03153e-05
41 88 2.34401e-06
42 88 9.57865e-06
43 88 0.000229118
44 88 3.20513e-06
45 88 3.17648e-05
46 88 1.80957e-06
47 88 1.31158e-05
48 88 2.63462e-05
49 88 1.28608e-05
50 88 1.51535e-06
51 88 3.28165e-06
52 88 2.39854e-13
53 88 2.48224e-13
54 88 1.40718e-12
55 88 6.11711e-14
56 88 7.04542e-14
57 88 1.14929e-15
58 88 4.29896e-05
59 88 0.000153859
0 89 6.62226e-07
1 89 1.44706e-06
2 89 5.89614e-07
3 89 1.87823e-06
4 89 2.09364e-06
5 89 4.65252e-06
6 89 4.27613e-06
7 89 1.66684e-07
8 89 2.6553e-06
9 89 1.08564e-06
10 89 4.48167e-07
11 89 4.43811e-07
12 89 2.26407e-06
13 89 6.52825e-06
14 89 3.8318e-06
15 89 1.31892e-05
16 89 5.30701e-07
17 89 1.4531e-07
18 89 8.0896e-07
19 89 1.62671e-05
20 89 6.49611e-16
21 89 2.14496e-15
22 89 6.7603e-14
23 89 1.20656e-15
24 89 6.12294e-14
25 89 2.80813e-14
26 89 5.32939e-15
27 89 6.05584e-15
28 89 5.01103e-15
29 89 8.93146e-15
30 89 2.86108e-14
31 89 5.85766e-14
32 89 2.946e-13
33 89 1.75828e-14
34 89 4.185e-14
35 89 7.42179e-14
36 89 4.57228e-13
37 89 3.56102e-13
38 89 1.29207e-13
39 89 2.23762e-14
40 89 2.34401e-06
41 89 1.03153e-05
42 89 0.000229118
43 89 9.57865e-06
44 89 3.17648e-05
45 89 3.20513e-06
46 89 1.31158e-05
47 89 1.80957e-06
48 89 1.28608e-05
49 89 2.63462e-05
50 89 3.28165e-06
51 89 1.51535e-06
52 89 2.48211e-13
53 89 2.39929e-13
54 89 6.11383e-14
55 89 1.40724e-12
56 89 1.14937e-15
57 89 7.05723e-14
58 89 0.000153859
59 89 4.29896e-05
0 90 3.45212e-07
1 90 2.96619e-06
2 90 8.70782e-07
3 90 6.91389e-08
4 90 3.40609e-06
5 90 7.97328e-06
6 90 7.74709e-07
7 90 1.61726e-05
8 90 5.13385e-07
9 90 4.97441e-06
10 90 1.36746e-05
11 90 4.33264e-06
12 90 2.55448e-06
13 90 4.94191e-07
14 90 1.24019e-07
15 90 2.79315e-08
16 90 1.05051e-06
17 90 1.15388e-06
18 90 3.14497e-06
19 90 1.58818e-06
20 90 1.66644e-14
21 90 1.08427e-15
22 90 9.20056e-15
23 90 1.54582e-14
24 90 2.57308e-14
25 90 1.46257e-14
26 90 1.18215e-13
27 90 6.37423e-15
28 90 2.82112e-14
29 90 2.58858e-14
30 90 1.39056e-16
31 90 1.20809e-14
32 90 4.9265e-15
33 90 8.54946e-15
34 90 1.67719e-13
35 90 2.99324e-13
36 90 7.68923e-14
37 90 5.06507e-13
38 90 5.09866e-15
39 90 9.22305e-15
40 90 1.45802e-06
41 90 1.00375e-05
42 90 4.89584e-06
43 90 4.77949e-05
44 90 2.57624e-05
45 90 1.15531e-05
46 90 0.000105191
47 90 8.28426e-07
48 90 5.59596e-06
49 90 1.05235e-05
50 90 6.2874e-05
51 90 1.49589e-05
52 90 3.29295e-14
53 90 2.5008e-14
54 90 1.79652e-12
55 90 1.40097e-12
56 90 9.39382e-13
57 90 9.28117e-13
58 90 7.65725e-06
59 90 0.000310868
0 91 2.96619e-06
1 91 3.45212e-07
2 91 6.91388e-08
3 91 8.70783e-07
4 91 7.97328e-06
5 91 3.40609e-06
6 91 1.61726e-05
7 91 7.7471e-07
8 91 4.97441e-06
9 91 5.13385e-07
10 91 4.33264e-06
11 91 1.36746e-05
12 91 4.94191e-07
13 91 2.55448e-06
14 91 2.79315e-08
15 91 1.24019e-07
16 91 1.15388e-06
17 91 1.05051e-06
18 91 1.58818e-06
19 91 3.14497e-06
20 91 1.08463e-15
21 91 1.66657e-14
22 91 1.54569e-14
23 91 9.21086e-15
24 91 1.46588e-14
25 91 2.57212e-14
26 91 6.37261e-15
27 91 1.18189e-13
28 91 2.58714e-14
29 91 2.82221e-14
30 91 1.20803e-14
31 91 1.3913e-16
32 91 8.55731e-15
33 91 4.92969e-15
34 91 2.99461e-13
35 91 1.6768e-13
36 91 5.06484e-13
37 91 7.68829e-14
38 91 9.22793e-15
39 91 5.10071e-15
40 91 1.00375e-05
41 91 1.45802e-06
42 91 4.77949e-05
43 91 4.89584e-06
44 91 1.15531e-05
45 91 2.57624e-05
46 91 8.28426e-07
47 91 0.000105191
48 91 1.05235e-05
49 91 5.59596e-06
50 91 1.49589e-05
51 91 6.2874e-05
52 91 2.49791e-14
53 91 3.29244e-14
54 91 1.40066e-12
55 91 1.79666e-12
56 91 9.28344e-13
57 91 9.39434e-13
58 91 0.000310868
59 91 7.65725e-06
0 92 3.54861e-07
1 92 1.95275e-08
2 92 2.42676e-06
3 92 2.29171e-06
4 92 3.91527e-08
5 92 3.28673e-06
6 92 1.07664e-05
7 92 4.93062e-06
8 92 2.08996e-06
9 92 6.98939e-06
10 92 3.49936e-06
11 92 1.2768e-06
12 92 3.81802e-07
13 92 2.96426e-06
14 92 2.14286e-06
15 92 2.21328e-06
16 92 3.00319e-06
17 92 2.15579e-06
18 92 1.98405e-05
19 92 8.19348e-06
20 92 5.37112e-15
21 92 8.76772e-14
22 92 9.63337e-16
23 92 2.14784e-17
24 92 1.146e-14
25 92 1.01845e-14
26 92 4.95808e-14
27 92 5.63475e-14
28 92 4.11004e-15
29 92 2.53545e-14
30 92 8.35755e-15
31 92 7.74193e-14
32 92 5.09026e-14
33 92 2.91054e-14
34 92 1.63641e-13
35 92 1.79569e-14
36 92 8.15246e-14
37 92 4.1628e-15
38 92 1.85343e-14
39 92 1.2366e-14
40 92 7.48304e-05
41 92 2.23402e-05
42 92 2.69652e-05
43 92 1.13097e-05
44 92 5.0895e-07
45 92 8.9161e-06
46 92 2.17542e-05
47 92 6.25333e-05
48 92 5.0409e-06
49 92 7.11055e-05
50 92 3.06901e-06
51 92 1.52964e-05
52 92 5.11169e-15
53 92 3.14082e-15
54 92 1.73988e-14
55 92 1.05887e-13
56 92 2.60347e-14
57 92 2.25355e-14
58 92 0.000597332
59 92 0.000110872
0 93 1.95274e-08
1 93 3.54861e-07
2 93 2.29171e-06
3 93 2.42676e-06
4 93 3.28673e-06
5 93 3.91528e-08
6 93 4.93062e-06
7 93 1.07664e-05
8 93 6.98939e-06
9 93 2.08996e-06
10 93 1.2768e-06
11 93 3.49936e-06
12 93 2.96426e-06
13 93 3.81802e-07
14 93 2.21328e-06
15 93 2.14286e-06
16 93 2.15579e-06
17 93 3.00319e-06
18 93 8.19348e-06
19 93 1.98405e-05
20 93 8.76509e-14
21 93 5.37301e-15
22 93 2.17066e-17
23 93 9.70333e-16
24 93 1.01858e-14
25 93 1.14933e-14
26 93 5.63284e-14
27 93 4.95689e-14
28 93 2.53631e-14
29 93 4.11137e-15
30 93 7.74263e-14
31 93 8.36193e-15
32 93 2.91237e-14
33 93 5.09295e-14
34 93 1.79349e-14
35 93 1.63583e-13
36 93 4.15582e-15
37 93 8.15007e-14
38 93 1.23353e-14
39 93 1.85396e-14
40 93 2.23402e-05
41 93 7.48304e-05
42 93 1.13097e-05
43 93 2.69652e-05
44 93 8.9161e-06
45 93 5.0895e-07
46 93 6.25333e-05
47 93 2.17542e-05
48 93 7.11055e-05
49 93 5.0409e-06
50 93 1.52964e-05
51 93 3.06901e-06
52 93 3.133e-15
53 93 5.10938e-15
54 93 1.05889e-13
55 93 1.73753e-14
56 93 2.25645e-14
57 93 2.59592e-14
58 93 0.000110872
59 93 0.000597332
0 94 6.68956e-06
1 94 1.6806e-05
2 94 5.87979e-07
3 94 1.07043e-06
4 94 1.13878e-06
5 94 2.06271e-06
6 94 3.94114e-08
7 94 1.30403e-07
8 94 1.82392e-06
9 94 5.44487e-06
10 94 4.23901e-08
11 94 8.28309e-07
12 94 2.16923e-06
13 94 7.28862e-07
14 94 3.87729e-06
15 94 1.62105e-06
16 94 1.23767e-06
17 94 1.87996e-06
18 94 1.16494e-06
19 94 1.22994e-07
20 94 1.34201e-14
21 94 1.43056e-14
22 94 3.33845e-16
23 94 9.94659e-15
24 94 1.47011e-14
25 94 4.84567e-14
26 94 9.10759e-14
27 94 8.82274e-15
28 94 5.80966e-14
29 94 1.46289e-14
30 94 6.06649e-14
31 94 8.37579e-14
32 94 1.12422e-15
33 94 3.37319e-14
34 94 2.38357e-15
35 94 2.56734e-16
36 94 4.63925e-14
37 94 4.79204e-14
38 94 4.56278e-15
39 94 5.96536e-15
40 94 0.000133829
41 94 0.000164797
42 94 1.55697e-06
43 94 2.40451e-05
44 94 1.24668e-06
45 94 1.50383e-06
46 94 4.56258e-06
47 94 1.05343e-05
48 94 2.91648e-07
49 94 3.21141e-06
50 94 1.01247e-07
51 94 1.26458e-07
52 94 1.48216e-15
53 94 2.74604e-14
54 94 5.40951e-14
55 94 1.05924e-14
56 94 1.95652e-13
57 94 5.66462e-14
58 94 4.6416e-05
59 94 0.000271895
0 95 1.6806e-05
1 95 6.68955e-06
2 95 1.07042e-06
3 95 5.87979e-07
4 95 2.06271e-06
5 95 1.13878e-06
6 95 1.30403e-07
7 95 3.94114e-08
8 95 5.44487e-06
9 95 1.82392e-06
10 95 8.2831e-07
11 95 4.239e-08
12 95 7.28862e-07
13 95 2.16923e-06
14 95 1.62105e-06
15 95 3.87729e-06
16 95 1.87996e-06
17 95 1.23767e-06
18 95 1.22994e-07
19 95 1.16494e-06
20 95 1.42913e-14
21 95 1.34055e-14
22 95 9.92383e-15
23 95 3.32623e-16
24 95 4.84569e-14
25 95 1.47049e-14
26 95 8.8121e-15
27 95 9.11e-14
28 95 1.46421e-14
29 95 5.80865e-14
30 95 8.37668e-14
31 95 6.06479e-14
32 95 3.37553e-14
33 95 1.12926e-15
34 95 2.57847e-16
35 95 2.3767e-15
36 95 4.78767e-14
37 95 4.6394e-14
38 95 5.96669e-15
39 95 4.56091e-15
40 95 0.000164797
41 95 0.000133829
42 95 2.40451e-05
43 95 1.55696e-06
44 95 1.50383e-06
45 95 1.24668e-06
46 95 1.05343e-05
47 95 4.56258e-06
48 95 3.21141e-06
49 95 2.91648e-07
50 95 1.26459e-07
51 95 1.01247e-07
52 95 2.74435e-14
53 95 1.47433e-15
54 95 1.06017e-14
55 95 5.40551e-14
56 95 5.66572e-14
57 95 1.95666e-13
58 95 0.000271895
59 95 4.6416e-05
0 96 7.56171e-06
1 96 2.15928e-07
2 96 1.07795e-06
3 96 1.67427e-06
4 96 1.70384e-06
5 96 6.11721e-06
6 96 1.99878e-06
7 96 3.22481e-06
8 96 3.07714e-07
9 96 8.09959e-08
10 96 1.79071e-06
11 96 9.31992e-07
12 96 1.53933e-07
13 96 1.05099e-06
14 96 7.83705e-06
15 96 2.5237e-05
16 96 5.64273e-07
17 96 5.71066e-07
18 96 3.38834e-06
19 96 3.63069e-06
20 96 9.63054e-15
21 96 2.89704e-17
22 96 8.20627e-15
23 96 7.34923e-15
24 96 4.8363e-15
25 96 2.84223e-14
26 96 1.56153e-14
27 96 2.75016e-14
28 96 3.19553e-15
29 96 7.79536e-15
30 96 1.40926e-14
31 96 6.90303e-14
32 96 1.85433e-14
33 96 9.6129e-15
34 96 4.93491e-15
35 96 1.2368e-14
36 96 6.06845e-16
37 96 3.2497e-14
38 96 7.7739e-15
39 96 2.28069e-15
40 96 7.46778e-05
41 96 2.13537e-05
42 96 6.12563e-06
43 96 3.37678e-06
44 96 5.17928e-06
45 96 6.33747e-06
46 96 1.58366e-06
47 96 1.10736e-05
48 96 2.19653e-07
49 96 5.27382e-07
50 96 5.09734e-06
51 96 1.05842e-05
52 96 6.25568e-14
53 96 5.92237e-14
54 96 4.7884e-15
55 96 4.09816e-14
56 96 2.16518e-14
57 96 3.44758e-14
58 96 0.000126672
59 96 9.77807e-05
0 97 2.15928e-07
1 97 7.56172e-06
2 97 1.67427e-06
3 97 1.07795e-06
4 97 6.1172e-06
5 97 1.70384e-06
6 97 3.22481e-06
7 97 1.99878e-06
8 97 8.09956e-08
9 97 3.07714e-07
10 97 9.31992e-07
11 97 1.79071e-06
12 97 1.05099e-06
13 97 1.53933e-07
14 97 2.5237e-05
15 97 7.83705e-06
16 97 5.71066e-07
17 97 5.64273e-07
18 97 3.63069e-06
19 97 3.38834e-06
20 97 2.94707e-17
21 97 9.63022e-15
22 97 7.37253e-15
23 97 8.19851e-15
24 97 2.83864e-14
25 97 4.81976e-15
26 97 2.7482e-14
27 97 1.56124e-14
28 97 7.81158e-15
29 97 3.2042e-15
30 97 6.90038e-14
31 97 1.4088e-14
32 97 9.59587e-15
33 97 1.85546e-14
34 97 1.23812e-14
35 97 4.9421e-15
36 97 3.25204e-14
37 97 6.08545e-16
38 97 2.28292e-15
39 97 7.77551e-15
40 97 2.13537e-05
41 97 7.46778e-05
42 97 3.37678e-06
43 97 6.12563e-06
44 97 6.33747e-06
45 97 5.17928e-06
46 97 1.10736e-05
47 97 1.58366e-06
48 97 5.27382e-07
49 97 2.19653e-07
50 97 1.05842e-05
51 97 5.09734e-06
52 97 5.92124e-14
53 97 6.25827e-14
54 97 4.09945e-14
55 97 4.82578e-15
56 97 3.43316e-14
57 97 2.1672e-14
58 97 9.77807e-05
59 97 0.000126672
0 98 6.39142e-06
1 98 1.584e-05
2 98 8.55615e-07
3 98 3.2039e-06
4 98 1.34253e-06
5 98 8.91105e-06
6 98 4.42898e-07
7 98 3.91544e-06
8 98 1.15233e-05
9 98 8.27903e-08
10 98 2.75784e-06
11 98 1.92059e-06
12 98 5.63453e-07
13 98 7.29274e-07
14 98 3.52264e-06
15 98 1.73756e-05
16 98 7.75169e-09
17 98 4.63454e-06
18 98 1.85317e-06
19 98 2.01683e-06
20 98 1.31723e-14
21 98 7.88755e-16
22 98 8.75707e-15
23 98 2.55794e-15
24 98 6.32046e-15
25 98 6.77429e-16
26 98 8.76471e-14
27 98 3.0245e-14
28 98 6.53381e-16
29 98 8.27992e-15
30 98 3.43018e-14
31 98 4.57257e-15
32 98 1.87446e-14
33 98 1.14369e-15
34 98 3.85742e-14
35 98 4.55876e-14
36 98 1.24976e-15
37 98 2.56267e-14
38 98 1.11718e-14
39 98 3.99083e-14
40 98 3.12063e-05
41 98 2.47927e-06
42 98 1.95835e-06
43 98 1.67335e-06
44 98 5.62281e-06
45 98 5.70147e-07
46 98 1.557e-06
47 98 1.00498e-07
48 98 2.29139e-05
49 98 1.36786e-06
50 98 1.11638e-05
51 98 7.05511e-06
52 98 7.76655e-14
53 98 1.81134e-14
54 98 5.01625e-16
55 98 3.04501e-14
56 98 3.03003e-14
57 98 6.76499e-15
58 98 3.13656e-05
59 98 9.02547e-06
0 99 1.584e-05
1 99 6.39142e-06
2 99 3.2039e-06
3 99 8.55614e-07
4 99 8.91105e-06
5 99 1.34253e-06
6 99 3.91544e-06
7 99 4.42898e-07
8 99 8.27904e-08
9 99 1.15233e-05
10 99 1.92059e-06
11 99 2.75784e-06
12 99 7.29273e-07
13 99 5.63453e-07
14 99 1.73756e-05
15 99 3.52264e-06
16 99 4.63454e-06
17 99 7.75168e-09
18 99 2.01683e-06
19 99 1.85317e-06
20 99 7.94851e-16
21 99 1.31789e-14
22 99 2.55225e-15
23 99 8.75571e-15
24 99 6.77317e-16
25 99 6.32557e-15
26 99 3.02796e-14
27 99 8.76933e-14
28 99 8.2889e-15
29 99 6.55343e-16
30 99 4.56827e-15
31 99 3.42278e-14
32 99 1.14148e-15
33 99 1.87983e-14
34 99 4.55797e-14
35 99 3.86024e-14
36 99 2.55844e-14
37 99 1.25349e-15
38 99 3.98934e-14
39 99 1.11439e-14
40 99 2.47927e-06
41 99 3.12063e-05
42 99 1.67335e-06
43 99 1.95835e-06
44 99 5.70147e-07
45 99 5.62281e-06
46 99 1.00498e-07
47 99 1.557e-06
48 99 1.36786e-06
49 99 2.29139e-05
50 99 7.05511e-06
51 99 1.11638e-05
52 99 1.8149e-14
53 99 7.76924e-14
54 99 3.04015e-14
55 99 5.01405e-16
56 99 6.79558e-15
57 99 3.03662e-14
58 99 9.02547e-06
59 99 3.13656e-05
0 100 1.75923e-15
1 100 1.11357e-14
2 100 8.14989e-15
3 100 1.36999e-13
4 100 9.93674e-16
5 100 2.14155e-15
6 100 9.33084e-16
7 100 3.71941e-17
8 100 2.67335e-16
9 100 2.64753e-15
10 100 3.12451e-15
11 100 4.17393e-16
12 100 4.22198e-15
13 100 6.47395e-15
14 100 7.38525e-16
15 100 7.70845e-16
16 100 6.46314e-15
17 100 2.94083e-15
18 100 1.74717e-15
19 100 7.4228e-15
20 100 1.05086e-07
21 100 1.87277e-07
22 100 1.55477e-05
23 100 2.06587e-06
24 100 1.83201e-06
25 100 7.39455e-07
26 100 2.01342e-07
27 100 3.30456e-06
28 100 5.05731e-07
29 100 4.37909e-07
30 100 1.28546e-06
31 100 1.75544e-07
32 100 5.97511e-06
33 100 1.26213e-07
34 100 3.64795e-05
35 100 2.83101e-05
36 100 3.61358e-05
37 100 1.43872e-05
38 100 3.71967e-06
39 100 1.27785e-06
40 100 1.46186e-13
41 100 2.65851e-14
42 100 2.75825e-12
43 100 1.56974e-13
44 100 1.39557e-15
45 100 4.70302e-14
46 100 2.60129e-14
47 100 3.60985e-15
48 100 1.34868e-15
49 100 7.97874e-15
50 100 1.26049e-13
51 100 2.01482e-13
52 100 1.98773e-07
53 100 1.79423e-07
54 100 5.90212e-06
55 100 1.02317e-05
56 100 9.53378e-06
57 100 1.36144e-05
58 100 3.14223e-14
59 100 6.02862e-15
0 101 1.12535e-14
1 101 1.7909e-15
2 101 1.37064e-13
3 101 8.15942e-15
4 101 2.17788e-15
5 101 9.99194e-16
6 101 4.26692e-17
7 101 9.27241e-16
8 101 2.68333e-15
9 101 2.67376e-16
10 101 4.51049e-16
11 101 3.13723e-15
12 101 6.50932e-15
13 101 4.23766e-15
14 101 7.79052e-16
15 101 7.1595e-16
16 101 2.92588e-15
17 101 6.47671e-15
18 101 7.44977e-15
19 101 1.72796e-15
20 101 1.87277e-07
21 101 1.05086e-07
22 101 2.06587e-06
23 101 1.55477e-05
24 101 7.39454e-07
25 101 1.83201e-06
26 101 3.30456e-06
27 101 2.01342e-07
28 101 4.37909e-07
29 101 5.05731e-07
30 101 1.75544e-07
31 101 1.28546e-06
32 101 1.26213e-07
33 101 5.97511e-06
34 101 2.83101e-05
35 101 3.64795e-05
36 101 1.43872e-05
37 101 3.61358e-05
38 101 1.27785e-06
39 101 3.71968e-06
40 101 2.66165e-14
41 101 1.46151e-13
42 101 1.56805e-13
43 101 2.7588e-12
44 101 4.70978e-14
45 101 1.40841e-15
46 101 3.66258e-15
47 101 2.60467e-14
48 101 7.99497e-15
49 101 1.34216e-15
50 101 2.01743e-13
51 101 1.2608e-13
52 101 1.79423e-07
53 101 1.98773e-07
54 101 1.02317e-05
55 101 5.90213e-06
56 101 1.36144e-05
57 101 9.53378e-06
58 101 5.93161e-15
59 101 3.15461e-14
0 102 8.7503e-16
1 102 1.38077e-15
2 102 9.49825e-16
3 102 7.05536e-15
4 102 1.90763e-16
5 102 1.6146e-15
6 102 1.72815e-15
7 102 5.11484e-17
8 102 2.30943e-15
9 102 2.42877e-15
10 102 1.40371e-15
11 102 3.64115e-15
12 102 9.57727e-17
13 102 9.18181e-16
14 102 8.74514e-15
15 102 1.924e-17
16 102 4.24126e-15
17 102 2.552e-15
18 102 3.14686e-15
19 102 5.29122e-16
20 102 1.71419e-07
21 102 4.55833e-08
22 102 7.08247e-07
23 102 1.18584e-06
24 102 9.35736e-07
25 102 1.97347e-09
26 102 2.47125e-06
27 102 9.18857e-07
28 102 3.07562e-07
29 102 7.60075e-08
30 102 2.44203e-07
31 102 3.20321e-07
32 102 6.77908e-07
33 102 5.34299e-06
34 102 1.9558e-06
35 102 1.07518e-06
36 102 2.78281e-06
37 102 2.66327e-07
38 102 1.03944e-06
39 102 8.49656e-06
40 102 1.39763e-14
41 102 1.25365e-14
42 102 2.86423e-14
43 102 1.30694e-14
44 102 2.03411e-15
45 102 8.53198e-16
46 102 2.56683e-15
47 102 3.63083e-14
48 102 1.49539e-14
49 102 1.47211e-14
50 102 1.60058e-14
51 102 4.73144e-15
52 102 1.01294e-07
53 102 1.1182e-07
54 102 1.13476e-07
55 102 6.97812e-07
56 102 3.9179e-06
57 102 9.49651e-07
58 102 6.74798e-15
59 102 1.01533e-14
0 103 1.39163e-15
1 103 8.57065e-16
2 103 7.01345e-15
3 103 9.37474e-16
4 103 1.5811e-15
5 103 1.91263e-16
6 103 5.47655e-17
7 103 1.73368e-15
8 103 2.41647e-15
9 103 2.31099e-15
10 103 3.69116e-15
11 103 1.385e-15
12 103 9.32436e-16
13 103 9.58818e-17
14 103 1.7692e-17
15 103 8.65022e-15
16 103 2.58912e-15
17 103 4.21051e-15
18 103 5.2723e-16
19 103 3.15264e-15
20 103 4.55835e-08
21 103 1.71418e-07
22 103 1.18584e-06
23 103 7.08246e-07
24 103 1.97348e-09
25 103 9.35736e-07
26 103 9.18858e-07
27 103 2.47125e-06
28 103 7.60076e-08
29 103 3.07563e-07
30 103 3.20321e-07
31 103 2.44203e-07
32 103 5.34299e-06
33 103 6.77908e-07
34 103 1.07518e-06
35 103 1.95579e-06
36 103 2.66327e-07
37 103 2.78281e-06
38 103 8.49656e-06
39 103 1.03944e-06
40 103 1.24561e-14
41 103 1.40372e-14
42 103 1.29968e-14
43 103 2.84133e-14
44 103 8.61637e-16
45 103 1.99865e-15
46 103 3.61479e-14
47 103 2.55082e-15
48 103 1.46918e-14
49 103 1.49803e-14
50 103 4.72612e-15
51 103 1.59167e-14
52 103 1.11821e-07
53 103 1.01294e-07
54 103 6.97813e-07
55 103 1.13477e-07
56 103 9.49653e-07
57 103 3.9179e-06
58 103 1.00095e-14
59 103 6.87951e-15
0 104 2.0525e-16
1 104 1.7376e-16
2 104 2.7206e-15
3 104 1.95367e-15
4 104 1.41768e-15
5 104 5.50692e-15
6 104 4.45571e-15
7 104 1.52768e-14
8 104 2.06956e-16
9 104 2.15665e-15
10 104 1.35571e-14
11 104 4.51155e-15
12 104 8.2135e-15
13 104 2.55714e-14
14 104 1.27971e-15
15 104 5.49729e-17
16 104 1.19921e-14
17 104 4.99531e-15
18 104 3.58738e-16
19 104 7.128e-18
20 104 9.48454e-07
21 104 3.74858e-08
22 104 2.43273e-07
23 104 1.41739e-06
24 104 5.56791e-07
25 104 2.2941e-05
26 104 6.34969e-07
27 104 3.5814e-07
28 104 6.49596e-08
29 104 2.25388e-07
30 104 1.0193e-06
31 104 2.15728e-07
32 104 6.41749e-07
33 104 1.65881e-06
34 104 7.51976e-07
35 104 2.82127e-05
36 104 1.10458e-06
37 104 9.52091e-08
38 104 3.95906e-07
39 104 1.9404e-08
40 104 2.21244e-15
41 104 1.0282e-15
42 104 5.39844e-16
43 104 2.28697e-14
44 104 3.94097e-14
45 104 8.8698e-15
46 104 6.9161e-15
47 104 7.62852e-16
48 104 2.69527e-15
49 104 9.79421e-15
50 104 1.86264e-13
51 104 9.53485e-15
52 104 5.85457e-08
53 104 4.70453e-07
54 104 6.48276e-07
55 104 4.14126e-07
56 104 6.81615e-06
57 104 6.34516e-05
58 104 2.24964e-15
59 104 1.04667e-14
0 105 1.66911e-16
1 105 2.16588e-16
2 105 1.96474e-15
3 105 2.68798e-15
4 105 5.51536e-15
5 105 1.41621e-15
6 105 1.52272e-14
7 105 4.49288e-15
8 105 2.19787e-15
9 105 2.06024e-16
10 105 4.57814e-15
11 105 1.35709e-14
12 105 2.56759e-14
13 105 8.1966e-15
14 105 5.86249e-17
15 105 1.25775e-15
16 105 4.98788e-15
17 105 1.20249e-14
18 105 5.86904e-18
19 105 3.72078e-16
20 105 3.74858e-08
21 105 9.48454e-07
22 105 1.41739e-06
23 105 2.43274e-07
24 105 2.2941e-05
25 105 5.56791e-07
26 105 3.58141e-07
27 105 6.34969e-07
28 105 2.25389e-07
29 105 6.49597e-08
30 105 2.15728e-07
31 105 1.0193e-06
32 105 1.65881e-06
33 105 6.4175e-07
34 105 2.82127e-05
35 105 7.51976e-07
36 105 9.52091e-08
37 105 1.10457e-06
38 105 1.94041e-08
39 105 3.95906e-07
40 105 1.04048e-15
41 105 2.23083e-15
42 105 2.26837e-14
43 105 5.33333e-16
44 105 8.89507e-15
45 105 3.95599e-14
46 105 7.56676e-16
47 105 6.88214e-15
48 105 9.77584e-15
49 105 2.72838e-15
50 105 9.6004e-15
51 105 1.86119e-13
52 105 4.70452e-07
53 105 5.85457e-08
54 105 4.14126e-07
55 105 6.48275e-07
56 105 6.34516e-05
57 105 6.81614e-06
58 105 1.0458e-14
59 105 2.30246e-15
0 106 4.21225e-15
1 106 2.93255e-15
2 106 1.66825e-15
3 106 5.07595e-16
4 106 1.78625e-15
5 106 3.09161e-16
6 106 3.36905e-16
7 106 1.39734e-15
8 106 5.0616e-15
9 106 6.12554e-16
10 106 1.25723e-15
11 106 2.22715e-15
12 106 1.97789e-16
13 106 2.97183e-15
14 106 3.51727e-15
15 106 1.26779e-15
16 106 7.34996e-15
17 106 1.52263e-14
18 106 7.71456e-15
19 106 1.44874e-15
20 106 3.42919e-07
21 106 1.86862e-07
22 106 9.31258e-07
23 106 1.2127e-05
24 106 5.10368e-06
25 106 6.18993e-06
26 106 4.12735e-06
27 106 1.74738e-06
28 106 2.84049e-07
29 106 1.89541e-07
30 106 2.18711e-06
31 106 7.61792e-07
32 106 3.49545e-06
33 106 1.25671e-05
34 106 2.56487e-06
35 106 1.44722e-06
36 106 1.20794e-06
37 106 1.58702e-06
38 106 8.71309e-08
39 106 1.39302e-05
40 106 2.39753e-14
41 106 3.77994e-14
42 106 1.91082e-15
43 106 3.06805e-14
44 106 4.88541e-15
45 106 2.38205e-15
46 106 2.82374e-14
47 106 1.71076e-14
48 106 1.03646e-14
49 106 5.96087e-15
50 106 4.19058e-14
51 106 1.11168e-14
52 106 1.04709e-07
53 106 2.44985e-07
54 106 4.78087e-06
55 106 9.13153e-07
56 106 4.7463e-05
57 106 2.43832e-05
58 106 3.66642e-15
59 106 9.01706e-14
0 107 2.91113e-15
1 107 4.28544e-15
2 107 4.95269e-16
3 107 1.69481e-15
4 107 2.95195e-16
5 107 1.77759e-15
6 107 1.43749e-15
7 107 3.36259e-16
8 107 5.98694e-16
9 107 5.09704e-15
10 107 2.26615e-15
11 107 1.20306e-15
12 107 3.0345e-15
13 107 1.91936e-16
14 107 1.30177e-15
15 107 3.58525e-15
16 107 1.52061e-14
17 107 7.28489e-15
18 107 1.43367e-15
19 107 7.76172e-15
20 107 1.86862e-07
21 107 3.42919e-07
22 107 1.2127e-05
23 107 9.31258e-07
24 107 6.18994e-06
25 107 5.10369e-06
26 107 1.74738e-06
27 107 4.12735e-06
28 107 1.89541e-07
29 107 2.84049e-07
30 107 7.61791e-07
31 107 2.18711e-06
32 107 1.25671e-05
33 107 3.49545e-06
34 107 1.44722e-06
35 107 2.56487e-06
36 107 1.58702e-06
37 107 1.20794e-06
38 107 1.39302e-05
39 107 8.71308e-08
40 107 3.78072e-14
41 107 2.39844e-14
42 107 3.06125e-14
43 107 1.89692e-15
44 107 2.38023e-15
45 107 4.93887e-15
46 107 1.72274e-14
47 107 2.82334e-14
48 107 5.90802e-15
49 107 1.02049e-14
50 107 1.10518e-14
51 107 4.1829e-14
52 107 2.44984e-07
53 107 1.04709e-07
54 107 9.13152e-07
55 107 4.78088e-06
56 107 2.43832e-05
57 107 4.7463e-05
58 107 9.03011e-14
59 107 3.63231e-15
0 108 2.05635e-15
1 108 6.88199e-15
2 108 3.72399e-15
3 108 4.28238e-14
4 108 3.71496e-16
5 108 3.47186e-14
6 108 1.19693e-14
7 108 2.5061e-15
8 108 4.24564e-15
9 108 1.04557e-14
10 108 7.36145e-16
11 108 1.21983e-15
12 108 3.61081e-14
13 108 2.15059e-15
14 108 5.46315e-15
15 108 7.75517e-16
16 108 1.14147e-14
17 108 2.67697e-15
18 108 1.54464e-15
19 108 4.44336e-15
20 108 1.07704e-07
21 108 1.42805e-06
22 108 5.0212e-06
23 108 6.0399e-06
24 108 8.08757e-06
25 108 1.43782e-05
26 108 1.09557e-06
27 108 1.10868e-06
28 108 2.38207e-06
29 108 4.0103e-06
30 108 2.8507e-07
31 108 2.88848e-06
32 108 7.56501e-09
33 108 2.44482e-07
34 108 1.95127e-06
35 108 1.93537e-06
36 108 3.03741e-07
37 108 1.97672e-07
38 108 7.02186e-07
39 108 2.68102e-06
40 108 6.04055e-16
41 108 7.08276e-16
42 108 4.95697e-13
43 108 3.63741e-13
44 108 8.72473e-15
45 108 2.45708e-14
46 108 2.39134e-14
47 108 2.44909e-15
48 108 2.5029e-15
49 108 2.21669e-15
50 108 6.51641e-14
51 108 7.67069e-14
52 108 7.34302e-07
53 108 3.34696e-06
54 108 1.89436e-05
55 108 4.67206e-06
56 108 1.13734e-05
57 108 7.55961e-06
58 108 1.20999e-13
59 108 2.65312e-14
0 109 6.928e-15
1 109 2.14693e-15
2 109 4.27679e-14
3 109 3.74356e-15
4 109 3.46191e-14
5 109 3.7883e-16
6 109 2.55762e-15
7 109 1.18571e-14
8 109 1.04235e-14
9 109 4.22072e-15
10 109 1.22718e-15
11 109 7.7586e-16
12 109 2.14768e-15
13 109 3.60683e-14
14 109 7.60068e-16
15 109 5.48725e-15
16 109 2.6709e-15
17 109 1.13495e-14
18 109 4.41157e-15
19 109 1.56685e-15
20 109 1.42805e-06
21 109 1.07703e-07
22 109 6.0399e-06
23 109 5.0212e-06
24 109 1.43782e-05
25 109 8.08757e-06
26 109 1.10868e-06
27 109 1.09557e-06
28 109 4.0103e-06
29 109 2.38207e-06
30 109 2.88848e-06
31 109 2.8507e-07
32 109 2.44482e-07
33 109 7.565e-09
34 109 1.93537e-06
35 109 1.95127e-06
36 109 1.97672e-07
37 109 3.03741e-07
38 109 2.68102e-06
39 109 7.02187e-07
40 109 6.82053e-16
41 109 6.16972e-16
42 109 3.63449e-13
43 109 4.95277e-13
44 109 2.44104e-14
45 109 8.74188e-15
46 109 2.48859e-15
47 109 2.39857e-14
48 109 2.22123e-15
49 109 2.49417e-15
50 109 7.67313e-14
51 109 6.53383e-14
52 109 3.34697e-06
53 109 7.34302e-07
54 109 4.67206e-06
55 109 1.89436e-05
56 109 7.55962e-06
57 109 1.13734e-05
58 109 2.69596e-14
59 109 1.20665e-13
0 110 9.90482e-15
1 110 2.7557e-15
2 110 1.51327e-14
3 110 2.28127e-15
4 110 2.02876e-15
5 110 3.28115e-15
6 110 6.77602e-16
7 110 1.70019e-15
8 110 2.87544e-16
9 110 1.45385e-16
10 110 1.8788e-15
11 110 4.16667e-15
12 110 5.09911e-16
13 110 4.13553e-15
14 110 1.29442e-14
15 110 8.97813e-17
16 110 5.2801e-14
17 110 2.02376e-14
18 110 5.45789e-14
19 110 8.48607e-14
20 110 1.14535e-06
21 110 9.74233e-07
22 110 7.79277e-07
23 110 1.78312e-06
24 110 6.23617e-07
25 110 3.33846e-07
26 110 4.36157e-06
27 110 3.89622e-07
28 110 1.83834e-05
29 110 9.01942e-07
30 110 2.82153e-05
31 110 2.73872e-05
32 110 1.95963e-06
33 110 9.77678e-07
34 110 1.1023e-06
35 110 9.82856e-07
36 110 3.83464e-07
37 110 1.21648e-08
38 110 2.49179e-06
39 110 1.94934e-05
40 110 1.82138e-14
41 110 8.08272e-16
42 110 1.83182e-14
43 110 6.5003e-14
44 110 1.369e-16
45 110 7.09208e-15
46 110 1.56224e-13
47 110 4.62794e-14
48 110 8.27994e-15
49 110 5.34831e-15
50 110 6.28994e-15
51 110 1.34916e-14
52 110 3.74201e-06
53 110 1.92088e-06
54 110 5.91428e-06
55 110 5.7276e-07
56 110 5.2571e-06
57 110 8.27278e-06
58 110 2.45506e-15
59 110 2.15272e-15
0 111 2.74275e-15
1 111 9.75982e-15
2 111 2.28822e-15
3 111 1.53602e-14
4 111 3.27099e-15
5 111 2.02537e-15
6 111 1.70984e-15
7 111 6.70267e-16
8 111 1.34335e-16
9 111 2.87311e-16
10 111 4.19539e-15
11 111 1.85896e-15
12 111 4.16201e-15
13 111 5.13692e-16
14 111 9.48094e-17
15 111 1.29049e-14
16 111 2.02687e-14
17 111 5.26937e-14
18 111 8.47754e-14
19 111 5.4497e-14
20 111 9.74233e-07
21 111 1.14535e-06
22 111 1.78312e-06
23 111 7.79278e-07
24 111 3.33845e-07
25 111 6.23617e-07
26 111 3.89622e-07
27 111 4.36157e-06
28 111 9.01941e-07
29 111 1.83834e-05
30 111 2.73872e-05
31 111 2.82153e-05
32 111 9.77679e-07
33 111 1.95963e-06
34 111 9.82856e-07
35 111 1.1023e-06
36 111 1.21648e-08
37 111 3.83464e-07
38 111 1.94934e-05
39 111 2.49179e-06
40 111 8.11643e-16
41 111 1.8295e-14
42 111 6.46938e-14
43 111 1.82555e-14
44 111 7.09931e-15
45 111 1.22272e-16
46 111 4.62127e-14
47 111 1.5606e-13
48 111 5.42051e-15
49 111 8.2756e-15
50 111 1.35059e-14
51 111 6.16662e-15
52 111 1.92088e-06
53 111 3.742e-06
54 111 5.72761e-07
55 111 5.91428e-06
56 111 8.27278e-06
57 111 5.2571e-06
58 111 2.19886e-15
59 111 2.48814e-15
0 112 2.95581e-16
1 112 2.17353e-15
2 112 1.1134e-14
3 112 3.27734e-15
4 112 7.17539e-16
5 112 4.94812e-15
6 112 3.87164e-16
7 112 2.93033e-17
8 112 6.01176e-15
9 112 3.00254e-14
10 112 3.29756e-15
11 112 6.53256e-14
12 112 6.27002e-15
13 112 9.20987e-15
14 112 9.81673e-15
15 112 2.34243e-15
16 112 1.59321e-14
17 112 5.41394e-14
18 112 2.9847e-14
19 112 1.41058e-15
20 112 6.6004e-07
21 112 8.98216e-08
22 112 5.21172e-06
23 112 6.31496e-06
24 112 2.39488e-06
25 112 6.05012e-07
26 112 1.74984e-06
27 112 1.95928e-06
28 112 8.78927e-06
29 112 1.08746e-06
30 112 1.61753e-06
31 112 2.01681e-06
32 112 1.0934e-06
33 112 1.97781e-05
34 112 5.88932e-06
35 112 3.41939e-06
36 112 3.27239e-07
37 112 3.97002e-07
38 112 1.21284e-06
39 112 1.1737e-05
40 112 3.13574e-14
41 112 1.23461e-13
42 112 1.20942e-14
43 112 3.94463e-15
44 112 7.40811e-14
45 112 2.14024e-13
46 112 9.61727e-15
47 112 2.45098e-14
48 112 2.34927e-15
49 112 4.67921e-15
50 112 1.49444e-14
51 112 2.29053e-14
52 112 7.27325e-07
53 112 2.93482e-08
54 112 4.9875e-06
55 112 7.973e-06
56 112 1.00586e-08
57 112 5.03397e-07
58 112 1.49279e-16
59 112 3.74792e-14
0 113 2.15057e-15
1 113 3.01302e-16
2 113 3.26727e-15
3 113 1.12759e-14
4 113 4.9333e-15
5 113 7.22671e-16
6 113 2.8363e-17
7 113 4.14707e-16
8 113 2.97138e-14
9 113 6.04372e-15
10 113 6.53651e-14
11 113 3.35639e-15
12 113 9.2413e-15
13 113 6.26202e-15
14 113 2.29962e-15
15 113 9.74433e-15
16 113 5.40681e-14
17 113 1.60755e-14
18 113 1.44978e-15
19 113 3e-14
20 113 8.98216e-08
21 113 6.6004e-07
22 113 6.31496e-06
23 113 5.21173e-06
24 113 6.05012e-07
25 113 2.39488e-06
26 113 1.95929e-06
27 113 1.74984e-06
28 113 1.08746e-06
29 113 8.78927e-06
30 113 2.01681e-06
31 113 1.61753e-06
32 113 1.97781e-05
33 113 1.0934e-06
34 113 3.41939e-06
35 113 5.88932e-06
36 113 3.97001e-07
37 113 3.27239e-07
38 113 1.1737e-05
39 113 1.21284e-06
40 113 1.23532e-13
41 113 3.13809e-14
42 113 4.01423e-15
43 113 1.19753e-14
44 113 2.13999e-13
45 113 7.38262e-14
46 113 2.44654e-14
47 113 9.68837e-15
48 113 4.65624e-15
49 113 2.31695e-15
50 113 2.3261e-14
51 113 1.47127e-14
52 113 2.93483e-08
53 113 7.27325e-07
54 113 7.973e-06
55 113 4.9875e-06
56 113 5.03398e-07
57 113 1.00587e-08
58 113 3.74696e-14
59 113 2.01404e-16
0 114 4.9183e-15
1 114 6.27411e-16
2 114 8.41852e-16
3 114 2.73806e-15
4 114 3.85807e-15
5 114 6.04481e-17
6 114 9.18263e-15
7 114 5.72806e-15
8 114 4.86312e-16
9 114 4.34677e-15
10 114 4.11612e-16
11 114 7.7912e-16
12 114 5.55693e-16
13 114 4.44898e-15
14 114 8.74391e-15
15 114 1.03333e-14
16 114 1.57803e-15
17 114 6.12718e-15
18 114 8.17201e-15
19 114 1.25262e-14
20 114 4.85337e-06
21 114 5.07375e-06
22 114 7.26456e-06
23 114 2.94341e-08
24 114 1.82834e-07
25 114 2.1486e-07
26 114 2.70105e-06
27 114 6.46135e-06
28 114 2.16352e-06
29 114 2.24503e-06
30 114 8.42804e-06
31 114 8.34968e-07
32 114 2.18159e-06
33 114 5.80869e-07
34 114 1.82432e-06
35 114 3.17388e-06
36 114 9.54926e-07
37 114 3.04904e-06
38 114 5.32127e-06
39 114 2.2619e-06
40 114 4.60749e-14
41 114 3.90574e-15
42 114 6.33638e-14
43 114 3.73391e-14
44 114 8.60204e-14
45 114 1.21908e-14
46 114 8.36926e-14
47 114 2.69418e-14
48 114 1.09352e-15
49 114 7.43864e-15
50 114 9.09849e-14
51 114 1.9627e-14
52 114 1.11398e-05
53 114 7.23605e-06
54 114 6.12742e-06
55 114 1.10307e-05
56 114 6.21272e-06
57 114 1.06505e-05
58 114 3.9732e-14
59 114 7.47546e-15
0 115 6.04852e-16
1 115 4.92249e-15
2 115 2.73243e-15
3 115 8.37567e-16
4 115 5.6258e-17
5 115 3.78174e-15
6 115 5.69083e-15
7 115 8.96606e-15
8 115 4.43372e-15
9 115 4.92811e-16
10 115 7.98037e-16
11 115 4.03602e-16
12 115 4.46444e-15
13 115 5.50477e-16
14 115 1.04089e-14
15 115 8.7216e-15
16 115 6.12083e-15
17 115 1.57472e-15
18 115 1.25173e-14
19 115 8.31278e-15
20 115 5.07375e-06
21 115 4.85336e-06
22 115 2.94342e-08
23 115 7.26456e-06
24 115 2.1486e-07
25 115 1.82834e-07
26 115 6.46135e-06
27 115 2.70105e-06
28 115 2.24503e-06
29 115 2.16352e-06
30 115 8.34967e-07
31 115 8.42804e-06
32 115 5.80869e-07
33 115 2.18159e-06
34 115 3.17388e-06
35 115 1.82432e-06
36 115 3.04904e-06
37 115 9.54926e-07
38 115 2.26191e-06
39 115 5.32127e-06
40 115 3.94907e-15
41 115 4.61222e-14
42 115 3.71638e-14
43 115 6.32304e-14
44 115 1.20942e-14
45 115 8.62717e-14
46 115 2.6742e-14
47 115 8.35562e-14
48 115 7.49125e-15
49 115 1.10405e-15
50 115 1.94702e-14
51 115 9.07823e-14
52 115 7.23605e-06
53 115 1.11398e-05
54 115 1.10307e-05
55 115 6.12742e-06
56 115 1.06505e-05
57 115 6.21273e-06
58 115 7.73872e-15
59 115 4.01968e-14
0 116 1.22204e-15
1 116 3.87019e-16
2 116 4.21879e-15
3 116 1.14281e-15
4 116 1.508e-15
5 116 1.19138e-15
6 116 2.08368e-15
7 116 1.47171e-14
8 116 5.59975e-15
9 116 9.0577e-15
10 116 3.37141e-16
11 116 2.0942e-14
12 116 1.05338e-14
13 116 3.5467e-15
14 116 4.69352e-15
15 116 1.13088e-15
16 116 7.42935e-15
17 116 1.41208e-14
18 116 2.08207e-14
19 116 7.85818e-15
20 116 3.48963e-07
21 116 2.19442e-07
22 116 4.27879e-07
23 116 4.62954e-05
24 116 2.05077e-07
25 116 2.75001e-06
26 116 1.04407e-06
27 116 1.16884e-07
28 116 2.77982e-06
29 116 5.63339e-07
30 116 3.2372e-06
31 116 5.48657e-06
32 116 7.92451e-07
33 116 4.63894e-06
34 116 3.29225e-06
35 116 3.06436e-06
36 116 1.4959e-06
37 116 1.35179e-06
38 116 1.25487e-06
39 116 5.56866e-06
40 116 1.72179e-15
41 116 1.43596e-14
42 116 1.35748e-14
43 116 1.164e-13
44 116 8.90677e-14
45 116 3.627e-13
46 116 1.0461e-13
47 116 9.97712e-15
48 116 3.32756e-14
49 116 1.1255e-14
50 116 9.78131e-14
51 116 1.58533e-13
52 116 2.20737e-06
53 116 1.04237e-06
54 116 0.000120034
55 116 1.83711e-05
56 116 3.59631e-06
57 116 1.64423e-07
58 116 1.08338e-14
59 116 3.53486e-15
0 117 4.00007e-16
1 117 1.17665e-15
2 117 1.14651e-15
3 117 4.16852e-15
4 117 1.21275e-15
5 117 1.44248e-15
6 117 1.46766e-14
7 117 2.05716e-15
8 117 9.0387e-15
9 117 5.68592e-15
10 117 2.07802e-14
11 117 3.22174e-16
12 117 3.63644e-15
13 117 1.06043e-14
14 117 1.14505e-15
15 117 4.73722e-15
16 117 1.42433e-14
17 117 7.32698e-15
18 117 7.8645e-15
19 117 2.08309e-14
20 117 2.19442e-07
21 117 3.48962e-07
22 117 4.62954e-05
23 117 4.27878e-07
24 117 2.75001e-06
25 117 2.05076e-07
26 117 1.16884e-07
27 117 1.04407e-06
28 117 5.6334e-07
29 117 2.77982e-06
30 117 5.48657e-06
31 117 3.2372e-06
32 117 4.63894e-06
33 117 7.92451e-07
34 117 3.06436e-06
35 117 3.29225e-06
36 117 1.35179e-06
37 117 1.4959e-06
38 117 5.56866e-06
39 117 1.25487e-06
40 117 1.42989e-14
41 117 1.77978e-15
42 117 1.16772e-13
43 117 1.35003e-14
44 117 3.63118e-13
45 117 8.8642e-14
46 117 1.00196e-14
47 117 1.04826e-13
48 117 1.13614e-14
49 117 3.34752e-14
50 117 1.5899e-13
51 117 9.82977e-14
52 117 1.04237e-06
53 117 2.20737e-06
54 117 1.83711e-05
55 117 0.000120034
56 117 1.64422e-07
57 117 3.59631e-06
58 117 3.55995e-15
59 117 1.12952e-14
0 118 1.45698e-15
1 118 2.53616e-17
2 118 2.69932e-16
3 118 4.18243e-16
4 118 2.56287e-15
5 118 2.44399e-15
6 118 1.45629e-15
7 118 1.13206e-15
8 118 3.74705e-16
9 118 1.84663e-15
10 118 3.28415e-15
11 118 5.25626e-16
12 118 2.852e-16
13 118 2.25344e-16
14 118 2.16057e-15
15 118 6.45395e-15
16 118 7.67724e-15
17 118 3.58474e-14
18 118 6.51021e-15
19 118 2.80816e-15
20 118 4.34292e-06
21 118 9.41988e-06
22 118 6.75233e-07
23 118 1.88704e-07
24 118 1.33888e-07
25 118 5.23756e-08
26 118 5.15812e-06
27 118 1.29983e-05
28 118 3.52051e-08
29 118 8.49216e-07
30 118 1.69124e-06
31 118 5.24926e-06
32 118 1.12367e-06
33 118 7.35481e-08
34 118 4.61005e-07
35 118 5.4643e-08
36 118 3.77853e-08
37 118 1.93554e-07
38 118 1.63355e-06
39 118 2.8994e-07
40 118 7.89004e-15
41 118 1.687e-15
42 118 1.24759e-14
43 118 3.99832e-15
44 118 8.48061e-15
45 118 1.23476e-15
46 118 6.34878e-14
47 118 1.08223e-13
48 118 7.24301e-14
49 118 1.26806e-14
50 118 1.39643e-14
51 118 9.91927e-15
52 118 1.42484e-05
53 118 3.835e-06
54 118 4.33455e-06
55 118 2.75817e-06
56 118 1.28048e-08
57 118 2.01759e-07
58 118 2.05451e-15
59 118 3.10191e-15
0 119 2.17026e-17
1 119 1.4551e-15
2 119 4.35259e-16
3 119 2.95549e-16
4 119 2.45844e-15
5 119 2.47214e-15
6 119 1.14712e-15
7 119 1.43984e-15
8 119 1.86799e-15
9 119 3.89446e-16
10 119 5.69581e-16
11 119 3.27465e-15
12 119 1.91498e-16
13 119 2.66267e-16
14 119 6.44401e-15
15 119 2.19016e-15
16 119 3.57893e-14
17 119 7.6603e-15
18 119 2.74065e-15
19 119 6.53302e-15
20 119 9.41988e-06
21 119 4.34292e-06
22 119 1.88703e-07
23 119 6.75234e-07
24 119 5.23761e-08
25 119 1.33887e-07
26 119 1.29983e-05
27 119 5.15812e-06
28 119 8.49215e-07
29 119 3.52053e-08
30 119 5.24926e-06
31 119 1.69124e-06
32 119 7.35485e-08
33 119 1.12367e-06
34 119 5.4643e-08
35 119 4.61004e-07
36 119 1.93554e-07
37 119 3.77852e-08
38 119 2.89942e-07
39 119 1.63355e-06
40 119 1.79504e-15
41 119 7.86882e-15
42 119 4.01173e-15
43 119 1.24195e-14
44 119 1.26784e-15
45 119 8.63494e-15
46 119 1.08301e-13
47 119 6.28984e-14
48 119 1.25507e-14
49 119 7.25413e-14
50 119 9.6014e-15
51 119 1.40426e-14
52 119 3.835e-06
53 119 1.42484e-05
54 119 2.75817e-06
55 119 4.33455e-06
56 119 2.01761e-07
57 119 1.28049e-08
58 119 2.87399e-15
59 119 2.23659e-15
