0 72 3.28207e-07
1 72 4.34299e-07
2 72 1.38475e-13
3 72 6.98553e-14
4 72 1.6329e-16
5 72 2.68627e-16
6 72 1.93364e-13
7 72 5.61485e-15
8 72 3.25201e-07
9 72 9.58033e-07
10 72 3.47641e-09
11 72 8.19258e-08
12 72 7.50147e-07
13 72 5.43633e-07
14 72 3.716e-07
15 72 5.12488e-08
16 72 2.04596e-07
17 72 5.43035e-07
18 72 1.56986e-11
19 72 3.66465e-13
20 72 8.34179e-05
21 72 2.03475e-05
22 72 5.68398e-06
23 72 1.40974e-05
24 72 4.22162e-08
25 72 3.11614e-08
26 72 1.30288e-11
27 72 1.55799e-12
28 72 1.87693e-07
29 72 2.55004e-08
30 72 4.55497e-07
31 72 3.61122e-07
32 72 2.76341e-13
33 72 7.18189e-13
34 72 1.31714e-12
35 72 4.30144e-14
36 72 9.78782e-15
37 72 3.5676e-15
38 72 5.36318e-12
39 72 4.93482e-12
40 72 8.49333e-15
41 72 1.54328e-14
42 72 3.93058e-12
43 72 8.42903e-12
44 72 1.48096e-14
45 72 1.44402e-12
46 72 6.35803e-12
47 72 2.48144e-11
48 72 4.84918e-15
49 72 2.21489e-14
50 72 2.73178e-12
51 72 3.19063e-12
52 72 0.000117171
53 72 9.47418e-05
54 72 7.29462e-07
55 72 1.49676e-05
56 72 0.00435012
57 72 0.00133406
58 72 3.40656e-06
59 72 2.5007e-06
60 72 1.87215e-05
61 72 1.28688e-05
62 72 7.51827e-11
63 72 1.12707e-10
64 72 7.07448e-12
65 72 3.72804e-11
66 72 1.52193e-11
67 72 1.02736e-10
68 72 2.54476e-13
69 72 6.5565e-14
70 72 0.34605
71 72 0.113767
0 73 4.26132e-07
1 73 3.3474e-07
2 73 7.22562e-14
3 73 1.28878e-13
4 73 6.69121e-16
5 73 5.14383e-17
6 73 5.0734e-15
7 73 1.88401e-13
8 73 9.53344e-07
9 73 3.16362e-07
10 73 8.20142e-08
11 73 5.00782e-09
12 73 5.4791e-07
13 73 7.51741e-07
14 73 5.19228e-08
15 73 3.70165e-07
16 73 5.53403e-07
17 73 2.01316e-07
18 73 3.87081e-13
19 73 1.59058e-11
20 73 1.967e-05
21 73 8.28759e-05
22 73 1.40007e-05
23 73 5.73756e-06
24 73 3.26241e-08
25 73 4.8807e-08
26 73 1.67566e-12
27 73 1.22818e-11
28 73 2.58947e-08
29 73 1.85881e-07
30 73 3.57644e-07
31 73 4.65886e-07
32 73 6.96284e-13
33 73 2.79333e-13
34 73 4.01552e-14
35 73 1.30183e-12
36 73 3.37124e-15
37 73 9.32811e-15
38 73 4.89465e-12
39 73 5.38105e-12
40 73 1.28167e-14
41 73 1.01286e-14
42 73 8.41123e-12
43 73 3.88811e-12
44 73 1.44353e-12
45 73 9.71295e-15
46 73 2.46544e-11
47 73 6.39434e-12
48 73 2.13049e-14
49 73 5.1244e-15
50 73 3.19332e-12
51 73 2.70984e-12
52 73 9.56082e-05
53 73 0.00011796
54 73 1.42727e-05
55 73 9.04471e-07
56 73 0.00133397
57 73 0.00429016
58 73 2.69169e-06
59 73 3.34866e-06
60 73 1.2861e-05
61 73 1.87949e-05
62 73 1.14066e-10
63 73 7.68862e-11
64 73 3.7646e-11
65 73 6.71809e-12
66 73 1.01309e-10
67 73 1.53114e-11
68 73 7.40552e-14
69 73 2.45652e-13
70 73 0.112786
71 73 0.34218
0 74 1.74077e-15
1 74 2.75626e-15
2 74 9.51824e-07
3 74 2.12718e-07
4 74 1.11519e-06
5 74 3.46264e-06
6 74 5.79093e-08
7 74 3.85436e-08
8 74 1.40099e-14
9 74 8.78757e-15
10 74 8.43167e-14
11 74 8.69514e-14
12 74 2.78069e-15
13 74 6.15818e-15
14 74 9.94256e-14
15 74 2.90176e-14
16 74 9.54564e-16
17 74 6.8242e-16
18 74 6.45356e-14
19 74 5.63189e-14
20 74 1.89403e-12
21 74 4.59793e-13
22 74 4.61542e-12
23 74 8.96234e-12
24 74 2.75373e-15
25 74 6.69658e-15
26 74 2.67773e-12
27 74 9.20172e-13
28 74 3.08195e-10
29 74 2.41071e-10
30 74 2.6226e-14
31 74 8.58127e-14
32 74 1.49847e-05
33 74 1.11302e-05
34 74 4.03172e-05
35 74 2.165e-05
36 74 4.8418e-05
37 74 7.40576e-05
38 74 2.92414e-05
39 74 3.30119e-05
40 74 5.88594e-05
41 74 6.09331e-05
42 74 1.07974e-08
43 74 1.25477e-08
44 74 4.02179e-07
45 74 1.71779e-06
46 74 4.32542e-05
47 74 6.52523e-05
48 74 4.53566e-07
49 74 1.38091e-05
50 74 5.00274e-12
51 74 6.79173e-12
52 74 3.96933e-12
53 74 8.69019e-12
54 74 2.05593e-14
55 74 1.23576e-14
56 74 5.16496e-12
57 74 2.61912e-13
58 74 4.72623e-12
59 74 5.30675e-12
60 74 1.19438e-13
61 74 3.03096e-14
62 74 1.16408e-13
63 74 4.23354e-12
64 74 3.37433e-05
65 74 8.34405e-05
66 74 0.00110774
67 74 0.00126681
68 74 0.00489699
69 74 0.00124805
70 74 4.35231e-12
71 74 6.8561e-12
0 75 2.63607e-15
1 75 1.98218e-15
2 75 2.20367e-07
3 75 9.32459e-07
4 75 3.45564e-06
5 75 1.15526e-06
6 75 3.7353e-08
7 75 5.84409e-08
8 75 8.65034e-15
9 75 1.3049e-14
10 75 8.03223e-14
11 75 8.42766e-14
12 75 5.43876e-15
13 75 3.11168e-15
14 75 2.90692e-14
15 75 1.00891e-13
16 75 1.86869e-16
17 75 7.87877e-16
18 75 5.87458e-14
19 75 6.21662e-14
20 75 4.46205e-13
21 75 1.85723e-12
22 75 8.78736e-12
23 75 4.57515e-12
24 75 5.83442e-15
25 75 2.61763e-15
26 75 8.93713e-13
27 75 2.6306e-12
28 75 2.37712e-10
29 75 3.03347e-10
30 75 8.55257e-14
31 75 2.55865e-14
32 75 1.09303e-05
33 75 1.49941e-05
34 75 2.12723e-05
35 75 3.94074e-05
36 75 7.54655e-05
37 75 4.8986e-05
38 75 3.44193e-05
39 75 2.91168e-05
40 75 6.0826e-05
41 75 5.83663e-05
42 75 1.25852e-08
43 75 1.14036e-08
44 75 1.68979e-06
45 75 4.14851e-07
46 75 6.60837e-05
47 75 4.34052e-05
48 75 1.3264e-05
49 75 4.67631e-07
50 75 6.8331e-12
51 75 4.93069e-12
52 75 8.54858e-12
53 75 3.87499e-12
54 75 1.1769e-14
55 75 1.93661e-14
56 75 2.44117e-13
57 75 5.06077e-12
58 75 5.19203e-12
59 75 4.66877e-12
60 75 3.15718e-14
61 75 1.21338e-13
62 75 4.11804e-12
63 75 1.25312e-13
64 75 8.26351e-05
65 75 3.36829e-05
66 75 0.00123064
67 75 0.00109537
68 75 0.00128423
69 75 0.00494103
70 75 6.59048e-12
71 75 4.24648e-12
0 76 2.58964e-14
1 76 1.37095e-15
2 76 1.83872e-07
3 76 7.46425e-07
4 76 2.34021e-06
5 76 1.07656e-07
6 76 4.49371e-08
7 76 1.21998e-06
8 76 4.88118e-14
9 76 5.05026e-14
10 76 5.14822e-13
11 76 3.27856e-13
12 76 5.28376e-15
13 76 3.82387e-15
14 76 3.4414e-13
15 76 1.30663e-13
16 76 4.91561e-15
17 76 1.13964e-15
18 76 2.14288e-13
19 76 6.64778e-13
20 76 2.39107e-12
21 76 3.64574e-12
22 76 1.61778e-11
23 76 2.16937e-11
24 76 3.2259e-15
25 76 1.29979e-15
26 76 5.47649e-12
27 76 4.12516e-12
28 76 6.25879e-10
29 76 5.25509e-10
30 76 1.74725e-13
31 76 2.07251e-14
32 76 1.14215e-05
33 76 5.60664e-05
34 76 3.68379e-05
35 76 6.66526e-05
36 76 3.39491e-05
37 76 2.72027e-05
38 76 1.87778e-05
39 76 0.000135782
40 76 2.25247e-06
41 76 1.5603e-06
42 76 2.21938e-05
43 76 1.44721e-06
44 76 4.46405e-06
45 76 7.30067e-05
46 76 2.31999e-06
47 76 4.24994e-06
48 76 9.15725e-06
49 76 1.22268e-05
50 76 2.65999e-06
51 76 7.66875e-07
52 76 2.45577e-11
53 76 3.68625e-12
54 76 3.43384e-15
55 76 2.93385e-15
56 76 4.54325e-12
57 76 8.48414e-12
58 76 4.86746e-12
59 76 1.9641e-11
60 76 1.2162e-13
61 76 6.88435e-15
62 76 4.73844e-12
63 76 1.15821e-11
64 76 0.00143723
65 76 0.00130693
66 76 0.000773817
67 76 0.00196051
68 76 0.000676338
69 76 0.00177237
70 76 1.54857e-11
71 76 5.13245e-12
0 77 2.67098e-15
1 77 2.24734e-14
2 77 7.43337e-07
3 77 1.67432e-07
4 77 1.14471e-07
5 77 2.34233e-06
6 77 1.21546e-06
7 77 4.06082e-08
8 77 5.01229e-14
9 77 5.70216e-14
10 77 3.29893e-13
11 77 5.16547e-13
12 77 3.39836e-15
13 77 5.69088e-15
14 77 1.28425e-13
15 77 3.52981e-13
16 77 1.09891e-15
17 77 3.55234e-15
18 77 6.70787e-13
19 77 2.06024e-13
20 77 3.67137e-12
21 77 2.34321e-12
22 77 2.14689e-11
23 77 1.60446e-11
24 77 1.88717e-15
25 77 3.12409e-15
26 77 4.12229e-12
27 77 5.41197e-12
28 77 5.22391e-10
29 77 6.16361e-10
30 77 2.18917e-14
31 77 1.75908e-13
32 77 5.56818e-05
33 77 1.13268e-05
34 77 6.59791e-05
35 77 3.60951e-05
36 77 2.80798e-05
37 77 3.45253e-05
38 77 0.000135331
39 77 1.85454e-05
40 77 1.55019e-06
41 77 2.45336e-06
42 77 1.44999e-06
43 77 2.21616e-05
44 77 7.21509e-05
45 77 4.76957e-06
46 77 4.38844e-06
47 77 2.37102e-06
48 77 1.20155e-05
49 77 9.15151e-06
50 77 7.58611e-07
51 77 2.66382e-06
52 77 3.57049e-12
53 77 2.43034e-11
54 77 3.50258e-15
55 77 2.7071e-15
56 77 8.37922e-12
57 77 4.41641e-12
58 77 1.93774e-11
59 77 4.80285e-12
60 77 6.19079e-15
61 77 1.19364e-13
62 77 1.1302e-11
63 77 4.77088e-12
64 77 0.00129437
65 77 0.00143037
66 77 0.0019174
67 77 0.000768643
68 77 0.00178957
69 77 0.000698958
70 77 5.27064e-12
71 77 1.49712e-11
0 78 9.32398e-16
1 78 2.00764e-15
2 78 2.3679e-06
3 78 1.10643e-07
4 78 1.75061e-07
5 78 8.39832e-07
6 78 1.4916e-06
7 78 1.05403e-06
8 78 1.75831e-14
9 78 4.42869e-15
10 78 8.30383e-14
11 78 9.98793e-14
12 78 1.00203e-14
13 78 1.01068e-15
14 78 1.195e-14
15 78 8.11157e-14
16 78 1.88969e-15
17 78 3.8299e-16
18 78 5.16064e-14
19 78 3.55635e-14
20 78 1.52164e-13
21 78 2.16056e-13
22 78 6.98757e-13
23 78 1.91013e-12
24 78 7.18487e-16
25 78 2.59184e-15
26 78 2.84658e-15
27 78 8.28778e-13
28 78 3.22026e-10
29 78 2.84781e-11
30 78 8.61938e-14
31 78 4.91051e-14
32 78 6.30717e-05
33 78 7.20593e-05
34 78 5.52094e-05
35 78 5.52854e-06
36 78 1.24818e-05
37 78 7.65581e-06
38 78 1.70367e-06
39 78 1.63183e-06
40 78 7.96888e-05
41 78 6.4572e-05
42 78 5.5056e-06
43 78 6.97271e-06
44 78 2.95546e-05
45 78 0.000126594
46 78 1.88131e-07
47 78 1.36595e-07
48 78 1.34076e-06
49 78 1.32333e-05
50 78 1.19128e-06
51 78 4.58604e-07
52 78 3.3218e-14
53 78 1.01495e-13
54 78 4.79741e-14
55 78 7.61755e-15
56 78 2.98702e-14
57 78 4.82606e-15
58 78 1.09645e-15
59 78 2.58135e-14
60 78 6.90929e-14
61 78 5.47186e-14
62 78 3.47372e-14
63 78 1.89187e-13
64 78 0.0023052
65 78 0.00320774
66 78 0.00070376
67 78 0.00209436
68 78 0.000121384
69 78 0.000119778
70 78 3.25153e-13
71 78 3.58065e-13
0 79 1.41329e-15
1 79 3.99053e-16
2 79 1.14532e-07
3 79 2.38101e-06
4 79 8.26364e-07
5 79 1.7057e-07
6 79 1.08918e-06
7 79 1.4936e-06
8 79 2.53792e-15
9 79 1.8383e-14
10 79 9.50614e-14
11 79 8.06856e-14
12 79 6.01721e-16
13 79 9.03126e-15
14 79 7.9697e-14
15 79 1.14603e-14
16 79 1.35824e-16
17 79 2.63238e-15
18 79 3.61307e-14
19 79 4.8317e-14
20 79 2.18884e-13
21 79 1.53912e-13
22 79 1.94095e-12
23 79 7.193e-13
24 79 2.80837e-15
25 79 5.58257e-16
26 79 8.45915e-13
27 79 4.26461e-15
28 79 3.00927e-11
29 79 3.2637e-10
30 79 4.6737e-14
31 79 8.91593e-14
32 79 7.36031e-05
33 79 6.35042e-05
34 79 5.81601e-06
35 79 5.54406e-05
36 79 7.80068e-06
37 79 1.29915e-05
38 79 1.77499e-06
39 79 1.64026e-06
40 79 6.50225e-05
41 79 7.93192e-05
42 79 6.88915e-06
43 79 5.21325e-06
44 79 0.000129462
45 79 2.8968e-05
46 79 1.32423e-07
47 79 1.78784e-07
48 79 1.34026e-05
49 79 1.36732e-06
50 79 4.54841e-07
51 79 1.14664e-06
52 79 1.02455e-13
53 79 3.11643e-14
54 79 6.23302e-15
55 79 5.01051e-14
56 79 2.8342e-15
57 79 3.19874e-14
58 79 2.41351e-14
59 79 1.79538e-15
60 79 5.258e-14
61 79 7.51797e-14
62 79 1.96197e-13
63 79 3.14779e-14
64 79 0.00326403
65 79 0.00232953
66 79 0.00212306
67 79 0.000704727
68 79 0.000121339
69 79 0.000120722
70 79 3.48566e-13
71 79 3.12645e-13
0 80 6.78719e-09
1 80 7.90485e-09
2 80 4.93925e-12
3 80 5.9882e-13
4 80 2.32071e-15
5 80 8.75615e-16
6 80 6.01422e-12
7 80 4.79076e-12
8 80 2.22716e-08
9 80 3.90567e-07
10 80 2.45048e-07
11 80 1.5056e-07
12 80 4.4601e-06
13 80 4.04011e-08
14 80 3.91264e-06
15 80 2.46873e-07
16 80 1.41257e-06
17 80 5.80955e-07
18 80 2.09712e-05
19 80 2.78194e-05
20 80 1.00261e-07
21 80 7.04783e-09
22 80 2.39932e-09
23 80 2.02901e-08
24 80 2.06158e-10
25 80 5.99052e-11
26 80 1.0005e-05
27 80 1.81154e-06
28 80 9.44752e-07
29 80 8.63834e-07
30 80 7.52225e-07
31 80 1.62219e-06
32 80 1.11324e-11
33 80 1.57558e-12
34 80 6.9326e-12
35 80 6.42387e-13
36 80 1.55809e-15
37 80 2.62543e-15
38 80 1.00418e-12
39 80 7.88129e-13
40 80 3.454e-16
41 80 2.26803e-16
42 80 5.65887e-13
43 80 1.4281e-12
44 80 2.76022e-14
45 80 2.26369e-13
46 80 1.07727e-12
47 80 2.45409e-12
48 80 7.46422e-16
49 80 1.74731e-16
50 80 2.23541e-13
51 80 5.66871e-14
52 80 1.6746e-08
53 80 4.52431e-07
54 80 3.4094e-09
55 80 3.58237e-08
56 80 8.53688e-07
57 80 2.494e-08
58 80 1.00701e-05
59 80 3.19464e-06
60 80 2.341e-05
61 80 6.70612e-05
62 80 4.03367e-06
63 80 0.000556942
64 80 6.95417e-13
65 80 9.48625e-13
66 80 7.79487e-13
67 80 2.44649e-12
68 80 5.17617e-15
69 80 5.36734e-15
70 80 3.48665e-06
71 80 1.31393e-05
0 81 7.99824e-09
1 81 6.58417e-09
2 81 5.74283e-13
3 81 4.68233e-12
4 81 1.65083e-17
5 81 2.97547e-16
6 81 4.6444e-12
7 81 5.92393e-12
8 81 3.95475e-07
9 81 2.61078e-08
10 81 1.42131e-07
11 81 2.20781e-07
12 81 4.93224e-08
13 81 4.37984e-06
14 81 2.21422e-07
15 81 3.88759e-06
16 81 5.62962e-07
17 81 1.35498e-06
18 81 2.75251e-05
19 81 2.06595e-05
20 81 8.39347e-09
21 81 1.0133e-07
22 81 2.05595e-08
23 81 2.44184e-09
24 81 5.2597e-11
25 81 1.75629e-10
26 81 1.81081e-06
27 81 9.85812e-06
28 81 8.64215e-07
29 81 9.82647e-07
30 81 1.60661e-06
31 81 7.49115e-07
32 81 1.64305e-12
33 81 1.14066e-11
34 81 7.18834e-13
35 81 6.98293e-12
36 81 2.288e-15
37 81 2.17435e-15
38 81 7.79831e-13
39 81 1.00063e-12
40 81 4.05751e-16
41 81 3.64203e-16
42 81 1.39925e-12
43 81 5.48181e-13
44 81 2.15487e-13
45 81 2.54118e-14
46 81 2.40215e-12
47 81 1.05224e-12
48 81 3.14187e-16
49 81 4.45117e-16
50 81 5.66731e-14
51 81 2.12587e-13
52 81 4.42391e-07
53 81 1.73531e-08
54 81 3.64208e-08
55 81 2.44597e-09
56 81 2.54175e-08
57 81 8.72393e-07
58 81 3.42591e-06
59 81 9.5603e-06
60 81 6.69726e-05
61 81 2.26531e-05
62 81 0.000549749
63 81 4.2481e-06
64 81 9.40859e-13
65 81 6.58695e-13
66 81 2.41563e-12
67 81 7.71095e-13
68 81 6.50312e-15
69 81 5.2518e-15
70 81 1.36539e-05
71 81 3.33133e-06
0 82 1.80499e-08
1 82 4.16337e-08
2 82 2.3726e-13
3 82 1.86326e-12
4 82 3.71907e-16
5 82 2.2656e-15
6 82 1.5931e-13
7 82 1.26659e-12
8 82 1.69003e-06
9 82 8.85811e-07
10 82 1.92661e-06
11 82 6.78062e-07
12 82 6.19841e-06
13 82 2.37977e-05
14 82 4.07561e-06
15 82 2.57517e-06
16 82 1.24277e-05
17 82 1.6492e-06
18 82 2.73967e-06
19 82 3.66199e-06
20 82 2.16124e-07
21 82 4.66054e-07
22 82 1.43801e-07
23 82 4.47398e-09
24 82 3.76841e-10
25 82 1.47384e-10
26 82 9.65227e-07
27 82 5.93417e-07
28 82 7.9833e-08
29 82 4.68654e-06
30 82 7.89569e-06
31 82 1.23749e-05
32 82 2.18874e-11
33 82 3.88936e-12
34 82 5.34099e-12
35 82 6.39894e-12
36 82 1.56894e-15
37 82 7.09925e-15
38 82 6.0547e-15
39 82 1.64946e-13
40 82 2.15142e-16
41 82 9.84623e-16
42 82 2.28308e-13
43 82 2.40149e-14
44 82 1.54961e-14
45 82 1.19107e-14
46 82 4.15369e-15
47 82 1.91308e-13
48 82 4.88862e-18
49 82 2.07698e-16
50 82 1.70077e-15
51 82 1.03571e-14
52 82 1.94852e-06
53 82 1.27208e-06
54 82 1.36232e-07
55 82 1.14878e-07
56 82 4.22603e-07
57 82 5.12871e-06
58 82 6.47486e-05
59 82 4.7029e-05
60 82 0.000160883
61 82 0.000468105
62 82 5.13099e-05
63 82 2.24352e-05
64 82 4.27659e-14
65 82 1.53113e-13
66 82 2.68302e-13
67 82 4.96863e-13
68 82 2.39723e-15
69 82 7.70513e-15
70 82 5.55597e-05
71 82 5.01084e-05
0 83 4.20323e-08
1 83 1.83943e-08
2 83 1.87229e-12
3 83 2.34415e-13
4 83 1.2674e-15
5 83 7.23249e-16
6 83 1.24979e-12
7 83 1.66487e-13
8 83 8.72314e-07
9 83 1.68222e-06
10 83 7.18759e-07
11 83 1.98041e-06
12 83 2.37277e-05
13 83 6.25846e-06
14 83 2.52953e-06
15 83 4.01333e-06
16 83 1.67394e-06
17 83 1.24867e-05
18 83 3.49799e-06
19 83 2.86447e-06
20 83 4.63208e-07
21 83 2.13045e-07
22 83 4.33569e-09
23 83 1.4332e-07
24 83 1.53704e-10
25 83 3.8192e-10
26 83 5.76707e-07
27 83 9.73171e-07
28 83 4.66847e-06
29 83 7.59124e-08
30 83 1.25806e-05
31 83 7.87035e-06
32 83 4.00438e-12
33 83 2.1684e-11
34 83 6.4387e-12
35 83 5.22716e-12
36 83 7.21387e-15
37 83 1.90092e-15
38 83 1.63494e-13
39 83 5.78173e-15
40 83 9.75292e-16
41 83 1.36026e-16
42 83 2.59375e-14
43 83 2.28766e-13
44 83 1.1903e-14
45 83 1.65361e-14
46 83 1.9918e-13
47 83 4.2031e-15
48 83 4.18011e-16
49 83 3.07072e-17
50 83 1.04191e-14
51 83 1.68148e-15
52 83 1.2816e-06
53 83 1.9496e-06
54 83 1.19618e-07
55 83 1.31038e-07
56 83 5.09794e-06
57 83 4.07271e-07
58 83 4.59509e-05
59 83 6.72001e-05
60 83 0.000469169
61 83 0.000161599
62 83 2.28078e-05
63 83 5.04966e-05
64 83 1.62848e-13
65 83 4.0001e-14
66 83 5.16365e-13
67 83 2.55242e-13
68 83 6.7839e-15
69 83 3.28504e-15
70 83 4.91455e-05
71 83 5.56509e-05
0 84 3.86155e-08
1 84 1.57637e-07
2 84 4.50038e-12
3 84 2.58434e-12
4 84 2.74171e-16
5 84 5.75823e-16
6 84 7.62848e-12
7 84 7.52854e-12
8 84 4.18361e-11
9 84 4.08163e-11
10 84 1.98091e-05
11 84 3.19498e-05
12 84 3.72316e-06
13 84 3.29409e-07
14 84 1.31632e-06
15 84 3.93339e-07
16 84 6.12552e-07
17 84 4.80553e-07
18 84 5.55544e-07
19 84 3.48889e-07
20 84 4.0541e-12
21 84 4.58257e-11
22 84 5.64226e-10
23 84 9.16468e-11
24 84 9.5577e-09
25 84 2.04918e-08
26 84 2.18783e-05
27 84 8.65603e-07
28 84 1.64542e-06
29 84 2.80141e-06
30 84 7.59607e-07
31 84 4.4131e-07
32 84 7.52014e-12
33 84 5.22064e-12
34 84 7.59444e-13
35 84 2.32926e-12
36 84 7.34901e-15
37 84 2.89854e-15
38 84 7.98446e-14
39 84 1.66951e-12
40 84 1.88782e-18
41 84 7.23197e-16
42 84 1.81039e-12
43 84 2.71109e-13
44 84 5.00045e-14
45 84 1.80068e-13
46 84 2.2439e-13
47 84 3.88149e-12
48 84 7.82615e-16
49 84 1.24284e-15
50 84 4.35353e-13
51 84 3.22563e-13
52 84 3.76926e-06
53 84 7.42106e-07
54 84 3.34577e-05
55 84 2.90618e-05
56 84 3.69022e-11
57 84 2.44056e-10
58 84 0.000312526
59 84 0.000172612
60 84 2.51797e-05
61 84 5.72295e-05
62 84 1.28217e-05
63 84 6.05184e-05
64 84 4.7892e-14
65 84 1.0926e-12
66 84 1.99779e-13
67 84 1.79718e-12
68 84 1.64491e-16
69 84 1.01474e-14
70 84 2.62469e-12
71 84 7.2397e-13
0 85 1.66053e-07
1 85 3.15019e-08
2 85 2.5154e-12
3 85 4.38397e-12
4 85 8.03193e-16
5 85 3.50024e-16
6 85 7.36956e-12
7 85 7.50501e-12
8 85 4.00166e-11
9 85 4.10643e-11
10 85 3.1631e-05
11 85 1.95682e-05
12 85 3.60455e-07
13 85 3.89357e-06
14 85 3.94941e-07
15 85 1.3178e-06
16 85 4.66731e-07
17 85 6.0375e-07
18 85 3.58868e-07
19 85 5.56809e-07
20 85 4.1233e-11
21 85 3.31697e-12
22 85 6.52236e-11
23 85 5.35422e-10
24 85 2.04346e-08
25 85 9.46622e-09
26 85 8.05291e-07
27 85 2.2233e-05
28 85 2.79498e-06
29 85 1.63495e-06
30 85 4.55037e-07
31 85 7.26221e-07
32 85 5.25497e-12
33 85 7.44573e-12
34 85 2.34716e-12
35 85 7.39662e-13
36 85 3.1301e-15
37 85 8.19254e-15
38 85 1.66931e-12
39 85 8.09062e-14
40 85 6.92687e-16
41 85 7.12664e-18
42 85 2.77481e-13
43 85 1.81497e-12
44 85 1.80526e-13
45 85 5.03661e-14
46 85 3.84799e-12
47 85 2.40151e-13
48 85 1.47278e-15
49 85 7.39278e-16
50 85 3.19646e-13
51 85 4.2488e-13
52 85 7.17792e-07
53 85 3.91259e-06
54 85 2.91857e-05
55 85 3.27845e-05
56 85 2.51516e-10
57 85 3.30582e-11
58 85 0.000169337
59 85 0.000312421
60 85 5.55594e-05
61 85 2.65777e-05
62 85 6.17169e-05
63 85 1.25681e-05
64 85 1.06333e-12
65 85 4.74983e-14
66 85 1.76276e-12
67 85 2.05125e-13
68 85 8.55507e-15
69 85 2.288e-16
70 85 5.47064e-13
71 85 2.59052e-12
0 86 1.5187e-07
1 86 9.13936e-08
2 86 2.77108e-12
3 86 2.27555e-11
4 86 6.02136e-16
5 86 6.42701e-16
6 86 5.45092e-13
7 86 2.73199e-12
8 86 4.07342e-06
9 86 5.52788e-07
10 86 2.83784e-09
11 86 6.3464e-10
12 86 1.16115e-08
13 86 3.81619e-08
14 86 2.52078e-09
15 86 2.845e-08
16 86 3.74503e-08
17 86 1.72441e-08
18 86 3.91657e-12
19 86 1.02276e-12
20 86 8.06514e-06
21 86 9.46456e-05
22 86 1.25428e-05
23 86 2.20568e-06
24 86 9.5511e-09
25 86 2.13421e-08
26 86 1.48024e-12
27 86 2.22792e-13
28 86 1.54737e-09
29 86 1.27971e-08
30 86 3.17118e-08
31 86 2.34491e-08
32 86 9.2444e-14
33 86 1.93517e-13
34 86 9.11193e-15
35 86 6.59461e-13
36 86 5.41297e-16
37 86 1.37268e-15
38 86 6.94398e-13
39 86 1.67756e-12
40 86 3.05644e-15
41 86 3.31951e-15
42 86 2.45681e-12
43 86 4.18715e-13
44 86 2.75491e-13
45 86 2.87217e-14
46 86 3.67121e-12
47 86 2.3382e-12
48 86 1.15301e-15
49 86 1.23255e-16
50 86 4.8309e-13
51 86 4.24282e-13
52 86 1.32921e-05
53 86 7.46737e-06
54 86 1.58256e-06
55 86 7.51417e-08
56 86 0.000147319
57 86 0.00132067
58 86 2.72277e-07
59 86 6.02759e-07
60 86 2.38184e-06
61 86 2.35094e-06
62 86 9.26403e-12
63 86 2.17731e-11
64 86 1.74975e-12
65 86 8.44242e-13
66 86 4.02058e-12
67 86 1.64731e-12
68 86 7.90401e-16
69 86 1.41187e-14
70 86 0.00070199
71 86 0.000889595
0 87 9.06403e-08
1 87 1.5352e-07
2 87 2.30468e-11
3 87 2.5992e-12
4 87 1.53071e-16
5 87 1.9085e-16
6 87 2.75787e-12
7 87 5.66001e-13
8 87 5.82528e-07
9 87 4.08765e-06
10 87 5.34824e-10
11 87 2.80943e-09
12 87 3.81329e-08
13 87 1.14876e-08
14 87 2.86408e-08
15 87 2.55978e-09
16 87 1.74375e-08
17 87 3.66354e-08
18 87 9.83601e-13
19 87 4.06508e-12
20 87 9.51062e-05
21 87 8.64642e-06
22 87 2.16411e-06
23 87 1.26434e-05
24 87 1.88366e-08
25 87 9.00426e-09
26 87 2.30334e-13
27 87 1.48718e-12
28 87 1.28561e-08
29 87 1.45677e-09
30 87 2.28411e-08
31 87 3.20139e-08
32 87 1.87377e-13
33 87 9.54635e-14
34 87 6.77348e-13
35 87 8.73752e-15
36 87 1.50686e-15
37 87 7.56609e-16
38 87 1.69603e-12
39 87 7.14884e-13
40 87 2.95341e-15
41 87 3.02671e-15
42 87 4.36366e-13
43 87 2.4767e-12
44 87 3.2893e-14
45 87 2.76625e-13
46 87 2.33198e-12
47 87 3.729e-12
48 87 1.91525e-16
49 87 9.35761e-16
50 87 4.49829e-13
51 87 4.71265e-13
52 87 7.36633e-06
53 87 1.31897e-05
54 87 6.79657e-08
55 87 1.67366e-06
56 87 0.00133542
57 87 0.000146493
58 87 6.17905e-07
59 87 2.50732e-07
60 87 2.33498e-06
61 87 2.37809e-06
62 87 2.1988e-11
63 87 9.55362e-12
64 87 8.68543e-13
65 87 1.74166e-12
66 87 1.67219e-12
67 87 4.06297e-12
68 87 1.56758e-14
69 87 6.80243e-16
70 87 0.000902198
71 87 0.000704494
0 88 6.64626e-06
1 88 1.77972e-06
2 88 1.38079e-12
3 88 4.22871e-13
4 88 1.57767e-16
5 88 1.27051e-15
6 88 1.33415e-12
7 88 9.28935e-13
8 88 2.87103e-06
9 88 7.97966e-09
10 88 2.83529e-07
11 88 1.53353e-07
12 88 1.57024e-07
13 88 1.28618e-06
14 88 2.32051e-07
15 88 1.75172e-06
16 88 5.96876e-07
17 88 1.15492e-06
18 88 7.66333e-08
19 88 2.06471e-08
20 88 1.19772e-06
21 88 1.56496e-05
22 88 2.50585e-05
23 88 1.02046e-05
24 88 8.97504e-09
25 88 1.45723e-06
26 88 2.57652e-08
27 88 2.00882e-07
28 88 3.72359e-08
29 88 2.72267e-07
30 88 4.71844e-08
31 88 1.1861e-08
32 88 4.15028e-12
33 88 1.64378e-12
34 88 1.79029e-12
35 88 9.8428e-12
36 88 5.47421e-15
37 88 6.94199e-15
38 88 8.97942e-13
39 88 9.56253e-12
40 88 1.71901e-15
41 88 1.89721e-14
42 88 1.08945e-11
43 88 5.05555e-13
44 88 7.38167e-13
45 88 7.09659e-13
46 88 5.46683e-12
47 88 1.60981e-11
48 88 6.40686e-15
49 88 3.1742e-15
50 88 2.56144e-12
51 88 8.70972e-13
52 88 0.000718236
53 88 7.52372e-05
54 88 4.89469e-05
55 88 6.6782e-05
56 88 7.05729e-07
57 88 3.4037e-06
58 88 5.22929e-06
59 88 7.03271e-06
60 88 6.57042e-06
61 88 2.28417e-08
62 88 2.77085e-08
63 88 2.16735e-09
64 88 1.07233e-12
65 88 1.55323e-12
66 88 2.28552e-12
67 88 3.49386e-12
68 88 2.00603e-14
69 88 2.31672e-15
70 88 6.77273e-05
71 88 2.88535e-05
0 89 1.89669e-06
1 89 6.68466e-06
2 89 3.95685e-13
3 89 1.34527e-12
4 89 9.29251e-16
5 89 9.47216e-17
6 89 9.21327e-13
7 89 1.34583e-12
8 89 1.09433e-08
9 89 2.87463e-06
10 89 1.5152e-07
11 89 2.78148e-07
12 89 1.28691e-06
13 89 1.53207e-07
14 89 1.75908e-06
15 89 2.30871e-07
16 89 1.14518e-06
17 89 6.09148e-07
18 89 2.08277e-08
19 89 7.78437e-08
20 89 1.5659e-05
21 89 1.21765e-06
22 89 1.00087e-05
23 89 2.51254e-05
24 89 1.46383e-06
25 89 7.63628e-09
26 89 2.06025e-07
27 89 2.38696e-08
28 89 2.72105e-07
29 89 3.75717e-08
30 89 1.23578e-08
31 89 4.75023e-08
32 89 1.62522e-12
33 89 4.06682e-12
34 89 9.77846e-12
35 89 1.72247e-12
36 89 6.34199e-15
37 89 5.41941e-15
38 89 9.52268e-12
39 89 8.91668e-13
40 89 1.88532e-14
41 89 2.18391e-15
42 89 4.69775e-13
43 89 1.08444e-11
44 89 6.87495e-13
45 89 7.28281e-13
46 89 1.59225e-11
47 89 5.51705e-12
48 89 3.16635e-15
49 89 6.00166e-15
50 89 8.82338e-13
51 89 2.52601e-12
52 89 7.41958e-05
53 89 0.000714515
54 89 6.59445e-05
55 89 4.84725e-05
56 89 3.38685e-06
57 89 7.29531e-07
58 89 6.98999e-06
59 89 5.22642e-06
60 89 2.51534e-08
61 89 6.37155e-06
62 89 2.31536e-09
63 89 2.80192e-08
64 89 1.52476e-12
65 89 1.03968e-12
66 89 3.44819e-12
67 89 2.29634e-12
68 89 2.95002e-15
69 89 2.07891e-14
70 89 2.87571e-05
71 89 6.80541e-05
0 90 3.59425e-06
1 90 2.44199e-06
2 90 3.62945e-12
3 90 3.65994e-12
4 90 8.39717e-16
5 90 3.58182e-16
6 90 1.77943e-12
7 90 1.22907e-13
8 90 4.11804e-07
9 90 1.47696e-07
10 90 1.93187e-07
11 90 1.41827e-07
12 90 1.27061e-07
13 90 4.10459e-07
14 90 1.22993e-07
15 90 9.58508e-08
16 90 1.62492e-07
17 90 1.23542e-06
18 90 4.8139e-07
19 90 3.01424e-08
20 90 1.58324e-06
21 90 1.76888e-06
22 90 4.94407e-06
23 90 2.05437e-06
24 90 3.60918e-07
25 90 7.01165e-07
26 90 6.24903e-07
27 90 5.54259e-07
28 90 3.96399e-09
29 90 9.75043e-07
30 90 1.73885e-07
31 90 1.97289e-07
32 90 7.46826e-12
33 90 1.36869e-12
34 90 2.76834e-12
35 90 3.84124e-12
36 90 5.46117e-15
37 90 8.12974e-15
38 90 7.26517e-14
39 90 7.80741e-13
40 90 3.08389e-16
41 90 9.89753e-16
42 90 8.64467e-13
43 90 1.94753e-13
44 90 8.09272e-14
45 90 1.53053e-13
46 90 2.94065e-14
47 90 2.34818e-12
48 90 1.72293e-15
49 90 1.96684e-16
50 90 1.93952e-13
51 90 1.8261e-13
52 90 0.000154651
53 90 2.81127e-06
54 90 7.7692e-06
55 90 0.000440026
56 90 2.56661e-07
57 90 5.49076e-07
58 90 3.29929e-05
59 90 1.01811e-05
60 90 3.64276e-06
61 90 8.09383e-06
62 90 9.97089e-08
63 90 6.49193e-08
64 90 1.01629e-14
65 90 1.16219e-13
66 90 4.19266e-15
67 90 1.31932e-13
68 90 2.68662e-15
69 90 3.0949e-14
70 90 1.86313e-05
71 90 1.78926e-07
0 91 2.4891e-06
1 91 3.4417e-06
2 91 3.66182e-12
3 91 3.57322e-12
4 91 1.59894e-17
5 91 8.16206e-16
6 91 1.17206e-13
7 91 1.77025e-12
8 91 1.43274e-07
9 91 4.12324e-07
10 91 1.40083e-07
11 91 1.89293e-07
12 91 4.05709e-07
13 91 1.27337e-07
14 91 8.92012e-08
15 91 1.19917e-07
16 91 1.26339e-06
17 91 1.60853e-07
18 91 3.1174e-08
19 91 4.84415e-07
20 91 1.77082e-06
21 91 1.56858e-06
22 91 2.08654e-06
23 91 4.92169e-06
24 91 7.00473e-07
25 91 3.16445e-07
26 91 5.61848e-07
27 91 6.26739e-07
28 91 9.7726e-07
29 91 4.4792e-09
30 91 1.90558e-07
31 91 1.76477e-07
32 91 1.34251e-12
33 91 7.44414e-12
34 91 3.82509e-12
35 91 2.77665e-12
36 91 7.65429e-15
37 91 5.18898e-15
38 91 7.80652e-13
39 91 7.41176e-14
40 91 6.47691e-16
41 91 2.57324e-16
42 91 1.99391e-13
43 91 8.6432e-13
44 91 1.52613e-13
45 91 8.14342e-14
46 91 2.35001e-12
47 91 2.92703e-14
48 91 3.11322e-16
49 91 1.74365e-15
50 91 1.78545e-13
51 91 1.92327e-13
52 91 2.78455e-06
53 91 0.000154306
54 91 0.000431989
55 91 9.0904e-06
56 91 5.55007e-07
57 91 2.45034e-07
58 91 1.00252e-05
59 91 3.26899e-05
60 91 8.25192e-06
61 91 3.53191e-06
62 91 6.46938e-08
63 91 1.01226e-07
64 91 1.09104e-13
65 91 1.00729e-14
66 91 1.28986e-13
67 91 3.94947e-15
68 91 2.84189e-14
69 91 1.95461e-15
70 91 1.42454e-07
71 91 1.85385e-05
0 92 4.6944e-15
1 92 6.88519e-16
2 92 1.17618e-07
3 92 1.33886e-07
4 92 2.87412e-08
5 92 3.99179e-08
6 92 6.30023e-14
7 92 2.48614e-13
8 92 3.08502e-15
9 92 1.62393e-14
10 92 7.86639e-14
11 92 8.84002e-14
12 92 4.70555e-18
13 92 1.47761e-16
14 92 7.59505e-14
15 92 8.94475e-15
16 92 1.71874e-15
17 92 7.48117e-16
18 92 1.87503e-14
19 92 9.28423e-14
20 92 3.83766e-14
21 92 5.48491e-15
22 92 5.56189e-14
23 92 2.46378e-13
24 92 2.26425e-17
25 92 1.73903e-15
26 92 4.62424e-14
27 92 9.8283e-15
28 92 1.98091e-13
29 92 1.31483e-12
30 92 1.18154e-15
31 92 7.08587e-16
32 92 1.51292e-11
33 92 2.19143e-12
34 92 4.90357e-07
35 92 1.9593e-07
36 92 1.77153e-08
37 92 3.31349e-07
38 92 1.72929e-07
39 92 5.758e-07
40 92 3.51604e-08
41 92 3.14014e-07
42 92 2.39004e-06
43 92 1.51309e-06
44 92 5.32309e-12
45 92 1.06137e-11
46 92 8.35471e-08
47 92 5.75631e-07
48 92 4.06808e-06
49 92 1.19411e-06
50 92 9.66248e-05
51 92 1.78251e-05
52 92 3.76434e-13
53 92 1.33669e-13
54 92 2.32697e-16
55 92 1.54036e-16
56 92 1.28073e-13
57 92 6.89906e-14
58 92 1.34764e-13
59 92 1.47059e-13
60 92 4.14347e-15
61 92 7.79745e-15
62 92 2.95844e-14
63 92 1.70833e-13
64 92 3.83127e-12
65 92 3.84068e-11
66 92 2.53882e-06
67 92 1.43296e-05
68 92 1.62074e-06
69 92 4.5196e-06
70 92 2.46699e-15
71 92 1.25895e-14
0 93 1.2988e-15
1 93 9.67333e-16
2 93 1.34084e-07
3 93 1.19036e-07
4 93 4.06213e-08
5 93 2.72517e-08
6 93 2.54029e-13
7 93 7.55804e-14
8 93 1.76488e-14
9 93 2.58745e-15
10 93 9.23309e-14
11 93 8.64787e-14
12 93 2.28165e-16
13 93 2.70119e-16
14 93 7.47777e-15
15 93 6.96656e-14
16 93 4.51253e-16
17 93 7.99502e-16
18 93 9.21797e-14
19 93 1.94209e-14
20 93 6.1536e-15
21 93 4.00915e-14
22 93 2.51808e-13
23 93 5.7913e-14
24 93 1.07325e-15
25 93 2.09057e-16
26 93 9.18401e-15
27 93 4.96831e-14
28 93 1.33648e-12
29 93 1.90325e-13
30 93 8.70294e-16
31 93 1.0221e-15
32 93 2.118e-12
33 93 1.50824e-11
34 93 1.96769e-07
35 93 4.91668e-07
36 93 3.32482e-07
37 93 1.71272e-08
38 93 5.70917e-07
39 93 1.7775e-07
40 93 3.16357e-07
41 93 3.55339e-08
42 93 1.47711e-06
43 93 2.40549e-06
44 93 1.04593e-11
45 93 5.35483e-12
46 93 5.7172e-07
47 93 9.68086e-08
48 93 1.19681e-06
49 93 4.07145e-06
50 93 1.68773e-05
51 93 9.69761e-05
52 93 1.29761e-13
53 93 3.70579e-13
54 93 1.41237e-16
55 93 1.63361e-16
56 93 6.89711e-14
57 93 1.28327e-13
58 93 1.42417e-13
59 93 1.36435e-13
60 93 7.85806e-15
61 93 2.22903e-15
62 93 1.74211e-13
63 93 2.87246e-14
64 93 3.86689e-11
65 93 3.3548e-12
66 93 1.42942e-05
67 93 2.53207e-06
68 93 4.5714e-06
69 93 1.67158e-06
70 93 1.56336e-14
71 93 1.58259e-15
0 94 6.20844e-17
1 94 1.54191e-16
2 94 4.1933e-07
3 94 1.44674e-07
4 94 7.91023e-08
5 94 6.68943e-07
6 94 6.39642e-06
7 94 4.75171e-07
8 94 1.98407e-13
9 94 3.07844e-13
10 94 1.21161e-13
11 94 2.96609e-12
12 94 9.96196e-16
13 94 3.4104e-16
14 94 1.24647e-12
15 94 2.91069e-13
16 94 3.6725e-16
17 94 1.60987e-15
18 94 1.09697e-12
19 94 5.57227e-13
20 94 2.5318e-13
21 94 5.89258e-15
22 94 5.16252e-13
23 94 1.40172e-12
24 94 1.22345e-16
25 94 7.11989e-16
26 94 1.42813e-13
27 94 1.14554e-13
28 94 6.89912e-13
29 94 2.3256e-12
30 94 1.00771e-15
31 94 1.91345e-15
32 94 7.44033e-07
33 94 1.6559e-07
34 94 6.19009e-07
35 94 3.13337e-08
36 94 2.3149e-07
37 94 1.27012e-07
38 94 2.50683e-06
39 94 1.39367e-06
40 94 1.14259e-06
41 94 5.70185e-07
42 94 2.87692e-07
43 94 3.01072e-06
44 94 5.65308e-05
45 94 3.98173e-05
46 94 1.04886e-05
47 94 1.51515e-05
48 94 1.32858e-05
49 94 2.88481e-05
50 94 1.34537e-06
51 94 1.74888e-06
52 94 4.23878e-13
53 94 7.52321e-13
54 94 2.15621e-15
55 94 7.69775e-17
56 94 3.85554e-13
57 94 3.68559e-14
58 94 4.56913e-13
59 94 1.78992e-13
60 94 3.93287e-16
61 94 4.41239e-16
62 94 5.77056e-14
63 94 3.34543e-13
64 94 4.78975e-06
65 94 1.13506e-05
66 94 1.03753e-05
67 94 2.34097e-05
68 94 1.88613e-05
69 94 8.74641e-06
70 94 4.23734e-15
71 94 2.91622e-15
0 95 8.29272e-16
1 95 1.2593e-15
2 95 1.38551e-07
3 95 4.25045e-07
4 95 6.65634e-07
5 95 8.04528e-08
6 95 5.01668e-07
7 95 6.35713e-06
8 95 2.85597e-13
9 95 1.87583e-13
10 95 2.94353e-12
11 95 1.17686e-13
12 95 7.6136e-16
13 95 4.93879e-16
14 95 2.78312e-13
15 95 1.2813e-12
16 95 8.40774e-16
17 95 2.73538e-16
18 95 5.54165e-13
19 95 1.0845e-12
20 95 5.44583e-15
21 95 2.57651e-13
22 95 1.37543e-12
23 95 5.10198e-13
24 95 9.78722e-16
25 95 1.40753e-16
26 95 1.18845e-13
27 95 1.37239e-13
28 95 2.37391e-12
29 95 6.73743e-13
30 95 1.87454e-15
31 95 1.2184e-15
32 95 1.63163e-07
33 95 7.44593e-07
34 95 2.90432e-08
35 95 6.16515e-07
36 95 1.28753e-07
37 95 2.34356e-07
38 95 1.40378e-06
39 95 2.49533e-06
40 95 5.40533e-07
41 95 1.17367e-06
42 95 3.00004e-06
43 95 2.94606e-07
44 95 4.04152e-05
45 95 5.57555e-05
46 95 1.48786e-05
47 95 1.04991e-05
48 95 2.92421e-05
49 95 1.30225e-05
50 95 1.73638e-06
51 95 1.35478e-06
52 95 7.42358e-13
53 95 4.19941e-13
54 95 6.87305e-17
55 95 1.80769e-15
56 95 3.18799e-14
57 95 3.73399e-13
58 95 1.85341e-13
59 95 4.42089e-13
60 95 2.03658e-16
61 95 4.53136e-16
62 95 3.30025e-13
63 95 5.99458e-14
64 95 1.14612e-05
65 95 4.64864e-06
66 95 2.33333e-05
67 95 1.06344e-05
68 95 8.62861e-06
69 95 1.87796e-05
70 95 4.82506e-15
71 95 5.38566e-15
0 96 1.77038e-15
1 96 1.88974e-15
2 96 6.86751e-07
3 96 1.90704e-07
4 96 5.80978e-08
5 96 4.98775e-07
6 96 2.69195e-06
7 96 4.29509e-07
8 96 1.78717e-13
9 96 2.5685e-14
10 96 3.29052e-13
11 96 9.14734e-13
12 96 1.50393e-15
13 96 8.14167e-17
14 96 1.77611e-13
15 96 4.72483e-13
16 96 2.52909e-15
17 96 5.87331e-17
18 96 5.64177e-13
19 96 3.82581e-14
20 96 3.7542e-14
21 96 6.05819e-15
22 96 4.38718e-15
23 96 1.68735e-13
24 96 1.86665e-15
25 96 2.36857e-16
26 96 3.00167e-14
27 96 1.04435e-14
28 96 2.06089e-12
29 96 5.68291e-12
30 96 6.28536e-17
31 96 5.48838e-15
32 96 2.47094e-07
33 96 1.70859e-07
34 96 1.07241e-06
35 96 3.21536e-07
36 96 6.53939e-08
37 96 6.1499e-07
38 96 9.59637e-07
39 96 6.18897e-06
40 96 4.38417e-07
41 96 3.6572e-06
42 96 4.08426e-06
43 96 2.46034e-06
44 96 3.9433e-05
45 96 4.34131e-06
46 96 2.08415e-05
47 96 1.84355e-05
48 96 2.16756e-05
49 96 1.83205e-05
50 96 5.47798e-06
51 96 6.9014e-07
52 96 8.59033e-15
53 96 1.07951e-13
54 96 9.93867e-16
55 96 7.20032e-15
56 96 4.39735e-14
57 96 1.40849e-15
58 96 1.45499e-14
59 96 3.39628e-14
60 96 3.12855e-16
61 96 2.51422e-16
62 96 2.69002e-15
63 96 3.20263e-14
64 96 5.43005e-06
65 96 1.92434e-06
66 96 1.08843e-06
67 96 3.53937e-06
68 96 1.78237e-05
69 96 2.04546e-05
70 96 7.53375e-15
71 96 3.20593e-15
0 97 7.85625e-16
1 97 4.75576e-16
2 97 1.95722e-07
3 97 6.77713e-07
4 97 5.00014e-07
5 97 5.72502e-08
6 97 4.55496e-07
7 97 2.69725e-06
8 97 2.17566e-14
9 97 1.83377e-13
10 97 9.15303e-13
11 97 3.40645e-13
12 97 4.31793e-17
13 97 1.0932e-15
14 97 4.70077e-13
15 97 1.4523e-13
16 97 5.25619e-18
17 97 1.14376e-15
18 97 2.92798e-14
19 97 5.82283e-13
20 97 6.69835e-15
21 97 3.41606e-14
22 97 1.67848e-13
23 97 5.20825e-15
24 97 4.07879e-16
25 97 1.03436e-15
26 97 8.09599e-15
27 97 3.06432e-14
28 97 5.68256e-12
29 97 2.13312e-12
30 97 3.94388e-15
31 97 1.6382e-16
32 97 1.77049e-07
33 97 2.4509e-07
34 97 3.24359e-07
35 97 1.07584e-06
36 97 6.14009e-07
37 97 7.00195e-08
38 97 6.22177e-06
39 97 9.37591e-07
40 97 3.69188e-06
41 97 4.45517e-07
42 97 2.47279e-06
43 97 4.01271e-06
44 97 4.56248e-06
45 97 3.96529e-05
46 97 1.8439e-05
47 97 2.03207e-05
48 97 1.79902e-05
49 97 2.23647e-05
50 97 6.99898e-07
51 97 5.41344e-06
52 97 9.57796e-14
53 97 8.41035e-15
54 97 8.44018e-15
55 97 1.15584e-15
56 97 2.32986e-15
57 97 4.15617e-14
58 97 2.84413e-14
59 97 1.3847e-14
60 97 1.18169e-16
61 97 3.11482e-16
62 97 3.21306e-14
63 97 2.38442e-15
64 97 1.87299e-06
65 97 5.55499e-06
66 97 3.5684e-06
67 97 9.16718e-07
68 97 2.04233e-05
69 97 1.77723e-05
70 97 3.82211e-15
71 97 8.55832e-15
0 98 3.56215e-16
1 98 3.57126e-15
2 98 9.95926e-07
3 98 2.94837e-06
4 98 1.50474e-07
5 98 9.07052e-07
6 98 1.10604e-11
7 98 4.21861e-12
8 98 4.27187e-13
9 98 3.09455e-14
10 98 8.08968e-13
11 98 2.72636e-12
12 98 2.01981e-15
13 98 2.2122e-16
14 98 5.04209e-13
15 98 1.37505e-12
16 98 1.47462e-15
17 98 2.87273e-15
18 98 2.14112e-12
19 98 2.06609e-14
20 98 3.24087e-13
21 98 4.1125e-13
22 98 3.90075e-12
23 98 8.03233e-13
24 98 9.94175e-17
25 98 2.87813e-16
26 98 4.14792e-13
27 98 2.15138e-13
28 98 5.33219e-13
29 98 1.13411e-12
30 98 6.02845e-16
31 98 3.24905e-15
32 98 5.51448e-11
33 98 4.49341e-11
34 98 4.28539e-08
35 98 5.55571e-08
36 98 3.01955e-09
37 98 4.79691e-08
38 98 7.08609e-06
39 98 7.50019e-06
40 98 2.12644e-06
41 98 5.01547e-06
42 98 1.36755e-05
43 98 1.34753e-05
44 98 4.06111e-12
45 98 9.93882e-13
46 98 3.2978e-06
47 98 4.31792e-06
48 98 5.97058e-05
49 98 3.09603e-06
50 98 1.84416e-07
51 98 1.5852e-07
52 98 1.16643e-12
53 98 8.78379e-13
54 98 6.96344e-16
55 98 1.7897e-16
56 98 1.65725e-13
57 98 5.57541e-13
58 98 1.01793e-12
59 98 1.33251e-13
60 98 1.85866e-15
61 98 5.92512e-16
62 98 4.58982e-13
63 98 5.57874e-14
64 98 7.00777e-11
65 98 1.88869e-10
66 98 7.27314e-06
67 98 7.4778e-06
68 98 1.88814e-06
69 98 3.42096e-06
70 98 8.66443e-15
71 98 4.06454e-15
0 99 1.38068e-15
1 99 6.98585e-17
2 99 2.94869e-06
3 99 1.01506e-06
4 99 9.34707e-07
5 99 1.43926e-07
6 99 4.19203e-12
7 99 1.12434e-11
8 99 3.45355e-14
9 99 4.42617e-13
10 99 2.74136e-12
11 99 8.30228e-13
12 99 8.6627e-17
13 99 1.66641e-15
14 99 1.35907e-12
15 99 4.99688e-13
16 99 3.834e-15
17 99 1.6159e-15
18 99 1.89483e-14
19 99 2.14522e-12
20 99 4.25718e-13
21 99 3.24367e-13
22 99 8.29865e-13
23 99 3.94628e-12
24 99 8.82011e-17
25 99 1.11304e-17
26 99 2.13283e-13
27 99 4.08285e-13
28 99 1.14417e-12
29 99 5.50316e-13
30 99 3.95173e-15
31 99 3.26407e-16
32 99 4.28511e-11
33 99 5.56831e-11
34 99 5.56701e-08
35 99 4.29084e-08
36 99 4.8579e-08
37 99 3.4203e-09
38 99 7.50808e-06
39 99 7.29085e-06
40 99 5.01445e-06
41 99 2.08515e-06
42 99 1.30719e-05
43 99 1.3631e-05
44 99 9.88828e-13
45 99 4.49318e-12
46 99 4.42088e-06
47 99 3.60502e-06
48 99 3.17253e-06
49 99 5.97898e-05
50 99 1.53851e-07
51 99 1.83618e-07
52 99 9.03093e-13
53 99 1.16629e-12
54 99 7.22216e-17
55 99 3.37733e-16
56 99 5.75183e-13
57 99 1.62796e-13
58 99 1.35753e-13
59 99 1.0339e-12
60 99 4.38413e-16
61 99 1.53627e-15
62 99 5.29506e-14
63 99 4.72518e-13
64 99 1.87336e-10
65 99 6.67446e-11
66 99 7.44644e-06
67 99 7.26586e-06
68 99 3.52235e-06
69 99 1.98781e-06
70 99 6.611e-15
71 99 7.26484e-15
0 100 1.5376e-16
1 100 5.20296e-16
2 100 7.77945e-07
3 100 1.23482e-06
4 100 1.19799e-06
5 100 6.83498e-06
6 100 7.47191e-09
7 100 4.18042e-09
8 100 4.39646e-14
9 100 1.1162e-14
10 100 2.90147e-14
11 100 3.68548e-13
12 100 7.63106e-16
13 100 2.44781e-16
14 100 1.11138e-13
15 100 8.32482e-14
16 100 1.00954e-15
17 100 3.33038e-15
18 100 2.24172e-13
19 100 1.42631e-14
20 100 7.58024e-15
21 100 3.98014e-15
22 100 3.96247e-14
23 100 2.7802e-14
24 100 5.33243e-16
25 100 2.61861e-16
26 100 5.26321e-15
27 100 7.19402e-16
28 100 4.67354e-13
29 100 6.82037e-13
30 100 4.11807e-16
31 100 1.31928e-15
32 100 1.68385e-07
33 100 2.45001e-08
34 100 1.62911e-06
35 100 3.65642e-07
36 100 4.32539e-07
37 100 3.55973e-06
38 100 1.59162e-05
39 100 3.83571e-05
40 100 1.82047e-05
41 100 8.52772e-05
42 100 1.18746e-08
43 100 8.73275e-09
44 100 1.08803e-06
45 100 1.68659e-06
46 100 1.39968e-06
47 100 2.5529e-05
48 100 9.51107e-07
49 100 2.57243e-06
50 100 4.36698e-12
51 100 2.98117e-12
52 100 1.47058e-13
53 100 1.8367e-13
54 100 1.17322e-16
55 100 4.55065e-15
56 100 1.48924e-13
57 100 3.40475e-14
58 100 1.58047e-13
59 100 1.34106e-13
60 100 1.64103e-16
61 100 1.11771e-16
62 100 4.8275e-15
63 100 1.59278e-13
64 100 4.59741e-08
65 100 3.71475e-06
66 100 2.15958e-06
67 100 1.54668e-05
68 100 1.64231e-05
69 100 2.92467e-05
70 100 3.82272e-14
71 100 5.63385e-15
0 101 6.28508e-17
1 101 7.78725e-16
2 101 1.26808e-06
3 101 7.6392e-07
4 101 6.79925e-06
5 101 1.2446e-06
6 101 4.04001e-09
7 101 7.54462e-09
8 101 1.04267e-14
9 101 4.42982e-14
10 101 3.6742e-13
11 101 3.45555e-14
12 101 2.93897e-18
13 101 2.02684e-16
14 101 8.61286e-14
15 101 1.05727e-13
16 101 4.08547e-15
17 101 4.86444e-16
18 101 1.42609e-14
19 101 2.3149e-13
20 101 2.85318e-15
21 101 5.63344e-15
22 101 2.6098e-14
23 101 3.5646e-14
24 101 3.12089e-16
25 101 6.66033e-16
26 101 4.51063e-16
27 101 5.25982e-15
28 101 6.74548e-13
29 101 4.62621e-13
30 101 5.41937e-16
31 101 4.17344e-16
32 101 2.31383e-08
33 101 1.68477e-07
34 101 3.68055e-07
35 101 1.61436e-06
36 101 3.58846e-06
37 101 4.34025e-07
38 101 3.92502e-05
39 101 1.54829e-05
40 101 8.54515e-05
41 101 1.80433e-05
42 101 8.65959e-09
43 101 1.2127e-08
44 101 1.65147e-06
45 101 1.10661e-06
46 101 2.57145e-05
47 101 1.41594e-06
48 101 2.44855e-06
49 101 9.65228e-07
50 101 3.00616e-12
51 101 4.40009e-12
52 101 1.74941e-13
53 101 1.46901e-13
54 101 4.62312e-15
55 101 1.36045e-16
56 101 3.63887e-14
57 101 1.41047e-13
58 101 1.24708e-13
59 101 1.6149e-13
60 101 1.28826e-16
61 101 2.24088e-16
62 101 1.60297e-13
63 101 4.16996e-15
64 101 3.69202e-06
65 101 4.67232e-08
66 101 1.51921e-05
67 101 2.06176e-06
68 101 2.9499e-05
69 101 1.6733e-05
70 101 4.28365e-15
71 101 3.38409e-14
0 102 5.11668e-16
1 102 5.22907e-16
2 102 6.36909e-08
3 102 2.68023e-06
4 102 1.81469e-06
5 102 2.0783e-06
6 102 3.83713e-08
7 102 5.74759e-08
8 102 4.30095e-13
9 102 2.56696e-14
10 102 1.90522e-12
11 102 1.57732e-12
12 102 1.00986e-15
13 102 1.09236e-15
14 102 4.98385e-13
15 102 1.39444e-12
16 102 5.38874e-16
17 102 8.29316e-17
18 102 1.70533e-12
19 102 5.18072e-13
20 102 2.36498e-13
21 102 1.08075e-12
22 102 8.0731e-12
23 102 9.5504e-14
24 102 5.67918e-17
25 102 3.75143e-16
26 102 1.06735e-12
27 102 1.63274e-13
28 102 2.2383e-13
29 102 6.61689e-11
30 102 1.9094e-15
31 102 3.51206e-15
32 102 5.70395e-06
33 102 2.19577e-06
34 102 4.96975e-09
35 102 1.50743e-08
36 102 2.94035e-09
37 102 1.22833e-08
38 102 8.50971e-07
39 102 2.01553e-06
40 102 7.02301e-06
41 102 4.33916e-05
42 102 7.80104e-06
43 102 3.95422e-07
44 102 2.1415e-05
45 102 1.21518e-05
46 102 2.22745e-06
47 102 1.56368e-05
48 102 9.27536e-07
49 102 4.11857e-07
50 102 6.24881e-08
51 102 2.88122e-08
52 102 2.19513e-12
53 102 1.22924e-13
54 102 6.99482e-16
55 102 3.19545e-15
56 102 3.33115e-14
57 102 8.40923e-13
58 102 8.31187e-13
59 102 4.5317e-13
60 102 3.12058e-15
61 102 4.30588e-15
62 102 5.02389e-13
63 102 1.97907e-13
64 102 9.67995e-06
65 102 3.08045e-05
66 102 5.36752e-07
67 102 4.73178e-07
68 102 3.80551e-08
69 102 1.7081e-07
70 102 2.69928e-14
71 102 5.40412e-15
0 103 9.77897e-16
1 103 7.09139e-17
2 103 2.65487e-06
3 103 6.99079e-08
4 103 2.09629e-06
5 103 1.8233e-06
6 103 5.8016e-08
7 103 3.77703e-08
8 103 2.61742e-14
9 103 4.49396e-13
10 103 1.58404e-12
11 103 1.90538e-12
12 103 4.73427e-16
13 103 1.79308e-15
14 103 1.39696e-12
15 103 5.08391e-13
16 103 1.53016e-15
17 103 6.20241e-16
18 103 5.21586e-13
19 103 1.70288e-12
20 103 1.09936e-12
21 103 2.34296e-13
22 103 8.35828e-14
23 103 8.12313e-12
24 103 5.34108e-16
25 103 1.07636e-16
26 103 1.71435e-13
27 103 1.08393e-12
28 103 6.59789e-11
29 103 2.47688e-13
30 103 2.62878e-15
31 103 2.42315e-15
32 103 2.22154e-06
33 103 5.67368e-06
34 103 1.48605e-08
35 103 4.92988e-09
36 103 1.25394e-08
37 103 2.96303e-09
38 103 2.06826e-06
39 103 8.83342e-07
40 103 4.36036e-05
41 103 6.75572e-06
42 103 5.08351e-07
43 103 7.7949e-06
44 103 1.24053e-05
45 103 2.11415e-05
46 103 1.56042e-05
47 103 2.26012e-06
48 103 4.15116e-07
49 103 9.26508e-07
50 103 3.1442e-08
51 103 6.10684e-08
52 103 1.26028e-13
53 103 2.20186e-12
54 103 1.88372e-15
55 103 5.1976e-16
56 103 8.48537e-13
57 103 3.16136e-14
58 103 4.53946e-13
59 103 8.27607e-13
60 103 4.34128e-15
61 103 2.12091e-15
62 103 1.82491e-13
63 103 4.97575e-13
64 103 3.08644e-05
65 103 9.59657e-06
66 103 4.82899e-07
67 103 5.19044e-07
68 103 1.71256e-07
69 103 3.73701e-08
70 103 4.60626e-15
71 103 2.98425e-14
0 104 6.14893e-16
1 104 1.30107e-15
2 104 3.28461e-07
3 104 1.05006e-06
4 104 1.8896e-06
5 104 3.81821e-07
6 104 2.19633e-09
7 104 9.41059e-09
8 104 1.41066e-14
9 104 3.09959e-14
10 104 2.6786e-13
11 104 4.72641e-14
12 104 1.90902e-16
13 104 1.22049e-15
14 104 9.68524e-14
15 104 3.57198e-14
16 104 8.93201e-17
17 104 1.99413e-16
18 104 5.70264e-15
19 104 1.3546e-13
20 104 3.27585e-14
21 104 1.49407e-14
22 104 1.3449e-13
23 104 9.1184e-14
24 104 2.46468e-16
25 104 3.52386e-16
26 104 3.23346e-14
27 104 3.78496e-15
28 104 3.30514e-13
29 104 5.16851e-12
30 104 2.1109e-17
31 104 5.92534e-16
32 104 4.21046e-07
33 104 5.58885e-07
34 104 7.32404e-09
35 104 1.8076e-08
36 104 1.17324e-08
37 104 1.03105e-08
38 104 2.30772e-05
39 104 4.6826e-05
40 104 6.99614e-06
41 104 5.56991e-06
42 104 6.72702e-05
43 104 1.06816e-05
44 104 2.26538e-06
45 104 1.89266e-06
46 104 2.88478e-07
47 104 9.04067e-07
48 104 1.49643e-06
49 104 1.04553e-06
50 104 4.48449e-07
51 104 3.87321e-07
52 104 6.04138e-14
53 104 2.08926e-14
54 104 4.37307e-17
55 104 1.8817e-15
56 104 9.03715e-16
57 104 4.52038e-14
58 104 4.01088e-14
59 104 6.66773e-14
60 104 5.09038e-16
61 104 6.86732e-16
62 104 3.11517e-14
63 104 9.38608e-15
64 104 2.45591e-06
65 104 2.56776e-06
66 104 3.98014e-06
67 104 2.64171e-06
68 104 7.9199e-07
69 104 1.9205e-06
70 104 9.65032e-15
71 104 1.36425e-14
0 105 1.73719e-16
1 105 9.92428e-16
2 105 1.05977e-06
3 105 3.07943e-07
4 105 3.68047e-07
5 105 1.87958e-06
6 105 9.3662e-09
7 105 2.38635e-09
8 105 2.81366e-14
9 105 1.2056e-14
10 105 4.14696e-14
11 105 2.4732e-13
12 105 1.09115e-15
13 105 8.99909e-18
14 105 3.7327e-14
15 105 9.77337e-14
16 105 2.4173e-16
17 105 1.22292e-16
18 105 1.29202e-13
19 105 5.57162e-15
20 105 2.12925e-14
21 105 2.51452e-14
22 105 8.40772e-14
23 105 1.4131e-13
24 105 1.51224e-15
25 105 4.4245e-16
26 105 3.20432e-15
27 105 3.17185e-14
28 105 5.27105e-12
29 105 3.23822e-13
30 105 1.54178e-15
31 105 4.16502e-17
32 105 5.55704e-07
33 105 4.3781e-07
34 105 1.79632e-08
35 105 6.9505e-09
36 105 1.04022e-08
37 105 1.18019e-08
38 105 4.67819e-05
39 105 2.29263e-05
40 105 5.4187e-06
41 105 7.0615e-06
42 105 1.05847e-05
43 105 6.67418e-05
44 105 1.84141e-06
45 105 2.37265e-06
46 105 8.9025e-07
47 105 2.89858e-07
48 105 1.1196e-06
49 105 1.48387e-06
50 105 3.845e-07
51 105 4.44462e-07
52 105 2.07878e-14
53 105 5.89585e-14
54 105 2.01835e-15
55 105 3.26917e-17
56 105 4.14069e-14
57 105 1.31876e-15
58 105 6.5331e-14
59 105 4.38585e-14
60 105 1.56389e-15
61 105 2.79099e-16
62 105 8.70337e-15
63 105 3.44887e-14
64 105 2.60146e-06
65 105 2.49151e-06
66 105 2.62703e-06
67 105 3.99091e-06
68 105 1.93673e-06
69 105 8.09877e-07
70 105 1.91047e-14
71 105 8.81447e-15
0 106 5.56585e-16
1 106 1.58244e-16
2 106 8.33769e-10
3 106 2.0496e-09
4 106 7.71394e-10
5 106 1.07523e-08
6 106 2.5975e-08
7 106 8.59793e-10
8 106 5.29108e-14
9 106 4.26946e-14
10 106 4.88347e-14
11 106 5.73957e-13
12 106 2.19462e-15
13 106 1.65025e-15
14 106 2.14519e-13
15 106 1.74782e-13
16 106 2.33781e-16
17 106 4.52067e-16
18 106 3.23136e-13
19 106 8.16371e-14
20 106 7.37665e-13
21 106 1.39411e-13
22 106 2.27941e-12
23 106 3.19824e-12
24 106 4.99865e-16
25 106 3.93371e-16
26 106 5.94269e-13
27 106 6.46348e-13
28 106 6.04346e-11
29 106 3.99084e-11
30 106 2.6076e-14
31 106 2.85044e-15
32 106 6.67978e-07
33 106 4.27633e-08
34 106 2.50993e-05
35 106 5.4197e-07
36 106 2.68992e-05
37 106 2.45926e-05
38 106 3.08956e-07
39 106 9.67378e-08
40 106 4.2373e-07
41 106 3.32032e-07
42 106 4.09989e-11
43 106 6.39691e-11
44 106 2.06273e-08
45 106 2.82593e-09
46 106 5.10371e-07
47 106 1.07988e-06
48 106 1.32488e-07
49 106 7.04634e-08
50 106 1.2055e-13
51 106 4.68715e-13
52 106 2.06346e-13
53 106 2.54274e-13
54 106 2.93571e-16
55 106 4.30273e-16
56 106 9.84273e-14
57 106 7.51789e-14
58 106 2.96353e-13
59 106 3.44142e-15
60 106 1.72956e-16
61 106 2.39959e-16
62 106 9.83613e-14
63 106 7.66217e-14
64 106 6.39585e-06
65 106 1.50174e-05
66 106 1.52364e-06
67 106 1.57815e-05
68 106 1.66976e-05
69 106 2.90229e-05
70 106 4.42682e-14
71 106 5.08728e-15
0 107 1.1296e-15
1 107 8.43858e-16
2 107 2.11709e-09
3 107 8.3564e-10
4 107 1.0596e-08
5 107 7.35261e-10
6 107 8.46308e-10
7 107 2.64336e-08
8 107 3.68275e-14
9 107 4.89108e-14
10 107 5.9794e-13
11 107 5.09017e-14
12 107 1.09454e-15
13 107 3.06317e-15
14 107 1.84984e-13
15 107 1.88771e-13
16 107 1.45225e-15
17 107 8.29202e-16
18 107 8.48456e-14
19 107 3.17526e-13
20 107 1.38868e-13
21 107 7.40814e-13
22 107 3.11803e-12
23 107 2.31677e-12
24 107 1.96432e-16
25 107 1.71225e-16
26 107 6.63835e-13
27 107 5.91403e-13
28 107 4.0023e-11
29 107 6.01485e-11
30 107 4.41372e-15
31 107 2.64245e-14
32 107 4.57809e-08
33 107 6.76246e-07
34 107 5.97568e-07
35 107 2.4934e-05
36 107 2.45075e-05
37 107 2.64653e-05
38 107 9.61992e-08
39 107 2.98749e-07
40 107 3.33881e-07
41 107 4.23173e-07
42 107 6.21238e-11
43 107 3.94456e-11
44 107 2.807e-09
45 107 2.10496e-08
46 107 1.07649e-06
47 107 4.97108e-07
48 107 6.74154e-08
49 107 1.37593e-07
50 107 4.40063e-13
51 107 1.20924e-13
52 107 2.54117e-13
53 107 2.05996e-13
54 107 8.1584e-16
55 107 2.26751e-16
56 107 7.72707e-14
57 107 9.67539e-14
58 107 2.27441e-15
59 107 2.87042e-13
60 107 4.94625e-16
61 107 1.47038e-16
62 107 7.13349e-14
63 107 1.0204e-13
64 107 1.5124e-05
65 107 6.64113e-06
66 107 1.56635e-05
67 107 1.58069e-06
68 107 2.87677e-05
69 107 1.64999e-05
70 107 4.85401e-15
71 107 4.35085e-14
0 108 5.20509e-15
1 108 5.35943e-16
2 108 5.70806e-08
3 108 1.68818e-07
4 108 6.12082e-08
5 108 3.55803e-08
6 108 3.32879e-08
7 108 2.34365e-08
8 108 5.4929e-14
9 108 2.22736e-14
10 108 3.31882e-13
11 108 3.80153e-13
12 108 2.29416e-16
13 108 7.46524e-16
14 108 1.94603e-13
15 108 2.14268e-13
16 108 3.25618e-16
17 108 1.23072e-16
18 108 3.30857e-13
19 108 1.63439e-13
20 108 3.83954e-13
21 108 7.00223e-13
22 108 5.75108e-12
23 108 7.91038e-13
24 108 9.21211e-16
25 108 3.11764e-15
26 108 1.48393e-12
27 108 4.51981e-14
28 108 8.61039e-12
29 108 1.21899e-10
30 108 1.12508e-14
31 108 2.02932e-14
32 108 8.48575e-06
33 108 2.45457e-06
34 108 1.00208e-05
35 108 2.19336e-05
36 108 2.14399e-06
37 108 1.36725e-05
38 108 6.4074e-07
39 108 7.27405e-06
40 108 1.24772e-10
41 108 2.58224e-06
42 108 7.17439e-08
43 108 8.7116e-09
44 108 9.28343e-07
45 108 1.47847e-07
46 108 1.43925e-08
47 108 1.27379e-07
48 108 1.2041e-06
49 108 2.70743e-07
50 108 2.2051e-08
51 108 2.30526e-09
52 108 6.11658e-13
53 108 5.66688e-15
54 108 2.04184e-15
55 108 3.87712e-15
56 108 4.58521e-14
57 108 1.97546e-13
58 108 3.28615e-13
59 108 1.75901e-13
60 108 3.13837e-17
61 108 1.30267e-15
62 108 1.26393e-13
63 108 1.19559e-13
64 108 3.40231e-06
65 108 6.04053e-06
66 108 1.42516e-05
67 108 6.31023e-05
68 108 4.2756e-07
69 108 2.85848e-05
70 108 5.79633e-14
71 108 4.48195e-16
0 109 2.15726e-16
1 109 3.94131e-16
2 109 1.67907e-07
3 109 5.79624e-08
4 109 3.5315e-08
5 109 6.18368e-08
6 109 2.44978e-08
7 109 3.17944e-08
8 109 2.24205e-14
9 109 5.88937e-14
10 109 3.84644e-13
11 109 3.13099e-13
12 109 1.41629e-15
13 109 5.31478e-16
14 109 2.20905e-13
15 109 2.18281e-13
16 109 1.64732e-16
17 109 3.92623e-16
18 109 1.55958e-13
19 109 3.17641e-13
20 109 7.17245e-13
21 109 3.60498e-13
22 109 7.27182e-13
23 109 5.81149e-12
24 109 1.70782e-15
25 109 2.24815e-15
26 109 5.77186e-14
27 109 1.44061e-12
28 109 1.20754e-10
29 109 7.00819e-12
30 109 1.68437e-14
31 109 9.92518e-15
32 109 2.52147e-06
33 109 8.33169e-06
34 109 2.16469e-05
35 109 1.00987e-05
36 109 1.36417e-05
37 109 2.25683e-06
38 109 7.30823e-06
39 109 6.21553e-07
40 109 2.58207e-06
41 109 2.27124e-10
42 109 8.81946e-09
43 109 7.14413e-08
44 109 1.64958e-07
45 109 9.02727e-07
46 109 1.26503e-07
47 109 1.23069e-08
48 109 2.68171e-07
49 109 1.20543e-06
50 109 2.3744e-09
51 109 2.19374e-08
52 109 6.13793e-15
53 109 6.10063e-13
54 109 3.11165e-15
55 109 2.19533e-15
56 109 1.86124e-13
57 109 3.99198e-14
58 109 1.84038e-13
59 109 3.40077e-13
60 109 1.11016e-15
61 109 4.43943e-17
62 109 1.18567e-13
63 109 1.20048e-13
64 109 6.05812e-06
65 109 3.3099e-06
66 109 6.33556e-05
67 109 1.40651e-05
68 109 2.84687e-05
69 109 3.86296e-07
70 109 2.92819e-16
71 109 4.44672e-14
0 110 1.324e-15
1 110 1.86705e-15
2 110 1.0466e-08
3 110 6.20699e-08
4 110 2.92991e-09
5 110 9.01709e-09
6 110 3.67697e-07
7 110 3.36129e-09
8 110 2.90485e-15
9 110 1.72852e-15
10 110 1.10798e-14
11 110 4.16877e-14
12 110 5.89096e-15
13 110 1.40184e-15
14 110 2.3421e-14
15 110 4.65016e-16
16 110 6.80655e-16
17 110 1.8164e-15
18 110 3.65949e-14
19 110 1.36128e-14
20 110 2.9503e-13
21 110 1.42165e-13
22 110 2.00423e-12
23 110 6.02657e-13
24 110 1.45595e-16
25 110 6.76598e-17
26 110 6.07524e-13
27 110 1.8415e-13
28 110 1.12744e-10
29 110 1.47667e-10
30 110 1.91269e-14
31 110 8.7739e-14
32 110 5.89743e-05
33 110 1.23127e-05
34 110 8.26018e-06
35 110 3.31447e-06
36 110 1.55013e-05
37 110 4.54491e-06
38 110 1.63638e-08
39 110 4.67159e-07
40 110 1.99321e-06
41 110 5.88825e-07
42 110 9.44349e-09
43 110 5.26278e-09
44 110 6.17961e-06
45 110 8.17485e-07
46 110 5.02922e-07
47 110 2.85506e-07
48 110 5.30835e-08
49 110 1.00576e-07
50 110 1.22164e-09
51 110 2.64533e-09
52 110 7.24762e-14
53 110 1.55399e-13
54 110 9.94677e-16
55 110 6.26436e-16
56 110 2.8502e-14
57 110 6.46582e-14
58 110 1.44763e-13
59 110 6.79857e-14
60 110 9.40086e-17
61 110 5.08313e-15
62 110 1.26329e-13
63 110 7.55825e-15
64 110 2.85265e-05
65 110 3.32231e-05
66 110 8.76986e-06
67 110 2.56973e-06
68 110 1.91673e-06
69 110 2.91166e-06
70 110 2.02477e-16
71 110 6.25426e-14
0 111 1.68538e-15
1 111 4.17508e-17
2 111 6.43237e-08
3 111 1.0663e-08
4 111 9.47251e-09
5 111 3.15551e-09
6 111 3.225e-09
7 111 3.66378e-07
8 111 8.23113e-16
9 111 2.433e-15
10 111 4.28188e-14
11 111 7.63866e-15
12 111 2.0156e-15
13 111 3.38168e-15
14 111 3.28444e-16
15 111 2.96341e-14
16 111 2.78492e-15
17 111 1.3577e-16
18 111 6.77534e-15
19 111 3.86081e-14
20 111 1.81962e-13
21 111 2.65298e-13
22 111 6.35576e-13
23 111 2.07393e-12
24 111 1.58472e-16
25 111 4.65474e-16
26 111 1.69878e-13
27 111 5.90538e-13
28 111 1.49301e-10
29 111 1.13559e-10
30 111 8.41612e-14
31 111 1.72759e-14
32 111 1.22308e-05
33 111 5.87823e-05
34 111 3.56792e-06
35 111 8.03999e-06
36 111 4.58586e-06
37 111 1.51529e-05
38 111 4.69158e-07
39 111 1.75232e-08
40 111 6.20357e-07
41 111 2.06539e-06
42 111 5.18856e-09
43 111 8.98797e-09
44 111 8.22091e-07
45 111 6.14804e-06
46 111 2.81029e-07
47 111 4.94654e-07
48 111 1.01862e-07
49 111 5.67165e-08
50 111 2.56173e-09
51 111 1.16511e-09
52 111 1.68492e-13
53 111 7.52242e-14
54 111 1.17708e-15
55 111 4.09729e-16
56 111 6.25562e-14
57 111 2.83328e-14
58 111 6.89023e-14
59 111 1.54953e-13
60 111 3.52312e-15
61 111 1.22765e-16
62 111 5.39036e-15
63 111 1.31955e-13
64 111 3.31617e-05
65 111 2.83503e-05
66 111 2.65059e-06
67 111 9.24365e-06
68 111 2.88386e-06
69 111 1.82369e-06
70 111 6.11669e-14
71 111 5.13893e-17
0 112 5.35131e-09
1 112 1.72828e-08
2 112 1.52962e-13
3 112 2.19884e-13
4 112 2.01546e-15
5 112 1.74561e-16
6 112 3.73589e-14
7 112 1.47863e-13
8 112 1.03861e-12
9 112 3.01476e-12
10 112 2.04491e-07
11 112 1.25152e-07
12 112 2.49592e-08
13 112 1.68043e-09
14 112 2.18825e-08
15 112 2.56965e-08
16 112 1.80249e-08
17 112 5.52109e-09
18 112 1.10236e-08
19 112 6.87117e-08
20 112 1.63842e-11
21 112 2.71187e-10
22 112 2.67639e-09
23 112 1.19138e-09
24 112 1.18419e-07
25 112 5.01592e-08
26 112 1.52887e-06
27 112 1.93918e-07
28 112 2.12702e-05
29 112 4.79277e-06
30 112 6.54763e-06
31 112 5.98936e-07
32 112 4.64003e-11
33 112 9.73099e-11
34 112 1.71819e-11
35 112 4.52401e-11
36 112 8.7081e-14
37 112 2.57283e-14
38 112 3.2057e-13
39 112 1.68228e-13
40 112 7.29284e-16
41 112 6.55123e-16
42 112 1.43481e-13
43 112 3.19678e-13
44 112 2.80224e-14
45 112 9.7023e-15
46 112 5.22842e-13
47 112 2.0911e-13
48 112 4.62196e-16
49 112 5.62019e-16
50 112 7.69503e-14
51 112 8.85168e-15
52 112 8.52637e-08
53 112 6.75022e-08
54 112 2.00688e-06
55 112 1.48196e-07
56 112 1.50016e-12
57 112 4.71294e-12
58 112 8.87378e-10
59 112 1.8677e-09
60 112 4.2195e-10
61 112 1.40806e-10
62 112 2.75631e-06
63 112 1.2219e-05
64 112 4.36144e-15
65 112 3.86651e-15
66 112 1.0386e-15
67 112 1.0238e-15
68 112 1.60051e-15
69 112 3.14769e-15
70 112 6.24949e-13
71 112 3.41028e-12
0 113 1.81635e-08
1 113 4.44884e-09
2 113 2.16126e-13
3 113 2.12856e-13
4 113 3.66606e-15
5 113 4.20664e-15
6 113 1.55645e-13
7 113 2.32901e-14
8 113 3.12881e-12
9 113 8.86327e-13
10 113 1.23101e-07
11 113 2.02937e-07
12 113 1.33241e-09
13 113 2.55024e-08
14 113 2.55669e-08
15 113 2.16177e-08
16 113 5.33283e-09
17 113 1.79947e-08
18 113 6.98565e-08
19 113 1.1381e-08
20 113 2.45045e-10
21 113 1.7051e-11
22 113 1.07358e-09
23 113 2.51017e-09
24 113 4.95647e-08
25 113 1.17647e-07
26 113 1.94836e-07
27 113 1.56125e-06
28 113 4.79477e-06
29 113 2.12499e-05
30 113 5.88356e-07
31 113 6.25944e-06
32 113 9.86716e-11
33 113 4.56094e-11
34 113 4.47357e-11
35 113 1.71384e-11
36 113 4.19606e-14
37 113 7.6036e-14
38 113 1.21745e-13
39 113 3.05614e-13
40 113 2.75147e-15
41 113 1.71426e-16
42 113 3.45387e-13
43 113 1.85818e-13
44 113 6.6728e-15
45 113 1.88816e-14
46 113 2.62338e-13
47 113 4.94258e-13
48 113 1.49491e-15
49 113 6.01028e-16
50 113 4.63283e-15
51 113 5.66928e-14
52 113 6.80058e-08
53 113 9.15392e-08
54 113 1.4751e-07
55 113 1.97854e-06
56 113 4.79054e-12
57 113 1.54534e-12
58 113 1.83102e-09
59 113 8.64291e-10
60 113 1.40381e-10
61 113 4.37869e-10
62 113 1.25127e-05
63 113 2.7519e-06
64 113 1.50387e-15
65 113 1.99296e-15
66 113 1.54942e-15
67 113 2.17439e-15
68 113 2.57387e-15
69 113 2.26894e-15
70 113 3.36144e-12
71 113 7.1036e-13
0 114 1.17612e-08
1 114 2.82828e-08
2 114 5.63691e-13
3 114 6.94635e-14
4 114 3.559e-15
5 114 1.77122e-15
6 114 8.65968e-14
7 114 4.5795e-13
8 114 6.53781e-09
9 114 8.19709e-09
10 114 5.04181e-09
11 114 3.01253e-09
12 114 7.63859e-08
13 114 6.09226e-08
14 114 4.04823e-07
15 114 3.96037e-07
16 114 3.98136e-07
17 114 6.39018e-09
18 114 2.20623e-08
19 114 1.7603e-07
20 114 1.04769e-07
21 114 8.89243e-08
22 114 1.31421e-07
23 114 1.38096e-07
24 114 1.27419e-06
25 114 8.99487e-07
26 114 1.7263e-05
27 114 8.38407e-06
28 114 1.13807e-06
29 114 1.54563e-06
30 114 9.09215e-07
31 114 4.28538e-06
32 114 1.89432e-11
33 114 1.44424e-12
34 114 8.69206e-12
35 114 2.50132e-12
36 114 1.5109e-14
37 114 1.77973e-16
38 114 9.80139e-14
39 114 1.2453e-13
40 114 4.3053e-15
41 114 4.95341e-15
42 114 1.27468e-13
43 114 1.62098e-13
44 114 1.01306e-15
45 114 2.091e-14
46 114 2.97825e-14
47 114 2.7872e-13
48 114 5.92436e-16
49 114 2.48231e-15
50 114 8.19597e-15
51 114 1.98274e-14
52 114 8.49541e-08
53 114 2.18542e-08
54 114 1.1902e-06
55 114 7.68757e-09
56 114 8.89357e-08
57 114 2.18805e-07
58 114 1.79495e-07
59 114 1.96865e-07
60 114 7.02835e-08
61 114 2.12207e-06
62 114 2.25529e-10
63 114 1.0472e-09
64 114 1.00055e-14
65 114 2.24678e-16
66 114 1.80366e-14
67 114 8.10849e-15
68 114 4.64079e-16
69 114 1.48451e-15
70 114 1.75868e-08
71 114 5.26611e-08
0 115 3.44159e-08
1 115 2.99353e-08
2 115 6.95435e-14
3 115 6.59722e-13
4 115 4.50215e-15
5 115 2.28677e-16
6 115 2.85905e-13
7 115 3.5709e-14
8 115 1.63665e-08
9 115 1.07765e-08
10 115 6.01161e-10
11 115 1.47934e-08
12 115 4.6795e-08
13 115 2.19646e-07
14 115 3.32107e-07
15 115 3.77336e-07
16 115 2.71673e-07
17 115 5.56741e-07
18 115 1.478e-07
19 115 6.50216e-09
20 115 1.36829e-07
21 115 2.01785e-07
22 115 3.07397e-07
23 115 1.1992e-07
24 115 4.42963e-07
25 115 1.22601e-06
26 115 5.5671e-06
27 115 1.43478e-05
28 115 1.51893e-06
29 115 1.14485e-06
30 115 7.51199e-06
31 115 3.80968e-06
32 115 3.14958e-12
33 115 1.40688e-11
34 115 1.246e-13
35 115 8.5714e-12
36 115 1.63713e-15
37 115 2.68412e-15
38 115 9.12105e-14
39 115 1.57961e-14
40 115 4.64732e-15
41 115 7.89343e-15
42 115 1.81892e-13
43 115 4.74541e-14
44 115 2.71757e-14
45 115 3.03699e-15
46 115 1.75292e-13
47 115 7.77507e-14
48 115 1.29982e-14
49 115 2.15893e-15
50 115 4.89299e-15
51 115 1.60884e-14
52 115 9.58364e-08
53 115 1.28284e-09
54 115 7.31394e-09
55 115 1.08061e-06
56 115 1.97566e-07
57 115 3.70108e-07
58 115 5.01904e-07
59 115 3.69839e-07
60 115 2.93449e-06
61 115 1.05665e-06
62 115 7.84183e-10
63 115 2.59381e-10
64 115 2.4033e-15
65 115 2.1488e-14
66 115 1.88361e-14
67 115 6.96167e-14
68 115 1.13646e-14
69 115 2.5247e-14
70 115 1.27958e-07
71 115 1.45827e-09
0 116 2.83243e-08
1 116 2.3292e-08
2 116 1.79981e-13
3 116 1.97658e-13
4 116 2.30403e-15
5 116 7.92307e-15
6 116 4.10296e-14
7 116 1.96853e-13
8 116 2.14901e-08
9 116 4.48657e-08
10 116 2.65261e-08
11 116 1.79769e-08
12 116 5.52654e-07
13 116 6.23866e-08
14 116 1.84461e-07
15 116 7.30563e-07
16 116 5.51931e-07
17 116 9.58737e-07
18 116 1.85179e-08
19 116 1.40002e-08
20 116 6.7178e-07
21 116 3.38086e-07
22 116 1.2802e-08
23 116 3.71035e-07
24 116 1.64075e-07
25 116 2.98037e-07
26 116 5.69958e-07
27 116 3.65036e-06
28 116 5.50833e-06
29 116 1.40025e-06
30 116 1.12124e-05
31 116 1.3129e-05
32 116 6.54322e-12
33 116 3.04903e-11
34 116 1.08277e-11
35 116 5.79352e-12
36 116 3.1672e-16
37 116 4.05072e-15
38 116 2.1837e-13
39 116 1.49542e-15
40 116 1.7052e-15
41 116 5.361e-16
42 116 3.29714e-14
43 116 2.27345e-13
44 116 1.74162e-14
45 116 5.35285e-15
46 116 3.40566e-13
47 116 3.32625e-15
48 116 5.13246e-15
49 116 8.72321e-16
50 116 2.07996e-14
51 116 4.59022e-14
52 116 1.75027e-07
53 116 5.64877e-07
54 116 1.09386e-08
55 116 6.61379e-08
56 116 1.26754e-06
57 116 1.06672e-07
58 116 8.12222e-07
59 116 8.19012e-07
60 116 5.59675e-06
61 116 4.12572e-06
62 116 2.96948e-11
63 116 8.76114e-11
64 116 8.98371e-15
65 116 1.61388e-15
66 116 2.11923e-14
67 116 4.38611e-15
68 116 6.11988e-15
69 116 7.12407e-15
70 116 6.03316e-08
71 116 2.51639e-07
0 117 1.8076e-08
1 117 1.16883e-08
2 117 1.2899e-13
3 117 1.37245e-13
4 117 7.67051e-15
5 117 4.76824e-15
6 117 1.93402e-13
7 117 7.97973e-14
8 117 3.25714e-08
9 117 1.3233e-08
10 117 1.94252e-08
11 117 1.54005e-08
12 117 3.60835e-08
13 117 3.69727e-07
14 117 5.92334e-07
15 117 1.89574e-08
16 117 7.78332e-07
17 117 5.16539e-07
18 117 5.48257e-08
19 117 4.78881e-08
20 117 2.24913e-07
21 117 5.04398e-07
22 117 1.90592e-07
23 117 1.05958e-09
24 117 9.02288e-07
25 117 3.62094e-07
26 117 8.3016e-06
27 117 5.03195e-06
28 117 4.0452e-07
29 117 4.4902e-06
30 117 9.0542e-06
31 117 7.28189e-06
32 117 2.17974e-11
33 117 4.07527e-12
34 117 4.68893e-12
35 117 6.94465e-12
36 117 1.11402e-14
37 117 7.76862e-15
38 117 5.91379e-15
39 117 1.10946e-13
40 117 6.00676e-16
41 117 3.64909e-15
42 117 1.68087e-13
43 117 1.42405e-14
44 117 6.49106e-15
45 117 1.59735e-14
46 117 4.70316e-14
47 117 3.31286e-13
48 117 1.57843e-15
49 117 1.11363e-15
50 117 2.66726e-14
51 117 5.12263e-14
52 117 4.16951e-07
53 117 1.86525e-07
54 117 1.77159e-07
55 117 2.26248e-07
56 117 3.94679e-08
57 117 9.06477e-07
58 117 5.09092e-07
59 117 6.57867e-07
60 117 2.56854e-06
61 117 3.8654e-06
62 117 4.27446e-10
63 117 8.84829e-11
64 117 4.33274e-15
65 117 1.84281e-14
66 117 3.05607e-15
67 117 1.84498e-14
68 117 8.37269e-16
69 117 1.64545e-14
70 117 1.56687e-07
71 117 5.7943e-08
0 118 1.90612e-09
1 118 4.07171e-09
2 118 2.65087e-13
3 118 2.30989e-12
4 118 8.64121e-15
5 118 1.02625e-14
6 118 5.73907e-13
7 118 5.67891e-13
8 118 3.74897e-08
9 118 2.68744e-08
10 118 1.01351e-08
11 118 2.3254e-09
12 118 7.81931e-08
13 118 8.40515e-08
14 118 3.01776e-08
15 118 6.73399e-08
16 118 1.59834e-07
17 118 1.61031e-08
18 118 9.0401e-13
19 118 2.2568e-12
20 118 1.62483e-05
21 118 3.53928e-05
22 118 6.86576e-07
23 118 9.85737e-07
24 118 9.59786e-08
25 118 6.09197e-08
26 118 7.07517e-12
27 118 3.98428e-12
28 118 4.35789e-09
29 118 1.01096e-07
30 118 1.00029e-07
31 118 3.14228e-07
32 118 8.64155e-14
33 118 2.17364e-13
34 118 1.30986e-13
35 118 3.86325e-13
36 118 4.88027e-16
37 118 3.23805e-16
38 118 3.59947e-14
39 118 2.91162e-14
40 118 1.38453e-14
41 118 2.64164e-15
42 118 6.92012e-14
43 118 7.66898e-14
44 118 5.22505e-16
45 118 2.67502e-15
46 118 1.69764e-13
47 118 4.38201e-15
48 118 2.95686e-15
49 118 2.23202e-15
50 118 7.81176e-15
51 118 8.62032e-16
52 118 1.58835e-06
53 118 3.12433e-06
54 118 2.84335e-07
55 118 7.92991e-08
56 118 5.73418e-06
57 118 1.73375e-05
58 118 3.37127e-07
59 118 1.84339e-07
60 118 5.35214e-07
61 118 2.21089e-06
62 118 2.00846e-12
63 118 3.59945e-13
64 118 1.94199e-14
65 118 6.05892e-15
66 118 6.83223e-14
67 118 9.4686e-16
68 118 4.301e-16
69 118 2.31096e-16
70 118 2.54276e-06
71 118 9.06175e-06
0 119 3.95308e-09
1 119 1.95751e-09
2 119 2.83336e-12
3 119 2.20118e-13
4 119 7.8052e-15
5 119 4.1447e-15
6 119 4.71764e-13
7 119 4.09133e-13
8 119 2.75611e-08
9 119 3.79722e-08
10 119 1.98263e-09
11 119 9.98647e-09
12 119 8.36753e-08
13 119 7.75732e-08
14 119 6.76418e-08
15 119 3.01338e-08
16 119 1.64143e-08
17 119 1.56997e-07
18 119 2.68331e-12
19 119 1.09575e-12
20 119 3.57683e-05
21 119 1.66505e-05
22 119 1.00573e-06
23 119 6.98599e-07
24 119 5.06693e-08
25 119 9.55703e-08
26 119 3.78462e-12
27 119 8.38624e-12
28 119 1.02504e-07
29 119 4.6503e-09
30 119 3.07597e-07
31 119 1.00373e-07
32 119 2.21087e-13
33 119 5.98234e-14
34 119 3.12193e-13
35 119 8.85292e-14
36 119 7.34084e-15
37 119 4.86633e-15
38 119 2.50274e-14
39 119 1.03297e-13
40 119 5.58246e-15
41 119 6.7358e-15
42 119 5.46835e-14
43 119 6.39982e-14
44 119 2.54122e-15
45 119 3.85411e-15
46 119 6.57666e-14
47 119 1.67901e-13
48 119 2.46957e-14
49 119 1.87009e-16
50 119 4.78874e-15
51 119 5.18379e-17
52 119 3.09992e-06
53 119 1.56346e-06
54 119 6.9957e-08
55 119 2.95751e-07
56 119 1.76674e-05
57 119 5.81846e-06
58 119 1.85306e-07
59 119 3.16812e-07
60 119 2.20262e-06
61 119 5.33763e-07
62 119 1.51986e-13
63 119 1.94795e-12
64 119 1.11406e-14
65 119 1.82737e-14
66 119 2.08139e-14
67 119 1.16186e-14
68 119 1.23232e-14
69 119 1.89247e-14
70 119 9.20315e-06
71 119 2.61042e-06
