0 60 3.11827e-13
1 60 2.41157e-14
2 60 1.73818e-13
3 60 3.4264e-14
4 60 2.7894e-14
5 60 6.45203e-14
6 60 3.64521e-14
7 60 7.99145e-14
8 60 2.80769e-14
9 60 5.86085e-15
10 60 3.24854e-17
11 60 4.10462e-17
12 60 0.000109759
13 60 2.08861e-05
14 60 2.5292e-14
15 60 1.45366e-14
16 60 2.99161e-16
17 60 2.89316e-16
18 60 1.41237e-14
19 60 1.98818e-15
20 60 5.21758e-13
21 60 1.49018e-13
22 60 0.000284759
23 60 0.0006292
24 60 0.000110555
25 60 0.000450433
26 60 0.000111057
27 60 2.93485e-05
28 60 0.000175792
29 60 0.000249865
30 60 0.000142922
31 60 0.000240065
32 60 4.91311e-05
33 60 1.67521e-05
34 60 5.16961e-05
35 60 0.000218479
36 60 0.00131437
37 60 0.000151612
38 60 3.82342e-13
39 60 1.09362e-12
40 60 3.3275e-06
41 60 3.43833e-07
42 60 2.28298e-15
43 60 7.47475e-15
44 60 6.11583e-14
45 60 1.20787e-14
46 60 2.63254e-12
47 60 5.59946e-12
48 60 6.84939e-12
49 60 1.45499e-11
50 60 2.11799e-13
51 60 7.68972e-13
52 60 0.0348418
53 60 0.00465794
54 60 0.0178298
55 60 0.0219873
56 60 0.0298329
57 60 0.123391
58 60 2.96004e-15
59 60 1.60774e-15
0 61 2.39665e-14
1 61 3.11686e-13
2 61 3.44806e-14
3 61 1.74181e-13
4 61 6.4812e-14
5 61 2.80675e-14
6 61 7.98036e-14
7 61 3.65121e-14
8 61 5.91842e-15
9 61 2.78165e-14
10 61 5.61284e-17
11 61 2.72189e-17
12 61 2.08861e-05
13 61 0.000109759
14 61 1.45897e-14
15 61 2.53051e-14
16 61 3.03014e-16
17 61 3.21461e-16
18 61 1.98286e-15
19 61 1.41556e-14
20 61 1.48836e-13
21 61 5.21682e-13
22 61 0.0006292
23 61 0.000284759
24 61 0.000450433
25 61 0.000110555
26 61 2.93484e-05
27 61 0.000111057
28 61 0.000249865
29 61 0.000175792
30 61 0.000240065
31 61 0.000142922
32 61 1.67521e-05
33 61 4.91311e-05
34 61 0.000218479
35 61 5.16961e-05
36 61 0.000151612
37 61 0.00131437
38 61 1.09345e-12
39 61 3.80473e-13
40 61 3.43834e-07
41 61 3.3275e-06
42 61 7.6061e-15
43 61 2.34095e-15
44 61 1.194e-14
45 61 6.05076e-14
46 61 5.59626e-12
47 61 2.63847e-12
48 61 1.45514e-11
49 61 6.84073e-12
50 61 7.70874e-13
51 61 2.12338e-13
52 61 0.00465794
53 61 0.0348418
54 61 0.0219873
55 61 0.0178298
56 61 0.123391
57 61 0.0298329
58 61 1.60151e-15
59 61 2.95608e-15
0 62 1.47162e-07
1 62 1.82221e-07
2 62 6.60937e-07
3 62 9.28235e-07
4 62 4.16486e-06
5 62 1.83063e-07
6 62 5.26542e-05
7 62 3.10479e-05
8 62 8.34071e-07
9 62 6.11481e-05
10 62 4.23417e-05
11 62 0.00011093
12 62 1.71267e-16
13 62 1.0263e-14
14 62 1.86508e-06
15 62 3.40552e-05
16 62 7.44989e-05
17 62 1.26605e-05
18 62 8.72059e-07
19 62 2.84124e-05
20 62 4.1617e-07
21 62 3.87346e-07
22 62 1.25556e-15
23 62 2.12215e-15
24 62 8.05693e-16
25 62 2.7917e-16
26 62 3.3725e-14
27 62 6.68433e-14
28 62 5.23855e-15
29 62 4.35156e-14
30 62 4.19378e-14
31 62 8.35965e-14
32 62 2.35115e-13
33 62 1.46155e-13
34 62 6.91103e-14
35 62 3.755e-15
36 62 2.11207e-15
37 62 2.02491e-14
38 62 0.000132914
39 62 0.000235195
40 62 5.34604e-13
41 62 1.11194e-12
42 62 0.000381228
43 62 0.000635179
44 62 0.000109662
45 62 0.000646224
46 62 0.000205129
47 62 4.97303e-06
48 62 0.000175044
49 62 0.000209817
50 62 0.0012258
51 62 0.00290423
52 62 5.29528e-13
53 62 1.52122e-11
54 62 1.92571e-12
55 62 2.10422e-13
56 62 5.91688e-13
57 62 1.24679e-14
58 62 0.0632926
59 62 0.0710751
0 63 1.82221e-07
1 63 1.47163e-07
2 63 9.28235e-07
3 63 6.60935e-07
4 63 1.83064e-07
5 63 4.16486e-06
6 63 3.10479e-05
7 63 5.26542e-05
8 63 6.11481e-05
9 63 8.34074e-07
10 63 0.00011093
11 63 4.23417e-05
12 63 1.02863e-14
13 63 1.71436e-16
14 63 3.40552e-05
15 63 1.86508e-06
16 63 1.26605e-05
17 63 7.44989e-05
18 63 2.84124e-05
19 63 8.72059e-07
20 63 3.87345e-07
21 63 4.1617e-07
22 63 2.15456e-15
23 63 1.29473e-15
24 63 2.8158e-16
25 63 8.09071e-16
26 63 6.70112e-14
27 63 3.37537e-14
28 63 4.36121e-14
29 63 5.21594e-15
30 63 8.32716e-14
31 63 4.198e-14
32 63 1.4607e-13
33 63 2.34693e-13
34 63 3.84673e-15
35 63 6.92627e-14
36 63 2.04729e-14
37 63 2.05591e-15
38 63 0.000235195
39 63 0.000132914
40 63 1.11195e-12
41 63 5.34852e-13
42 63 0.000635179
43 63 0.000381228
44 63 0.000646224
45 63 0.000109662
46 63 4.97304e-06
47 63 0.000205129
48 63 0.000209817
49 63 0.000175044
50 63 0.00290423
51 63 0.0012258
52 63 1.5211e-11
53 63 5.28613e-13
54 63 2.12059e-13
55 63 1.92585e-12
56 63 1.25101e-14
57 63 5.92921e-13
58 63 0.0710751
59 63 0.0632926
0 64 1.79184e-06
1 64 8.43165e-06
2 64 6.62793e-06
3 64 5.50419e-06
4 64 9.00232e-06
5 64 6.33236e-06
6 64 2.14709e-06
7 64 4.60257e-06
8 64 1.63714e-06
9 64 5.00718e-06
10 64 7.28031e-06
11 64 2.1996e-06
12 64 4.38617e-15
13 64 1.4593e-14
14 64 3.30538e-07
15 64 3.1487e-07
16 64 1.46468e-05
17 64 1.9226e-05
18 64 1.90422e-08
19 64 1.52832e-09
20 64 4.47657e-06
21 64 1.65773e-05
22 64 2.61987e-16
23 64 2.53985e-16
24 64 3.52693e-17
25 64 8.07153e-17
26 64 9.49195e-14
27 64 5.99845e-14
28 64 1.52524e-15
29 64 5.68447e-16
30 64 3.94095e-15
31 64 3.60835e-15
32 64 5.79307e-14
33 64 5.25701e-13
34 64 4.67228e-14
35 64 1.13331e-14
36 64 1.87001e-16
37 64 1.95961e-15
38 64 0.00035243
39 64 7.10213e-05
40 64 1.16236e-14
41 64 1.02712e-13
42 64 0.000431533
43 64 4.67078e-05
44 64 0.000106378
45 64 0.000856928
46 64 0.000200856
47 64 0.000132886
48 64 0.000202195
49 64 8.67064e-06
50 64 0.000176752
51 64 0.000109313
52 64 3.91998e-12
53 64 7.13259e-12
54 64 5.54813e-13
55 64 2.81772e-13
56 64 2.22521e-14
57 64 1.98896e-14
58 64 0.0602059
59 64 0.0184466
0 65 8.43165e-06
1 65 1.79183e-06
2 65 5.50419e-06
3 65 6.62793e-06
4 65 6.33236e-06
5 65 9.00232e-06
6 65 4.60257e-06
7 65 2.14709e-06
8 65 5.00718e-06
9 65 1.63714e-06
10 65 2.1996e-06
11 65 7.28031e-06
12 65 1.44512e-14
13 65 4.34665e-15
14 65 3.14869e-07
15 65 3.30538e-07
16 65 1.9226e-05
17 65 1.46468e-05
18 65 1.52835e-09
19 65 1.90423e-08
20 65 1.65773e-05
21 65 4.47657e-06
22 65 2.54948e-16
23 65 2.65156e-16
24 65 7.81782e-17
25 65 3.2735e-17
26 65 6.01461e-14
27 65 9.48918e-14
28 65 5.47595e-16
29 65 1.50023e-15
30 65 3.64773e-15
31 65 3.90475e-15
32 65 5.25546e-13
33 65 5.81603e-14
34 65 1.13644e-14
35 65 4.65177e-14
36 65 1.94768e-15
37 65 1.96674e-16
38 65 7.10213e-05
39 65 0.00035243
40 65 1.02455e-13
41 65 1.1573e-14
42 65 4.67078e-05
43 65 0.000431533
44 65 0.000856928
45 65 0.000106378
46 65 0.000132886
47 65 0.000200856
48 65 8.67064e-06
49 65 0.000202195
50 65 0.000109313
51 65 0.000176752
52 65 7.13352e-12
53 65 3.91855e-12
54 65 2.81352e-13
55 65 5.57489e-13
56 65 2.00052e-14
57 65 2.27548e-14
58 65 0.0184466
59 65 0.0602059
0 66 7.71796e-05
1 66 6.78145e-06
2 66 3.94797e-05
3 66 2.10917e-05
4 66 1.17894e-05
5 66 2.91025e-06
6 66 1.5614e-05
7 66 9.85771e-06
8 66 2.79809e-06
9 66 3.1937e-06
10 66 1.5019e-06
11 66 3.45957e-06
12 66 6.06051e-14
13 66 9.68322e-14
14 66 1.76305e-06
15 66 8.09717e-06
16 66 1.30256e-05
17 66 7.7664e-06
18 66 2.30969e-06
19 66 2.58674e-06
20 66 0.0001161
21 66 8.49477e-07
22 66 5.9915e-14
23 66 1.47445e-13
24 66 7.27981e-14
25 66 5.64525e-14
26 66 3.19939e-13
27 66 3.27048e-13
28 66 7.39267e-14
29 66 2.12673e-12
30 66 3.01535e-15
31 66 1.05793e-14
32 66 6.39754e-15
33 66 2.31483e-15
34 66 1.9951e-14
35 66 1.24356e-14
36 66 1.45008e-13
37 66 2.08346e-13
38 66 2.23953e-07
39 66 0.000248589
40 66 9.39419e-15
41 66 1.74753e-15
42 66 1.70892e-05
43 66 0.000135127
44 66 0.000432125
45 66 0.00020081
46 66 0.000764134
47 66 0.000197405
48 66 0.000321996
49 66 0.00307586
50 66 5.63183e-08
51 66 9.44964e-08
52 66 4.32695e-14
53 66 4.84071e-14
54 66 3.98732e-12
55 66 1.0683e-12
56 66 8.74894e-12
57 66 3.30533e-12
58 66 0.00389463
59 66 0.00477761
0 67 6.78145e-06
1 67 7.71796e-05
2 67 2.10917e-05
3 67 3.94797e-05
4 67 2.91025e-06
5 67 1.17894e-05
6 67 9.85771e-06
7 67 1.5614e-05
8 67 3.1937e-06
9 67 2.79809e-06
10 67 3.45957e-06
11 67 1.5019e-06
12 67 9.66686e-14
13 67 6.10754e-14
14 67 8.09718e-06
15 67 1.76305e-06
16 67 7.7664e-06
17 67 1.30256e-05
18 67 2.58674e-06
19 67 2.30969e-06
20 67 8.49477e-07
21 67 0.0001161
22 67 1.46985e-13
23 67 6.00082e-14
24 67 5.63239e-14
25 67 7.23894e-14
26 67 3.26948e-13
27 67 3.19888e-13
28 67 2.12645e-12
29 67 7.38073e-14
30 67 1.05753e-14
31 67 2.99026e-15
32 67 2.30186e-15
33 67 6.40124e-15
34 67 1.24861e-14
35 67 2.00204e-14
36 67 2.08149e-13
37 67 1.4523e-13
38 67 0.000248588
39 67 2.23954e-07
40 67 1.77762e-15
41 67 9.33184e-15
42 67 0.000135127
43 67 1.70892e-05
44 67 0.00020081
45 67 0.000432125
46 67 0.000197405
47 67 0.000764134
48 67 0.00307586
49 67 0.000321996
50 67 9.44967e-08
51 67 5.63188e-08
52 67 4.75733e-14
53 67 4.36307e-14
54 67 1.06813e-12
55 67 3.98127e-12
56 67 3.30745e-12
57 67 8.74392e-12
58 67 0.00477761
59 67 0.00389463
0 68 6.23543e-16
1 68 1.54974e-15
2 68 1.69372e-14
3 68 1.87114e-14
4 68 2.26714e-15
5 68 1.41784e-15
6 68 2.84445e-14
7 68 5.80438e-14
8 68 1.4701e-15
9 68 1.99721e-14
10 68 2.35277e-16
11 68 1.52429e-16
12 68 2.55477e-07
13 68 2.6597e-06
14 68 1.26716e-15
15 68 5.08146e-15
16 68 5.97836e-16
17 68 5.47879e-16
18 68 6.86063e-15
19 68 4.38623e-14
20 68 1.39798e-14
21 68 2.94094e-14
22 68 4.18163e-06
23 68 1.12436e-05
24 68 9.97088e-05
25 68 9.87886e-05
26 68 1.38723e-08
27 68 1.71145e-08
28 68 2.25008e-05
29 68 2.91618e-05
30 68 2.7262e-07
31 68 1.01013e-06
32 68 3.12411e-06
33 68 1.09693e-05
34 68 7.08494e-05
35 68 3.05118e-06
36 68 6.04293e-06
37 68 4.37782e-05
38 68 4.00765e-14
39 68 1.83236e-14
40 68 2.96659e-08
41 68 1.88856e-07
42 68 1.39093e-16
43 68 4.43164e-17
44 68 9.4953e-16
45 68 1.28049e-14
46 68 6.11966e-14
47 68 1.6107e-14
48 68 1.34214e-12
49 68 2.7218e-13
50 68 6.60669e-14
51 68 6.71224e-14
52 68 2.96308e-06
53 68 9.76476e-06
54 68 0.000208406
55 68 4.53959e-05
56 68 0.00378943
57 68 0.00125633
58 68 1.28526e-13
59 68 4.16968e-14
0 69 1.49728e-15
1 69 6.73156e-16
2 69 1.89244e-14
3 69 1.69964e-14
4 69 1.44729e-15
5 69 2.21774e-15
6 69 5.8247e-14
7 69 2.85286e-14
8 69 1.98925e-14
9 69 1.44685e-15
10 69 1.59108e-16
11 69 2.16036e-16
12 69 2.6597e-06
13 69 2.55477e-07
14 69 5.08248e-15
15 69 1.25643e-15
16 69 5.61034e-16
17 69 6.24291e-16
18 69 4.38465e-14
19 69 6.87511e-15
20 69 2.94761e-14
21 69 1.39613e-14
22 69 1.12436e-05
23 69 4.18163e-06
24 69 9.87886e-05
25 69 9.97088e-05
26 69 1.71144e-08
27 69 1.38723e-08
28 69 2.91618e-05
29 69 2.25008e-05
30 69 1.01013e-06
31 69 2.7262e-07
32 69 1.09693e-05
33 69 3.12411e-06
34 69 3.05118e-06
35 69 7.08494e-05
36 69 4.37782e-05
37 69 6.04293e-06
38 69 1.83152e-14
39 69 4.0177e-14
40 69 1.88856e-07
41 69 2.96658e-08
42 69 4.40284e-17
43 69 1.52488e-16
44 69 1.26283e-14
45 69 9.34202e-16
46 69 1.60598e-14
47 69 6.12218e-14
48 69 2.72574e-13
49 69 1.34003e-12
50 69 6.71525e-14
51 69 6.63214e-14
52 69 9.76476e-06
53 69 2.96309e-06
54 69 4.53958e-05
55 69 0.000208406
56 69 0.00125633
57 69 0.00378943
58 69 4.08886e-14
59 69 1.28587e-13
0 70 2.92404e-14
1 70 6.11264e-14
2 70 5.19642e-17
3 70 8.12249e-16
4 70 1.10165e-16
5 70 6.31646e-17
6 70 5.2293e-14
7 70 1.04464e-15
8 70 9.23124e-16
9 70 8.08468e-16
10 70 1.40878e-16
11 70 3.3003e-15
12 70 4.622e-06
13 70 4.16902e-06
14 70 1.2065e-14
15 70 7.28555e-15
16 70 1.88417e-16
17 70 1.11415e-16
18 70 3.33357e-15
19 70 3.38144e-15
20 70 2.24434e-14
21 70 4.84088e-14
22 70 8.77333e-05
23 70 2.90162e-06
24 70 3.12766e-05
25 70 1.46054e-06
26 70 2.45179e-07
27 70 1.31216e-05
28 70 1.06644e-06
29 70 8.33762e-07
30 70 0.000116706
31 70 8.9164e-06
32 70 9.68366e-07
33 70 8.0888e-07
34 70 7.4261e-06
35 70 1.47341e-05
36 70 4.8629e-05
37 70 6.295e-05
38 70 6.87787e-14
39 70 7.53913e-14
40 70 1.40247e-05
41 70 1.31356e-05
42 70 8.05111e-15
43 70 2.1863e-14
44 70 8.9539e-15
45 70 9.72381e-15
46 70 8.31987e-17
47 70 9.65881e-17
48 70 4.82422e-14
49 70 1.60968e-13
50 70 7.41121e-14
51 70 3.17385e-14
52 70 0.00010629
53 70 0.000221518
54 70 5.41278e-07
55 70 3.32639e-06
56 70 0.000417613
57 70 0.000239371
58 70 1.68997e-15
59 70 2.14975e-13
0 71 6.09044e-14
1 71 2.92726e-14
2 71 8.10125e-16
3 71 5.91373e-17
4 71 5.7212e-17
5 71 1.09113e-16
6 71 9.94987e-16
7 71 5.22292e-14
8 71 7.96332e-16
9 71 9.54436e-16
10 71 3.31261e-15
11 71 1.20701e-16
12 71 4.16902e-06
13 71 4.622e-06
14 71 7.25458e-15
15 71 1.20372e-14
16 71 9.65062e-17
17 71 1.95569e-16
18 71 3.37602e-15
19 71 3.32143e-15
20 71 4.84836e-14
21 71 2.24639e-14
22 71 2.90163e-06
23 71 8.77333e-05
24 71 1.46054e-06
25 71 3.12766e-05
26 71 1.31216e-05
27 71 2.45178e-07
28 71 8.33762e-07
29 71 1.06644e-06
30 71 8.91639e-06
31 71 0.000116706
32 71 8.08879e-07
33 71 9.68367e-07
34 71 1.47341e-05
35 71 7.4261e-06
36 71 6.295e-05
37 71 4.8629e-05
38 71 7.527e-14
39 71 6.88989e-14
40 71 1.31356e-05
41 71 1.40247e-05
42 71 2.18186e-14
43 71 7.95857e-15
44 71 9.72471e-15
45 71 8.74049e-15
46 71 1.01692e-16
47 71 8.65749e-17
48 71 1.61082e-13
49 71 4.81477e-14
50 71 3.15413e-14
51 71 7.39322e-14
52 71 0.000221518
53 71 0.00010629
54 71 3.32639e-06
55 71 5.41277e-07
56 71 0.000239371
57 71 0.000417613
58 71 2.1484e-13
59 71 1.78307e-15
0 72 1.26083e-15
1 72 6.44944e-15
2 72 1.29016e-15
3 72 7.71555e-15
4 72 4.01863e-16
5 72 6.23303e-17
6 72 6.21229e-15
7 72 3.68216e-15
8 72 3.60543e-17
9 72 2.31014e-16
10 72 1.41702e-15
11 72 2.15085e-15
12 72 1.05706e-06
13 72 1.27637e-05
14 72 1.21886e-15
15 72 4.02186e-16
16 72 9.0127e-16
17 72 3.73678e-16
18 72 5.97335e-15
19 72 2.95657e-13
20 72 1.40559e-15
21 72 6.89877e-16
22 72 6.01491e-06
23 72 4.60881e-06
24 72 1.08284e-06
25 72 8.10183e-08
26 72 8.01442e-06
27 72 2.57039e-05
28 72 1.69928e-05
29 72 2.23846e-05
30 72 5.24931e-08
31 72 1.02144e-07
32 72 3.71281e-05
33 72 6.52102e-05
34 72 0.000259449
35 72 2.49318e-05
36 72 7.75248e-07
37 72 2.06731e-05
38 72 1.86893e-13
39 72 8.61949e-14
40 72 5.0091e-06
41 72 4.05022e-05
42 72 8.3707e-15
43 72 1.11049e-14
44 72 1.21948e-16
45 72 2.5446e-15
46 72 6.64757e-13
47 72 1.74824e-13
48 72 3.08586e-13
49 72 1.75004e-13
50 72 5.61084e-16
51 72 3.69088e-15
52 72 1.54908e-05
53 72 0.000213463
54 72 0.00169849
55 72 0.000774694
56 72 0.00105588
57 72 0.000111348
58 72 3.84435e-13
59 72 6.61952e-13
0 73 6.62758e-15
1 73 1.19777e-15
2 73 7.63995e-15
3 73 1.31799e-15
4 73 6.24484e-17
5 73 4.02855e-16
6 73 3.59656e-15
7 73 6.22785e-15
8 73 2.45554e-16
9 73 4.2349e-17
10 73 2.14124e-15
11 73 1.42212e-15
12 73 1.27637e-05
13 73 1.05706e-06
14 73 3.92255e-16
15 73 1.24138e-15
16 73 3.77614e-16
17 73 8.84841e-16
18 73 2.95394e-13
19 73 5.98664e-15
20 73 7.01047e-16
21 73 1.41272e-15
22 73 4.60881e-06
23 73 6.0149e-06
24 73 8.10182e-08
25 73 1.08284e-06
26 73 2.57039e-05
27 73 8.01442e-06
28 73 2.23846e-05
29 73 1.69928e-05
30 73 1.02144e-07
31 73 5.24933e-08
32 73 6.52102e-05
33 73 3.71281e-05
34 73 2.49318e-05
35 73 0.000259449
36 73 2.06731e-05
37 73 7.75245e-07
38 73 8.65663e-14
39 73 1.86794e-13
40 73 4.05022e-05
41 73 5.0091e-06
42 73 1.10155e-14
43 73 8.41036e-15
44 73 2.43334e-15
45 73 1.22461e-16
46 73 1.75358e-13
47 73 6.65209e-13
48 73 1.74849e-13
49 73 3.07909e-13
50 73 3.71173e-15
51 73 5.71109e-16
52 73 0.000213463
53 73 1.54908e-05
54 73 0.000774694
55 73 0.00169849
56 73 0.000111348
57 73 0.00105588
58 73 6.63724e-13
59 73 3.85137e-13
0 74 4.4929e-16
1 74 1.08375e-16
2 74 7.4152e-14
3 74 4.26556e-15
4 74 2.09884e-14
5 74 8.76865e-15
6 74 5.14899e-15
7 74 2.077e-14
8 74 1.18929e-14
9 74 1.50918e-14
10 74 2.50551e-14
11 74 1.25479e-14
12 74 1.718e-05
13 74 2.13348e-05
14 74 6.25046e-14
15 74 2.63211e-13
16 74 1.19149e-14
17 74 2.18966e-14
18 74 4.87807e-16
19 74 8.96234e-16
20 74 7.77103e-15
21 74 1.94529e-15
22 74 6.38852e-07
23 74 1.26195e-05
24 74 7.81245e-06
25 74 3.16185e-05
26 74 1.50242e-05
27 74 2.43893e-06
28 74 1.37451e-06
29 74 6.96042e-06
30 74 5.43211e-07
31 74 8.40952e-06
32 74 1.59078e-05
33 74 6.01764e-06
34 74 9.0124e-05
35 74 6.89347e-05
36 74 2.39058e-05
37 74 2.01243e-05
38 74 3.02695e-13
39 74 1.16242e-12
40 74 0.000197765
41 74 6.8215e-05
42 74 7.91184e-14
43 74 1.00187e-13
44 74 9.91389e-14
45 74 4.15443e-14
46 74 2.22946e-15
47 74 2.66888e-15
48 74 1.22417e-14
49 74 1.94942e-14
50 74 3.14855e-14
51 74 9.00649e-13
52 74 0.00144749
53 74 0.00100817
54 74 1.95073e-05
55 74 7.67679e-06
56 74 0.000185653
57 74 0.000191369
58 74 7.43351e-12
59 74 1.40483e-12
0 75 8.62988e-17
1 75 4.75987e-16
2 75 4.04477e-15
3 75 7.40003e-14
4 75 8.64368e-15
5 75 2.11078e-14
6 75 2.02691e-14
7 75 5.18901e-15
8 75 1.5421e-14
9 75 1.182e-14
10 75 1.26285e-14
11 75 2.52534e-14
12 75 2.13348e-05
13 75 1.718e-05
14 75 2.6235e-13
15 75 6.26651e-14
16 75 2.22571e-14
17 75 1.19334e-14
18 75 8.79661e-16
19 75 4.81833e-16
20 75 1.94233e-15
21 75 7.73029e-15
22 75 1.26195e-05
23 75 6.38851e-07
24 75 3.16185e-05
25 75 7.81245e-06
26 75 2.43893e-06
27 75 1.50242e-05
28 75 6.96042e-06
29 75 1.37451e-06
30 75 8.40952e-06
31 75 5.43212e-07
32 75 6.01764e-06
33 75 1.59078e-05
34 75 6.89347e-05
35 75 9.0124e-05
36 75 2.01243e-05
37 75 2.39058e-05
38 75 1.1625e-12
39 75 3.03069e-13
40 75 6.8215e-05
41 75 0.000197765
42 75 1.00336e-13
43 75 7.92254e-14
44 75 4.15764e-14
45 75 9.93679e-14
46 75 2.67158e-15
47 75 2.2627e-15
48 75 1.94175e-14
49 75 1.21142e-14
50 75 9.01441e-13
51 75 3.16497e-14
52 75 0.00100817
53 75 0.00144749
54 75 7.67679e-06
55 75 1.95073e-05
56 75 0.000191369
57 75 0.000185653
58 75 1.40281e-12
59 75 7.43917e-12
0 76 5.56119e-16
1 76 1.35329e-15
2 76 9.18864e-14
3 76 3.5237e-14
4 76 3.52971e-15
5 76 9.4103e-15
6 76 9.75741e-16
7 76 1.48473e-14
8 76 4.72199e-15
9 76 5.09061e-15
10 76 1.49269e-16
11 76 1.40756e-17
12 76 2.99865e-05
13 76 3.01182e-05
14 76 1.96143e-14
15 76 9.77654e-15
16 76 1.77867e-15
17 76 1.03383e-14
18 76 2.3409e-15
19 76 1.29611e-15
20 76 7.60642e-16
21 76 1.97873e-17
22 76 7.62988e-06
23 76 2.10836e-05
24 76 5.49024e-06
25 76 2.439e-05
26 76 1.89127e-05
27 76 4.07935e-06
28 76 5.72032e-07
29 76 2.19048e-07
30 76 1.34478e-07
31 76 3.18651e-08
32 76 1.14184e-05
33 76 0.000159981
34 76 1.53046e-06
35 76 1.46442e-06
36 76 8.21888e-06
37 76 6.05805e-06
38 76 1.14694e-12
39 76 1.668e-13
40 76 5.73461e-06
41 76 2.12363e-05
42 76 6.42804e-14
43 76 2.01608e-16
44 76 8.14443e-14
45 76 1.4557e-13
46 76 1.33956e-14
47 76 2.38745e-14
48 76 1.92747e-16
49 76 9.93811e-17
50 76 4.41622e-14
51 76 2.10008e-14
52 76 0.000977492
53 76 0.000491456
54 76 0.000265799
55 76 0.000247556
56 76 3.32288e-05
57 76 9.34209e-05
58 76 5.87701e-12
59 76 7.59665e-13
0 77 1.27101e-15
1 77 6.60509e-16
2 77 3.55748e-14
3 77 9.17737e-14
4 77 9.56619e-15
5 77 3.51877e-15
6 77 1.47319e-14
7 77 9.62126e-16
8 77 5.05493e-15
9 77 4.81552e-15
10 77 2.53263e-17
11 77 1.7285e-16
12 77 3.01182e-05
13 77 2.99865e-05
14 77 9.71566e-15
15 77 1.94153e-14
16 77 1.04139e-14
17 77 1.76929e-15
18 77 1.2615e-15
19 77 2.32267e-15
20 77 1.89595e-17
21 77 7.418e-16
22 77 2.10836e-05
23 77 7.62988e-06
24 77 2.439e-05
25 77 5.49024e-06
26 77 4.07935e-06
27 77 1.89127e-05
28 77 2.19048e-07
29 77 5.72032e-07
30 77 3.1865e-08
31 77 1.34478e-07
32 77 0.000159981
33 77 1.14184e-05
34 77 1.46443e-06
35 77 1.53046e-06
36 77 6.05805e-06
37 77 8.21888e-06
38 77 1.66495e-13
39 77 1.14816e-12
40 77 2.12363e-05
41 77 5.73461e-06
42 77 1.82376e-16
43 77 6.40582e-14
44 77 1.45447e-13
45 77 8.15147e-14
46 77 2.38096e-14
47 77 1.35875e-14
48 77 9.2528e-17
49 77 1.91863e-16
50 77 2.10643e-14
51 77 4.43539e-14
52 77 0.000491456
53 77 0.000977492
54 77 0.000247556
55 77 0.000265799
56 77 9.34209e-05
57 77 3.32288e-05
58 77 7.59582e-13
59 77 5.88566e-12
0 78 1.84237e-14
1 78 1.57401e-14
2 78 5.09043e-15
3 78 1.50803e-14
4 78 4.94556e-14
5 78 1.33965e-15
6 78 3.65144e-14
7 78 1.04194e-14
8 78 1.26092e-15
9 78 6.673e-15
10 78 8.68502e-17
11 78 1.05777e-15
12 78 3.67182e-06
13 78 2.65258e-05
14 78 9.86179e-17
15 78 9.12118e-20
16 78 1.19958e-14
17 78 5.94574e-16
18 78 4.52964e-16
19 78 3.08058e-15
20 78 9.7108e-14
21 78 3.49173e-14
22 78 1.3307e-06
23 78 1.03389e-06
24 78 6.77037e-08
25 78 1.46296e-08
26 78 2.5642e-05
27 78 0.00011133
28 78 7.29522e-05
29 78 0.000382339
30 78 1.40388e-06
31 78 1.69148e-06
32 78 3.76474e-07
33 78 4.06982e-08
34 78 5.07351e-07
35 78 1.33017e-07
36 78 3.96874e-07
37 78 4.28509e-06
38 78 4.5832e-16
39 78 7.06937e-16
40 78 2.76476e-06
41 78 2.79408e-06
42 78 1.2009e-14
43 78 4.61505e-14
44 78 6.78181e-14
45 78 1.78512e-13
46 78 7.90761e-13
47 78 4.65735e-14
48 78 4.3261e-13
49 78 1.50646e-12
50 78 3.5503e-16
51 78 1.37969e-15
52 78 4.03281e-06
53 78 0.000114324
54 78 0.000124651
55 78 3.92648e-05
56 78 0.000122228
57 78 1.97546e-06
58 78 3.37857e-13
59 78 9.27545e-13
0 79 1.55887e-14
1 79 1.83753e-14
2 79 1.50224e-14
3 79 4.93201e-15
4 79 1.41267e-15
5 79 4.92821e-14
6 79 1.01041e-14
7 79 3.65116e-14
8 79 6.67674e-15
9 79 1.35284e-15
10 79 1.05956e-15
11 79 7.4767e-17
12 79 2.65258e-05
13 79 3.67182e-06
14 79 9.08414e-19
15 79 9.93649e-17
16 79 6.22496e-16
17 79 1.20225e-14
18 79 3.09245e-15
19 79 4.46765e-16
20 79 3.49749e-14
21 79 9.72349e-14
22 79 1.03389e-06
23 79 1.3307e-06
24 79 1.46296e-08
25 79 6.7704e-08
26 79 0.00011133
27 79 2.5642e-05
28 79 0.000382339
29 79 7.29522e-05
30 79 1.69148e-06
31 79 1.40388e-06
32 79 4.06983e-08
33 79 3.76473e-07
34 79 1.33017e-07
35 79 5.07351e-07
36 79 4.28509e-06
37 79 3.96874e-07
38 79 7.20147e-16
39 79 4.49526e-16
40 79 2.79408e-06
41 79 2.76476e-06
42 79 4.60486e-14
43 79 1.18727e-14
44 79 1.78746e-13
45 79 6.7976e-14
46 79 4.66306e-14
47 79 7.90988e-13
48 79 1.506e-12
49 79 4.32373e-13
50 79 1.3779e-15
51 79 3.48976e-16
52 79 0.000114324
53 79 4.03281e-06
54 79 3.92648e-05
55 79 0.000124651
56 79 1.97546e-06
57 79 0.000122228
58 79 9.25618e-13
59 79 3.36637e-13
0 80 3.10589e-07
1 80 1.9576e-06
2 80 1.30544e-06
3 80 2.23877e-06
4 80 9.51131e-07
5 80 4.24857e-07
6 80 5.22746e-07
7 80 7.11673e-07
8 80 1.0547e-06
9 80 2.05795e-05
10 80 4.87245e-06
11 80 6.40127e-06
12 80 1.78108e-18
13 80 3.71304e-17
14 80 2.27774e-07
15 80 5.54846e-07
16 80 3.78975e-06
17 80 1.68748e-06
18 80 1.08594e-08
19 80 6.86411e-08
20 80 7.75552e-09
21 80 6.72424e-09
22 80 9.80222e-17
23 80 4.41713e-16
24 80 2.45219e-15
25 80 1.32563e-15
26 80 2.77517e-16
27 80 2.14627e-16
28 80 2.34328e-14
29 80 2.10825e-14
30 80 1.60534e-14
31 80 3.09274e-14
32 80 2.02029e-14
33 80 7.59187e-14
34 80 2.05546e-14
35 80 1.04602e-15
36 80 2.71505e-16
37 80 2.22272e-15
38 80 3.56164e-06
39 80 1.37875e-06
40 80 3.21071e-15
41 80 6.61432e-14
42 80 2.0657e-05
43 80 6.09239e-06
44 80 2.66872e-06
45 80 0.000160562
46 80 1.95226e-06
47 80 7.02367e-07
48 80 7.21439e-05
49 80 1.68588e-05
50 80 8.20005e-05
51 80 5.87204e-05
52 80 1.86928e-14
53 80 1.04565e-13
54 80 8.81187e-15
55 80 2.5489e-15
56 80 4.34447e-14
57 80 1.16492e-14
58 80 0.000262169
59 80 0.000182585
0 81 1.9576e-06
1 81 3.10589e-07
2 81 2.23877e-06
3 81 1.30544e-06
4 81 4.24857e-07
5 81 9.51133e-07
6 81 7.11672e-07
7 81 5.22746e-07
8 81 2.05794e-05
9 81 1.0547e-06
10 81 6.40127e-06
11 81 4.87245e-06
12 81 3.20732e-17
13 81 5.88696e-18
14 81 5.54846e-07
15 81 2.27775e-07
16 81 1.68748e-06
17 81 3.78975e-06
18 81 6.8641e-08
19 81 1.08594e-08
20 81 6.72427e-09
21 81 7.75548e-09
22 81 4.35507e-16
23 81 9.28979e-17
24 81 1.31358e-15
25 81 2.43634e-15
26 81 2.17477e-16
27 81 2.72501e-16
28 81 2.09991e-14
29 81 2.34404e-14
30 81 3.09715e-14
31 81 1.60347e-14
32 81 7.59307e-14
33 81 2.02327e-14
34 81 1.03971e-15
35 81 2.05114e-14
36 81 2.28312e-15
37 81 2.82357e-16
38 81 1.37875e-06
39 81 3.56164e-06
40 81 6.61353e-14
41 81 3.22681e-15
42 81 6.09239e-06
43 81 2.0657e-05
44 81 0.000160562
45 81 2.66872e-06
46 81 7.02366e-07
47 81 1.95226e-06
48 81 1.68588e-05
49 81 7.21439e-05
50 81 5.87204e-05
51 81 8.20005e-05
52 81 1.04305e-13
53 81 1.878e-14
54 81 2.60974e-15
55 81 8.82164e-15
56 81 1.16405e-14
57 81 4.31489e-14
58 81 0.000182585
59 81 0.000262169
0 82 4.09901e-08
1 82 1.93043e-09
2 82 7.01357e-07
3 82 2.83799e-07
4 82 1.24818e-06
5 82 1.05565e-06
6 82 4.66563e-06
7 82 4.01636e-06
8 82 6.2543e-06
9 82 2.40727e-06
10 82 1.54093e-07
11 82 1.27552e-07
12 82 2.06538e-16
13 82 1.22682e-16
14 82 1.45181e-06
15 82 2.03916e-06
16 82 1.10059e-06
17 82 1.3992e-06
18 82 1.76517e-06
19 82 6.18544e-07
20 82 3.75575e-08
21 82 2.3951e-09
22 82 2.06023e-16
23 82 5.21391e-16
24 82 5.18902e-16
25 82 3.81744e-16
26 82 2.50085e-15
27 82 1.68893e-15
28 82 1.67011e-15
29 82 4.15024e-15
30 82 3.92601e-14
31 82 6.13369e-14
32 82 6.5789e-14
33 82 3.93587e-15
34 82 5.20477e-16
35 82 1.28417e-15
36 82 5.14697e-16
37 82 2.11931e-16
38 82 1.71338e-07
39 82 2.95472e-06
40 82 6.89865e-14
41 82 9.01655e-16
42 82 4.31357e-05
43 82 0.000250902
44 82 4.58251e-05
45 82 3.7132e-06
46 82 7.95716e-07
47 82 5.16874e-07
48 82 1.12065e-07
49 82 1.01442e-06
50 82 1.68364e-05
51 82 8.47246e-05
52 82 6.39223e-14
53 82 3.60973e-14
54 82 3.66988e-15
55 82 1.88578e-15
56 82 2.66713e-15
57 82 2.09919e-15
58 82 0.000190582
59 82 0.000216404
0 83 1.93034e-09
1 83 4.09899e-08
2 83 2.838e-07
3 83 7.01358e-07
4 83 1.05565e-06
5 83 1.24817e-06
6 83 4.01636e-06
7 83 4.66563e-06
8 83 2.40727e-06
9 83 6.25429e-06
10 83 1.27551e-07
11 83 1.54092e-07
12 83 1.23559e-16
13 83 2.08455e-16
14 83 2.03916e-06
15 83 1.45181e-06
16 83 1.3992e-06
17 83 1.10059e-06
18 83 6.18544e-07
19 83 1.76517e-06
20 83 2.39512e-09
21 83 3.75575e-08
22 83 5.12296e-16
23 83 1.96843e-16
24 83 3.68948e-16
25 83 5.21133e-16
26 83 1.65786e-15
27 83 2.50485e-15
28 83 4.12729e-15
29 83 1.63744e-15
30 83 6.10961e-14
31 83 3.93651e-14
32 83 3.94403e-15
33 83 6.58098e-14
34 83 1.29629e-15
35 83 5.15805e-16
36 83 1.98979e-16
37 83 5.01801e-16
38 83 2.95472e-06
39 83 1.71338e-07
40 83 9.06386e-16
41 83 6.87713e-14
42 83 0.000250902
43 83 4.31357e-05
44 83 3.71321e-06
45 83 4.58251e-05
46 83 5.16873e-07
47 83 7.95716e-07
48 83 1.01442e-06
49 83 1.12065e-07
50 83 8.47246e-05
51 83 1.68364e-05
52 83 3.59775e-14
53 83 6.41172e-14
54 83 1.88034e-15
55 83 3.66362e-15
56 83 2.07687e-15
57 83 2.68884e-15
58 83 0.000216404
59 83 0.000190582
0 84 5.86315e-06
1 84 5.30505e-06
2 84 9.58428e-06
3 84 2.82613e-06
4 84 1.37388e-07
5 84 3.57651e-06
6 84 2.73422e-06
7 84 1.43507e-05
8 84 4.55331e-07
9 84 2.0103e-07
10 84 7.44458e-06
11 84 4.64506e-07
12 84 1.89108e-15
13 84 2.8517e-16
14 84 2.21954e-06
15 84 2.87098e-07
16 84 3.2089e-08
17 84 1.45396e-06
18 84 1.65433e-05
19 84 1.43516e-06
20 84 5.25564e-07
21 84 9.77455e-07
22 84 1.39682e-15
23 84 2.36948e-15
24 84 2.77989e-15
25 84 3.55411e-14
26 84 1.90206e-14
27 84 4.21196e-15
28 84 9.81274e-14
29 84 3.15989e-14
30 84 4.45742e-14
31 84 4.21899e-14
32 84 1.28145e-15
33 84 1.71994e-15
34 84 3.1379e-15
35 84 1.23522e-14
36 84 6.41843e-15
37 84 4.82382e-16
38 84 1.50556e-08
39 84 8.47307e-10
40 84 3.4887e-15
41 84 2.84058e-15
42 84 5.94045e-05
43 84 1.3176e-05
44 84 9.19324e-07
45 84 4.33503e-07
46 84 7.47059e-06
47 84 7.63829e-05
48 84 8.82794e-05
49 84 3.17643e-05
50 84 5.20214e-06
51 84 3.03646e-06
52 84 9.49868e-14
53 84 4.05325e-15
54 84 5.47998e-15
55 84 1.35389e-14
56 84 7.76543e-15
57 84 2.95914e-13
58 84 0.000309865
59 84 8.48144e-05
0 85 5.30505e-06
1 85 5.86315e-06
2 85 2.82612e-06
3 85 9.58428e-06
4 85 3.57651e-06
5 85 1.37388e-07
6 85 1.43507e-05
7 85 2.73422e-06
8 85 2.01029e-07
9 85 4.5533e-07
10 85 4.64506e-07
11 85 7.44458e-06
12 85 2.84978e-16
13 85 1.87111e-15
14 85 2.87098e-07
15 85 2.21954e-06
16 85 1.45396e-06
17 85 3.2089e-08
18 85 1.43516e-06
19 85 1.65433e-05
20 85 9.77456e-07
21 85 5.25565e-07
22 85 2.43123e-15
23 85 1.41693e-15
24 85 3.55779e-14
25 85 2.79419e-15
26 85 4.23988e-15
27 85 1.90057e-14
28 85 3.18067e-14
29 85 9.8144e-14
30 85 4.22095e-14
31 85 4.45966e-14
32 85 1.73294e-15
33 85 1.26755e-15
34 85 1.24471e-14
35 85 3.16271e-15
36 85 4.76698e-16
37 85 6.37975e-15
38 85 8.47269e-10
39 85 1.50556e-08
40 85 2.88107e-15
41 85 3.47417e-15
42 85 1.3176e-05
43 85 5.94045e-05
44 85 4.33504e-07
45 85 9.19323e-07
46 85 7.63829e-05
47 85 7.47059e-06
48 85 3.17643e-05
49 85 8.82794e-05
50 85 3.03646e-06
51 85 5.20214e-06
52 85 4.04535e-15
53 85 9.51222e-14
54 85 1.3689e-14
55 85 5.60177e-15
56 85 2.97083e-13
57 85 8.06941e-15
58 85 8.48144e-05
59 85 0.000309865
0 86 1.11667e-06
1 86 1.85641e-06
2 86 8.49739e-06
3 86 2.20424e-06
4 86 7.70956e-07
5 86 2.43402e-06
6 86 3.00344e-07
7 86 6.885e-06
8 86 4.89179e-06
9 86 2.72961e-06
10 86 2.04248e-05
11 86 5.01182e-07
12 86 4.76645e-16
13 86 2.66103e-16
14 86 3.33052e-06
15 86 1.32156e-06
16 86 2.51613e-07
17 86 3.72103e-06
18 86 3.53738e-08
19 86 5.31943e-09
20 86 4.61507e-07
21 86 1.22864e-06
22 86 1.20704e-16
23 86 1.62278e-16
24 86 2.73698e-16
25 86 2.22892e-15
26 86 5.42646e-16
27 86 5.24587e-17
28 86 1.65277e-14
29 86 5.71496e-15
30 86 3.96809e-16
31 86 1.73054e-16
32 86 1.30061e-14
33 86 9.94122e-14
34 86 1.70935e-15
35 86 1.77999e-15
36 86 3.56458e-15
37 86 1.52735e-15
38 86 2.66604e-07
39 86 8.62694e-08
40 86 2.04945e-14
41 86 5.19524e-14
42 86 4.46457e-06
43 86 3.70584e-08
44 86 5.8719e-05
45 86 5.83656e-05
46 86 4.32913e-08
47 86 2.39148e-07
48 86 0.000100237
49 86 7.99006e-06
50 86 8.03009e-05
51 86 4.95272e-05
52 86 9.45832e-15
53 86 2.37026e-15
54 86 3.42479e-16
55 86 2.45806e-16
56 86 7.07866e-15
57 86 3.30037e-14
58 86 7.8818e-05
59 86 8.71177e-06
0 87 1.85641e-06
1 87 1.11667e-06
2 87 2.20424e-06
3 87 8.49739e-06
4 87 2.43402e-06
5 87 7.70955e-07
6 87 6.885e-06
7 87 3.00345e-07
8 87 2.7296e-06
9 87 4.89179e-06
10 87 5.01183e-07
11 87 2.04248e-05
12 87 2.62309e-16
13 87 5.32862e-16
14 87 1.32156e-06
15 87 3.33052e-06
16 87 3.72103e-06
17 87 2.51613e-07
18 87 5.31944e-09
19 87 3.53738e-08
20 87 1.22864e-06
21 87 4.61507e-07
22 87 1.53188e-16
23 87 1.3075e-16
24 87 2.25834e-15
25 87 2.83098e-16
26 87 5.33525e-17
27 87 5.51702e-16
28 87 5.74695e-15
29 87 1.63445e-14
30 87 1.83705e-16
31 87 3.75283e-16
32 87 9.94527e-14
33 87 1.2925e-14
34 87 1.79714e-15
35 87 1.64243e-15
36 87 1.49115e-15
37 87 3.60763e-15
38 87 8.62698e-08
39 87 2.66604e-07
40 87 5.18852e-14
41 87 2.05235e-14
42 87 3.7059e-08
43 87 4.46457e-06
44 87 5.83656e-05
45 87 5.8719e-05
46 87 2.39148e-07
47 87 4.32913e-08
48 87 7.99007e-06
49 87 0.000100237
50 87 4.95272e-05
51 87 8.03009e-05
52 87 2.46238e-15
53 87 9.2903e-15
54 87 2.10938e-16
55 87 4.01513e-16
56 87 3.27472e-14
57 87 7.02072e-15
58 87 8.71178e-06
59 87 7.8818e-05
0 88 1.54015e-07
1 88 3.41495e-06
2 88 1.09698e-07
3 88 1.71307e-07
4 88 8.21813e-09
5 88 6.56099e-08
6 88 1.19582e-07
7 88 1.21453e-07
8 88 9.91543e-06
9 88 8.86476e-06
10 88 1.09698e-05
11 88 7.84496e-06
12 88 3.18155e-15
13 88 2.85992e-15
14 88 1.37195e-07
15 88 2.39181e-08
16 88 8.66082e-08
17 88 1.20047e-07
18 88 2.74409e-07
19 88 2.23264e-07
20 88 7.68695e-09
21 88 9.11589e-06
22 88 9.11275e-16
23 88 3.88172e-16
24 88 1.611e-14
25 88 1.25853e-14
26 88 3.97512e-17
27 88 6.26094e-17
28 88 1.88844e-13
29 88 6.49148e-15
30 88 6.70575e-14
31 88 1.99837e-14
32 88 4.01782e-16
33 88 4.33713e-15
34 88 7.89922e-15
35 88 8.4851e-15
36 88 8.84693e-16
37 88 1.20542e-15
38 88 2.54846e-05
39 88 3.8311e-07
40 88 5.00566e-15
41 88 3.69616e-14
42 88 6.82257e-05
43 88 1.50601e-05
44 88 4.07709e-05
45 88 0.000109511
46 88 6.17589e-07
47 88 1.68088e-06
48 88 9.88508e-05
49 88 1.88787e-05
50 88 8.59743e-05
51 88 2.55123e-06
52 88 7.45007e-14
53 88 7.52778e-14
54 88 9.60818e-15
55 88 2.61454e-14
56 88 1.98484e-13
57 88 3.65601e-13
58 88 0.000182791
59 88 0.000238704
0 89 3.41495e-06
1 89 1.54015e-07
2 89 1.71306e-07
3 89 1.09698e-07
4 89 6.56095e-08
5 89 8.21822e-09
6 89 1.21453e-07
7 89 1.19583e-07
8 89 8.86476e-06
9 89 9.91543e-06
10 89 7.84496e-06
11 89 1.09698e-05
12 89 2.69884e-15
13 89 3.12525e-15
14 89 2.3918e-08
15 89 1.37195e-07
16 89 1.20047e-07
17 89 8.66082e-08
18 89 2.23264e-07
19 89 2.74408e-07
20 89 9.11588e-06
21 89 7.68697e-09
22 89 3.87782e-16
23 89 9.19208e-16
24 89 1.26278e-14
25 89 1.62362e-14
26 89 6.04188e-17
27 89 3.47281e-17
28 89 6.5677e-15
29 89 1.88732e-13
30 89 1.99842e-14
31 89 6.73363e-14
32 89 4.30514e-15
33 89 4.06435e-16
34 89 8.49786e-15
35 89 7.8771e-15
36 89 1.20779e-15
37 89 8.75479e-16
38 89 3.83111e-07
39 89 2.54846e-05
40 89 3.69087e-14
41 89 4.98331e-15
42 89 1.50601e-05
43 89 6.82257e-05
44 89 0.000109511
45 89 4.07709e-05
46 89 1.68088e-06
47 89 6.17589e-07
48 89 1.88787e-05
49 89 9.88508e-05
50 89 2.55122e-06
51 89 8.59743e-05
52 89 7.47777e-14
53 89 7.44511e-14
54 89 2.61201e-14
55 89 9.54781e-15
56 89 3.65415e-13
57 89 1.99744e-13
58 89 0.000238704
59 89 0.000182791
0 90 8.3548e-06
1 90 5.96074e-06
2 90 2.89718e-07
3 90 1.1001e-06
4 90 2.31542e-08
5 90 8.12759e-09
6 90 6.85651e-06
7 90 2.46859e-07
8 90 3.72573e-06
9 90 4.08438e-06
10 90 8.58404e-08
11 90 2.56456e-06
12 90 3.43024e-15
13 90 5.22464e-15
14 90 5.80471e-07
15 90 1.1137e-06
16 90 1.66243e-05
17 90 1.61593e-06
18 90 7.70395e-07
19 90 1.3576e-06
20 90 1.22238e-05
21 90 4.87229e-06
22 90 1.65788e-14
23 90 5.97482e-15
24 90 1.34441e-14
25 90 1.22066e-15
26 90 5.85673e-17
27 90 3.65757e-16
28 90 1.31566e-14
29 90 3.28486e-14
30 90 2.75575e-15
31 90 2.19599e-15
32 90 1.18871e-14
33 90 1.05099e-15
34 90 1.21002e-14
35 90 1.37622e-14
36 90 1.48442e-14
37 90 2.86286e-14
38 90 2.17818e-06
39 90 7.44566e-06
40 90 4.14996e-15
41 90 1.53894e-15
42 90 2.35732e-06
43 90 5.90855e-05
44 90 7.23556e-06
45 90 7.87054e-06
46 90 6.2665e-09
47 90 2.9082e-08
48 90 3.91246e-06
49 90 5.82336e-05
50 90 1.05758e-06
51 90 1.39439e-06
52 90 2.74391e-16
53 90 6.32091e-16
54 90 4.97694e-15
55 90 4.85307e-15
56 90 1.12789e-13
57 90 2.89937e-14
58 90 4.868e-06
59 90 6.47186e-05
0 91 5.96074e-06
1 91 8.3548e-06
2 91 1.1001e-06
3 91 2.89717e-07
4 91 8.12751e-09
5 91 2.31544e-08
6 91 2.4686e-07
7 91 6.8565e-06
8 91 4.08438e-06
9 91 3.72573e-06
10 91 2.56456e-06
11 91 8.58408e-08
12 91 5.28127e-15
13 91 3.43797e-15
14 91 1.1137e-06
15 91 5.80471e-07
16 91 1.61593e-06
17 91 1.66243e-05
18 91 1.3576e-06
19 91 7.70395e-07
20 91 4.87229e-06
21 91 1.22238e-05
22 91 5.91503e-15
23 91 1.67157e-14
24 91 1.20698e-15
25 91 1.34364e-14
26 91 3.5864e-16
27 91 5.65212e-17
28 91 3.26223e-14
29 91 1.31468e-14
30 91 2.19055e-15
31 91 2.7721e-15
32 91 1.07016e-15
33 91 1.17825e-14
34 91 1.36976e-14
35 91 1.20922e-14
36 91 2.85138e-14
37 91 1.48389e-14
38 91 7.44566e-06
39 91 2.17818e-06
40 91 1.54275e-15
41 91 4.11414e-15
42 91 5.90856e-05
43 91 2.35732e-06
44 91 7.87054e-06
45 91 7.23556e-06
46 91 2.90822e-08
47 91 6.26654e-09
48 91 5.82336e-05
49 91 3.91246e-06
50 91 1.39439e-06
51 91 1.05758e-06
52 91 6.97909e-16
53 91 2.871e-16
54 91 4.73215e-15
55 91 4.96986e-15
56 91 2.90005e-14
57 91 1.12858e-13
58 91 6.47186e-05
59 91 4.86801e-06
0 92 2.13922e-06
1 92 6.54991e-07
2 92 6.55404e-08
3 92 5.83949e-09
4 92 3.59373e-07
5 92 2.81855e-06
6 92 1.03296e-06
7 92 3.68548e-06
8 92 3.19984e-06
9 92 4.06317e-07
10 92 7.42438e-07
11 92 5.33874e-08
12 92 1.60752e-14
13 92 1.56926e-15
14 92 1.02605e-06
15 92 1.37845e-07
16 92 2.27392e-08
17 92 1.18647e-06
18 92 6.31226e-05
19 92 1.09138e-06
20 92 1.18559e-07
21 92 1.7982e-07
22 92 2.15766e-15
23 92 4.21371e-15
24 92 1.29629e-17
25 92 1.12328e-16
26 92 1.48002e-13
27 92 2.96072e-14
28 92 6.76835e-14
29 92 3.23049e-14
30 92 7.68569e-15
31 92 7.93486e-15
32 92 6.0743e-16
33 92 1.16184e-15
34 92 1.81878e-14
35 92 1.21319e-13
36 92 1.62541e-15
37 92 1.54095e-16
38 92 1.22811e-05
39 92 1.3574e-05
40 92 7.19647e-15
41 92 8.26537e-16
42 92 5.60039e-07
43 92 3.83892e-07
44 92 1.05298e-05
45 92 1.14092e-06
46 92 2.63225e-05
47 92 0.000155339
48 92 6.57293e-05
49 92 5.33837e-05
50 92 1.92351e-06
51 92 1.82634e-06
52 92 8.26776e-15
53 92 1.02036e-15
54 92 1.38486e-13
55 92 3.16835e-13
56 92 7.4423e-15
57 92 2.67925e-13
58 92 2.57591e-06
59 92 1.26575e-06
0 93 6.5499e-07
1 93 2.13922e-06
2 93 5.83953e-09
3 93 6.55408e-08
4 93 2.81854e-06
5 93 3.59373e-07
6 93 3.68548e-06
7 93 1.03296e-06
8 93 4.06317e-07
9 93 3.19984e-06
10 93 5.33871e-08
11 93 7.42436e-07
12 93 1.63237e-15
13 93 1.61638e-14
14 93 1.37845e-07
15 93 1.02605e-06
16 93 1.18647e-06
17 93 2.2739e-08
18 93 1.09138e-06
19 93 6.31226e-05
20 93 1.7982e-07
21 93 1.18559e-07
22 93 4.20048e-15
23 93 2.21661e-15
24 93 1.12873e-16
25 93 1.24437e-17
26 93 2.95486e-14
27 93 1.47744e-13
28 93 3.20822e-14
29 93 6.77562e-14
30 93 7.90267e-15
31 93 7.61156e-15
32 93 1.16614e-15
33 93 6.00675e-16
34 93 1.21213e-13
35 93 1.83545e-14
36 93 1.50097e-16
37 93 1.61176e-15
38 93 1.3574e-05
39 93 1.22811e-05
40 93 8.07072e-16
41 93 7.25103e-15
42 93 3.83892e-07
43 93 5.60038e-07
44 93 1.14092e-06
45 93 1.05298e-05
46 93 0.000155339
47 93 2.63225e-05
48 93 5.33837e-05
49 93 6.57293e-05
50 93 1.82634e-06
51 93 1.92351e-06
52 93 9.88875e-16
53 93 8.27562e-15
54 93 3.16241e-13
55 93 1.38904e-13
56 93 2.67993e-13
57 93 7.18886e-15
58 93 1.26574e-06
59 93 2.57591e-06
0 94 1.26012e-06
1 94 9.49408e-08
2 94 1.35352e-05
3 94 9.77364e-06
4 94 2.00631e-06
5 94 1.13999e-06
6 94 1.08082e-06
7 94 5.14831e-07
8 94 7.715e-08
9 94 8.91856e-08
10 94 3.03777e-08
11 94 8.80299e-08
12 94 1.16254e-13
13 94 5.17199e-14
14 94 2.71556e-05
15 94 4.80992e-05
16 94 9.59355e-09
17 94 6.15199e-09
18 94 1.79457e-07
19 94 6.71402e-08
20 94 7.93205e-07
21 94 5.26917e-08
22 94 1.44276e-15
23 94 1.48607e-15
24 94 1.01742e-14
25 94 8.00731e-15
26 94 7.8831e-17
27 94 1.22216e-16
28 94 1.03938e-16
29 94 7.89681e-17
30 94 2.7709e-14
31 94 3.08589e-14
32 94 5.57128e-14
33 94 9.29768e-16
34 94 2.20493e-14
35 94 5.55269e-14
36 94 1.06865e-14
37 94 5.47471e-15
38 94 1.07097e-05
39 94 0.000312322
40 94 2.13535e-13
41 94 1.25412e-14
42 94 4.59753e-07
43 94 7.77883e-06
44 94 7.24806e-07
45 94 7.73377e-08
46 94 7.78816e-06
47 94 6.17674e-06
48 94 3.81279e-07
49 94 1.20709e-05
50 94 2.91172e-06
51 94 1.22001e-05
52 94 8.91873e-13
53 94 6.71721e-13
54 94 4.16239e-16
55 94 1.46069e-15
56 94 6.15398e-14
57 94 5.86643e-14
58 94 4.37829e-05
59 94 8.53378e-05
0 95 9.49406e-08
1 95 1.26012e-06
2 95 9.77364e-06
3 95 1.35352e-05
4 95 1.13999e-06
5 95 2.00631e-06
6 95 5.1483e-07
7 95 1.08083e-06
8 95 8.91852e-08
9 95 7.71505e-08
10 95 8.803e-08
11 95 3.03777e-08
12 95 5.08641e-14
13 95 1.15958e-13
14 95 4.80992e-05
15 95 2.71556e-05
16 95 6.15183e-09
17 95 9.59362e-09
18 95 6.71404e-08
19 95 1.79458e-07
20 95 5.26913e-08
21 95 7.93203e-07
22 95 1.54009e-15
23 95 1.39305e-15
24 95 8.07635e-15
25 95 1.01694e-14
26 95 1.60464e-16
27 95 7.278e-17
28 95 9.80513e-17
29 95 1.02291e-16
30 95 3.07694e-14
31 95 2.80809e-14
32 95 9.57238e-16
33 95 5.55135e-14
34 95 5.60393e-14
35 95 2.19824e-14
36 95 5.57382e-15
37 95 1.05414e-14
38 95 0.000312322
39 95 1.07097e-05
40 95 1.23104e-14
41 95 2.12667e-13
42 95 7.77883e-06
43 95 4.59751e-07
44 95 7.73379e-08
45 95 7.24806e-07
46 95 6.17674e-06
47 95 7.78816e-06
48 95 1.20709e-05
49 95 3.81281e-07
50 95 1.22001e-05
51 95 2.91173e-06
52 95 6.69836e-13
53 95 8.9213e-13
54 95 1.267e-15
55 95 4.28049e-16
56 95 5.9159e-14
57 95 6.11893e-14
58 95 8.53379e-05
59 95 4.37829e-05
0 96 1.02623e-06
1 96 2.53347e-06
2 96 1.26211e-05
3 96 1.36824e-05
4 96 3.1082e-06
5 96 9.25524e-07
6 96 7.78519e-07
7 96 1.74199e-06
8 96 2.09283e-09
9 96 5.24471e-08
10 96 1.66846e-07
11 96 1.46366e-07
12 96 7.94613e-15
13 96 1.66416e-13
14 96 2.53535e-06
15 96 8.69047e-06
16 96 2.69589e-07
17 96 1.4968e-07
18 96 3.08594e-08
19 96 2.17419e-07
20 96 1.18731e-06
21 96 1.59908e-06
22 96 9.91506e-15
23 96 1.80996e-14
24 96 7.57906e-15
25 96 4.58346e-15
26 96 5.69651e-16
27 96 3.18461e-16
28 96 1.10159e-15
29 96 2.43738e-15
30 96 2.30476e-15
31 96 1.62274e-15
32 96 2.10389e-14
33 96 6.65564e-14
34 96 7.66761e-16
35 96 2.26866e-16
36 96 1.20354e-15
37 96 1.28389e-14
38 96 0.00015465
39 96 8.86472e-05
40 96 5.30656e-15
41 96 1.35896e-14
42 96 3.07393e-07
43 96 1.07669e-07
44 96 2.45451e-08
45 96 3.25919e-07
46 96 1.94825e-05
47 96 4.00163e-06
48 96 2.42715e-06
49 96 6.84105e-07
50 96 1.42169e-08
51 96 1.01145e-08
52 96 1.6474e-13
53 96 8.93066e-13
54 96 2.73046e-13
55 96 6.20036e-14
56 96 2.97306e-14
57 96 7.02401e-15
58 96 5.72323e-05
59 96 2.77178e-05
0 97 2.53346e-06
1 97 1.02623e-06
2 97 1.36824e-05
3 97 1.26211e-05
4 97 9.25524e-07
5 97 3.1082e-06
6 97 1.742e-06
7 97 7.78518e-07
8 97 5.24465e-08
9 97 2.09287e-09
10 97 1.46366e-07
11 97 1.66846e-07
12 97 1.67833e-13
13 97 8.19738e-15
14 97 8.69047e-06
15 97 2.53535e-06
16 97 1.49681e-07
17 97 2.69589e-07
18 97 2.1742e-07
19 97 3.08595e-08
20 97 1.59908e-06
21 97 1.18731e-06
22 97 1.8044e-14
23 97 1.00619e-14
24 97 4.43216e-15
25 97 7.60123e-15
26 97 3.06623e-16
27 97 5.39541e-16
28 97 2.30548e-15
29 97 1.27318e-15
30 97 1.4865e-15
31 97 2.39468e-15
32 97 6.66608e-14
33 97 2.08077e-14
34 97 2.22296e-16
35 97 8.41921e-16
36 97 1.2959e-14
37 97 1.2686e-15
38 97 8.86472e-05
39 97 0.00015465
40 97 1.35891e-14
41 97 5.13315e-15
42 97 1.0767e-07
43 97 3.07394e-07
44 97 3.2592e-07
45 97 2.45452e-08
46 97 4.00163e-06
47 97 1.94825e-05
48 97 6.84105e-07
49 97 2.42715e-06
50 97 1.01144e-08
51 97 1.42166e-08
52 97 8.94356e-13
53 97 1.65702e-13
54 97 6.24607e-14
55 97 2.72468e-13
56 97 7.54531e-15
57 97 2.97556e-14
58 97 2.77178e-05
59 97 5.72323e-05
0 98 3.23893e-17
1 98 8.04289e-17
2 98 2.64527e-17
3 98 1.4864e-15
4 98 9.13168e-15
5 98 7.93497e-15
6 98 1.77129e-15
7 98 1.90422e-16
8 98 6.55907e-17
9 98 4.30066e-17
10 98 7.89152e-18
11 98 7.77669e-16
12 98 7.83824e-08
13 98 1.10081e-07
14 98 2.20198e-15
15 98 2.56929e-15
16 98 3.75176e-17
17 98 1.65441e-17
18 98 3.3219e-17
19 98 2.51987e-16
20 98 4.29312e-16
21 98 1.44891e-15
22 98 1.31057e-05
23 98 6.23209e-07
24 98 6.51187e-08
25 98 4.45041e-08
26 98 4.70839e-09
27 98 1.32233e-06
28 98 2.90961e-08
29 98 3.28021e-11
30 98 4.24784e-06
31 98 5.26811e-07
32 98 1.48975e-06
33 98 1.24817e-06
34 98 8.51416e-10
35 98 1.73613e-08
36 98 4.58008e-07
37 98 7.17084e-07
38 98 8.57518e-16
39 98 1.35582e-16
40 98 2.22109e-06
41 98 3.71955e-06
42 98 1.40254e-15
43 98 1.52764e-15
44 98 7.59387e-17
45 98 5.87227e-17
46 98 6.76037e-15
47 98 6.58166e-15
48 98 7.17817e-16
49 98 2.40791e-15
50 98 3.60939e-16
51 98 2.60422e-16
52 98 3.51004e-08
53 98 1.81119e-07
54 98 1.22115e-05
55 98 2.83091e-05
56 98 5.31619e-06
57 98 4.31503e-06
58 98 1.36052e-16
59 98 3.67253e-15
0 99 7.95956e-17
1 99 7.06785e-17
2 99 1.58476e-15
3 99 4.96763e-17
4 99 8.01615e-15
5 99 9.83484e-15
6 99 1.76134e-16
7 99 2.00577e-15
8 99 1.44686e-17
9 99 7.41985e-17
10 99 7.52338e-16
11 99 3.37556e-18
12 99 1.10079e-07
13 99 7.8382e-08
14 99 2.42023e-15
15 99 2.06546e-15
16 99 1.76459e-17
17 99 3.79617e-17
18 99 2.30861e-16
19 99 3.23388e-17
20 99 1.5482e-15
21 99 3.24345e-16
22 99 6.2321e-07
23 99 1.31057e-05
24 99 4.4505e-08
25 99 6.51188e-08
26 99 1.32232e-06
27 99 4.70856e-09
28 99 3.27536e-11
29 99 2.90966e-08
30 99 5.26814e-07
31 99 4.24784e-06
32 99 1.24817e-06
33 99 1.48976e-06
34 99 1.73609e-08
35 99 8.51334e-10
36 99 7.17084e-07
37 99 4.5801e-07
38 99 1.2152e-16
39 99 9.50312e-16
40 99 3.71955e-06
41 99 2.22109e-06
42 99 1.63993e-15
43 99 1.53917e-15
44 99 4.32665e-17
45 99 6.95066e-17
46 99 6.83329e-15
47 99 6.8007e-15
48 99 2.38549e-15
49 99 7.17894e-16
50 99 2.23581e-16
51 99 2.01702e-16
52 99 1.81117e-07
53 99 3.50996e-08
54 99 2.83091e-05
55 99 1.22115e-05
56 99 4.31503e-06
57 99 5.31619e-06
58 99 3.90497e-15
59 99 2.57917e-16
0 100 5.97451e-17
1 100 1.3815e-16
2 100 3.0342e-16
3 100 9.30593e-17
4 100 5.48796e-17
5 100 6.85052e-15
6 100 3.72988e-15
7 100 7.18668e-15
8 100 3.99486e-15
9 100 4.61515e-16
10 100 1.65233e-16
11 100 4.47633e-17
12 100 5.50961e-09
13 100 3.24816e-09
14 100 3.59138e-16
15 100 1.56873e-17
16 100 2.2251e-18
17 100 1.9827e-17
18 100 6.86267e-15
19 100 5.86134e-16
20 100 1.61756e-16
21 100 3.64302e-16
22 100 3.89109e-06
23 100 3.10916e-06
24 100 2.76135e-06
25 100 9.64056e-06
26 100 4.83399e-07
27 100 2.08855e-07
28 100 1.46321e-06
29 100 1.20732e-07
30 100 1.22543e-07
31 100 8.86394e-08
32 100 2.26616e-07
33 100 5.00043e-07
34 100 1.02469e-06
35 100 5.98359e-06
36 100 1.66846e-06
37 100 2.15638e-07
38 100 1.14095e-16
39 100 1.75926e-17
40 100 1.19168e-06
41 100 7.24064e-07
42 100 8.3705e-17
43 100 4.86212e-18
44 100 2.05323e-15
45 100 8.71594e-16
46 100 3.39815e-16
47 100 1.21356e-14
48 100 1.11855e-14
49 100 4.08388e-15
50 100 2.36464e-15
51 100 5.93269e-16
52 100 1.25855e-06
53 100 8.80088e-08
54 100 4.11518e-06
55 100 2.14289e-05
56 100 9.22743e-07
57 100 4.69483e-05
58 100 9.15951e-16
59 100 2.89674e-16
0 101 1.57851e-16
1 101 1.18714e-16
2 101 1.3839e-16
3 101 2.37846e-16
4 101 6.79514e-15
5 101 6.17045e-17
6 101 7.25223e-15
7 101 3.37994e-15
8 101 3.908e-16
9 101 3.95386e-15
10 101 4.17751e-17
11 101 1.20738e-16
12 101 3.24775e-09
13 101 5.51008e-09
14 101 3.30851e-17
15 101 3.69544e-16
16 101 2.37237e-17
17 101 7.57145e-18
18 101 6.37966e-16
19 101 7.07686e-15
20 101 3.54602e-16
21 101 2.00031e-16
22 101 3.10915e-06
23 101 3.89109e-06
24 101 9.64055e-06
25 101 2.76135e-06
26 101 2.08854e-07
27 101 4.834e-07
28 101 1.20732e-07
29 101 1.46321e-06
30 101 8.86397e-08
31 101 1.22544e-07
32 101 5.00043e-07
33 101 2.26615e-07
34 101 5.98359e-06
35 101 1.02469e-06
36 101 2.15636e-07
37 101 1.66847e-06
38 101 7.9364e-18
39 101 1.00248e-16
40 101 7.24065e-07
41 101 1.19168e-06
42 101 9.00686e-18
43 101 9.27102e-17
44 101 9.55969e-16
45 101 2.02944e-15
46 101 1.22382e-14
47 101 4.03197e-16
48 101 4.42382e-15
49 101 1.0844e-14
50 101 7.57449e-16
51 101 2.13736e-15
52 101 8.80097e-08
53 101 1.25854e-06
54 101 2.14289e-05
55 101 4.11519e-06
56 101 4.69482e-05
57 101 9.22738e-07
58 101 2.65625e-16
59 101 1.05502e-15
0 102 7.51596e-08
1 102 7.1566e-08
2 102 1.915e-07
3 102 6.79631e-07
4 102 3.033e-06
5 102 8.19917e-07
6 102 1.31423e-06
7 102 7.38273e-08
8 102 1.82684e-07
9 102 2.47501e-07
10 102 1.4318e-09
11 102 6.20594e-08
12 102 3.66566e-16
13 102 4.50826e-16
14 102 7.1068e-07
15 102 1.55546e-06
16 102 1.7122e-07
17 102 1.37229e-08
18 102 1.35045e-08
19 102 3.34878e-08
20 102 1.27546e-06
21 102 5.01332e-07
22 102 2.07712e-15
23 102 9.21651e-16
24 102 9.44557e-16
25 102 8.4017e-17
26 102 1.11397e-14
27 102 1.05163e-13
28 102 6.84117e-14
29 102 1.89417e-13
30 102 8.83535e-15
31 102 4.69669e-15
32 102 8.18313e-15
33 102 1.07536e-15
34 102 1.26446e-15
35 102 1.50384e-15
36 102 1.25692e-16
37 102 1.7604e-16
38 102 4.42244e-06
39 102 1.64186e-05
40 102 1.69993e-14
41 102 3.83625e-15
42 102 8.43696e-08
43 102 1.68183e-06
44 102 1.34533e-06
45 102 1.5134e-06
46 102 1.53724e-05
47 102 5.64219e-06
48 102 1.52892e-06
49 102 1.87337e-05
50 102 3.48829e-09
51 102 2.9019e-09
52 102 3.64595e-14
53 102 1.35222e-13
54 102 5.43379e-14
55 102 5.11557e-14
56 102 2.74978e-14
57 102 9.06575e-15
58 102 1.82514e-06
59 102 2.15442e-05
0 103 7.15662e-08
1 103 7.51609e-08
2 103 6.79633e-07
3 103 1.91499e-07
4 103 8.19919e-07
5 103 3.03301e-06
6 103 7.38282e-08
7 103 1.31424e-06
8 103 2.47506e-07
9 103 1.82685e-07
10 103 6.20586e-08
11 103 1.43187e-09
12 103 4.38066e-16
13 103 5.08107e-16
14 103 1.55546e-06
15 103 7.10674e-07
16 103 1.37235e-08
17 103 1.71221e-07
18 103 3.3488e-08
19 103 1.35031e-08
20 103 5.0133e-07
21 103 1.27546e-06
22 103 8.14871e-16
23 103 2.25839e-15
24 103 6.76067e-17
25 103 8.8953e-16
26 103 1.05047e-13
27 103 1.0638e-14
28 103 1.91869e-13
29 103 6.93546e-14
30 103 4.7701e-15
31 103 8.58704e-15
32 103 1.05784e-15
33 103 8.18784e-15
34 103 1.73873e-15
35 103 1.26722e-15
36 103 1.3427e-16
37 103 1.149e-16
38 103 1.64186e-05
39 103 4.42245e-06
40 103 3.64199e-15
41 103 1.68597e-14
42 103 1.68183e-06
43 103 8.43696e-08
44 103 1.5134e-06
45 103 1.34533e-06
46 103 5.64221e-06
47 103 1.53724e-05
48 103 1.87337e-05
49 103 1.52892e-06
50 103 2.90216e-09
51 103 3.48854e-09
52 103 1.34417e-13
53 103 3.60674e-14
54 103 5.29049e-14
55 103 5.26493e-14
56 103 9.00241e-15
57 103 2.75201e-14
58 103 2.15442e-05
59 103 1.82514e-06
0 104 2.10775e-17
1 104 1.51125e-16
2 104 1.96862e-16
3 104 8.46661e-16
4 104 9.32395e-15
5 104 8.84348e-15
6 104 1.17056e-15
7 104 8.609e-16
8 104 3.64783e-16
9 104 8.45964e-16
10 104 1.00195e-16
11 104 1.07615e-16
12 104 4.27823e-09
13 104 8.30452e-09
14 104 1.10414e-15
15 104 2.41791e-16
16 104 8.66209e-17
17 104 4.74746e-18
18 104 2.07481e-15
19 104 1.60751e-14
20 104 5.7868e-17
21 104 1.52351e-15
22 104 4.68866e-06
23 104 2.00985e-06
24 104 2.61385e-06
25 104 8.13628e-07
26 104 3.25238e-07
27 104 1.18079e-06
28 104 6.27207e-07
29 104 3.94584e-07
30 104 4.48182e-06
31 104 2.59088e-06
32 104 9.14201e-08
33 104 4.53197e-07
34 104 1.25106e-05
35 104 3.058e-06
36 104 7.29197e-09
37 104 3.79544e-08
38 104 6.26909e-15
39 104 1.2639e-16
40 104 3.3081e-07
41 104 4.00198e-06
42 104 2.82635e-15
43 104 4.28919e-16
44 104 5.13352e-16
45 104 1.92192e-16
46 104 4.56185e-15
47 104 7.68153e-15
48 104 3.42162e-14
49 104 1.18966e-14
50 104 1.85994e-17
51 104 7.91401e-17
52 104 1.54831e-08
53 104 1.12071e-07
54 104 3.58227e-06
55 104 3.46226e-06
56 104 5.01096e-05
57 104 1.55119e-05
58 104 3.49974e-15
59 104 5.5709e-15
0 105 1.65042e-16
1 105 2.39141e-18
2 105 7.38732e-16
3 105 2.49245e-16
4 105 8.35161e-15
5 105 9.2669e-15
6 105 9.52068e-16
7 105 1.24813e-15
8 105 7.62308e-16
9 105 2.91063e-16
10 105 9.38864e-17
11 105 1.22876e-16
12 105 8.30516e-09
13 105 4.27826e-09
14 105 2.8777e-16
15 105 1.08985e-15
16 105 2.1484e-18
17 105 8.44392e-17
18 105 1.57757e-14
19 105 2.06e-15
20 105 1.762e-15
21 105 6.12405e-17
22 105 2.00985e-06
23 105 4.68866e-06
24 105 8.13628e-07
25 105 2.61385e-06
26 105 1.18079e-06
27 105 3.2524e-07
28 105 3.9458e-07
29 105 6.27208e-07
30 105 2.59089e-06
31 105 4.48183e-06
32 105 4.53198e-07
33 105 9.14198e-08
34 105 3.058e-06
35 105 1.25106e-05
36 105 3.79552e-08
37 105 7.29194e-09
38 105 1.12594e-16
39 105 6.12988e-15
40 105 4.00199e-06
41 105 3.3081e-07
42 105 4.4812e-16
43 105 2.54896e-15
44 105 2.0952e-16
45 105 5.14353e-16
46 105 7.61413e-15
47 105 4.4806e-15
48 105 1.17989e-14
49 105 3.39827e-14
50 105 1.12938e-16
51 105 3.38115e-17
52 105 1.12069e-07
53 105 1.54826e-08
54 105 3.46226e-06
55 105 3.58227e-06
56 105 1.55119e-05
57 105 5.01096e-05
58 105 5.60296e-15
59 105 3.29659e-15
0 106 6.96688e-16
1 106 3.94849e-16
2 106 3.32477e-15
3 106 1.43934e-15
4 106 1.64435e-16
5 106 7.79337e-19
6 106 1.37361e-14
7 106 3.06472e-14
8 106 4.88571e-16
9 106 2.86478e-15
10 106 3.31405e-16
11 106 3.05342e-16
12 106 9.01658e-09
13 106 6.33242e-08
14 106 2.52016e-17
15 106 2.7405e-16
16 106 3.4971e-17
17 106 5.62983e-17
18 106 2.83186e-15
19 106 7.42344e-15
20 106 1.08819e-14
21 106 2.05563e-15
22 106 6.50702e-08
23 106 1.84061e-07
24 106 2.00262e-05
25 106 3.08517e-05
26 106 2.89463e-07
27 106 9.86644e-08
28 106 4.39484e-07
29 106 4.00538e-06
30 106 4.56209e-09
31 106 1.76496e-07
32 106 3.91036e-06
33 106 2.43513e-06
34 106 4.48315e-06
35 106 5.75099e-07
36 106 2.8673e-06
37 106 9.3466e-06
38 106 1.15713e-16
39 106 8.77966e-16
40 106 3.51916e-06
41 106 4.0488e-06
42 106 8.36747e-17
43 106 4.25984e-17
44 106 1.51925e-15
45 106 2.83272e-15
46 106 3.60577e-15
47 106 4.01417e-16
48 106 3.6221e-14
49 106 2.9472e-14
50 106 5.36836e-17
51 106 1.31266e-15
52 106 2.12817e-07
53 106 5.09117e-07
54 106 4.53636e-06
55 106 1.10555e-07
56 106 0.000137501
57 106 4.12492e-05
58 106 1.8839e-15
59 106 5.81056e-16
0 107 4.95756e-16
1 107 4.5358e-16
2 107 1.1934e-15
3 107 3.13769e-15
4 107 1.13228e-17
5 107 1.72201e-16
6 107 3.12229e-14
7 107 1.41826e-14
8 107 2.96657e-15
9 107 4.84073e-16
10 107 2.91321e-16
11 107 3.95452e-16
12 107 6.33209e-08
13 107 9.01672e-09
14 107 2.43709e-16
15 107 9.44514e-17
16 107 5.77555e-17
17 107 3.62641e-17
18 107 6.75749e-15
19 107 2.54146e-15
20 107 1.96401e-15
21 107 1.14517e-14
22 107 1.84061e-07
23 107 6.50704e-08
24 107 3.08517e-05
25 107 2.00262e-05
26 107 9.86648e-08
27 107 2.89463e-07
28 107 4.00538e-06
29 107 4.39481e-07
30 107 1.76494e-07
31 107 4.56242e-09
32 107 2.43513e-06
33 107 3.91036e-06
34 107 5.75098e-07
35 107 4.48316e-06
36 107 9.34661e-06
37 107 2.86731e-06
38 107 1.04483e-15
39 107 1.26805e-16
40 107 4.0488e-06
41 107 3.51916e-06
42 107 1.76671e-17
43 107 6.2637e-17
44 107 3.25418e-15
45 107 1.78428e-15
46 107 4.12916e-16
47 107 3.28617e-15
48 107 2.87361e-14
49 107 3.52532e-14
50 107 1.33289e-15
51 107 3.81229e-17
52 107 5.0911e-07
53 107 2.12818e-07
54 107 1.10553e-07
55 107 4.53636e-06
56 107 4.12491e-05
57 107 0.000137501
58 107 8.21214e-16
59 107 1.97135e-15
0 108 2.58523e-15
1 108 7.23128e-15
2 108 2.63506e-18
3 108 1.44054e-16
4 108 9.4426e-16
5 108 3.66153e-16
6 108 3.12774e-15
7 108 1.3828e-16
8 108 2.15584e-18
9 108 2.60379e-18
10 108 1.1524e-17
11 108 1.67035e-18
12 108 2.47374e-08
13 108 5.67755e-08
14 108 1.71118e-16
15 108 2.17396e-16
16 108 4.35346e-16
17 108 2.47625e-17
18 108 8.45408e-16
19 108 4.03122e-15
20 108 2.10226e-14
21 108 2.89968e-14
22 108 1.00678e-05
23 108 1.26472e-06
24 108 7.55262e-07
25 108 2.00969e-08
26 108 3.5633e-09
27 108 5.26085e-07
28 108 2.24013e-08
29 108 2.43966e-08
30 108 1.83135e-06
31 108 3.55283e-07
32 108 1.88176e-06
33 108 1.38905e-06
34 108 1.69506e-06
35 108 1.19257e-06
36 108 1.30378e-05
37 108 4.81983e-05
38 108 5.32594e-16
39 108 2.65465e-16
40 108 3.44006e-07
41 108 5.57102e-07
42 108 3.86549e-16
43 108 2.15421e-15
44 108 1.11072e-16
45 108 2.19787e-16
46 108 3.97352e-16
47 108 2.22071e-16
48 108 1.4169e-15
49 108 3.37714e-15
50 108 2.66472e-18
51 108 1.17424e-16
52 108 7.75392e-08
53 108 4.18843e-07
54 108 7.17609e-07
55 108 1.02248e-06
56 108 6.78909e-06
57 108 1.55603e-06
58 108 1.3606e-16
59 108 8.44046e-16
0 109 6.9904e-15
1 109 2.52351e-15
2 109 1.27971e-16
3 109 7.06382e-18
4 109 4.07302e-16
5 109 1.02263e-15
6 109 2.03582e-16
7 109 3.27683e-15
8 109 1.8921e-17
9 109 2.64561e-17
10 109 4.48627e-18
11 109 5.35056e-18
12 109 5.67767e-08
13 109 2.47378e-08
14 109 2.16167e-16
15 109 1.5904e-16
16 109 2.67275e-17
17 109 5.36683e-16
18 109 3.93047e-15
19 109 7.97136e-16
20 109 2.95962e-14
21 109 2.02056e-14
22 109 1.26472e-06
23 109 1.00678e-05
24 109 2.00966e-08
25 109 7.55258e-07
26 109 5.26086e-07
27 109 3.56324e-09
28 109 2.4396e-08
29 109 2.24017e-08
30 109 3.55283e-07
31 109 1.83136e-06
32 109 1.38905e-06
33 109 1.88176e-06
34 109 1.19257e-06
35 109 1.69507e-06
36 109 4.81983e-05
37 109 1.30378e-05
38 109 2.50938e-16
39 109 5.13213e-16
40 109 5.57101e-07
41 109 3.44006e-07
42 109 2.07357e-15
43 109 4.20577e-16
44 109 2.15119e-16
45 109 7.89439e-17
46 109 1.72115e-16
47 109 4.22441e-16
48 109 3.05907e-15
49 109 1.41371e-15
50 109 9.20918e-17
51 109 1.96245e-17
52 109 4.18843e-07
53 109 7.75397e-08
54 109 1.02249e-06
55 109 7.17607e-07
56 109 1.55604e-06
57 109 6.78909e-06
58 109 8.16163e-16
59 109 1.27e-16
0 110 9.01551e-15
1 110 5.56994e-16
2 110 2.23924e-14
3 110 1.1369e-14
4 110 6.82814e-15
5 110 2.17202e-15
6 110 3.65527e-15
7 110 1.88293e-15
8 110 4.45941e-15
9 110 2.69779e-15
10 110 1.52756e-15
11 110 2.99399e-15
12 110 6.42397e-07
13 110 4.21707e-07
14 110 4.96768e-15
15 110 1.50483e-14
16 110 8.24942e-16
17 110 6.2039e-16
18 110 1.45634e-16
19 110 1.17596e-16
20 110 6.83342e-15
21 110 2.3092e-16
22 110 8.28152e-08
23 110 1.26966e-07
24 110 1.80168e-06
25 110 1.65006e-06
26 110 3.39556e-07
27 110 3.30251e-07
28 110 8.92214e-07
29 110 5.70468e-06
30 110 3.03903e-06
31 110 4.39979e-06
32 110 2.26391e-05
33 110 4.13002e-07
34 110 4.42716e-06
35 110 8.55875e-06
36 110 1.36363e-06
37 110 8.39817e-07
38 110 9.39975e-16
39 110 2.41524e-14
40 110 1.53254e-05
41 110 5.69956e-07
42 110 4.6662e-16
43 110 4.88895e-15
44 110 4.51311e-14
45 110 7.94606e-15
46 110 1.18138e-17
47 110 2.13342e-17
48 110 8.19331e-16
49 110 1.00461e-14
50 110 4.20485e-15
51 110 3.14202e-14
52 110 1.24829e-05
53 110 1.05442e-05
54 110 1.3298e-06
55 110 7.85151e-07
56 110 1.39284e-06
57 110 1.12145e-06
58 110 2.93164e-14
59 110 4.46303e-14
0 111 4.78545e-16
1 111 9.39725e-15
2 111 1.16652e-14
3 111 2.22323e-14
4 111 1.93565e-15
5 111 7.18249e-15
6 111 1.72337e-15
7 111 3.67671e-15
8 111 2.67486e-15
9 111 4.771e-15
10 111 2.82157e-15
11 111 1.42931e-15
12 111 4.21711e-07
13 111 6.42399e-07
14 111 1.57493e-14
15 111 4.94657e-15
16 111 6.03078e-16
17 111 6.99486e-16
18 111 1.03162e-16
19 111 1.15184e-16
20 111 1.91262e-16
21 111 6.14837e-15
22 111 1.26965e-07
23 111 8.28148e-08
24 111 1.65006e-06
25 111 1.80168e-06
26 111 3.30251e-07
27 111 3.39556e-07
28 111 5.70468e-06
29 111 8.92216e-07
30 111 4.39981e-06
31 111 3.03903e-06
32 111 4.12999e-07
33 111 2.26391e-05
34 111 8.55874e-06
35 111 4.42714e-06
36 111 8.39817e-07
37 111 1.36363e-06
38 111 2.29884e-14
39 111 8.50735e-16
40 111 5.69956e-07
41 111 1.53254e-05
42 111 4.89504e-15
43 111 4.08951e-16
44 111 7.95864e-15
45 111 4.46504e-14
46 111 1.4058e-17
47 111 1.70698e-17
48 111 1.08544e-14
49 111 9.59814e-16
50 111 3.21225e-14
51 111 4.70723e-15
52 111 1.05443e-05
53 111 1.24829e-05
54 111 7.8515e-07
55 111 1.3298e-06
56 111 1.12145e-06
57 111 1.39284e-06
58 111 4.30199e-14
59 111 2.80115e-14
0 112 8.83581e-15
1 112 1.24272e-14
2 112 8.27835e-15
3 112 6.44925e-15
4 112 7.34254e-15
5 112 5.25185e-16
6 112 7.66062e-16
7 112 1.2049e-15
8 112 2.20197e-16
9 112 7.71511e-15
10 112 4.3298e-17
11 112 1.11789e-17
12 112 2.27455e-08
13 112 8.18074e-07
14 112 4.24429e-16
15 112 9.24271e-15
16 112 2.8863e-16
17 112 1.23943e-16
18 112 9.29397e-16
19 112 7.54782e-15
20 112 8.99586e-17
21 112 1.712e-17
22 112 9.35665e-07
23 112 2.5818e-06
24 112 6.07005e-06
25 112 3.71854e-06
26 112 7.10788e-07
27 112 7.19119e-07
28 112 1.48285e-07
29 112 1.11054e-06
30 112 5.05818e-06
31 112 2.88718e-05
32 112 2.4301e-06
33 112 1.48013e-06
34 112 4.30544e-06
35 112 2.06114e-07
36 112 4.56987e-08
37 112 5.99411e-07
38 112 1.1867e-14
39 112 1.84293e-14
40 112 4.46715e-06
41 112 8.05463e-06
42 112 4.06152e-14
43 112 4.30368e-14
44 112 1.77891e-15
45 112 2.62524e-15
46 112 5.87071e-15
47 112 1.67048e-16
48 112 2.43944e-15
49 112 2.73706e-15
50 112 2.74897e-15
51 112 1.06637e-14
52 112 4.77373e-06
53 112 3.76786e-05
54 112 7.75822e-07
55 112 7.02943e-09
56 112 9.91363e-06
57 112 8.83108e-07
58 112 6.27845e-14
59 112 3.81843e-14
0 113 1.10596e-14
1 113 8.77021e-15
2 113 6.65982e-15
3 113 8.55636e-15
4 113 4.22586e-16
5 113 7.6704e-15
6 113 1.06347e-15
7 113 8.11372e-16
8 113 8.54416e-15
9 113 2.28274e-16
10 113 1.7104e-17
11 113 5.40989e-17
12 113 8.18084e-07
13 113 2.27466e-08
14 113 9.44056e-15
15 113 5.162e-16
16 113 2.96396e-16
17 113 4.15324e-16
18 113 8.60158e-15
19 113 1.14688e-15
20 113 5.65777e-17
21 113 3.53416e-17
22 113 2.58179e-06
23 113 9.35667e-07
24 113 3.71854e-06
25 113 6.07005e-06
26 113 7.19113e-07
27 113 7.10797e-07
28 113 1.11055e-06
29 113 1.48284e-07
30 113 2.88718e-05
31 113 5.0582e-06
32 113 1.48013e-06
33 113 2.43009e-06
34 113 2.06112e-07
35 113 4.30543e-06
36 113 5.9941e-07
37 113 4.56995e-08
38 113 1.79152e-14
39 113 1.1769e-14
40 113 8.05464e-06
41 113 4.46713e-06
42 113 4.41587e-14
43 113 4.04411e-14
44 113 2.87116e-15
45 113 1.34026e-15
46 113 2.32898e-16
47 113 6.01885e-15
48 113 2.61419e-15
49 113 3.0279e-15
50 113 1.13177e-14
51 113 2.63748e-15
52 113 3.76787e-05
53 113 4.77376e-06
54 113 7.03016e-09
55 113 7.75824e-07
56 113 8.83116e-07
57 113 9.91358e-06
58 113 3.74055e-14
59 113 6.21236e-14
0 114 2.13386e-15
1 114 1.51284e-14
2 114 1.38571e-15
3 114 3.35682e-15
4 114 3.70041e-15
5 114 1.65391e-14
6 114 3.51772e-15
7 114 6.55548e-15
8 114 3.05655e-16
9 114 1.51927e-16
10 114 7.75754e-15
11 114 2.66468e-15
12 114 8.5819e-07
13 114 5.17118e-07
14 114 5.16216e-15
15 114 8.93415e-16
16 114 1.9761e-17
17 114 4.16614e-17
18 114 1.07861e-15
19 114 1.14225e-15
20 114 1.32453e-16
21 114 7.72546e-17
22 114 5.75472e-06
23 114 3.38917e-06
24 114 2.72247e-08
25 114 1.32612e-08
26 114 1.341e-07
27 114 1.19761e-07
28 114 5.11538e-08
29 114 5.47599e-10
30 114 1.77456e-05
31 114 8.23421e-06
32 114 2.57057e-07
33 114 9.13236e-06
34 114 2.51026e-07
35 114 4.14694e-07
36 114 1.67168e-07
37 114 1.16098e-07
38 114 2.56962e-14
39 114 4.69908e-16
40 114 1.00443e-06
41 114 5.29931e-06
42 114 5.02473e-14
43 114 4.35655e-15
44 114 6.40738e-16
45 114 1.50104e-15
46 114 3.19567e-16
47 114 1.05443e-15
48 114 2.04987e-16
49 114 7.64439e-16
50 114 1.3864e-14
51 114 1.54508e-15
52 114 1.05839e-05
53 114 5.51998e-06
54 114 3.58172e-06
55 114 1.2215e-05
56 114 1.37285e-07
57 114 3.83493e-07
58 114 3.85831e-14
59 114 2.43863e-14
0 115 1.76266e-14
1 115 2.96448e-15
2 115 2.58449e-15
3 115 1.47753e-15
4 115 1.75665e-14
5 115 3.76505e-15
6 115 6.4057e-15
7 115 2.92838e-15
8 115 4.25369e-16
9 115 3.03652e-16
10 115 2.61113e-15
11 115 7.54232e-15
12 115 5.17099e-07
13 115 8.58195e-07
14 115 7.8482e-16
15 115 5.72245e-15
16 115 1.4279e-17
17 115 2.73674e-17
18 115 6.81439e-16
19 115 1.42731e-15
20 115 4.8846e-17
21 115 5.63648e-17
22 115 3.38917e-06
23 115 5.75473e-06
24 115 1.32615e-08
25 115 2.7226e-08
26 115 1.19761e-07
27 115 1.341e-07
28 115 5.48229e-10
29 115 5.11559e-08
30 115 8.23422e-06
31 115 1.77455e-05
32 115 9.13238e-06
33 115 2.57051e-07
34 115 4.14699e-07
35 115 2.51018e-07
36 115 1.16093e-07
37 115 1.67168e-07
38 115 5.09314e-16
39 115 2.64455e-14
40 115 5.29931e-06
41 115 1.00442e-06
42 115 4.55603e-15
43 115 5.13864e-14
44 115 1.15753e-15
45 115 5.52624e-16
46 115 1.41056e-15
47 115 1.64377e-16
48 115 6.98346e-16
49 115 1.38627e-16
50 115 1.21747e-15
51 115 1.41137e-14
52 115 5.51995e-06
53 115 1.05839e-05
54 115 1.22151e-05
55 115 3.5817e-06
56 115 3.83494e-07
57 115 1.37281e-07
58 115 2.59441e-14
59 115 4.21988e-14
0 116 2.70533e-15
1 116 6.98129e-15
2 116 7.14491e-15
3 116 2.03867e-14
4 116 1.29994e-14
5 116 1.44718e-15
6 116 4.38744e-15
7 116 1.96238e-15
8 116 1.4815e-15
9 116 2.48514e-14
10 116 1.71829e-15
11 116 7.31341e-15
12 116 5.22163e-08
13 116 8.90373e-07
14 116 4.78531e-15
15 116 3.18034e-14
16 116 1.47799e-15
17 116 5.79138e-17
18 116 1.01355e-17
19 116 1.75207e-15
20 116 7.95007e-17
21 116 3.36865e-17
22 116 2.99696e-07
23 116 2.70067e-07
24 116 2.61685e-06
25 116 3.87243e-07
26 116 7.24945e-08
27 116 2.53482e-07
28 116 5.17571e-09
29 116 9.69354e-08
30 116 5.55103e-06
31 116 8.14117e-06
32 116 1.91024e-05
33 116 1.22726e-05
34 116 2.84678e-06
35 116 3.43944e-07
36 116 2.54985e-08
37 116 1.40448e-06
38 116 1.08006e-14
39 116 1.92151e-14
40 116 8.3193e-06
41 116 1.75946e-05
42 116 1.8593e-15
43 116 3.02311e-15
44 116 8.89823e-15
45 116 7.13524e-14
46 116 2.18277e-17
47 116 1.97002e-17
48 116 2.80075e-15
49 116 3.32664e-15
50 116 2.31789e-14
51 116 3.36556e-14
52 116 1.8635e-08
53 116 2.84347e-05
54 116 8.33543e-06
55 116 2.63065e-06
56 116 3.32064e-06
57 116 1.33906e-08
58 116 2.76423e-14
59 116 6.58599e-14
0 117 7.42109e-15
1 117 2.167e-15
2 117 2.03697e-14
3 117 6.54066e-15
4 117 1.73391e-15
5 117 1.38024e-14
6 117 1.87289e-15
7 117 4.42026e-15
8 117 2.52216e-14
9 117 1.26333e-15
10 117 6.76143e-15
11 117 1.7535e-15
12 117 8.90372e-07
13 117 5.22179e-08
14 117 3.07072e-14
15 117 4.38793e-15
16 117 1.62751e-16
17 117 1.71265e-15
18 117 1.54672e-15
19 117 2.27985e-17
20 117 3.23478e-17
21 117 7.59505e-17
22 117 2.70068e-07
23 117 2.99701e-07
24 117 3.87243e-07
25 117 2.61684e-06
26 117 2.5348e-07
27 117 7.24978e-08
28 117 9.69314e-08
29 117 5.17598e-09
30 117 8.14122e-06
31 117 5.55103e-06
32 117 1.22726e-05
33 117 1.91024e-05
34 117 3.43942e-07
35 117 2.84676e-06
36 117 1.40448e-06
37 117 2.54987e-08
38 117 1.66706e-14
39 117 1.06892e-14
40 117 1.75945e-05
41 117 8.31931e-06
42 117 2.6017e-15
43 117 1.85783e-15
44 117 7.28382e-14
45 117 9.77057e-15
46 117 3.47533e-17
47 117 6.88786e-18
48 117 4.02773e-15
49 117 2.50102e-15
50 117 3.16068e-14
51 117 2.4553e-14
52 117 2.84348e-05
53 117 1.86356e-08
54 117 2.63063e-06
55 117 8.33543e-06
56 117 1.33916e-08
57 117 3.32062e-06
58 117 6.56427e-14
59 117 2.51865e-14
0 118 1.88976e-07
1 118 1.28328e-07
2 118 1.07992e-07
3 118 4.20183e-07
4 118 9.77308e-08
5 118 7.71441e-08
6 118 3.21036e-07
7 118 1.40957e-08
8 118 3.07103e-07
9 118 1.46372e-07
10 118 1.90399e-09
11 118 4.44188e-09
12 118 1.38931e-15
13 118 8.48415e-16
14 118 3.09203e-08
15 118 2.42534e-08
16 118 4.91751e-07
17 118 1.44878e-07
18 118 2.40414e-09
19 118 4.28714e-09
20 118 1.16926e-08
21 118 6.89109e-09
22 118 2.18471e-16
23 118 1.29274e-17
24 118 4.11661e-16
25 118 8.41288e-17
26 118 6.7877e-17
27 118 1.8923e-15
28 118 4.8728e-15
29 118 5.52915e-15
30 118 1.32145e-15
31 118 6.0185e-16
32 118 1.62337e-15
33 118 4.56353e-16
34 118 6.29098e-17
35 118 1.06473e-16
36 118 6.23602e-17
37 118 9.83733e-17
38 118 4.09809e-09
39 118 9.68392e-09
40 118 2.01364e-15
41 118 7.54093e-16
42 118 1.08533e-07
43 118 1.7172e-06
44 118 3.60988e-06
45 118 1.79393e-06
46 118 2.12982e-07
47 118 2.3505e-07
48 118 5.33171e-10
49 118 4.22422e-09
50 118 1.18137e-06
51 118 9.23069e-07
52 118 1.42094e-16
53 118 2.2003e-16
54 118 2.57749e-16
55 118 1.19308e-15
56 118 2.70583e-15
57 118 8.11223e-16
58 118 9.50858e-08
59 118 1.89472e-06
0 119 1.28336e-07
1 119 1.8898e-07
2 119 4.20182e-07
3 119 1.0799e-07
4 119 7.71391e-08
5 119 9.77318e-08
6 119 1.40962e-08
7 119 3.21028e-07
8 119 1.46371e-07
9 119 3.07111e-07
10 119 4.44095e-09
11 119 1.90388e-09
12 119 3.27155e-16
13 119 4.80508e-16
14 119 2.42549e-08
15 119 3.09224e-08
16 119 1.44876e-07
17 119 4.91744e-07
18 119 4.2878e-09
19 119 2.40408e-09
20 119 6.89338e-09
21 119 1.16937e-08
22 119 2.42888e-17
23 119 1.28563e-16
24 119 1.13957e-16
25 119 1.45389e-16
26 119 1.54269e-15
27 119 6.23757e-17
28 119 7.61246e-15
29 119 3.18962e-15
30 119 6.59314e-16
31 119 2.54206e-15
32 119 1.21575e-16
33 119 2.31263e-15
34 119 8.17261e-17
35 119 7.68701e-17
36 119 1.36946e-16
37 119 6.73296e-19
38 119 9.6841e-09
39 119 4.09704e-09
40 119 1.46118e-15
41 119 2.74805e-15
42 119 1.71722e-06
43 119 1.08538e-07
44 119 1.79396e-06
45 119 3.60991e-06
46 119 2.35049e-07
47 119 2.1298e-07
48 119 4.22416e-09
49 119 5.33304e-10
50 119 9.23093e-07
51 119 1.18137e-06
52 119 1.70392e-16
53 119 6.00786e-17
54 119 9.16443e-16
55 119 3.85929e-16
56 119 1.69566e-15
57 119 2.72685e-15
58 119 1.8947e-06
59 119 9.50932e-08
