0 60 3.31791e-05
1 60 1.42056e-05
2 60 4.02643e-06
3 60 1.28498e-06
4 60 1.92631e-05
5 60 9.76809e-07
6 60 1.13283e-06
7 60 2.00512e-06
8 60 5.5543e-07
9 60 3.25473e-06
10 60 5.79876e-07
11 60 9.05129e-07
12 60 2.0581e-14
13 60 1.26973e-13
14 60 3.11845e-08
15 60 2.23995e-06
16 60 2.26743e-05
17 60 1.35973e-05
18 60 5.39695e-07
19 60 1.82834e-06
20 60 4.30058e-07
21 60 4.40717e-08
22 60 3.87559e-16
23 60 9.54482e-16
24 60 4.53755e-17
25 60 3.59639e-16
26 60 1.58327e-17
27 60 5.04962e-17
28 60 4.63595e-16
29 60 1.60101e-14
30 60 6.26588e-14
31 60 8.26998e-13
32 60 1.73569e-13
33 60 6.83056e-14
34 60 8.44031e-14
35 60 1.43116e-14
36 60 4.58783e-16
37 60 5.73512e-15
38 60 0.000322387
39 60 0.00147503
40 60 3.40806e-14
41 60 6.37188e-14
42 60 0.000613802
43 60 0.000961716
44 60 0.000667496
45 60 0.00114372
46 60 0.000132345
47 60 6.40966e-06
48 60 3.76256e-06
49 60 4.81195e-06
50 60 1.24695e-05
51 60 0.000185767
52 60 9.28639e-12
53 60 3.13882e-11
54 60 4.09444e-12
55 60 2.32547e-14
56 60 2.91971e-13
57 60 3.68963e-14
58 60 0.303899
59 60 0.151962
0 61 1.42056e-05
1 61 3.31791e-05
2 61 1.28499e-06
3 61 4.02643e-06
4 61 9.76809e-07
5 61 1.92631e-05
6 61 2.00512e-06
7 61 1.13283e-06
8 61 3.25473e-06
9 61 5.5543e-07
10 61 9.05129e-07
11 61 5.79877e-07
12 61 1.26949e-13
13 61 2.05332e-14
14 61 2.23995e-06
15 61 3.11843e-08
16 61 1.35973e-05
17 61 2.26743e-05
18 61 1.82834e-06
19 61 5.39695e-07
20 61 4.40718e-08
21 61 4.30058e-07
22 61 9.63547e-16
23 61 3.84523e-16
24 61 3.62837e-16
25 61 4.428e-17
26 61 4.97224e-17
27 61 1.47908e-17
28 61 1.59535e-14
29 61 4.81929e-16
30 61 8.25893e-13
31 61 6.27947e-14
32 61 6.81733e-14
33 61 1.73559e-13
34 61 1.43432e-14
35 61 8.44199e-14
36 61 5.77576e-15
37 61 4.53601e-16
38 61 0.00147503
39 61 0.000322387
40 61 6.36763e-14
41 61 3.39921e-14
42 61 0.000961716
43 61 0.000613802
44 61 0.00114372
45 61 0.000667497
46 61 6.40966e-06
47 61 0.000132345
48 61 4.81195e-06
49 61 3.76255e-06
50 61 0.000185767
51 61 1.24695e-05
52 61 3.13755e-11
53 61 9.27915e-12
54 61 2.34558e-14
55 61 4.09238e-12
56 61 3.66386e-14
57 61 2.91625e-13
58 61 0.151962
59 61 0.303899
0 62 7.27098e-16
1 62 4.66633e-16
2 62 1.33835e-14
3 62 5.13083e-15
4 62 1.84741e-16
5 62 1.12892e-16
6 62 2.52759e-14
7 62 5.3488e-14
8 62 1.24992e-14
9 62 3.40761e-16
10 62 3.52791e-16
11 62 1.15253e-16
12 62 3.67042e-07
13 62 2.37078e-09
14 62 5.10047e-15
15 62 5.7381e-16
16 62 2.68033e-17
17 62 5.47819e-17
18 62 8.65602e-14
19 62 1.24585e-16
20 62 1.00874e-14
21 62 1.32903e-14
22 62 3.12697e-06
23 62 1.51544e-06
24 62 3.15248e-05
25 62 0.000137036
26 62 1.53609e-05
27 62 5.29192e-06
28 62 0.000113213
29 62 4.10459e-05
30 62 1.22191e-09
31 62 9.59589e-08
32 62 7.94645e-06
33 62 7.9584e-06
34 62 7.5905e-06
35 62 0.000143616
36 62 4.06698e-05
37 62 5.73049e-10
38 62 1.92078e-16
39 62 4.96866e-17
40 62 3.53887e-06
41 62 1.21386e-06
42 62 8.16505e-15
43 62 5.12262e-15
44 62 3.44417e-15
45 62 6.1778e-16
46 62 3.27981e-14
47 62 3.49857e-13
48 62 1.09887e-12
49 62 1.18667e-12
50 62 9.8512e-14
51 62 7.24307e-14
52 62 1.21233e-07
53 62 5.51488e-08
54 62 0.000200938
55 62 0.000841257
56 62 0.000238672
57 62 0.00849995
58 62 1.45662e-13
59 62 1.07801e-13
0 63 4.46339e-16
1 63 7.27502e-16
2 63 5.04586e-15
3 63 1.33769e-14
4 63 1.1258e-16
5 63 1.86206e-16
6 63 5.34911e-14
7 63 2.53226e-14
8 63 3.46439e-16
9 63 1.24861e-14
10 63 1.13077e-16
11 63 3.36952e-16
12 63 2.37075e-09
13 63 3.67042e-07
14 63 5.84637e-16
15 63 5.12016e-15
16 63 5.86438e-17
17 63 2.34906e-17
18 63 1.22989e-16
19 63 8.65631e-14
20 63 1.32637e-14
21 63 1.00747e-14
22 63 1.51543e-06
23 63 3.12696e-06
24 63 0.000137036
25 63 3.15248e-05
26 63 5.29192e-06
27 63 1.53609e-05
28 63 4.10459e-05
29 63 0.000113213
30 63 9.59589e-08
31 63 1.22189e-09
32 63 7.9584e-06
33 63 7.94645e-06
34 63 0.000143616
35 63 7.5905e-06
36 63 5.73065e-10
37 63 4.06698e-05
38 63 5.41592e-17
39 63 1.84648e-16
40 63 1.21386e-06
41 63 3.53887e-06
42 63 5.07927e-15
43 63 8.21033e-15
44 63 6.15357e-16
45 63 3.44563e-15
46 63 3.50007e-13
47 63 3.28681e-14
48 63 1.18707e-12
49 63 1.09887e-12
50 63 7.24854e-14
51 63 9.84717e-14
52 63 5.5149e-08
53 63 1.21233e-07
54 63 0.000841258
55 63 0.000200938
56 63 0.00849995
57 63 0.000238672
58 63 1.07542e-13
59 63 1.45824e-13
0 64 1.71632e-14
1 64 1.48949e-14
2 64 1.96321e-15
3 64 4.02482e-15
4 64 3.64672e-14
5 64 7.84848e-14
6 64 8.69619e-15
7 64 3.06237e-15
8 64 3.14313e-16
9 64 6.94655e-17
10 64 7.12377e-16
11 64 2.85036e-15
12 64 1.46345e-06
13 64 3.92109e-07
14 64 1.77681e-15
15 64 5.91091e-16
16 64 1.4655e-16
17 64 2.09334e-16
18 64 3.37279e-16
19 64 5.37438e-17
20 64 3.27368e-14
21 64 4.29528e-14
22 64 0.000208008
23 64 2.03592e-05
24 64 2.22409e-05
25 64 1.21431e-05
26 64 3.42282e-05
27 64 0.000164093
28 64 4.72667e-06
29 64 2.81765e-06
30 64 2.0617e-06
31 64 1.6849e-07
32 64 5.52083e-07
33 64 3.14102e-07
34 64 1.50675e-08
35 64 9.25589e-09
36 64 8.3167e-05
37 64 3.71779e-05
38 64 3.19677e-15
39 64 3.99581e-15
40 64 2.3262e-06
41 64 6.89025e-07
42 64 6.14309e-15
43 64 1.9479e-14
44 64 1.91503e-15
45 64 1.96584e-16
46 64 9.7099e-13
47 64 2.44451e-12
48 64 2.61345e-14
49 64 1.12457e-13
50 64 4.41556e-15
51 64 3.25526e-15
52 64 0.000636772
53 64 0.000444207
54 64 0.00130507
55 64 0.00893476
56 64 0.0001388
57 64 0.000175067
58 64 2.22838e-15
59 64 3.69981e-14
0 65 1.48162e-14
1 65 1.69889e-14
2 65 4.06547e-15
3 65 1.95712e-15
4 65 7.84265e-14
5 65 3.65378e-14
6 65 3.06442e-15
7 65 8.67547e-15
8 65 6.79349e-17
9 65 3.12191e-16
10 65 2.88855e-15
11 65 7.26e-16
12 65 3.92109e-07
13 65 1.46345e-06
14 65 5.90357e-16
15 65 1.76484e-15
16 65 2.09705e-16
17 65 1.50177e-16
18 65 5.59931e-17
19 65 3.40515e-16
20 65 4.297e-14
21 65 3.27783e-14
22 65 2.03592e-05
23 65 0.000208008
24 65 1.21431e-05
25 65 2.22409e-05
26 65 0.000164093
27 65 3.42282e-05
28 65 2.81765e-06
29 65 4.72667e-06
30 65 1.6849e-07
31 65 2.0617e-06
32 65 3.14101e-07
33 65 5.52083e-07
34 65 9.25609e-09
35 65 1.50677e-08
36 65 3.71779e-05
37 65 8.3167e-05
38 65 4.02315e-15
39 65 3.17029e-15
40 65 6.89025e-07
41 65 2.3262e-06
42 65 1.94655e-14
43 65 6.15055e-15
44 65 1.92688e-16
45 65 1.9184e-15
46 65 2.44435e-12
47 65 9.71301e-13
48 65 1.1247e-13
49 65 2.61389e-14
50 65 3.27646e-15
51 65 4.42744e-15
52 65 0.000444207
53 65 0.000636772
54 65 0.00893476
55 65 0.00130507
56 65 0.000175067
57 65 0.0001388
58 65 3.69544e-14
59 65 2.17598e-15
0 66 4.21823e-14
1 66 8.32781e-15
2 66 2.95326e-14
3 66 2.70186e-17
4 66 4.96756e-14
5 66 4.94583e-14
6 66 2.26772e-15
7 66 2.00468e-14
8 66 7.02649e-15
9 66 5.38712e-15
10 66 4.58155e-15
11 66 6.59212e-16
12 66 0.00011731
13 66 9.93409e-05
14 66 8.09542e-15
15 66 9.2035e-15
16 66 1.49376e-15
17 66 1.06089e-14
18 66 4.77607e-16
19 66 2.52536e-16
20 66 8.69338e-16
21 66 5.10579e-17
22 66 2.84785e-08
23 66 5.5397e-07
24 66 9.04595e-09
25 66 6.20701e-08
26 66 1.88544e-07
27 66 4.80618e-09
28 66 4.79682e-06
29 66 9.63382e-06
30 66 8.35956e-06
31 66 7.83266e-05
32 66 2.49379e-05
33 66 1.99581e-05
34 66 7.7486e-06
35 66 7.19856e-06
36 66 8.72947e-07
37 66 4.25028e-07
38 66 1.14278e-12
39 66 2.23474e-12
40 66 1.09998e-05
41 66 5.79893e-06
42 66 1.70319e-13
43 66 1.03511e-13
44 66 2.87894e-13
45 66 1.0905e-13
46 66 5.71028e-15
47 66 6.75027e-15
48 66 1.14784e-14
49 66 8.83824e-15
50 66 6.77286e-15
51 66 3.43299e-14
52 66 0.00346601
53 66 0.00134587
54 66 0.000327369
55 66 0.000108077
56 66 3.88058e-05
57 66 7.19698e-05
58 66 2.48384e-11
59 66 1.65507e-12
0 67 8.32718e-15
1 67 4.17751e-14
2 67 3.53292e-17
3 67 2.95061e-14
4 67 4.93058e-14
5 67 4.93425e-14
6 67 2.02305e-14
7 67 2.28073e-15
8 67 5.42544e-15
9 67 7.10132e-15
10 67 6.46332e-16
11 67 4.57326e-15
12 67 9.93409e-05
13 67 0.00011731
14 67 9.30854e-15
15 67 8.17652e-15
16 67 1.05617e-14
17 67 1.5034e-15
18 67 2.51622e-16
19 67 4.79586e-16
20 67 4.83302e-17
21 67 8.67754e-16
22 67 5.5397e-07
23 67 2.84783e-08
24 67 6.20702e-08
25 67 9.04598e-09
26 67 4.80617e-09
27 67 1.88545e-07
28 67 9.63382e-06
29 67 4.79682e-06
30 67 7.83266e-05
31 67 8.35958e-06
32 67 1.99581e-05
33 67 2.49379e-05
34 67 7.19856e-06
35 67 7.7486e-06
36 67 4.25028e-07
37 67 8.72947e-07
38 67 2.23556e-12
39 67 1.14266e-12
40 67 5.79893e-06
41 67 1.09998e-05
42 67 1.03582e-13
43 67 1.70594e-13
44 67 1.09187e-13
45 67 2.87903e-13
46 67 6.69675e-15
47 67 5.65901e-15
48 67 8.88418e-15
49 67 1.13763e-14
50 67 3.44314e-14
51 67 6.74396e-15
52 67 0.00134587
53 67 0.00346601
54 67 0.000108077
55 67 0.000327369
56 67 7.19698e-05
57 67 3.88058e-05
58 67 1.65426e-12
59 67 2.48522e-11
0 68 1.46365e-09
1 68 3.85751e-10
2 68 7.83364e-07
3 68 1.29641e-06
4 68 1.0485e-07
5 68 5.93749e-07
6 68 2.28986e-06
7 68 8.66985e-07
8 68 1.0127e-05
9 68 1.09547e-06
10 68 1.73099e-05
11 68 2.92793e-05
12 68 4.42298e-16
13 68 3.80665e-17
14 68 2.59903e-05
15 68 5.14077e-06
16 68 2.0478e-06
17 68 2.59509e-06
18 68 1.61275e-07
19 68 2.93301e-08
20 68 9.64574e-08
21 68 5.83808e-08
22 68 6.9719e-16
23 68 4.34181e-16
24 68 5.64504e-17
25 68 3.73729e-17
26 68 7.95959e-16
27 68 1.83345e-15
28 68 3.30624e-16
29 68 1.42274e-16
30 68 3.82357e-15
31 68 5.66126e-16
32 68 9.14891e-15
33 68 4.9746e-15
34 68 5.83619e-17
35 68 2.73917e-16
36 68 1.17469e-15
37 68 2.24354e-16
38 68 2.16449e-06
39 68 2.69906e-06
40 68 3.90132e-13
41 68 8.75434e-14
42 68 5.50959e-07
43 68 1.61271e-06
44 68 1.71235e-05
45 68 2.53397e-06
46 68 2.25093e-06
47 68 1.1197e-05
48 68 1.67632e-05
49 68 5.59667e-05
50 68 0.000603145
51 68 0.000301094
52 68 5.74672e-14
53 68 1.68833e-14
54 68 8.83687e-15
55 68 3.10612e-14
56 68 3.36817e-15
57 68 1.03954e-14
58 68 6.33534e-05
59 68 0.000224054
0 69 3.85729e-10
1 69 1.4637e-09
2 69 1.2964e-06
3 69 7.83365e-07
4 69 5.9375e-07
5 69 1.0485e-07
6 69 8.66984e-07
7 69 2.28986e-06
8 69 1.09547e-06
9 69 1.0127e-05
10 69 2.92793e-05
11 69 1.73099e-05
12 69 3.62552e-17
13 69 4.40193e-16
14 69 5.14077e-06
15 69 2.59903e-05
16 69 2.59509e-06
17 69 2.0478e-06
18 69 2.93301e-08
19 69 1.61275e-07
20 69 5.83807e-08
21 69 9.64574e-08
22 69 4.37332e-16
23 69 7.06373e-16
24 69 3.8936e-17
25 69 5.5428e-17
26 69 1.83811e-15
27 69 7.91454e-16
28 69 1.46476e-16
29 69 3.3224e-16
30 69 5.67152e-16
31 69 3.81901e-15
32 69 4.97759e-15
33 69 9.1581e-15
34 69 2.72998e-16
35 69 5.4745e-17
36 69 2.30263e-16
37 69 1.17265e-15
38 69 2.69906e-06
39 69 2.16449e-06
40 69 8.75763e-14
41 69 3.90056e-13
42 69 1.61271e-06
43 69 5.5096e-07
44 69 2.53397e-06
45 69 1.71235e-05
46 69 1.1197e-05
47 69 2.25093e-06
48 69 5.59667e-05
49 69 1.67632e-05
50 69 0.000301094
51 69 0.000603145
52 69 1.68743e-14
53 69 5.75683e-14
54 69 3.11017e-14
55 69 8.83531e-15
56 69 1.03993e-14
57 69 3.36918e-15
58 69 0.000224054
59 69 6.33534e-05
0 70 4.67392e-06
1 70 3.33614e-05
2 70 4.82571e-07
3 70 4.72124e-07
4 70 1.27706e-06
5 70 4.45219e-06
6 70 1.01777e-07
7 70 3.6281e-07
8 70 6.23221e-06
9 70 8.38532e-06
10 70 2.01798e-07
11 70 9.84877e-08
12 70 2.6872e-15
13 70 2.8803e-15
14 70 5.93341e-07
15 70 2.53966e-07
16 70 1.26377e-05
17 70 2.77e-05
18 70 1.43324e-06
19 70 1.49351e-06
20 70 3.9405e-08
21 70 5.26668e-07
22 70 6.20961e-16
23 70 9.17882e-16
24 70 1.04285e-15
25 70 2.48732e-15
26 70 1.23698e-15
27 70 6.44368e-16
28 70 1.45172e-14
29 70 3.0107e-15
30 70 3.34863e-13
31 70 3.00702e-13
32 70 1.05528e-16
33 70 3.37532e-14
34 70 6.70093e-15
35 70 3.68697e-15
36 70 3.9856e-15
37 70 3.08596e-15
38 70 1.90372e-05
39 70 5.41102e-07
40 70 1.53694e-15
41 70 5.47321e-15
42 70 0.000799306
43 70 2.046e-05
44 70 0.000122152
45 70 0.00032412
46 70 1.57082e-05
47 70 3.78747e-05
48 70 2.57179e-06
49 70 9.71313e-08
50 70 9.61298e-06
51 70 2.03786e-06
52 70 9.75464e-14
53 70 7.21831e-14
54 70 1.71833e-14
55 70 2.86979e-14
56 70 2.90341e-14
57 70 6.29592e-14
58 70 0.000523028
59 70 0.000213534
0 71 3.33614e-05
1 71 4.67393e-06
2 71 4.72123e-07
3 71 4.82571e-07
4 71 4.45219e-06
5 71 1.27706e-06
6 71 3.62809e-07
7 71 1.01777e-07
8 71 8.38531e-06
9 71 6.23221e-06
10 71 9.84878e-08
11 71 2.01798e-07
12 71 2.91777e-15
13 71 2.68003e-15
14 71 2.53967e-07
15 71 5.93341e-07
16 71 2.77e-05
17 71 1.26377e-05
18 71 1.49351e-06
19 71 1.43324e-06
20 71 5.26668e-07
21 71 3.9405e-08
22 71 9.21944e-16
23 71 6.14345e-16
24 71 2.4898e-15
25 71 1.04982e-15
26 71 6.44719e-16
27 71 1.25698e-15
28 71 3.01286e-15
29 71 1.45486e-14
30 71 3.00482e-13
31 71 3.34891e-13
32 71 3.37098e-14
33 71 1.03118e-16
34 71 3.69227e-15
35 71 6.70701e-15
36 71 3.07332e-15
37 71 3.98776e-15
38 71 5.41102e-07
39 71 1.90372e-05
40 71 5.46744e-15
41 71 1.53848e-15
42 71 2.046e-05
43 71 0.000799306
44 71 0.00032412
45 71 0.000122152
46 71 3.78747e-05
47 71 1.57082e-05
48 71 9.71314e-08
49 71 2.57179e-06
50 71 2.03786e-06
51 71 9.61298e-06
52 71 7.20321e-14
53 71 9.7354e-14
54 71 2.88344e-14
55 71 1.73018e-14
56 71 6.29354e-14
57 71 2.90019e-14
58 71 0.000213534
59 71 0.000523028
0 72 7.45034e-07
1 72 7.95072e-07
2 72 9.85043e-06
3 72 1.25829e-05
4 72 7.19203e-08
5 72 4.78729e-06
6 72 1.04935e-06
7 72 1.22004e-06
8 72 3.87784e-06
9 72 3.70699e-07
10 72 2.68962e-06
11 72 1.26136e-06
12 72 2.49528e-17
13 72 3.86699e-18
14 72 1.26783e-06
15 72 8.55062e-09
16 72 1.20572e-06
17 72 3.96643e-06
18 72 1.71591e-07
19 72 5.62462e-08
20 72 8.29091e-08
21 72 1.88248e-07
22 72 1.12021e-15
23 72 3.16287e-16
24 72 4.2957e-16
25 72 3.72369e-16
26 72 4.72966e-15
27 72 3.62286e-15
28 72 1.52139e-16
29 72 2.67808e-16
30 72 6.15335e-14
31 72 1.4081e-14
32 72 1.2042e-13
33 72 2.43454e-13
34 72 3.19702e-15
35 72 4.68027e-14
36 72 5.24154e-15
37 72 1.60017e-15
38 72 1.76761e-06
39 72 7.75416e-07
40 72 8.52769e-15
41 72 6.06664e-15
42 72 0.000261574
43 72 0.000177337
44 72 0.000374396
45 72 0.000118027
46 72 2.37552e-08
47 72 3.79711e-08
48 72 5.91341e-06
49 72 4.45663e-06
50 72 2.2034e-05
51 72 4.13804e-06
52 72 4.43365e-14
53 72 6.36908e-15
54 72 1.65048e-15
55 72 4.83845e-14
56 72 1.38296e-14
57 72 6.28834e-14
58 72 0.000107353
59 72 0.000163544
0 73 7.9507e-07
1 73 7.45033e-07
2 73 1.25829e-05
3 73 9.85043e-06
4 73 4.78728e-06
5 73 7.19204e-08
6 73 1.22004e-06
7 73 1.04935e-06
8 73 3.70699e-07
9 73 3.87784e-06
10 73 1.26136e-06
11 73 2.68962e-06
12 73 3.53193e-18
13 73 2.11971e-17
14 73 8.55067e-09
15 73 1.26783e-06
16 73 3.96643e-06
17 73 1.20572e-06
18 73 5.62462e-08
19 73 1.71591e-07
20 73 1.88248e-07
21 73 8.29093e-08
22 73 3.14617e-16
23 73 1.11059e-15
24 73 3.77989e-16
25 73 4.39363e-16
26 73 3.61534e-15
27 73 4.72319e-15
28 73 2.72583e-16
29 73 1.51825e-16
30 73 1.40691e-14
31 73 6.16188e-14
32 73 2.43549e-13
33 73 1.20394e-13
34 73 4.68807e-14
35 73 3.20869e-15
36 73 1.5989e-15
37 73 5.24485e-15
38 73 7.75416e-07
39 73 1.76761e-06
40 73 6.08299e-15
41 73 8.5222e-15
42 73 0.000177337
43 73 0.000261574
44 73 0.000118027
45 73 0.000374396
46 73 3.79712e-08
47 73 2.37552e-08
48 73 4.45662e-06
49 73 5.9134e-06
50 73 4.13804e-06
51 73 2.2034e-05
52 73 6.39345e-15
53 73 4.42389e-14
54 73 4.82403e-14
55 73 1.68224e-15
56 73 6.29865e-14
57 73 1.38971e-14
58 73 0.000163544
59 73 0.000107353
0 74 3.64907e-06
1 74 8.57467e-08
2 74 3.51221e-06
3 74 7.09395e-07
4 74 5.56341e-07
5 74 1.62016e-07
6 74 2.43345e-06
7 74 3.42078e-06
8 74 3.21117e-07
9 74 3.42025e-07
10 74 9.26996e-08
11 74 8.74983e-08
12 74 1.50777e-17
13 74 1.30239e-17
14 74 6.13688e-07
15 74 1.83399e-06
16 74 8.61491e-07
17 74 1.27248e-06
18 74 7.66649e-06
19 74 4.75379e-06
20 74 2.21411e-06
21 74 3.50221e-08
22 74 3.13864e-16
23 74 1.08626e-15
24 74 1.47156e-14
25 74 2.77144e-14
26 74 9.90116e-14
27 74 4.06001e-14
28 74 3.81999e-14
29 74 2.71725e-13
30 74 3.31159e-15
31 74 2.02759e-14
32 74 2.73518e-15
33 74 2.53537e-16
34 74 3.44195e-14
35 74 4.28166e-14
36 74 3.15579e-15
37 74 1.63623e-15
38 74 1.7092e-07
39 74 3.68375e-06
40 74 1.62766e-15
41 74 9.34432e-16
42 74 3.06552e-05
43 74 9.89037e-05
44 74 3.23257e-06
45 74 4.26774e-07
46 74 5.96219e-05
47 74 2.56289e-05
48 74 6.7911e-05
49 74 0.000262893
50 74 1.00437e-06
51 74 3.43234e-05
52 74 4.37537e-14
53 74 3.76206e-14
54 74 2.79668e-13
55 74 6.6343e-14
56 74 6.4165e-13
57 74 5.69772e-13
58 74 0.00017411
59 74 0.000100985
0 75 8.5747e-08
1 75 3.64907e-06
2 75 7.09395e-07
3 75 3.51221e-06
4 75 1.62017e-07
5 75 5.5634e-07
6 75 3.42079e-06
7 75 2.43344e-06
8 75 3.42025e-07
9 75 3.21116e-07
10 75 8.74984e-08
11 75 9.26996e-08
12 75 1.23498e-17
13 75 1.44043e-17
14 75 1.83399e-06
15 75 6.13688e-07
16 75 1.27248e-06
17 75 8.6149e-07
18 75 4.75379e-06
19 75 7.66649e-06
20 75 3.5022e-08
21 75 2.21411e-06
22 75 1.08403e-15
23 75 3.27975e-16
24 75 2.77517e-14
25 75 1.46901e-14
26 75 4.05941e-14
27 75 9.90116e-14
28 75 2.71691e-13
29 75 3.8172e-14
30 75 2.03015e-14
31 75 3.29308e-15
32 75 2.54898e-16
33 75 2.74952e-15
34 75 4.27834e-14
35 75 3.43743e-14
36 75 1.62395e-15
37 75 3.1614e-15
38 75 3.68375e-06
39 75 1.70921e-07
40 75 9.29865e-16
41 75 1.63083e-15
42 75 9.89037e-05
43 75 3.06552e-05
44 75 4.26772e-07
45 75 3.23258e-06
46 75 2.56289e-05
47 75 5.96219e-05
48 75 0.000262893
49 75 6.7911e-05
50 75 3.43234e-05
51 75 1.00437e-06
52 75 3.74597e-14
53 75 4.38544e-14
54 75 6.60925e-14
55 75 2.79712e-13
56 75 5.69594e-13
57 75 6.4173e-13
58 75 0.000100985
59 75 0.00017411
0 76 4.67595e-06
1 76 4.02253e-06
2 76 7.94082e-07
3 76 4.64122e-06
4 76 5.95477e-06
5 76 3.66887e-06
6 76 9.89167e-07
7 76 7.09247e-08
8 76 1.39635e-10
9 76 1.98529e-09
10 76 4.26302e-08
11 76 1.15808e-06
12 76 1.86344e-15
13 76 1.76568e-15
14 76 9.91046e-07
15 76 1.22291e-06
16 76 1.43783e-06
17 76 1.82855e-07
18 76 3.31367e-07
19 76 6.41697e-07
20 76 7.9331e-06
21 76 4.73767e-06
22 76 5.21061e-14
23 76 8.6968e-15
24 76 1.14269e-14
25 76 1.82046e-15
26 76 3.99565e-14
27 76 5.3103e-13
28 76 1.85205e-14
29 76 2.93068e-14
30 76 1.25777e-14
31 76 3.39596e-15
32 76 7.91111e-15
33 76 9.22916e-16
34 76 6.42684e-17
35 76 3.67506e-17
36 76 1.42548e-14
37 76 2.02508e-14
38 76 2.2781e-06
39 76 5.61463e-06
40 76 7.62415e-16
41 76 4.96565e-16
42 76 6.92243e-07
43 76 9.30029e-06
44 76 2.3652e-05
45 76 2.12594e-05
46 76 0.00034058
47 76 0.000241386
48 76 2.99326e-06
49 76 2.99532e-05
50 76 6.50562e-07
51 76 5.52646e-07
52 76 2.61615e-14
53 76 5.73509e-14
54 76 6.75725e-13
55 76 1.18599e-12
56 76 6.46866e-14
57 76 2.24502e-14
58 76 1.61767e-06
59 76 6.61696e-05
0 77 4.02253e-06
1 77 4.67596e-06
2 77 4.64122e-06
3 77 7.94082e-07
4 77 3.66887e-06
5 77 5.95477e-06
6 77 7.09253e-08
7 77 9.89168e-07
8 77 1.98532e-09
9 77 1.39638e-10
10 77 1.15808e-06
11 77 4.26302e-08
12 77 1.76808e-15
13 77 1.91566e-15
14 77 1.22291e-06
15 77 9.91046e-07
16 77 1.82856e-07
17 77 1.43783e-06
18 77 6.41698e-07
19 77 3.31367e-07
20 77 4.73767e-06
21 77 7.93309e-06
22 77 8.69542e-15
23 77 5.22684e-14
24 77 1.81252e-15
25 77 1.14923e-14
26 77 5.31174e-13
27 77 3.99729e-14
28 77 2.93162e-14
29 77 1.8506e-14
30 77 3.37769e-15
31 77 1.25865e-14
32 77 9.08402e-16
33 77 7.89524e-15
34 77 3.7934e-17
35 77 6.40419e-17
36 77 2.02441e-14
37 77 1.42652e-14
38 77 5.61463e-06
39 77 2.2781e-06
40 77 4.88261e-16
41 77 7.63208e-16
42 77 9.3003e-06
43 77 6.92242e-07
44 77 2.12594e-05
45 77 2.3652e-05
46 77 0.000241386
47 77 0.000340579
48 77 2.99532e-05
49 77 2.99326e-06
50 77 5.52646e-07
51 77 6.50562e-07
52 77 5.73956e-14
53 77 2.62008e-14
54 77 1.18596e-12
55 77 6.7541e-13
56 77 2.25035e-14
57 77 6.46417e-14
58 77 6.61696e-05
59 77 1.61767e-06
0 78 3.2759e-06
1 78 2.33863e-06
2 78 4.9664e-06
3 78 1.47875e-06
4 78 5.94702e-07
5 78 7.04342e-06
6 78 5.79596e-07
7 78 2.6226e-06
8 78 1.24042e-06
9 78 2.24406e-07
10 78 6.52459e-08
11 78 1.93133e-09
12 78 1.74533e-13
13 78 2.90662e-14
14 78 2.91239e-06
15 78 4.88741e-07
16 78 9.97617e-09
17 78 5.39372e-07
18 78 9.17523e-08
19 78 6.44433e-09
20 78 5.506e-08
21 78 9.5882e-08
22 78 6.6221e-16
23 78 1.1791e-15
24 78 8.19191e-17
25 78 1.04745e-15
26 78 2.69485e-15
27 78 4.0804e-16
28 78 1.07403e-14
29 78 3.31921e-15
30 78 5.33575e-14
31 78 6.55349e-14
32 78 1.47224e-14
33 78 3.23501e-14
34 78 2.85894e-15
35 78 9.79096e-15
36 78 1.85065e-15
37 78 1.44732e-16
38 78 0.000353895
39 78 0.000156699
40 78 8.9987e-15
41 78 1.18766e-14
42 78 1.40478e-05
43 78 3.8121e-06
44 78 8.71387e-06
45 78 2.21794e-06
46 78 2.9011e-07
47 78 3.15199e-06
48 78 1.74543e-06
49 78 6.89755e-07
50 78 3.37987e-07
51 78 1.87892e-07
52 78 3.34419e-12
53 78 1.05508e-13
54 78 1.10793e-13
55 78 2.18689e-13
56 78 2.29183e-15
57 78 9.55205e-14
58 78 0.000465883
59 78 0.000123829
0 79 2.33863e-06
1 79 3.2759e-06
2 79 1.47875e-06
3 79 4.9664e-06
4 79 7.04342e-06
5 79 5.94702e-07
6 79 2.6226e-06
7 79 5.79597e-07
8 79 2.24406e-07
9 79 1.24042e-06
10 79 1.93137e-09
11 79 6.5246e-08
12 79 2.92009e-14
13 79 1.74672e-13
14 79 4.88741e-07
15 79 2.91239e-06
16 79 5.39372e-07
17 79 9.97617e-09
18 79 6.44432e-09
19 79 9.17523e-08
20 79 9.5882e-08
21 79 5.50599e-08
22 79 1.19054e-15
23 79 6.53463e-16
24 79 1.05337e-15
25 79 8.28723e-17
26 79 4.0091e-16
27 79 2.6868e-15
28 79 3.29661e-15
29 79 1.07412e-14
30 79 6.55418e-14
31 79 5.32955e-14
32 79 3.23998e-14
33 79 1.47051e-14
34 79 9.78531e-15
35 79 2.85769e-15
36 79 1.48795e-16
37 79 1.85342e-15
38 79 0.000156699
39 79 0.000353896
40 79 1.18737e-14
41 79 8.97135e-15
42 79 3.8121e-06
43 79 1.40478e-05
44 79 2.21794e-06
45 79 8.71387e-06
46 79 3.15199e-06
47 79 2.9011e-07
48 79 6.89754e-07
49 79 1.74543e-06
50 79 1.87892e-07
51 79 3.37986e-07
52 79 1.05756e-13
53 79 3.34305e-12
54 79 2.18668e-13
55 79 1.11018e-13
56 79 9.56335e-14
57 79 2.3243e-15
58 79 0.000123829
59 79 0.000465883
0 80 3.45302e-17
1 80 4.46928e-17
2 80 3.07044e-16
3 80 7.19154e-16
4 80 2.92386e-17
5 80 2.79407e-16
6 80 9.02635e-18
7 80 1.28573e-17
8 80 1.67626e-16
9 80 5.22057e-17
10 80 5.24502e-16
11 80 4.77033e-16
12 80 7.39786e-08
13 80 6.2244e-09
14 80 8.64934e-16
15 80 8.18257e-17
16 80 8.82971e-17
17 80 1.13977e-16
18 80 1.47823e-14
19 80 2.96691e-15
20 80 3.97714e-14
21 80 6.87425e-14
22 80 2.70653e-08
23 80 7.02308e-09
24 80 1.05443e-07
25 80 8.22765e-08
26 80 1.53451e-09
27 80 4.35861e-10
28 80 2.78305e-06
29 80 7.25558e-07
30 80 4.10819e-06
31 80 3.67007e-07
32 80 1.44657e-07
33 80 1.14596e-07
34 80 3.13584e-07
35 80 9.49904e-06
36 80 0.000142864
37 80 2.2593e-05
38 80 6.6882e-16
39 80 2.60707e-16
40 80 1.87487e-07
41 80 9.91873e-08
42 80 5.12315e-17
43 80 1.36801e-16
44 80 7.34154e-16
45 80 5.72827e-17
46 80 1.51664e-16
47 80 1.09534e-15
48 80 1.60295e-14
49 80 3.15473e-14
50 80 2.3484e-14
51 80 5.72233e-15
52 80 2.19307e-06
53 80 6.01485e-07
54 80 5.71963e-08
55 80 2.12916e-06
56 80 2.36713e-05
57 80 9.76395e-05
58 80 3.92792e-16
59 80 2.35525e-15
0 81 4.57899e-17
1 81 3.15314e-17
2 81 7.3734e-16
3 81 2.95272e-16
4 81 2.78302e-16
5 81 2.89611e-17
6 81 1.4226e-17
7 81 1.19115e-17
8 81 5.23293e-17
9 81 1.60281e-16
10 81 4.75009e-16
11 81 5.13999e-16
12 81 6.2244e-09
13 81 7.39788e-08
14 81 8.40256e-17
15 81 8.71329e-16
16 81 1.15558e-16
17 81 9.46454e-17
18 81 2.96683e-15
19 81 1.48075e-14
20 81 6.87243e-14
21 81 3.97304e-14
22 81 7.02305e-09
23 81 2.70655e-08
24 81 8.22766e-08
25 81 1.05443e-07
26 81 4.35855e-10
27 81 1.53451e-09
28 81 7.25558e-07
29 81 2.78305e-06
30 81 3.67007e-07
31 81 4.1082e-06
32 81 1.14596e-07
33 81 1.44657e-07
34 81 9.49905e-06
35 81 3.13583e-07
36 81 2.2593e-05
37 81 0.000142864
38 81 2.61078e-16
39 81 6.63662e-16
40 81 9.91875e-08
41 81 1.87488e-07
42 81 1.41352e-16
43 81 4.96511e-17
44 81 5.31426e-17
45 81 7.28479e-16
46 81 1.10173e-15
47 81 1.54115e-16
48 81 3.1542e-14
49 81 1.60446e-14
50 81 5.74623e-15
51 81 2.34114e-14
52 81 6.01485e-07
53 81 2.19307e-06
54 81 2.12916e-06
55 81 5.71965e-08
56 81 9.76395e-05
57 81 2.36713e-05
58 81 2.35517e-15
59 81 3.98713e-16
0 82 2.08498e-15
1 82 7.06873e-16
2 82 9.9746e-16
3 82 1.81707e-16
4 82 5.93845e-15
5 82 1.89231e-15
6 82 2.75164e-15
7 82 1.18499e-14
8 82 1.29271e-16
9 82 3.61092e-16
10 82 1.60535e-16
11 82 5.89448e-17
12 82 2.58488e-09
13 82 6.59293e-09
14 82 1.38076e-15
15 82 6.74583e-15
16 82 7.86735e-17
17 82 4.64429e-17
18 82 5.69534e-14
19 82 6.91593e-14
20 82 4.51411e-15
21 82 1.58552e-15
22 82 2.05371e-07
23 82 1.05294e-05
24 82 4.21298e-06
25 82 1.34828e-05
26 82 2.54108e-07
27 82 3.33617e-08
28 82 4.67157e-07
29 82 2.09611e-06
30 82 3.18046e-08
31 82 1.16131e-06
32 82 1.56314e-05
33 82 1.21552e-05
34 82 0.000123342
35 82 3.63486e-05
36 82 1.99776e-06
37 82 2.83243e-06
38 82 1.66696e-18
39 82 3.68607e-17
40 82 7.22168e-07
41 82 4.88608e-07
42 82 4.69289e-15
43 82 1.15465e-15
44 82 9.05467e-17
45 82 1.12168e-17
46 82 2.15366e-16
47 82 2.79216e-17
48 82 5.4615e-15
49 82 3.8395e-15
50 82 1.25453e-16
51 82 2.46893e-17
52 82 2.1972e-09
53 82 4.49113e-09
54 82 2.858e-06
55 82 1.89988e-07
56 82 2.2151e-05
57 82 1.56935e-05
58 82 1.20933e-15
59 82 5.03179e-16
0 83 7.08894e-16
1 83 2.05837e-15
2 83 1.78126e-16
3 83 1.03212e-15
4 83 1.91626e-15
5 83 5.94763e-15
6 83 1.17768e-14
7 83 2.67245e-15
8 83 3.5269e-16
9 83 1.24978e-16
10 83 5.99247e-17
11 83 1.69712e-16
12 83 6.59292e-09
13 83 2.58485e-09
14 83 6.78804e-15
15 83 1.37526e-15
16 83 4.76382e-17
17 83 8.05962e-17
18 83 6.90851e-14
19 83 5.70372e-14
20 83 1.57776e-15
21 83 4.51832e-15
22 83 1.05294e-05
23 83 2.05371e-07
24 83 1.34828e-05
25 83 4.21298e-06
26 83 3.33617e-08
27 83 2.54108e-07
28 83 2.09611e-06
29 83 4.67157e-07
30 83 1.16131e-06
31 83 3.18045e-08
32 83 1.21552e-05
33 83 1.56314e-05
34 83 3.63486e-05
35 83 0.000123342
36 83 2.83243e-06
37 83 1.99775e-06
38 83 3.75974e-17
39 83 2.12598e-18
40 83 4.88608e-07
41 83 7.22168e-07
42 83 1.15987e-15
43 83 4.70035e-15
44 83 1.06004e-17
45 83 9.70518e-17
46 83 3.29329e-17
47 83 2.17189e-16
48 83 3.848e-15
49 83 5.47316e-15
50 83 2.39171e-17
51 83 1.26085e-16
52 83 4.49114e-09
53 83 2.19718e-09
54 83 1.89989e-07
55 83 2.85799e-06
56 83 1.56935e-05
57 83 2.2151e-05
58 83 4.8279e-16
59 83 1.25538e-15
0 84 2.04553e-15
1 84 2.83027e-15
2 84 1.33442e-17
3 84 8.5576e-18
4 84 3.79818e-14
5 84 2.84571e-15
6 84 4.48568e-15
7 84 1.22909e-15
8 84 1.74917e-15
9 84 1.08069e-14
10 84 5.18793e-16
11 84 4.69163e-15
12 84 1.66699e-07
13 84 1.13406e-06
14 84 5.08021e-15
15 84 4.09477e-14
16 84 5.81237e-16
17 84 8.94755e-18
18 84 2.41178e-15
19 84 2.55269e-14
20 84 5.58714e-16
21 84 1.45919e-16
22 84 3.16269e-05
23 84 2.01788e-05
24 84 7.80925e-06
25 84 1.04344e-06
26 84 6.66358e-07
27 84 3.32386e-06
28 84 2.73677e-08
29 84 1.32583e-07
30 84 1.78193e-07
31 84 2.04986e-07
32 84 6.85723e-07
33 84 2.64778e-07
34 84 5.66406e-06
35 84 1.46904e-06
36 84 5.12454e-08
37 84 5.91899e-07
38 84 7.50155e-15
39 84 1.02089e-14
40 84 2.27263e-05
41 84 2.67601e-05
42 84 3.40889e-17
43 84 3.90065e-16
44 84 3.18505e-15
45 84 1.10034e-14
46 84 9.90054e-15
47 84 1.28217e-15
48 84 5.3768e-15
49 84 1.50684e-14
50 84 3.41788e-14
51 84 6.84884e-14
52 84 1.05439e-06
53 84 2.90602e-05
54 84 1.28491e-05
55 84 4.82175e-06
56 84 1.68802e-06
57 84 3.55052e-08
58 84 7.68342e-15
59 84 2.6923e-14
0 85 2.83579e-15
1 85 2.08475e-15
2 85 1.10015e-17
3 85 1.07282e-17
4 85 2.82364e-15
5 85 3.79422e-14
6 85 1.19304e-15
7 85 4.57315e-15
8 85 1.08559e-14
9 85 1.7347e-15
10 85 4.66657e-15
11 85 4.99379e-16
12 85 1.13406e-06
13 85 1.66699e-07
14 85 4.10482e-14
15 85 5.02686e-15
16 85 7.37624e-18
17 85 5.77958e-16
18 85 2.54551e-14
19 85 2.40136e-15
20 85 1.41106e-16
21 85 5.63169e-16
22 85 2.01788e-05
23 85 3.16269e-05
24 85 1.04345e-06
25 85 7.80925e-06
26 85 3.32386e-06
27 85 6.66358e-07
28 85 1.32583e-07
29 85 2.73676e-08
30 85 2.04986e-07
31 85 1.78193e-07
32 85 2.64778e-07
33 85 6.85723e-07
34 85 1.46904e-06
35 85 5.66406e-06
36 85 5.91898e-07
37 85 5.12454e-08
38 85 1.02518e-14
39 85 7.4867e-15
40 85 2.67601e-05
41 85 2.27263e-05
42 85 4.0621e-16
43 85 3.47884e-17
44 85 1.10497e-14
45 85 3.18406e-15
46 85 1.26404e-15
47 85 9.9079e-15
48 85 1.5048e-14
49 85 5.32975e-15
50 85 6.8634e-14
51 85 3.4172e-14
52 85 2.90602e-05
53 85 1.05439e-06
54 85 4.82175e-06
55 85 1.28491e-05
56 85 3.55056e-08
57 85 1.68802e-06
58 85 2.68581e-14
59 85 7.71057e-15
0 86 3.13703e-15
1 86 2.34701e-15
2 86 1.77826e-15
3 86 1.08464e-14
4 86 1.62204e-14
5 86 6.39315e-15
6 86 3.66464e-14
7 86 8.8244e-16
8 86 1.74564e-15
9 86 2.74654e-15
10 86 4.7859e-17
11 86 3.94517e-15
12 86 1.096e-07
13 86 1.88786e-07
14 86 4.33925e-16
15 86 1.1426e-15
16 86 5.17385e-16
17 86 1.13007e-16
18 86 2.28509e-15
19 86 5.92254e-15
20 86 4.64156e-15
21 86 3.32236e-15
22 86 2.07697e-05
23 86 4.56814e-06
24 86 7.21392e-05
25 86 4.55612e-06
26 86 2.36125e-08
27 86 3.89616e-07
28 86 2.82791e-07
29 86 6.32929e-07
30 86 2.63253e-07
31 86 1.14041e-07
32 86 8.11915e-07
33 86 1.92025e-07
34 86 2.41356e-06
35 86 2.31955e-06
36 86 1.69968e-06
37 86 4.30245e-06
38 86 7.87194e-16
39 86 1.98841e-15
40 86 1.67934e-06
41 86 6.74339e-07
42 86 5.48559e-16
43 86 4.4837e-15
44 86 6.76132e-17
45 86 3.09548e-16
46 86 4.81821e-16
47 86 1.48493e-16
48 86 1.43042e-15
49 86 1.13282e-14
50 86 6.17817e-15
51 86 7.5814e-15
52 86 6.28713e-07
53 86 2.52452e-06
54 86 6.12808e-06
55 86 5.92574e-06
56 86 4.22084e-05
57 86 8.58765e-06
58 86 1.04992e-15
59 86 1.08852e-14
0 87 2.34124e-15
1 87 3.13879e-15
2 87 1.06944e-14
3 87 1.76887e-15
4 87 6.37889e-15
5 87 1.62826e-14
6 87 8.64575e-16
7 87 3.6516e-14
8 87 2.69397e-15
9 87 1.77012e-15
10 87 3.94586e-15
11 87 4.62773e-17
12 87 1.88786e-07
13 87 1.096e-07
14 87 1.14918e-15
15 87 4.25777e-16
16 87 1.10063e-16
17 87 4.95788e-16
18 87 5.93529e-15
19 87 2.28707e-15
20 87 3.30802e-15
21 87 4.63894e-15
22 87 4.56814e-06
23 87 2.07697e-05
24 87 4.55611e-06
25 87 7.21392e-05
26 87 3.89616e-07
27 87 2.36125e-08
28 87 6.32929e-07
29 87 2.82791e-07
30 87 1.14041e-07
31 87 2.63253e-07
32 87 1.92025e-07
33 87 8.11915e-07
34 87 2.31955e-06
35 87 2.41356e-06
36 87 4.30245e-06
37 87 1.69967e-06
38 87 1.95473e-15
39 87 7.88833e-16
40 87 6.74338e-07
41 87 1.67934e-06
42 87 4.45845e-15
43 87 5.36505e-16
44 87 3.01715e-16
45 87 7.06146e-17
46 87 1.53657e-16
47 87 4.73521e-16
48 87 1.13995e-14
49 87 1.4382e-15
50 87 7.55633e-15
51 87 6.14707e-15
52 87 2.52452e-06
53 87 6.28713e-07
54 87 5.92575e-06
55 87 6.12807e-06
56 87 8.58765e-06
57 87 4.22084e-05
58 87 1.08006e-14
59 87 1.09926e-15
0 88 2.29231e-15
1 88 1.80056e-14
2 88 3.716e-16
3 88 1.43692e-14
4 88 6.86137e-15
5 88 7.99057e-15
6 88 9.86192e-15
7 88 2.02905e-15
8 88 2.38545e-16
9 88 1.67525e-16
10 88 2.83486e-15
11 88 1.20742e-14
12 88 8.75949e-08
13 88 9.62325e-08
14 88 4.53265e-14
15 88 2.408e-14
16 88 5.39867e-16
17 88 1.46341e-16
18 88 2.53531e-16
19 88 2.78403e-16
20 88 9.66125e-16
21 88 1.02109e-14
22 88 5.15305e-05
23 88 2.2343e-06
24 88 1.60068e-05
25 88 2.39579e-06
26 88 2.98861e-08
27 88 4.021e-07
28 88 1.62385e-06
29 88 4.68183e-07
30 88 4.8246e-06
31 88 4.1455e-07
32 88 2.307e-06
33 88 4.6476e-06
34 88 5.23539e-06
35 88 6.778e-06
36 88 2.49209e-06
37 88 4.15387e-06
38 88 1.0033e-14
39 88 6.65881e-16
40 88 1.34169e-05
41 88 3.66079e-05
42 88 5.8156e-16
43 88 6.88187e-16
44 88 2.32941e-16
45 88 5.119e-16
46 88 1.46111e-14
47 88 2.32138e-14
48 88 1.67847e-14
49 88 1.49043e-14
50 88 1.08815e-13
51 88 1.02171e-14
52 88 2.53284e-08
53 88 5.43698e-08
54 88 2.25313e-05
55 88 8.64412e-05
56 88 1.02101e-05
57 88 7.27096e-06
58 88 3.05086e-15
59 88 1.93366e-14
0 89 1.80809e-14
1 89 2.25069e-15
2 89 1.43415e-14
3 89 3.70912e-16
4 89 8.00258e-15
5 89 6.84723e-15
6 89 2.02719e-15
7 89 9.95234e-15
8 89 1.54851e-16
9 89 2.42063e-16
10 89 1.19958e-14
11 89 2.81379e-15
12 89 9.62326e-08
13 89 8.75949e-08
14 89 2.40509e-14
15 89 4.53874e-14
16 89 1.47913e-16
17 89 5.30527e-16
18 89 2.67477e-16
19 89 2.50906e-16
20 89 1.02023e-14
21 89 9.72145e-16
22 89 2.2343e-06
23 89 5.15305e-05
24 89 2.39579e-06
25 89 1.60068e-05
26 89 4.021e-07
27 89 2.98861e-08
28 89 4.68183e-07
29 89 1.62385e-06
30 89 4.1455e-07
31 89 4.8246e-06
32 89 4.6476e-06
33 89 2.307e-06
34 89 6.778e-06
35 89 5.23539e-06
36 89 4.15387e-06
37 89 2.49209e-06
38 89 6.64492e-16
39 89 1.00479e-14
40 89 3.66078e-05
41 89 1.34169e-05
42 89 6.86023e-16
43 89 5.77745e-16
44 89 5.10498e-16
45 89 2.41648e-16
46 89 2.31725e-14
47 89 1.45951e-14
48 89 1.49848e-14
49 89 1.68168e-14
50 89 1.02271e-14
51 89 1.08751e-13
52 89 5.43699e-08
53 89 2.53284e-08
54 89 8.64412e-05
55 89 2.25313e-05
56 89 7.27096e-06
57 89 1.02101e-05
58 89 1.93648e-14
59 89 3.02286e-15
0 90 4.91099e-14
1 90 7.26311e-14
2 90 1.73206e-15
3 90 4.74353e-16
4 90 1.1892e-14
5 90 3.76876e-14
6 90 8.38925e-17
7 90 1.98339e-15
8 90 7.29567e-15
9 90 6.29303e-15
10 90 1.27209e-15
11 90 8.09727e-17
12 90 1.65702e-06
13 90 1.15824e-06
14 90 1.94609e-15
15 90 1.01096e-15
16 90 1.48918e-15
17 90 1.52886e-14
18 90 8.75538e-17
19 90 5.19153e-17
20 90 6.86606e-18
21 90 2.4375e-18
22 90 4.51554e-07
23 90 1.68703e-06
24 90 1.50302e-07
25 90 1.28819e-06
26 90 8.4013e-07
27 90 1.03281e-07
28 90 2.11187e-06
29 90 8.05925e-07
30 90 3.62166e-05
31 90 7.84431e-05
32 90 8.61647e-07
33 90 4.78498e-06
34 90 1.14738e-06
35 90 1.06956e-06
36 90 6.04084e-07
37 90 2.97897e-07
38 90 1.25281e-14
39 90 2.55394e-15
40 90 4.71538e-07
41 90 1.2098e-06
42 90 2.16856e-13
43 90 7.49525e-15
44 90 6.60867e-14
45 90 6.49303e-14
46 90 1.24308e-14
47 90 2.83502e-14
48 90 4.1437e-15
49 90 3.75018e-16
50 90 3.14412e-15
51 90 2.39221e-15
52 90 1.55879e-05
53 90 4.79214e-06
54 90 5.424e-06
55 90 5.0512e-06
56 90 1.57694e-06
57 90 6.56047e-06
58 90 9.02811e-14
59 90 7.55172e-15
0 91 7.25445e-14
1 91 4.90325e-14
2 91 5.13072e-16
3 91 1.72112e-15
4 91 3.77364e-14
5 91 1.19844e-14
6 91 1.94069e-15
7 91 8.66868e-17
8 91 6.36226e-15
9 91 7.21533e-15
10 91 8.39558e-17
11 91 1.27923e-15
12 91 1.15824e-06
13 91 1.65702e-06
14 91 1.02021e-15
15 91 1.92922e-15
16 91 1.53299e-14
17 91 1.4821e-15
18 91 5.11701e-17
19 91 9.1663e-17
20 91 2.90773e-18
21 91 6.67586e-18
22 91 1.68703e-06
23 91 4.51554e-07
24 91 1.28819e-06
25 91 1.50302e-07
26 91 1.03281e-07
27 91 8.40131e-07
28 91 8.05924e-07
29 91 2.11187e-06
30 91 7.84431e-05
31 91 3.62166e-05
32 91 4.78498e-06
33 91 8.61647e-07
34 91 1.06956e-06
35 91 1.14738e-06
36 91 2.97897e-07
37 91 6.04083e-07
38 91 2.5852e-15
39 91 1.24651e-14
40 91 1.2098e-06
41 91 4.71538e-07
42 91 7.45855e-15
43 91 2.16951e-13
44 91 6.5082e-14
45 91 6.60312e-14
46 91 2.82973e-14
47 91 1.23823e-14
48 91 3.63847e-16
49 91 4.13807e-15
50 91 2.39475e-15
51 91 3.12884e-15
52 91 4.79213e-06
53 91 1.55879e-05
54 91 5.0512e-06
55 91 5.424e-06
56 91 6.56047e-06
57 91 1.57694e-06
58 91 7.536e-15
59 91 9.07179e-14
0 92 5.84325e-15
1 92 4.01149e-15
2 92 3.05688e-14
3 92 4.71995e-14
4 92 1.43474e-14
5 92 1.26516e-16
6 92 1.97577e-14
7 92 8.46084e-15
8 92 7.80001e-16
9 92 6.87361e-15
10 92 1.24079e-16
11 92 9.30643e-16
12 92 7.7657e-08
13 92 1.18558e-06
14 92 1.3555e-16
15 92 9.58875e-15
16 92 2.35111e-15
17 92 2.13935e-16
18 92 6.4556e-17
19 92 5.73685e-17
20 92 1.51631e-15
21 92 1.90712e-16
22 92 1.66809e-07
23 92 3.69924e-07
24 92 1.16412e-06
25 92 4.51871e-07
26 92 1.34135e-06
27 92 2.64071e-06
28 92 3.03571e-07
29 92 3.30916e-06
30 92 5.55751e-06
31 92 1.26387e-05
32 92 4.84564e-05
33 92 1.53436e-05
34 92 9.13148e-06
35 92 1.32397e-06
36 92 2.69088e-07
37 92 3.1353e-06
38 92 7.15189e-15
39 92 2.08579e-14
40 92 2.45026e-06
41 92 2.65706e-06
42 92 3.76684e-14
43 92 1.13486e-13
44 92 2.83887e-14
45 92 9.21056e-14
46 92 2.25525e-15
47 92 4.76218e-17
48 92 4.47274e-15
49 92 8.86595e-15
50 92 3.21745e-15
51 92 1.41923e-14
52 92 1.17621e-06
53 92 1.88921e-05
54 92 5.80239e-06
55 92 6.56292e-07
56 92 1.72411e-05
57 92 4.72609e-07
58 92 2.89692e-14
59 92 4.23567e-14
0 93 4.10121e-15
1 93 5.7809e-15
2 93 4.72955e-14
3 93 3.0474e-14
4 93 1.18066e-16
5 93 1.43965e-14
6 93 8.44144e-15
7 93 1.98762e-14
8 93 6.91012e-15
9 93 7.89127e-16
10 93 9.38716e-16
11 93 1.26621e-16
12 93 1.18558e-06
13 93 7.7657e-08
14 93 9.57858e-15
15 93 1.46136e-16
16 93 2.15637e-16
17 93 2.35048e-15
18 93 5.79057e-17
19 93 6.31766e-17
20 93 1.87469e-16
21 93 1.53077e-15
22 93 3.69924e-07
23 93 1.66809e-07
24 93 4.51871e-07
25 93 1.16412e-06
26 93 2.64071e-06
27 93 1.34135e-06
28 93 3.30916e-06
29 93 3.03571e-07
30 93 1.26387e-05
31 93 5.5575e-06
32 93 1.53436e-05
33 93 4.84564e-05
34 93 1.32397e-06
35 93 9.13148e-06
36 93 3.1353e-06
37 93 2.69088e-07
38 93 2.08444e-14
39 93 7.1173e-15
40 93 2.65706e-06
41 93 2.45026e-06
42 93 1.13436e-13
43 93 3.79605e-14
44 93 9.20894e-14
45 93 2.83918e-14
46 93 5.44785e-17
47 93 2.26418e-15
48 93 8.77974e-15
49 93 4.5053e-15
50 93 1.41542e-14
51 93 3.22191e-15
52 93 1.88921e-05
53 93 1.17621e-06
54 93 6.56292e-07
55 93 5.80239e-06
56 93 4.72608e-07
57 93 1.72411e-05
58 93 4.19101e-14
59 93 2.95065e-14
0 94 3.48218e-16
1 94 3.4094e-16
2 94 1.18223e-14
3 94 7.79058e-16
4 94 4.25176e-16
5 94 4.41796e-16
6 94 6.13397e-16
7 94 7.61184e-15
8 94 9.58351e-16
9 94 2.09062e-15
10 94 5.15603e-16
11 94 5.30743e-17
12 94 1.07102e-07
13 94 1.39143e-07
14 94 2.12351e-15
15 94 5.00798e-15
16 94 2.27016e-16
17 94 1.03654e-15
18 94 8.97068e-15
19 94 8.99395e-15
20 94 1.57708e-15
21 94 1.06678e-15
22 94 3.8747e-09
23 94 4.59866e-08
24 94 2.88429e-07
25 94 1.97173e-06
26 94 3.33375e-05
27 94 2.31403e-06
28 94 1.40264e-05
29 94 3.07839e-05
30 94 1.08745e-08
31 94 2.12551e-07
32 94 1.24796e-06
33 94 1.54571e-06
34 94 2.98842e-06
35 94 1.23074e-06
36 94 3.94355e-07
37 94 4.1053e-07
38 94 2.52954e-15
39 94 4.50593e-15
40 94 4.34262e-07
41 94 5.69954e-07
42 94 1.3392e-14
43 94 4.5713e-15
44 94 1.08374e-15
45 94 5.41794e-16
46 94 6.19988e-14
47 94 4.02773e-14
48 94 2.25675e-13
49 94 8.16815e-14
50 94 8.18062e-15
51 94 3.46292e-14
52 94 6.59817e-06
53 94 4.69069e-06
54 94 6.01955e-06
55 94 9.31835e-07
56 94 1.77285e-05
57 94 2.02938e-05
58 94 3.75848e-14
59 94 9.97452e-16
0 95 3.61116e-16
1 95 3.22657e-16
2 95 8.06816e-16
3 95 1.17558e-14
4 95 4.34046e-16
5 95 4.57129e-16
6 95 7.63312e-15
7 95 6.01189e-16
8 95 2.08647e-15
9 95 1.00425e-15
10 95 5.50019e-17
11 95 5.47137e-16
12 95 1.39142e-07
13 95 1.07102e-07
14 95 4.93445e-15
15 95 2.10546e-15
16 95 1.01544e-15
17 95 2.21729e-16
18 95 8.97681e-15
19 95 8.98903e-15
20 95 1.04725e-15
21 95 1.56418e-15
22 95 4.59865e-08
23 95 3.8746e-09
24 95 1.97173e-06
25 95 2.88429e-07
26 95 2.31402e-06
27 95 3.33375e-05
28 95 3.07839e-05
29 95 1.40264e-05
30 95 2.12551e-07
31 95 1.08745e-08
32 95 1.54571e-06
33 95 1.24796e-06
34 95 1.23074e-06
35 95 2.98842e-06
36 95 4.1053e-07
37 95 3.94355e-07
38 95 4.41575e-15
39 95 2.53257e-15
40 95 5.69954e-07
41 95 4.34262e-07
42 95 4.378e-15
43 95 1.32893e-14
44 95 5.41102e-16
45 95 1.03946e-15
46 95 4.07057e-14
47 95 6.21077e-14
48 95 8.14141e-14
49 95 2.25092e-13
50 95 3.48927e-14
51 95 8.2424e-15
52 95 4.69068e-06
53 95 6.59817e-06
54 95 9.31837e-07
55 95 6.01955e-06
56 95 2.02938e-05
57 95 1.77285e-05
58 95 8.99722e-16
59 95 3.68351e-14
0 96 1.0398e-14
1 96 6.42297e-15
2 96 1.46979e-15
3 96 2.00528e-15
4 96 2.55931e-15
5 96 1.50285e-14
6 96 9.10719e-16
7 96 7.17878e-16
8 96 4.88305e-18
9 96 2.27203e-17
10 96 3.22131e-17
11 96 5.30489e-17
12 96 1.43312e-06
13 96 6.80059e-08
14 96 8.6303e-16
15 96 2.19533e-16
16 96 1.68579e-16
17 96 2.61745e-16
18 96 3.62513e-16
19 96 1.04799e-16
20 96 9.59084e-15
21 96 9.85169e-15
22 96 1.87514e-06
23 96 5.83818e-07
24 96 2.57975e-08
25 96 7.5502e-08
26 96 3.93184e-05
27 96 5.67447e-05
28 96 8.73496e-06
29 96 3.52791e-06
30 96 1.98197e-06
31 96 5.20878e-07
32 96 3.73403e-08
33 96 3.86559e-08
34 96 3.32066e-09
35 96 2.51719e-07
36 96 7.18777e-07
37 96 8.41897e-08
38 96 1.01561e-15
39 96 1.49994e-15
40 96 6.3711e-08
41 96 9.58023e-09
42 96 1.29243e-15
43 96 2.43842e-15
44 96 8.7623e-15
45 96 9.05036e-16
46 96 6.29798e-14
47 96 4.70612e-13
48 96 7.24067e-15
49 96 2.98992e-14
50 96 2.84905e-17
51 96 2.37416e-16
52 96 1.39604e-08
53 96 1.29381e-08
54 96 4.79605e-06
55 96 4.68362e-05
56 96 3.92762e-07
57 96 1.46696e-06
58 96 3.90698e-15
59 96 1.32501e-14
0 97 6.44834e-15
1 97 1.04484e-14
2 97 1.98409e-15
3 97 1.56309e-15
4 97 1.50603e-14
5 97 2.53323e-15
6 97 7.02894e-16
7 97 8.68178e-16
8 97 1.78441e-17
9 97 3.4452e-18
10 97 5.22892e-17
11 97 3.52806e-17
12 97 6.80057e-08
13 97 1.43312e-06
14 97 2.21659e-16
15 97 8.65595e-16
16 97 2.67422e-16
17 97 1.86755e-16
18 97 1.07963e-16
19 97 3.64151e-16
20 97 9.79976e-15
21 97 9.57835e-15
22 97 5.83818e-07
23 97 1.87513e-06
24 97 7.55016e-08
25 97 2.57977e-08
26 97 5.67447e-05
27 97 3.93184e-05
28 97 3.52791e-06
29 97 8.73495e-06
30 97 5.20877e-07
31 97 1.98196e-06
32 97 3.86561e-08
33 97 3.73405e-08
34 97 2.51717e-07
35 97 3.32064e-09
36 97 8.41897e-08
37 97 7.18778e-07
38 97 1.55254e-15
39 97 9.84158e-16
40 97 9.58017e-09
41 97 6.37109e-08
42 97 2.48057e-15
43 97 1.36779e-15
44 97 9.4983e-16
45 97 8.8512e-15
46 97 4.70897e-13
47 97 6.29082e-14
48 97 2.98975e-14
49 97 7.11102e-15
50 97 2.41598e-16
51 97 3.05372e-17
52 97 1.29381e-08
53 97 1.39602e-08
54 97 4.68362e-05
55 97 4.79605e-06
56 97 1.46696e-06
57 97 3.92763e-07
58 97 1.35494e-14
59 97 4.0398e-15
0 98 4.92302e-08
1 98 3.22548e-07
2 98 4.09448e-07
3 98 4.4331e-07
4 98 2.85201e-09
5 98 3.67512e-08
6 98 1.98903e-07
7 98 5.08211e-07
8 98 3.25638e-06
9 98 2.12412e-06
10 98 2.48171e-07
11 98 8.44592e-08
12 98 1.64325e-17
13 98 7.81975e-17
14 98 6.21149e-07
15 98 9.51201e-08
16 98 1.56166e-06
17 98 4.70768e-06
18 98 9.29655e-10
19 98 1.56711e-10
20 98 2.54356e-09
21 98 4.77076e-08
22 98 8.8351e-17
23 98 7.46528e-17
24 98 3.68416e-17
25 98 1.14291e-17
26 98 1.69027e-17
27 98 7.1672e-18
28 98 1.02088e-16
29 98 1.46025e-17
30 98 3.09534e-15
31 98 2.14809e-15
32 98 2.69187e-16
33 98 5.04824e-15
34 98 9.96852e-17
35 98 2.43708e-16
36 98 1.19271e-16
37 98 1.82826e-16
38 98 1.45664e-08
39 98 9.59633e-10
40 98 1.52308e-15
41 98 6.72863e-15
42 98 9.59939e-06
43 98 6.11002e-07
44 98 1.51357e-06
45 98 1.58786e-06
46 98 4.60024e-08
47 98 2.80727e-07
48 98 1.12115e-06
49 98 8.76028e-08
50 98 1.16023e-05
51 98 1.55157e-06
52 98 2.09644e-16
53 98 1.68159e-16
54 98 7.72528e-17
55 98 1.11176e-16
56 98 1.16302e-16
57 98 6.37726e-17
58 98 6.56085e-07
59 98 4.18664e-07
0 99 3.22549e-07
1 99 4.92295e-08
2 99 4.43308e-07
3 99 4.09448e-07
4 99 3.67508e-08
5 99 2.85215e-09
6 99 5.08212e-07
7 99 1.98903e-07
8 99 2.12412e-06
9 99 3.25638e-06
10 99 8.44592e-08
11 99 2.48169e-07
12 99 7.45373e-17
13 99 1.14823e-17
14 99 9.51203e-08
15 99 6.21152e-07
16 99 4.70768e-06
17 99 1.56166e-06
18 99 1.56699e-10
19 99 9.2963e-10
20 99 4.7708e-08
21 99 2.54357e-09
22 99 7.51687e-17
23 99 9.47267e-17
24 99 1.36419e-17
25 99 5.8049e-17
26 99 3.89304e-18
27 99 2.09951e-17
28 99 2.46995e-17
29 99 1.23447e-16
30 99 2.00292e-15
31 99 2.96517e-15
32 99 5.12552e-15
33 99 2.50981e-16
34 99 2.10132e-16
35 99 1.09352e-16
36 99 1.86244e-16
37 99 9.56409e-17
38 99 9.59559e-10
39 99 1.45665e-08
40 99 6.8253e-15
41 99 1.57477e-15
42 99 6.10999e-07
43 99 9.5994e-06
44 99 1.58786e-06
45 99 1.51357e-06
46 99 2.80728e-07
47 99 4.60025e-08
48 99 8.76022e-08
49 99 1.12114e-06
50 99 1.55156e-06
51 99 1.16023e-05
52 99 1.22659e-16
53 99 1.71962e-16
54 99 1.0386e-16
55 99 8.16323e-17
56 99 4.67734e-17
57 99 1.43871e-16
58 99 4.1866e-07
59 99 6.56088e-07
0 100 5.85636e-08
1 100 1.3568e-07
2 100 6.97497e-08
3 100 2.31887e-07
4 100 7.01831e-08
5 100 1.02903e-08
6 100 1.06217e-08
7 100 2.34373e-08
8 100 2.81793e-08
9 100 2.48914e-08
10 100 5.04709e-07
11 100 5.63832e-06
12 100 1.39261e-17
13 100 5.45435e-17
14 100 8.67467e-09
15 100 1.38743e-08
16 100 1.89441e-06
17 100 1.54144e-07
18 100 1.81183e-11
19 100 1.01986e-08
20 100 1.20164e-08
21 100 1.60177e-08
22 100 1.26324e-17
23 100 3.83192e-17
24 100 2.16051e-16
25 100 3.39825e-17
26 100 1.01101e-17
27 100 1.67763e-17
28 100 1.04838e-16
29 100 1.2936e-16
30 100 4.68774e-16
31 100 3.14778e-16
32 100 1.73705e-15
33 100 1.85429e-15
34 100 1.20626e-15
35 100 2.72273e-16
36 100 1.37355e-17
37 100 8.15624e-17
38 100 5.4816e-08
39 100 6.00039e-08
40 100 3.68187e-16
41 100 1.61725e-15
42 100 8.19109e-09
43 100 7.60671e-08
44 100 4.56088e-07
45 100 5.86343e-06
46 100 4.00954e-08
47 100 5.74684e-09
48 100 5.11765e-08
49 100 1.83854e-08
50 100 8.98012e-07
51 100 7.8336e-07
52 100 2.16924e-18
53 100 9.5936e-16
54 100 2.79948e-17
55 100 1.21844e-18
56 100 1.51372e-16
57 100 1.10126e-17
58 100 7.53765e-07
59 100 1.79336e-06
0 101 1.35679e-07
1 101 5.85638e-08
2 101 2.31887e-07
3 101 6.975e-08
4 101 1.02905e-08
5 101 7.01825e-08
6 101 2.3437e-08
7 101 1.06214e-08
8 101 2.48919e-08
9 101 2.81792e-08
10 101 5.63832e-06
11 101 5.04709e-07
12 101 4.59529e-17
13 101 1.07221e-17
14 101 1.38745e-08
15 101 8.67467e-09
16 101 1.54143e-07
17 101 1.89441e-06
18 101 1.01986e-08
19 101 1.81231e-11
20 101 1.60177e-08
21 101 1.20164e-08
22 101 4.11347e-17
23 101 1.75777e-17
24 101 2.67626e-17
25 101 2.11428e-16
26 101 2.69419e-17
27 101 9.18827e-18
28 101 1.30424e-16
29 101 1.05304e-16
30 101 3.6889e-16
31 101 4.67871e-16
32 101 1.84763e-15
33 101 1.69257e-15
34 101 2.75863e-16
35 101 1.22488e-15
36 101 9.23088e-17
37 101 1.26239e-17
38 101 6.00035e-08
39 101 5.48165e-08
40 101 1.593e-15
41 101 3.79686e-16
42 101 7.60676e-08
43 101 8.191e-09
44 101 5.86343e-06
45 101 4.5609e-07
46 101 5.7468e-09
47 101 4.00952e-08
48 101 1.83851e-08
49 101 5.11769e-08
50 101 7.83362e-07
51 101 8.98014e-07
52 101 9.89109e-16
53 101 3.09353e-18
54 101 8.49974e-20
55 101 2.18115e-17
56 101 2.51664e-17
57 101 1.60898e-16
58 101 1.79335e-06
59 101 7.53764e-07
0 102 1.62502e-15
1 102 2.261e-15
2 102 3.18388e-15
3 102 8.14693e-16
4 102 1.20689e-15
5 102 5.67913e-15
6 102 3.97038e-16
7 102 5.6134e-15
8 102 1.42838e-15
9 102 1.54035e-15
10 102 2.33681e-15
11 102 7.42944e-17
12 102 1.97357e-05
13 102 1.25596e-05
14 102 2.19374e-15
15 102 6.265e-16
16 102 5.5683e-16
17 102 8.07992e-16
18 102 2.42176e-16
19 102 1.45619e-16
20 102 2.34313e-16
21 102 3.43504e-16
22 102 1.46463e-09
23 102 6.32259e-09
24 102 2.7201e-09
25 102 3.4912e-08
26 102 1.82035e-07
27 102 2.76267e-08
28 102 9.00929e-07
29 102 3.27463e-07
30 102 2.10516e-06
31 102 4.40859e-06
32 102 4.93764e-08
33 102 3.07271e-07
34 102 8.93207e-08
35 102 9.76205e-08
36 102 3.96542e-08
37 102 1.76359e-08
38 102 2.04393e-13
39 102 5.07604e-14
40 102 5.52945e-08
41 102 1.23244e-07
42 102 5.37161e-15
43 102 1.48489e-16
44 102 1.33291e-15
45 102 1.33614e-15
46 102 1.27535e-16
47 102 2.03207e-16
48 102 7.76532e-15
49 102 7.19124e-16
50 102 6.02362e-16
51 102 1.11324e-15
52 102 8.0447e-05
53 102 2.21677e-05
54 102 3.30985e-06
55 102 3.56146e-06
56 102 3.26356e-07
57 102 1.49192e-06
58 102 1.37717e-13
59 102 1.29628e-14
0 103 2.12295e-15
1 103 1.60451e-15
2 103 9.11961e-16
3 103 3.09732e-15
4 103 5.86772e-15
5 103 1.29778e-15
6 103 5.80598e-15
7 103 3.38241e-16
8 103 1.60096e-15
9 103 1.40856e-15
10 103 8.39715e-17
11 103 2.4351e-15
12 103 1.25596e-05
13 103 1.97357e-05
14 103 6.03061e-16
15 103 2.12413e-15
16 103 8.09528e-16
17 103 5.62473e-16
18 103 1.51589e-16
19 103 2.58207e-16
20 103 3.48198e-16
21 103 2.273e-16
22 103 6.32267e-09
23 103 1.46459e-09
24 103 3.49122e-08
25 103 2.71996e-09
26 103 2.76265e-08
27 103 1.82035e-07
28 103 3.27461e-07
29 103 9.00927e-07
30 103 4.40859e-06
31 103 2.10516e-06
32 103 3.07271e-07
33 103 4.93764e-08
34 103 9.76202e-08
35 103 8.93205e-08
36 103 1.76361e-08
37 103 3.96541e-08
38 103 5.10226e-14
39 103 2.03121e-13
40 103 1.23243e-07
41 103 5.52949e-08
42 103 2.16042e-16
43 103 5.36546e-15
44 103 1.20156e-15
45 103 1.37526e-15
46 103 2.16022e-16
47 103 8.45203e-17
48 103 7.83067e-16
49 103 8.08951e-15
50 103 1.11619e-15
51 103 5.44906e-16
52 103 2.21677e-05
53 103 8.0447e-05
54 103 3.56146e-06
55 103 3.30984e-06
56 103 1.49192e-06
57 103 3.26356e-07
58 103 1.22003e-14
59 103 1.38383e-13
0 104 5.68424e-08
1 104 1.1298e-07
2 104 1.81006e-08
3 104 3.25618e-08
4 104 1.13402e-07
5 104 1.37536e-06
6 104 1.05036e-07
7 104 6.48089e-08
8 104 1.14984e-08
9 104 2.52265e-08
10 104 4.61836e-06
11 104 4.28963e-06
12 104 1.21863e-15
13 104 2.97518e-15
14 104 6.91989e-08
15 104 4.07769e-10
16 104 7.56691e-06
17 104 1.05689e-05
18 104 8.44135e-08
19 104 2.67835e-08
20 104 1.2226e-08
21 104 6.09577e-08
22 104 1.60767e-16
23 104 2.68775e-17
24 104 6.52921e-17
25 104 2.41901e-17
26 104 4.48912e-17
27 104 2.83493e-17
28 104 5.18065e-18
29 104 2.10434e-17
30 104 8.77887e-16
31 104 4.6891e-16
32 104 1.64266e-17
33 104 7.82515e-17
34 104 1.59095e-16
35 104 6.9878e-16
36 104 4.29068e-17
37 104 5.14439e-17
38 104 1.35273e-08
39 104 2.74251e-09
40 104 1.93622e-15
41 104 2.41674e-15
42 104 3.40255e-06
43 104 2.14581e-06
44 104 1.2865e-07
45 104 9.10865e-08
46 104 1.22323e-08
47 104 2.47355e-07
48 104 4.14655e-07
49 104 2.63032e-07
50 104 4.73846e-06
51 104 2.38941e-07
52 104 1.68369e-15
53 104 9.9808e-15
54 104 2.80801e-16
55 104 8.37186e-16
56 104 3.07309e-18
57 104 7.44325e-17
58 104 3.36822e-08
59 104 5.19961e-08
0 105 1.12981e-07
1 105 5.68415e-08
2 105 3.25617e-08
3 105 1.81003e-08
4 105 1.37536e-06
5 105 1.13402e-07
6 105 6.48086e-08
7 105 1.05036e-07
8 105 2.52268e-08
9 105 1.14982e-08
10 105 4.28964e-06
11 105 4.61836e-06
12 105 3.04116e-15
13 105 1.24228e-15
14 105 4.07779e-10
15 105 6.91989e-08
16 105 1.05689e-05
17 105 7.56691e-06
18 105 2.67833e-08
19 105 8.44142e-08
20 105 6.09575e-08
21 105 1.2226e-08
22 105 2.90173e-17
23 105 1.5955e-16
24 105 2.48438e-17
25 105 1.06553e-16
26 105 2.32944e-17
27 105 5.49848e-17
28 105 3.40933e-17
29 105 7.75088e-18
30 105 4.43422e-16
31 105 9.11432e-16
32 105 7.57049e-17
33 105 2.54427e-17
34 105 7.12362e-16
35 105 1.71564e-16
36 105 7.19199e-17
37 105 4.80297e-17
38 105 2.7424e-09
39 105 1.35272e-08
40 105 2.34748e-15
41 105 1.86661e-15
42 105 2.14582e-06
43 105 3.40255e-06
44 105 9.10864e-08
45 105 1.2865e-07
46 105 2.47355e-07
47 105 1.2232e-08
48 105 2.63034e-07
49 105 4.14653e-07
50 105 2.38941e-07
51 105 4.73847e-06
52 105 1.0572e-14
53 105 1.50026e-15
54 105 8.46918e-16
55 105 2.78903e-16
56 105 7.89982e-17
57 105 3.27976e-18
58 105 5.19964e-08
59 105 3.36826e-08
0 106 8.7051e-08
1 106 6.55651e-09
2 106 2.14727e-08
3 106 4.65813e-09
4 106 9.96051e-08
5 106 1.67381e-07
6 106 2.98685e-06
7 106 3.67405e-06
8 106 1.42143e-05
9 106 2.43933e-06
10 106 8.11252e-06
11 106 6.66752e-06
12 106 7.16879e-17
13 106 2.14994e-17
14 106 3.74109e-07
15 106 3.04939e-07
16 106 4.01874e-07
17 106 1.14352e-06
18 106 1.61993e-08
19 106 3.52144e-09
20 106 4.18411e-07
21 106 7.42231e-08
22 106 1.23204e-17
23 106 6.66779e-18
24 106 2.53886e-18
25 106 3.52913e-18
26 106 1.84604e-16
27 106 5.84342e-17
28 106 3.25132e-16
29 106 7.27769e-16
30 106 1.16453e-17
31 106 3.82611e-17
32 106 6.95842e-16
33 106 1.82833e-16
34 106 3.1202e-16
35 106 9.44496e-16
36 106 1.51354e-15
37 106 3.03059e-16
38 106 4.9779e-09
39 106 2.67144e-08
40 106 3.08525e-15
41 106 5.82678e-17
42 106 1.03561e-07
43 106 3.42322e-07
44 106 2.30237e-06
45 106 4.53103e-08
46 106 1.42214e-07
47 106 2.48556e-07
48 106 3.87502e-07
49 106 1.51207e-06
50 106 1.91722e-06
51 106 5.53308e-06
52 106 7.92517e-16
53 106 2.12712e-16
54 106 3.81459e-17
55 106 1.67975e-17
56 106 4.57719e-16
57 106 1.14725e-15
58 106 7.72573e-07
59 106 6.7042e-07
0 107 6.55701e-09
1 107 8.70526e-08
2 107 4.65825e-09
3 107 2.14723e-08
4 107 1.6738e-07
5 107 9.96045e-08
6 107 3.67406e-06
7 107 2.98686e-06
8 107 2.43933e-06
9 107 1.42143e-05
10 107 6.66753e-06
11 107 8.11252e-06
12 107 1.52401e-17
13 107 7.43107e-17
14 107 3.04939e-07
15 107 3.74108e-07
16 107 1.14352e-06
17 107 4.01873e-07
18 107 3.5215e-09
19 107 1.61994e-08
20 107 7.42222e-08
21 107 4.18411e-07
22 107 1.24221e-17
23 107 6.42515e-18
24 107 8.0353e-18
25 107 2.14547e-17
26 107 6.75881e-17
27 107 1.34149e-16
28 107 6.97491e-16
29 107 3.12534e-16
30 107 4.64477e-17
31 107 8.40036e-18
32 107 1.98327e-16
33 107 6.5633e-16
34 107 9.62895e-16
35 107 2.70484e-16
36 107 3.34969e-16
37 107 1.63602e-15
38 107 2.67144e-08
39 107 4.97822e-09
40 107 8.7004e-17
41 107 2.94701e-15
42 107 3.42324e-07
43 107 1.03562e-07
44 107 4.53107e-08
45 107 2.30238e-06
46 107 2.48558e-07
47 107 1.42216e-07
48 107 1.51207e-06
49 107 3.87501e-07
50 107 5.53309e-06
51 107 1.91722e-06
52 107 1.42138e-16
53 107 6.93458e-16
54 107 4.04377e-17
55 107 3.55122e-17
56 107 1.37813e-15
57 107 5.941e-16
58 107 6.70422e-07
59 107 7.72575e-07
0 108 1.51537e-07
1 108 5.91858e-07
2 108 1.05648e-08
3 108 1.37551e-08
4 108 5.7925e-08
5 108 6.78657e-07
6 108 1.08485e-06
7 108 2.99901e-06
8 108 1.52127e-05
9 108 8.20284e-06
10 108 2.17634e-06
11 108 4.33969e-07
12 108 4.96346e-17
13 108 2.28768e-17
14 108 2.72609e-08
15 108 2.89818e-09
16 108 4.97995e-06
17 108 1.8141e-05
18 108 5.10621e-08
19 108 1.22191e-08
20 108 6.04359e-11
21 108 2.03768e-09
22 108 3.11381e-16
23 108 1.34411e-16
24 108 2.85434e-17
25 108 8.92914e-17
26 108 9.77518e-17
27 108 7.27474e-17
28 108 1.24647e-16
29 108 1.34575e-17
30 108 1.05265e-15
31 108 6.03461e-16
32 108 6.04123e-17
33 108 1.04172e-15
34 108 5.90586e-16
35 108 1.3309e-15
36 108 4.26838e-17
37 108 2.95157e-17
38 108 1.38733e-07
39 108 6.03878e-09
40 108 3.36514e-17
41 108 3.72637e-17
42 108 5.48638e-06
43 108 4.33122e-07
44 108 2.3979e-07
45 108 3.18926e-07
46 108 2.46917e-10
47 108 1.358e-09
48 108 3.39902e-10
49 108 4.00269e-11
50 108 3.45033e-08
51 108 6.14104e-09
52 108 1.09781e-15
53 108 3.38822e-16
54 108 1.09687e-17
55 108 1.07743e-16
56 108 8.69869e-17
57 108 1.68425e-16
58 108 2.37655e-06
59 108 1.24557e-06
0 109 5.91857e-07
1 109 1.5154e-07
2 109 1.37547e-08
3 109 1.0565e-08
4 109 6.78656e-07
5 109 5.79249e-08
6 109 2.99901e-06
7 109 1.08485e-06
8 109 8.20284e-06
9 109 1.52127e-05
10 109 4.33969e-07
11 109 2.17634e-06
12 109 2.75597e-17
13 109 6.73982e-17
14 109 2.89831e-09
15 109 2.72613e-08
16 109 1.8141e-05
17 109 4.97995e-06
18 109 1.22188e-08
19 109 5.10616e-08
20 109 2.03771e-09
21 109 6.04304e-11
22 109 1.02079e-16
23 109 3.31268e-16
24 109 5.87725e-17
25 109 2.61912e-17
26 109 6.5637e-17
27 109 7.60432e-17
28 109 2.94097e-17
29 109 1.19526e-16
30 109 6.68768e-16
31 109 1.09428e-15
32 109 1.09213e-15
33 109 6.49189e-17
34 109 1.27946e-15
35 109 6.15654e-16
36 109 4.29693e-17
37 109 3.88331e-17
38 109 6.03887e-09
39 109 1.38734e-07
40 109 2.58311e-17
41 109 1.2682e-17
42 109 4.33126e-07
43 109 5.48639e-06
44 109 3.18924e-07
45 109 2.39789e-07
46 109 1.35789e-09
47 109 2.46924e-10
48 109 4.00442e-11
49 109 3.39884e-10
50 109 6.14093e-09
51 109 3.4503e-08
52 109 2.87533e-16
53 109 1.12402e-15
54 109 9.18527e-17
55 109 1.63037e-17
56 109 1.44251e-16
57 109 1.25876e-16
58 109 1.24558e-06
59 109 2.37657e-06
0 110 1.65187e-08
1 110 9.46803e-09
2 110 1.02536e-07
3 110 4.66104e-09
4 110 1.46792e-07
5 110 8.92581e-08
6 110 5.70442e-08
7 110 6.26481e-07
8 110 1.19151e-07
9 110 1.24209e-07
10 110 1.25998e-06
11 110 2.66048e-07
12 110 5.72325e-17
13 110 8.96815e-17
14 110 1.00733e-07
15 110 2.28518e-07
16 110 2.93666e-08
17 110 5.91032e-08
18 110 2.28513e-06
19 110 1.97135e-06
20 110 1.65107e-05
21 110 6.52293e-06
22 110 2.32183e-17
23 110 3.66442e-16
24 110 1.5158e-17
25 110 3.47271e-16
26 110 1.95809e-15
27 110 7.51361e-17
28 110 5.44767e-15
29 110 1.43016e-14
30 110 2.57098e-17
31 110 9.194e-18
32 110 4.8613e-15
33 110 3.90682e-15
34 110 1.09402e-15
35 110 2.65265e-16
36 110 2.98784e-14
37 110 3.06943e-14
38 110 4.93811e-08
39 110 8.74318e-08
40 110 3.21553e-15
41 110 3.41751e-15
42 110 6.85107e-07
43 110 3.31129e-07
44 110 3.96126e-07
45 110 3.55271e-07
46 110 1.16915e-06
47 110 5.49838e-07
48 110 9.02494e-06
49 110 4.69925e-06
50 110 1.29805e-06
51 110 8.36947e-06
52 110 4.98174e-16
53 110 3.72565e-16
54 110 1.48933e-15
55 110 2.87902e-16
56 110 1.70671e-14
57 110 1.88151e-14
58 110 3.2493e-08
59 110 1.91999e-09
0 111 9.46809e-09
1 111 1.65195e-08
2 111 4.66117e-09
3 111 1.02536e-07
4 111 8.92576e-08
5 111 1.46792e-07
6 111 6.2648e-07
7 111 5.70442e-08
8 111 1.24209e-07
9 111 1.19152e-07
10 111 2.66048e-07
11 111 1.25998e-06
12 111 9.444e-17
13 111 5.65179e-17
14 111 2.28518e-07
15 111 1.00733e-07
16 111 5.91018e-08
17 111 2.9367e-08
18 111 1.97134e-06
19 111 2.28512e-06
20 111 6.52293e-06
21 111 1.65107e-05
22 111 3.71108e-16
23 111 2.76816e-17
24 111 3.40015e-16
25 111 2.96673e-17
26 111 1.10043e-16
27 111 1.87432e-15
28 111 1.38258e-14
29 111 5.51373e-15
30 111 1.46617e-17
31 111 3.01091e-17
32 111 3.9313e-15
33 111 4.77376e-15
34 111 2.47217e-16
35 111 1.12322e-15
36 111 3.04142e-14
37 111 2.98136e-14
38 111 8.74324e-08
39 111 4.93809e-08
40 111 3.55288e-15
41 111 3.25627e-15
42 111 3.31131e-07
43 111 6.85115e-07
44 111 3.55271e-07
45 111 3.96124e-07
46 111 5.49838e-07
47 111 1.16914e-06
48 111 4.69925e-06
49 111 9.02496e-06
50 111 8.36947e-06
51 111 1.29805e-06
52 111 2.67965e-16
53 111 5.26018e-16
54 111 2.96419e-16
55 111 1.52858e-15
56 111 1.85889e-14
57 111 1.708e-14
58 111 1.92013e-09
59 111 3.24903e-08
0 112 8.02493e-07
1 112 1.54508e-07
2 112 3.97189e-07
3 112 1.09093e-07
4 112 5.27306e-07
5 112 2.52345e-06
6 112 1.82478e-06
7 112 3.20035e-06
8 112 1.94213e-08
9 112 1.21596e-09
10 112 1.74524e-08
11 112 4.87626e-09
12 112 3.30654e-17
13 112 5.07901e-18
14 112 2.71223e-06
15 112 7.69298e-07
16 112 2.04798e-07
17 112 9.70721e-07
18 112 2.07501e-05
19 112 4.05938e-07
20 112 4.41625e-07
21 112 2.56831e-07
22 112 2.46542e-15
23 112 3.33299e-15
24 112 3.25127e-15
25 112 1.09992e-14
26 112 2.48076e-17
27 112 1.78316e-19
28 112 9.83234e-16
29 112 3.51691e-16
30 112 2.12738e-15
31 112 1.93123e-15
32 112 6.50333e-15
33 112 3.08909e-15
34 112 2.96787e-15
35 112 4.95377e-14
36 112 6.79133e-16
37 112 1.32553e-17
38 112 2.95629e-08
39 112 4.81912e-08
40 112 1.3361e-15
41 112 1.72933e-16
42 112 2.21435e-06
43 112 3.22883e-06
44 112 4.35461e-07
45 112 2.85422e-09
46 112 2.25877e-08
47 112 1.15162e-07
48 112 4.50517e-07
49 112 9.08196e-07
50 112 7.96914e-08
51 112 8.26113e-08
52 112 9.86525e-16
53 112 1.73083e-16
54 112 1.36385e-16
55 112 3.62949e-16
56 112 6.89916e-16
57 112 8.15027e-15
58 112 8.07271e-07
59 112 6.65327e-07
0 113 1.54507e-07
1 113 8.02483e-07
2 113 1.09093e-07
3 113 3.97195e-07
4 113 2.52346e-06
5 113 5.27305e-07
6 113 3.20035e-06
7 113 1.82476e-06
8 113 1.21601e-09
9 113 1.94215e-08
10 113 4.87626e-09
11 113 1.74526e-08
12 113 7.38586e-19
13 113 3.59804e-17
14 113 7.69299e-07
15 113 2.71223e-06
16 113 9.70723e-07
17 113 2.04796e-07
18 113 4.05938e-07
19 113 2.07501e-05
20 113 2.5683e-07
21 113 4.41626e-07
22 113 3.28771e-15
23 113 2.56589e-15
24 113 1.10974e-14
25 113 3.16681e-15
26 113 6.41259e-19
27 113 2.57172e-17
28 113 3.9216e-16
29 113 1.10766e-15
30 113 2.14437e-15
31 113 2.02119e-15
32 113 3.17654e-15
33 113 6.5817e-15
34 113 5.00943e-14
35 113 3.09284e-15
36 113 2.25418e-17
37 113 7.51177e-16
38 113 4.81931e-08
39 113 2.95638e-08
40 113 1.67439e-16
41 113 1.37305e-15
42 113 3.22884e-06
43 113 2.21436e-06
44 113 2.85434e-09
45 113 4.35463e-07
46 113 1.1516e-07
47 113 2.25889e-08
48 113 9.08193e-07
49 113 4.50513e-07
50 113 8.26114e-08
51 113 7.96906e-08
52 113 8.20841e-17
53 113 8.8359e-16
54 113 2.09887e-16
55 113 1.27855e-16
56 113 8.72045e-15
57 113 9.06999e-16
58 113 6.65333e-07
59 113 8.07287e-07
0 114 1.37578e-06
1 114 5.79643e-06
2 114 1.05686e-08
3 114 6.67579e-09
4 114 6.13109e-06
5 114 4.81441e-06
6 114 4.26718e-08
7 114 2.02159e-08
8 114 1.72532e-07
9 114 2.45728e-07
10 114 7.73204e-08
11 114 6.63835e-07
12 114 2.00371e-17
13 114 2.73704e-17
14 114 1.07005e-07
15 114 8.41009e-08
16 114 3.55845e-07
17 114 3.64827e-08
18 114 2.07755e-07
19 114 7.04051e-07
20 114 5.12343e-07
21 114 1.19614e-06
22 114 4.63878e-14
23 114 1.99834e-15
24 114 4.08549e-16
25 114 1.32198e-16
26 114 6.80261e-17
27 114 4.96869e-15
28 114 1.0404e-15
29 114 3.94656e-16
30 114 5.07849e-16
31 114 2.17998e-16
32 114 1.58354e-15
33 114 1.38267e-15
34 114 1.18781e-15
35 114 1.08674e-15
36 114 1.70719e-15
37 114 4.29705e-15
38 114 1.51819e-07
39 114 9.93609e-08
40 114 3.30917e-16
41 114 2.19863e-16
42 114 5.43828e-07
43 114 1.05604e-06
44 114 4.112e-07
45 114 1.12674e-06
46 114 1.66897e-06
47 114 1.49856e-06
48 114 8.29258e-07
49 114 1.28918e-06
50 114 1.23612e-08
51 114 1.15883e-09
52 114 4.2761e-16
53 114 1.27091e-15
54 114 4.38464e-15
55 114 1.15816e-14
56 114 1.63012e-15
57 114 8.89982e-16
58 114 1.70122e-08
59 114 2.57824e-07
0 115 5.79642e-06
1 115 1.37577e-06
2 115 6.67593e-09
3 115 1.05695e-08
4 115 4.81443e-06
5 115 6.13107e-06
6 115 2.02159e-08
7 115 4.26734e-08
8 115 2.45729e-07
9 115 1.7253e-07
10 115 6.63833e-07
11 115 7.73214e-08
12 115 2.09374e-17
13 115 2.77048e-17
14 115 8.41018e-08
15 115 1.07005e-07
16 115 3.64819e-08
17 115 3.55843e-07
18 115 7.04052e-07
19 115 2.07752e-07
20 115 1.19613e-06
21 115 5.1234e-07
22 115 2.18162e-15
23 115 4.86469e-14
24 115 6.4849e-17
25 115 4.57122e-16
26 115 5.08398e-15
27 115 6.27722e-17
28 115 4.72613e-16
29 115 1.3098e-15
30 115 1.2467e-16
31 115 3.73375e-16
32 115 1.2883e-15
33 115 1.46618e-15
34 115 1.13776e-15
35 115 1.33202e-15
36 115 4.25187e-15
37 115 1.75637e-15
38 115 9.93606e-08
39 115 1.51818e-07
40 115 3.2055e-16
41 115 2.97076e-16
42 115 1.05604e-06
43 115 5.43822e-07
44 115 1.12674e-06
45 115 4.11197e-07
46 115 1.49856e-06
47 115 1.66897e-06
48 115 1.28918e-06
49 115 8.29258e-07
50 115 1.15865e-09
51 115 1.23611e-08
52 115 1.10433e-15
53 115 6.02633e-16
54 115 1.16305e-14
55 115 5.18237e-15
56 115 8.96736e-16
57 115 2.20827e-15
58 115 2.57829e-07
59 115 1.70093e-08
0 116 1.98248e-07
1 116 2.09626e-07
2 116 4.68656e-06
3 116 2.24582e-06
4 116 7.11866e-09
5 116 4.68281e-08
6 116 1.62441e-06
7 116 4.34561e-06
8 116 3.59204e-06
9 116 2.57821e-07
10 116 1.1353e-09
11 116 4.48903e-09
12 116 2.49898e-16
13 116 1.56842e-17
14 116 1.0303e-06
15 116 6.27531e-08
16 116 6.3102e-09
17 116 7.61237e-08
18 116 9.56198e-06
19 116 4.44249e-07
20 116 9.14385e-08
21 116 1.6602e-07
22 116 2.20959e-15
23 116 1.54548e-15
24 116 7.6287e-15
25 116 3.12599e-14
26 116 2.29853e-15
27 116 1.14273e-15
28 116 2.86234e-15
29 116 6.78538e-16
30 116 1.56127e-15
31 116 1.11553e-15
32 116 2.70922e-16
33 116 3.69269e-16
34 116 2.09753e-15
35 116 1.95263e-14
36 116 1.23095e-16
37 116 1.98129e-17
38 116 5.8075e-07
39 116 2.43483e-07
40 116 1.03293e-15
41 116 8.55687e-16
42 116 1.1842e-07
43 116 4.62784e-08
44 116 1.78219e-06
45 116 3.69478e-07
46 116 9.72172e-08
47 116 3.61356e-06
48 116 8.50746e-07
49 116 5.10801e-07
50 116 7.89439e-07
51 116 3.5175e-07
52 116 3.40874e-15
53 116 1.69912e-16
54 116 8.09099e-16
55 116 4.89541e-15
56 116 6.30153e-17
57 116 7.45372e-15
58 116 6.8618e-09
59 116 4.05729e-09
0 117 2.09625e-07
1 117 1.98251e-07
2 117 2.24582e-06
3 117 4.68657e-06
4 117 4.68303e-08
5 117 7.11894e-09
6 117 4.3456e-06
7 117 1.62441e-06
8 117 2.57822e-07
9 117 3.59205e-06
10 117 4.48877e-09
11 117 1.13544e-09
12 117 2.36682e-17
13 117 1.40216e-16
14 117 6.27515e-08
15 117 1.0303e-06
16 117 7.61231e-08
17 117 6.31037e-09
18 117 4.44247e-07
19 117 9.56199e-06
20 117 1.6602e-07
21 117 9.14362e-08
22 117 1.42829e-15
23 117 2.54282e-15
24 117 3.03671e-14
25 117 7.43137e-15
26 117 1.17417e-15
27 117 2.27785e-15
28 117 5.06043e-16
29 117 2.58883e-15
30 117 1.08189e-15
31 117 1.74787e-15
32 117 3.4184e-16
33 117 2.52274e-16
34 117 2.01986e-14
35 117 1.86174e-15
36 117 3.11972e-17
37 117 1.05947e-16
38 117 2.43483e-07
39 117 5.80748e-07
40 117 7.34761e-16
41 117 8.20178e-16
42 117 4.62771e-08
43 117 1.18418e-07
44 117 3.69483e-07
45 117 1.7822e-06
46 117 3.61354e-06
47 117 9.72206e-08
48 117 5.10801e-07
49 117 8.5075e-07
50 117 3.51752e-07
51 117 7.89445e-07
52 117 7.46954e-17
53 117 3.03103e-15
54 117 5.17588e-15
55 117 6.58638e-16
56 117 7.95401e-15
57 117 4.08938e-17
58 117 4.05655e-09
59 117 6.85999e-09
0 118 8.20882e-17
1 118 3.43799e-17
2 118 9.21594e-18
3 118 6.7993e-19
4 118 3.1183e-16
5 118 5.35103e-16
6 118 1.52539e-16
7 118 7.12313e-16
8 118 1.08845e-16
9 118 4.4024e-16
10 118 4.57616e-17
11 118 3.80248e-18
12 118 1.30064e-09
13 118 2.4723e-09
14 118 2.08e-15
15 118 1.21497e-15
16 118 2.71666e-17
17 118 1.34033e-16
18 118 1.07567e-16
19 118 1.20708e-16
20 118 1.20195e-16
21 118 8.41856e-16
22 118 2.49078e-07
23 118 7.8517e-07
24 118 1.60539e-07
25 118 6.78007e-07
26 118 2.60385e-09
27 118 6.87916e-10
28 118 2.33394e-08
29 118 1.25656e-08
30 118 1.65499e-09
31 118 4.98644e-09
32 118 2.33808e-11
33 118 1.26482e-10
34 118 9.45906e-09
35 118 3.08779e-09
36 118 1.12341e-07
37 118 1.64097e-07
38 118 1.39068e-15
39 118 2.94345e-16
40 118 7.80987e-11
41 118 8.50873e-10
42 118 5.7793e-16
43 118 1.19645e-17
44 118 9.1593e-18
45 118 8.58475e-18
46 118 4.76157e-16
47 118 5.34345e-16
48 118 1.36992e-15
49 118 2.22142e-18
50 118 5.51414e-16
51 118 2.53633e-16
52 118 4.01399e-09
53 118 3.26969e-09
54 118 5.38541e-08
55 118 3.15577e-08
56 118 3.96227e-07
57 118 5.63095e-07
58 118 4.22252e-16
59 118 4.99827e-17
0 119 6.7021e-17
1 119 9.81948e-17
2 119 4.85503e-18
3 119 6.31048e-17
4 119 2.42034e-16
5 119 2.32526e-16
6 119 8.19531e-16
7 119 1.46135e-16
8 119 4.2508e-16
9 119 2.39794e-16
10 119 3.41043e-18
11 119 1.90438e-16
12 119 2.47249e-09
13 119 1.30061e-09
14 119 1.65124e-15
15 119 1.70764e-15
16 119 1.21673e-16
17 119 1.30655e-17
18 119 4.40138e-17
19 119 1.28781e-16
20 119 8.61606e-16
21 119 2.65938e-16
22 119 7.85167e-07
23 119 2.49081e-07
24 119 6.78013e-07
25 119 1.60533e-07
26 119 6.88045e-10
27 119 2.6039e-09
28 119 1.2566e-08
29 119 2.33372e-08
30 119 4.98685e-09
31 119 1.65504e-09
32 119 1.26459e-10
33 119 2.34302e-11
34 119 3.08875e-09
35 119 9.45886e-09
36 119 1.64098e-07
37 119 1.1234e-07
38 119 5.48597e-16
39 119 1.77825e-15
40 119 8.51181e-10
41 119 7.79955e-11
42 119 3.15901e-17
43 119 3.98976e-16
44 119 8.32093e-17
45 119 1.47942e-17
46 119 5.13573e-16
47 119 4.94307e-16
48 119 9.0535e-17
49 119 1.90052e-15
50 119 3.11556e-16
51 119 5.26431e-16
52 119 3.26999e-09
53 119 4.01299e-09
54 119 3.15602e-08
55 119 5.38583e-08
56 119 5.63079e-07
57 119 3.96239e-07
58 119 5.93395e-17
59 119 3.82695e-16
