0 64 1.90223e-18
1 64 9.78844e-19
2 64 5.53566e-18
3 64 1.5672e-18
4 64 6.29893e-20
5 64 8.10816e-21
6 64 2.72215e-18
7 64 9.8485e-19
8 64 4.31078e-19
9 64 1.20421e-19
10 64 1.19267e-18
11 64 1.64301e-18
12 64 8.13859e-19
13 64 5.80613e-20
14 64 1.09986e-19
15 64 4.65285e-19
16 64 1.77809e-19
17 64 7.91335e-21
18 64 1.39485e-19
19 64 1.35761e-20
20 64 0.00022928
21 64 0.00115282
22 64 1.87795e-20
23 64 1.28834e-20
24 64 2.59205e-20
25 64 9.57703e-20
26 64 0.000169876
27 64 6.68011e-05
28 64 6.62361e-06
29 64 5.05582e-06
30 64 3.77181e-05
31 64 3.23431e-05
32 64 5.57934e-05
33 64 0.000182683
34 64 2.62253e-19
35 64 1.04361e-19
36 64 0.000865832
37 64 0.000602214
38 64 9.42609e-06
39 64 3.92084e-05
40 64 7.09377e-05
41 64 3.34969e-05
42 64 1.08583e-19
43 64 1.01389e-19
44 64 1.15979e-20
45 64 1.18748e-18
46 64 4.22653e-19
47 64 2.65063e-19
48 64 2.18643e-19
49 64 9.68313e-20
50 64 6.17972e-19
51 64 2.66061e-19
52 64 5.84948e-19
53 64 4.21571e-19
54 64 1.53719e-19
55 64 1.76468e-19
56 64 0.061653
57 64 0.0736432
58 64 0.0023423
59 64 0.00518487
60 64 0.0175125
61 64 0.0108584
62 64 3.29271e-19
63 64 3.02657e-18
0 65 1.18036e-18
1 65 7.33095e-19
2 65 1.08755e-18
3 65 2.08359e-18
4 65 5.62931e-19
5 65 2.275e-19
6 65 5.61353e-19
7 65 5.56332e-19
8 65 4.91022e-19
9 65 2.47775e-19
10 65 3.06782e-20
11 65 5.07481e-19
12 65 5.94658e-19
13 65 9.81422e-20
14 65 4.19313e-19
15 65 2.07521e-19
16 65 4.59956e-19
17 65 2.23785e-19
18 65 1.15923e-20
19 65 5.25738e-19
20 65 0.00193325
21 65 0.00128404
22 65 1.37873e-19
23 65 1.16674e-19
24 65 1.15854e-19
25 65 1.7425e-19
26 65 3.40735e-06
27 65 7.33576e-05
28 65 8.3762e-05
29 65 5.21542e-06
30 65 8.95096e-05
31 65 5.68028e-05
32 65 4.48102e-05
33 65 1.47823e-05
34 65 6.056e-19
35 65 4.99495e-19
36 65 0.00291686
37 65 0.000500491
38 65 4.83731e-05
39 65 4.35466e-05
40 65 6.66953e-06
41 65 3.56254e-06
42 65 5.22644e-19
43 65 9.05272e-19
44 65 7.59511e-19
45 65 4.22193e-19
46 65 1.25467e-18
47 65 6.01758e-19
48 65 1.97762e-18
49 65 3.66882e-19
50 65 8.84274e-19
51 65 8.2286e-20
52 65 4.61789e-19
53 65 9.69053e-20
54 65 2.91529e-18
55 65 1.53732e-19
56 65 0.127199
57 65 0.187746
58 65 0.00906765
59 65 0.00659403
60 65 0.00117608
61 65 0.00711905
62 65 1.09793e-18
63 65 1.01642e-18
0 66 3.87977e-06
1 66 1.2423e-06
2 66 3.43549e-07
3 66 2.82599e-07
4 66 2.98413e-06
5 66 1.00526e-05
6 66 2.03344e-05
7 66 2.81487e-05
8 66 5.34193e-06
9 66 0.000302718
10 66 1.40142e-18
11 66 4.64527e-19
12 66 1.16474e-06
13 66 3.44269e-06
14 66 8.04463e-07
15 66 1.31689e-05
16 66 1.07166e-05
17 66 1.96699e-06
18 66 5.44028e-20
19 66 1.09794e-19
20 66 3.39837e-20
21 66 5.65404e-20
22 66 8.44648e-06
23 66 3.81789e-05
24 66 4.51948e-06
25 66 2.94968e-05
26 66 2.03262e-19
27 66 1.33364e-19
28 66 1.86014e-19
29 66 3.35424e-20
30 66 1.99983e-21
31 66 8.26838e-20
32 66 1.18681e-20
33 66 1.71806e-20
34 66 4.46882e-21
35 66 4.71871e-21
36 66 4.84835e-21
37 66 2.4524e-20
38 66 1.14616e-19
39 66 7.90947e-20
40 66 8.82952e-21
41 66 2.57069e-20
42 66 1.13635e-19
43 66 1.14061e-20
44 66 8.51316e-05
45 66 0.000246103
46 66 7.71344e-05
47 66 0.00146884
48 66 4.41311e-05
49 66 7.89112e-05
50 66 0.00126921
51 66 0.00181023
52 66 0.000281574
53 66 0.00093886
54 66 1.08262e-18
55 66 4.59062e-19
56 66 4.47645e-19
57 66 4.71204e-19
58 66 7.06609e-19
59 66 5.00925e-19
60 66 5.53924e-19
61 66 8.16122e-19
62 66 0.0118805
63 66 0.058418
0 67 1.91169e-06
1 67 3.93586e-06
2 67 6.19986e-07
3 67 2.25625e-07
4 67 6.22772e-06
5 67 5.71492e-06
6 67 7.77094e-05
7 67 8.32745e-05
8 67 0.000129718
9 67 4.30161e-05
10 67 7.64881e-18
11 67 1.15906e-18
12 67 4.08583e-06
13 67 1.17419e-06
14 67 9.65409e-06
15 67 6.86001e-06
16 67 2.43029e-06
17 67 6.00603e-06
18 67 5.3611e-19
19 67 1.93342e-19
20 67 4.04105e-20
21 67 4.4805e-19
22 67 2.38583e-05
23 67 2.35768e-05
24 67 1.43049e-05
25 67 1.37391e-05
26 67 2.27324e-19
27 67 3.57347e-20
28 67 3.79322e-22
29 67 5.84888e-19
30 67 6.02932e-20
31 67 5.5152e-20
32 67 1.43324e-20
33 67 4.28251e-21
34 67 5.66359e-21
35 67 9.44732e-20
36 67 2.32875e-19
37 67 4.15841e-19
38 67 2.31856e-19
39 67 7.77553e-20
40 67 9.31181e-21
41 67 8.06413e-20
42 67 1.54726e-19
43 67 3.31427e-20
44 67 0.00117977
45 67 5.60757e-05
46 67 0.000186081
47 67 0.000335113
48 67 0.000105271
49 67 3.51985e-05
50 67 0.000182123
51 67 0.000473402
52 67 0.00207222
53 67 0.00129686
54 67 9.95453e-20
55 67 3.45618e-20
56 67 7.63688e-20
57 67 2.1867e-19
58 67 7.35104e-19
59 67 7.2921e-19
60 67 4.14811e-19
61 67 1.41115e-19
62 67 0.039879
63 67 0.0403764
0 68 3.92811e-07
1 68 8.83562e-07
2 68 2.81923e-07
3 68 8.81806e-07
4 68 2.99812e-06
5 68 7.39155e-06
6 68 7.5246e-05
7 68 2.27638e-05
8 68 9.27737e-06
9 68 9.8991e-05
10 68 1.38772e-05
11 68 3.57731e-05
12 68 1.35805e-07
13 68 5.57647e-06
14 68 5.97776e-07
15 68 4.97798e-06
16 68 6.64781e-06
17 68 1.07019e-06
18 68 8.62638e-07
19 68 2.00024e-05
20 68 3.98637e-20
21 68 5.5227e-20
22 68 6.70306e-06
23 68 1.07721e-05
24 68 2.18037e-05
25 68 3.77238e-06
26 68 1.81935e-19
27 68 1.53633e-19
28 68 1.29741e-19
29 68 6.1959e-20
30 68 1.52797e-19
31 68 9.96003e-20
32 68 4.78575e-20
33 68 2.0903e-19
34 68 2.81302e-20
35 68 6.08363e-20
36 68 7.96495e-20
37 68 3.9402e-20
38 68 1.7229e-20
39 68 5.65796e-20
40 68 9.74474e-20
41 68 2.2906e-20
42 68 3.41445e-20
43 68 3.61277e-21
44 68 0.000147244
45 68 0.000200765
46 68 0.000119645
47 68 0.000803654
48 68 4.37025e-05
49 68 1.7372e-05
50 68 0.000264992
51 68 0.000522665
52 68 0.000175411
53 68 0.00154278
54 68 0.000533677
55 68 0.000217791
56 68 2.13989e-19
57 68 8.59908e-19
58 68 6.56158e-19
59 68 8.63367e-20
60 68 1.46256e-20
61 68 6.61387e-19
62 68 0.0028358
63 68 0.0375676
0 69 1.30732e-06
1 69 2.51822e-07
2 69 2.48793e-06
3 69 5.68288e-06
4 69 4.76617e-06
5 69 5.06686e-06
6 69 0.000348645
7 69 1.76017e-05
8 69 0.000145354
9 69 1.74557e-05
10 69 1.23881e-05
11 69 1.98042e-06
12 69 2.25694e-06
13 69 4.72086e-06
14 69 2.98897e-07
15 69 6.16775e-06
16 69 8.0402e-06
17 69 3.56852e-06
18 69 3.85902e-06
19 69 2.17921e-06
20 69 1.17156e-19
21 69 1.01954e-19
22 69 1.45704e-05
23 69 4.0374e-05
24 69 1.68119e-05
25 69 3.70351e-05
26 69 9.69682e-20
27 69 8.80008e-19
28 69 1.93105e-19
29 69 8.53023e-21
30 69 1.53099e-19
31 69 1.60907e-19
32 69 4.87815e-20
33 69 1.76322e-19
34 69 4.34737e-20
35 69 3.16504e-20
36 69 3.63099e-20
37 69 4.30875e-20
38 69 6.21193e-20
39 69 4.9231e-20
40 69 1.76425e-19
41 69 1.72663e-19
42 69 1.06531e-19
43 69 1.37431e-19
44 69 0.00160632
45 69 0.00030534
46 69 1.84137e-05
47 69 0.000328472
48 69 7.73621e-06
49 69 6.6869e-05
50 69 0.000364233
51 69 0.00137224
52 69 0.00427192
53 69 0.000368169
54 69 2.17763e-05
55 69 0.000195695
56 69 8.13538e-19
57 69 2.10307e-19
58 69 9.40482e-20
59 69 3.07315e-19
60 69 4.49801e-19
61 69 1.6599e-18
62 69 0.0286851
63 69 0.0206694
0 70 1.52041e-06
1 70 6.35995e-07
2 70 3.06928e-06
3 70 6.52263e-06
4 70 1.99998e-06
5 70 2.3752e-06
6 70 9.1985e-05
7 70 2.09451e-05
8 70 6.90876e-05
9 70 7.97361e-05
10 70 2.53052e-05
11 70 3.5424e-06
12 70 9.32494e-06
13 70 3.25801e-07
14 70 8.04383e-06
15 70 1.04694e-06
16 70 6.45255e-06
17 70 1.01743e-07
18 70 1.20647e-05
19 70 5.8184e-08
20 70 2.98446e-19
21 70 1.60904e-20
22 70 1.52111e-05
23 70 1.96818e-05
24 70 1.09987e-05
25 70 7.99253e-06
26 70 3.50695e-19
27 70 2.41253e-19
28 70 3.22457e-20
29 70 1.04816e-19
30 70 9.64587e-20
31 70 1.36265e-20
32 70 1.17293e-20
33 70 4.79021e-20
34 70 3.22957e-20
35 70 4.89039e-20
36 70 1.14711e-19
37 70 9.76203e-20
38 70 4.18418e-20
39 70 1.13485e-19
40 70 7.93543e-21
41 70 1.51628e-20
42 70 3.13225e-21
43 70 5.46396e-20
44 70 0.000390533
45 70 0.000364374
46 70 0.000119768
47 70 0.000701881
48 70 2.65708e-05
49 70 7.66129e-05
50 70 0.00026746
51 70 0.00177057
52 70 0.000437497
53 70 0.000678647
54 70 6.37241e-05
55 70 0.000372889
56 70 1.15191e-19
57 70 1.37926e-19
58 70 1.0047e-18
59 70 2.70029e-19
60 70 1.06317e-18
61 70 1.49954e-19
62 70 0.0651172
63 70 0.00314326
0 71 2.28221e-07
1 71 1.87576e-06
2 71 1.09958e-05
3 71 7.37458e-06
4 71 5.84945e-06
5 71 3.6582e-06
6 71 7.22874e-05
7 71 8.16066e-05
8 71 0.000264023
9 71 2.6478e-05
10 71 3.46473e-06
11 71 5.42056e-06
12 71 3.65094e-06
13 71 5.76523e-06
14 71 2.639e-06
15 71 1.10173e-05
16 71 2.69916e-06
17 71 1.34204e-05
18 71 1.31033e-06
19 71 2.42362e-06
20 71 1.23581e-19
21 71 1.51438e-19
22 71 4.08402e-05
23 71 1.14742e-05
24 71 5.60063e-08
25 71 3.36008e-05
26 71 2.0457e-19
27 71 1.05109e-19
28 71 1.8756e-19
29 71 1.95176e-19
30 71 1.69942e-20
31 71 4.66719e-20
32 71 2.09786e-19
33 71 8.8446e-20
34 71 1.19985e-19
35 71 1.43591e-19
36 71 4.44635e-21
37 71 6.80444e-20
38 71 1.15117e-19
39 71 7.13499e-20
40 71 1.36159e-20
41 71 1.66688e-20
42 71 1.60177e-19
43 71 1.19181e-19
44 71 7.4098e-05
45 71 0.000380083
46 71 0.00181549
47 71 0.000983031
48 71 8.03913e-05
49 71 2.02844e-05
50 71 0.00142812
51 71 0.00124496
52 71 0.000166293
53 71 0.00232154
54 71 8.88942e-05
55 71 4.55863e-05
56 71 1.08675e-18
57 71 2.48617e-19
58 71 1.73658e-19
59 71 3.25017e-20
60 71 2.34212e-19
61 71 6.14987e-19
62 71 0.0332152
63 71 0.0333861
0 72 9.6105e-19
1 72 4.78772e-19
2 72 9.21346e-18
3 72 8.93832e-18
4 72 7.21662e-19
5 72 2.24e-19
6 72 1.6302e-18
7 72 2.28775e-18
8 72 9.61264e-19
9 72 4.98918e-20
10 72 1.29301e-18
11 72 1.39189e-18
12 72 4.99043e-18
13 72 4.63031e-19
14 72 2.93618e-18
15 72 3.16018e-18
16 72 2.785e-20
17 72 3.49309e-19
18 72 8.37893e-20
19 72 1.81601e-19
20 72 1.55854e-07
21 72 1.09418e-05
22 72 4.18827e-20
23 72 1.28161e-21
24 72 1.12696e-19
25 72 1.96033e-20
26 72 7.04068e-06
27 72 1.97524e-05
28 72 3.37798e-06
29 72 0.000157206
30 72 3.45392e-06
31 72 2.22659e-06
32 72 1.59552e-06
33 72 2.66278e-07
34 72 3.32351e-05
35 72 3.3182e-05
36 72 1.0658e-07
37 72 1.79261e-08
38 72 1.65961e-06
39 72 3.25011e-07
40 72 2.26255e-06
41 72 2.98823e-07
42 72 3.08525e-05
43 72 9.26921e-06
44 72 7.15572e-20
45 72 9.32114e-20
46 72 3.81515e-20
47 72 4.56801e-20
48 72 3.13444e-21
49 72 1.86913e-21
50 72 1.66363e-19
51 72 8.02054e-20
52 72 8.62644e-20
53 72 4.01382e-21
54 72 6.36415e-20
55 72 3.22056e-20
56 72 1.75121e-05
57 72 0.000242734
58 72 0.00016797
59 72 0.00197311
60 72 5.4845e-05
61 72 0.00183917
62 72 2.48901e-19
63 72 1.09486e-19
0 73 1.46188e-18
1 73 1.38367e-18
2 73 1.6858e-17
3 73 2.7606e-18
4 73 2.74146e-19
5 73 8.11405e-19
6 73 5.04835e-20
7 73 4.08943e-18
8 73 1.74014e-19
9 73 7.47062e-19
10 73 1.56e-18
11 73 1.99285e-19
12 73 1.78172e-18
13 73 3.84172e-19
14 73 1.49276e-18
15 73 1.07468e-19
16 73 5.42178e-19
17 73 3.36354e-19
18 73 3.09656e-19
19 73 1.63443e-21
20 73 2.6337e-05
21 73 1.21568e-05
22 73 1.39658e-20
23 73 2.54692e-20
24 73 6.58357e-20
25 73 7.41639e-20
26 73 3.8721e-05
27 73 3.80995e-05
28 73 5.70781e-05
29 73 9.53148e-05
30 73 8.00602e-07
31 73 5.42792e-07
32 73 1.36905e-06
33 73 7.75949e-07
34 73 5.14504e-05
35 73 6.78327e-05
36 73 2.61694e-08
37 73 4.05695e-07
38 73 3.72045e-08
39 73 1.77621e-06
40 73 1.10151e-06
41 73 1.03906e-06
42 73 3.61355e-05
43 73 3.59218e-05
44 73 6.58944e-20
45 73 4.03793e-20
46 73 9.00196e-20
47 73 5.74661e-21
48 73 3.46148e-20
49 73 1.7433e-20
50 73 7.18376e-20
51 73 6.02921e-20
52 73 5.05709e-20
53 73 4.01801e-20
54 73 1.48667e-19
55 73 2.48292e-19
56 73 0.000647348
57 73 0.000255348
58 73 0.00232907
59 73 0.000384609
60 73 0.000569881
61 73 0.00156999
62 73 8.23805e-20
63 73 1.44068e-18
0 74 3.14018e-18
1 74 3.42107e-18
2 74 2.07608e-17
3 74 2.11384e-17
4 74 4.71927e-19
5 74 8.08254e-19
6 74 3.69782e-18
7 74 8.64449e-19
8 74 3.23778e-18
9 74 1.03996e-18
10 74 1.21909e-18
11 74 8.18053e-19
12 74 4.62745e-18
13 74 1.82696e-19
14 74 1.08494e-18
15 74 1.11699e-18
16 74 7.92126e-21
17 74 3.5325e-19
18 74 1.5171e-19
19 74 1.40071e-19
20 74 6.02044e-06
21 74 7.28755e-06
22 74 8.48066e-21
23 74 1.06452e-19
24 74 3.57263e-19
25 74 1.87595e-19
26 74 1.67735e-05
27 74 7.62528e-05
28 74 4.71422e-05
29 74 3.42916e-05
30 74 6.3708e-07
31 74 1.49078e-06
32 74 4.97154e-06
33 74 2.91318e-06
34 74 0.000287405
35 74 0.000109373
36 74 1.26841e-07
37 74 2.24615e-08
38 74 2.62593e-06
39 74 3.45763e-06
40 74 7.17397e-08
41 74 1.0543e-06
42 74 4.73957e-05
43 74 0.000192293
44 74 7.24994e-20
45 74 7.30342e-20
46 74 4.04609e-20
47 74 4.01537e-20
48 74 5.47542e-20
49 74 1.58366e-19
50 74 4.89578e-20
51 74 4.84612e-19
52 74 2.17228e-19
53 74 2.21352e-20
54 74 6.07855e-20
55 74 2.20861e-19
56 74 0.000136206
57 74 0.000175872
58 74 0.00153153
59 74 0.000989484
60 74 0.000517879
61 74 0.000298506
62 74 3.04629e-19
63 74 1.37245e-19
0 75 9.33376e-18
1 75 1.05461e-18
2 75 2.3625e-18
3 75 1.3033e-17
4 75 1.4565e-18
5 75 6.27504e-18
6 75 3.73311e-18
7 75 3.08985e-18
8 75 6.61688e-19
9 75 7.3665e-19
10 75 2.10739e-18
11 75 3.3656e-18
12 75 1.32873e-18
13 75 1.44111e-18
14 75 1.43265e-18
15 75 3.49362e-18
16 75 6.05111e-19
17 75 7.88387e-20
18 75 1.01187e-20
19 75 1.01564e-19
20 75 1.05985e-06
21 75 1.24249e-06
22 75 6.74003e-19
23 75 3.75879e-20
24 75 1.22316e-20
25 75 7.58483e-20
26 75 7.81599e-05
27 75 3.72876e-05
28 75 8.44448e-05
29 75 6.07639e-05
30 75 2.81103e-07
31 75 4.1192e-06
32 75 2.508e-06
33 75 5.8529e-07
34 75 2.11003e-06
35 75 0.000380116
36 75 5.84064e-09
37 75 1.99894e-08
38 75 1.03495e-06
39 75 1.16504e-07
40 75 9.23137e-08
41 75 5.14876e-06
42 75 0.000159676
43 75 7.12211e-05
44 75 1.0301e-19
45 75 9.62374e-20
46 75 1.08929e-19
47 75 2.24444e-20
48 75 3.8183e-21
49 75 2.97732e-21
50 75 1.81357e-19
51 75 2.44755e-20
52 75 5.46652e-21
53 75 7.04025e-20
54 75 7.34039e-20
55 75 3.90169e-20
56 75 2.5023e-05
57 75 2.89679e-05
58 75 0.00186406
59 75 0.000501345
60 75 0.00229663
61 75 0.000711624
62 75 4.16903e-19
63 75 2.15416e-19
0 76 3.41362e-17
1 76 5.1175e-18
2 76 1.19739e-17
3 76 4.60247e-18
4 76 2.6344e-19
5 76 1.5672e-18
6 76 1.23532e-17
7 76 2.15523e-19
8 76 3.00416e-18
9 76 1.25652e-18
10 76 1.80207e-17
11 76 5.61291e-19
12 76 2.93733e-18
13 76 1.29035e-18
14 76 2.7354e-18
15 76 1.83932e-18
16 76 2.59262e-19
17 76 1.2139e-19
18 76 8.74625e-20
19 76 5.94691e-20
20 76 6.20324e-20
21 76 1.28562e-20
22 76 1.647e-19
23 76 1.40577e-20
24 76 5.09404e-20
25 76 7.95001e-20
26 76 0.00012138
27 76 4.71125e-05
28 76 6.2987e-05
29 76 2.67528e-05
30 76 2.87446e-05
31 76 3.92417e-06
32 76 2.45859e-05
33 76 2.25883e-05
34 76 2.70328e-05
35 76 4.49691e-07
36 76 4.27504e-20
37 76 7.73598e-21
38 76 1.04317e-05
39 76 5.68901e-06
40 76 0.000106749
41 76 2.29185e-05
42 76 3.28399e-05
43 76 0.000149525
44 76 5.93789e-20
45 76 4.38469e-20
46 76 5.57566e-20
47 76 9.46722e-20
48 76 1.46646e-20
49 76 9.46755e-21
50 76 1.35599e-19
51 76 2.09379e-20
52 76 6.13498e-20
53 76 1.50845e-19
54 76 2.01765e-19
55 76 1.40481e-19
56 76 3.09047e-20
57 76 1.27255e-19
58 76 0.002026
59 76 0.000112751
60 76 0.000243851
61 76 0.00208734
62 76 2.49048e-19
63 76 1.60633e-19
0 77 1.71843e-17
1 77 4.359e-18
2 77 2.00433e-18
3 77 3.43286e-18
4 77 1.46411e-18
5 77 1.98597e-18
6 77 5.2575e-19
7 77 3.54828e-18
8 77 1.16288e-18
9 77 1.57285e-18
10 77 1.31883e-18
11 77 1.02871e-18
12 77 2.80942e-18
13 77 1.32725e-18
14 77 5.28866e-19
15 77 1.52495e-18
16 77 1.388e-18
17 77 2.21222e-19
18 77 2.21947e-19
19 77 9.16787e-20
20 77 7.98069e-20
21 77 2.06288e-19
22 77 3.9136e-19
23 77 1.72688e-20
24 77 3.01786e-20
25 77 9.27839e-21
26 77 3.23477e-05
27 77 0.000132253
28 77 4.29132e-05
29 77 1.33386e-05
30 77 3.7446e-05
31 77 1.01806e-05
32 77 1.40648e-05
33 77 6.59407e-06
34 77 2.01341e-05
35 77 1.75116e-05
36 77 2.43355e-20
37 77 5.64385e-21
38 77 5.39858e-05
39 77 1.9771e-05
40 77 2.30688e-05
41 77 2.78594e-05
42 77 0.000208937
43 77 4.08673e-05
44 77 3.28935e-20
45 77 1.6654e-20
46 77 2.72161e-20
47 77 2.2176e-20
48 77 1.49595e-19
49 77 3.73e-20
50 77 7.04953e-20
51 77 7.31412e-20
52 77 3.14913e-20
53 77 1.6552e-19
54 77 1.06202e-19
55 77 1.19242e-20
56 77 2.43345e-19
57 77 7.34737e-19
58 77 0.000498689
59 77 0.00036179
60 77 0.00080128
61 77 0.00216114
62 77 6.05756e-19
63 77 2.95778e-19
0 78 7.11324e-18
1 78 4.35563e-18
2 78 1.30838e-18
3 78 1.50606e-17
4 78 1.80292e-18
5 78 1.13865e-18
6 78 2.44756e-17
7 78 1.50576e-18
8 78 3.32285e-18
9 78 2.51217e-19
10 78 2.85713e-18
11 78 2.31791e-18
12 78 4.78934e-18
13 78 8.83017e-20
14 78 2.72984e-19
15 78 7.01797e-18
16 78 1.63282e-18
17 78 1.10807e-19
18 78 1.27498e-19
19 78 4.0891e-20
20 78 0.000181683
21 78 0.000218218
22 78 2.14763e-19
23 78 7.09158e-20
24 78 1.93684e-19
25 78 6.82268e-20
26 78 3.42091e-06
27 78 1.98286e-06
28 78 4.43495e-06
29 78 6.25671e-07
30 78 5.54134e-06
31 78 9.37792e-06
32 78 2.53188e-06
33 78 1.04037e-06
34 78 8.67388e-20
35 78 4.27366e-20
36 78 0.000446964
37 78 5.43055e-05
38 78 3.45438e-06
39 78 1.10613e-06
40 78 1.76086e-07
41 78 6.3952e-07
42 78 3.85332e-20
43 78 3.57202e-21
44 78 2.57578e-20
45 78 9.83571e-21
46 78 2.09506e-20
47 78 1.46075e-20
48 78 1.68492e-19
49 78 1.74554e-19
50 78 4.29546e-20
51 78 1.10304e-20
52 78 2.52144e-20
53 78 6.54026e-20
54 78 4.47143e-20
55 78 4.6088e-20
56 78 4.68619e-06
57 78 7.60736e-06
58 78 5.11361e-07
59 78 1.7775e-07
60 78 5.75703e-07
61 78 9.06844e-07
62 78 3.64298e-19
63 78 4.68417e-19
0 79 2.04987e-18
1 79 4.46873e-18
2 79 1.48265e-17
3 79 3.60334e-18
4 79 3.81669e-19
5 79 1.9655e-19
6 79 1.81709e-18
7 79 2.65599e-18
8 79 9.1553e-19
9 79 9.81285e-22
10 79 1.86193e-18
11 79 6.68954e-20
12 79 4.91076e-19
13 79 3.31393e-20
14 79 8.83043e-19
15 79 5.46714e-19
16 79 6.47833e-21
17 79 4.66643e-20
18 79 5.3544e-20
19 79 3.62806e-20
20 79 3.8804e-05
21 79 3.02391e-05
22 79 5.39938e-20
23 79 8.84465e-22
24 79 1.58946e-20
25 79 1.33402e-20
26 79 1.01103e-05
27 79 8.96176e-06
28 79 2.62302e-06
29 79 1.76382e-07
30 79 8.59015e-06
31 79 5.23719e-07
32 79 8.6424e-06
33 79 2.08926e-05
34 79 6.97382e-21
35 79 2.75069e-20
36 79 8.17179e-06
37 79 7.83726e-05
38 79 3.07843e-07
39 79 4.2805e-06
40 79 4.87547e-06
41 79 1.77273e-06
42 79 2.14048e-20
43 79 4.6269e-20
44 79 2.53803e-20
45 79 1.37923e-20
46 79 1.37852e-20
47 79 2.44278e-20
48 79 2.13296e-21
49 79 6.4955e-21
50 79 2.27618e-20
51 79 3.90462e-21
52 79 6.54673e-20
53 79 2.36663e-20
54 79 6.18609e-20
55 79 8.33069e-21
56 79 1.36056e-06
57 79 7.61928e-07
58 79 7.67863e-07
59 79 1.14284e-06
60 79 1.51957e-06
61 79 1.10869e-06
62 79 1.58353e-20
63 79 7.92673e-20
0 80 3.61359e-19
1 80 4.73344e-18
2 80 1.63367e-18
3 80 1.7452e-18
4 80 2.81181e-19
5 80 5.3535e-19
6 80 4.45565e-18
7 80 1.00625e-18
8 80 1.83897e-19
9 80 2.3664e-19
10 80 2.95997e-18
11 80 4.45144e-20
12 80 7.26154e-19
13 80 8.04224e-19
14 80 2.36015e-18
15 80 4.29026e-19
16 80 5.70855e-20
17 80 2.37278e-19
18 80 1.89871e-19
19 80 7.49694e-20
20 80 1.40478e-06
21 80 1.04539e-07
22 80 1.59943e-19
23 80 1.10049e-19
24 80 1.5532e-19
25 80 1.22677e-21
26 80 7.26484e-08
27 80 1.76978e-05
28 80 1.03644e-05
29 80 1.68878e-05
30 80 0.000142305
31 80 2.14643e-07
32 80 0.000282792
33 80 7.67235e-05
34 80 5.69829e-06
35 80 4.08621e-05
36 80 9.34429e-06
37 80 1.72054e-05
38 80 3.47389e-06
39 80 2.33844e-06
40 80 1.06954e-05
41 80 1.9588e-05
42 80 5.39982e-08
43 80 4.54564e-08
44 80 1.0205e-19
45 80 5.01924e-21
46 80 1.70342e-20
47 80 6.1677e-20
48 80 1.13407e-19
49 80 5.90084e-21
50 80 6.73598e-20
51 80 2.93945e-20
52 80 1.25954e-20
53 80 4.80264e-20
54 80 7.70843e-20
55 80 2.93727e-20
56 80 8.23193e-05
57 80 9.73524e-06
58 80 0.000820782
59 80 0.000783882
60 80 2.24778e-05
61 80 1.02317e-05
62 80 1.9477e-20
63 80 4.58422e-19
0 81 3.75836e-18
1 81 2.77071e-18
2 81 5.15853e-18
3 81 1.30765e-18
4 81 4.82534e-19
5 81 2.86963e-20
6 81 7.45038e-18
7 81 1.14103e-18
8 81 2.70825e-19
9 81 2.15823e-19
10 81 2.24579e-18
11 81 1.17914e-18
12 81 4.44618e-18
13 81 1.69043e-19
14 81 1.78982e-18
15 81 2.64543e-18
16 81 1.60184e-19
17 81 4.37075e-20
18 81 1.01455e-20
19 81 7.4301e-21
20 81 5.41784e-07
21 81 9.55426e-09
22 81 9.43131e-20
23 81 1.65626e-20
24 81 8.65943e-21
25 81 5.60768e-20
26 81 5.30034e-06
27 81 3.79612e-06
28 81 1.71839e-05
29 81 3.24995e-05
30 81 8.64548e-05
31 81 0.000278216
32 81 9.9458e-05
33 81 0.00011322
34 81 4.2969e-06
35 81 1.77599e-05
36 81 1.47209e-06
37 81 8.22621e-06
38 81 2.526e-06
39 81 3.56308e-05
40 81 6.38567e-06
41 81 1.21449e-05
42 81 1.3619e-08
43 81 3.34951e-08
44 81 1.69578e-19
45 81 3.78538e-20
46 81 7.53666e-20
47 81 1.63936e-19
48 81 1.14004e-19
49 81 2.26473e-20
50 81 2.88728e-20
51 81 1.99071e-20
52 81 1.40018e-19
53 81 6.39629e-21
54 81 8.08779e-20
55 81 4.79548e-22
56 81 3.19811e-05
57 81 1.64542e-06
58 81 8.9439e-05
59 81 0.00135718
60 81 0.000134855
61 81 0.000454684
62 81 1.18649e-19
63 81 6.70676e-20
0 82 6.03384e-19
1 82 6.71488e-19
2 82 2.45325e-17
3 82 3.01578e-18
4 82 2.83695e-18
5 82 3.20158e-18
6 82 1.83217e-18
7 82 3.83368e-18
8 82 8.04445e-19
9 82 2.6063e-19
10 82 3.4534e-18
11 82 1.70734e-18
12 82 5.00795e-19
13 82 4.07942e-20
14 82 6.94418e-18
15 82 6.58589e-19
16 82 4.97307e-19
17 82 2.38738e-20
18 82 3.04354e-19
19 82 1.14464e-19
20 82 7.6866e-07
21 82 2.0656e-07
22 82 6.75463e-20
23 82 8.49295e-20
24 82 3.31157e-20
25 82 4.76493e-20
26 82 4.24665e-05
27 82 4.49525e-06
28 82 1.56862e-05
29 82 1.66142e-05
30 82 7.83969e-05
31 82 0.000405478
32 82 0.000364111
33 82 6.54654e-05
34 82 8.41905e-06
35 82 1.53282e-06
36 82 2.03593e-07
37 82 1.6951e-05
38 82 2.00471e-05
39 82 1.61236e-06
40 82 1.63284e-05
41 82 1.26907e-05
42 82 2.23897e-09
43 82 1.90187e-08
44 82 3.91619e-19
45 82 3.27942e-20
46 82 1.8563e-19
47 82 2.44267e-20
48 82 4.38467e-21
49 82 6.24837e-20
50 82 1.78022e-19
51 82 1.74722e-20
52 82 4.22002e-20
53 82 6.26507e-20
54 82 1.63473e-19
55 82 7.87503e-20
56 82 5.06989e-05
57 82 8.78055e-06
58 82 0.000204356
59 82 2.45481e-05
60 82 0.00264723
61 82 4.85446e-05
62 82 5.51707e-19
63 82 5.04023e-20
0 83 1.55753e-18
1 83 4.8607e-18
2 83 1.76221e-17
3 83 1.77707e-18
4 83 9.11716e-19
5 83 6.60948e-20
6 83 1.46282e-18
7 83 3.74616e-18
8 83 4.94223e-19
9 83 1.21524e-19
10 83 8.53892e-19
11 83 9.42165e-19
12 83 2.93562e-18
13 83 1.24325e-20
14 83 1.6328e-18
15 83 1.86293e-18
16 83 2.57893e-19
17 83 1.3752e-19
18 83 8.71124e-20
19 83 9.29778e-20
20 83 4.08007e-07
21 83 2.62169e-06
22 83 1.29061e-19
23 83 9.52455e-21
24 83 8.53407e-21
25 83 5.77682e-20
26 83 3.98361e-06
27 83 2.03535e-05
28 83 3.05732e-05
29 83 3.50842e-06
30 83 0.000167666
31 83 0.000235366
32 83 6.12061e-05
33 83 0.000108738
34 83 2.1914e-05
35 83 3.48476e-06
36 83 2.76956e-05
37 83 2.55982e-05
38 83 5.10146e-06
39 83 1.1379e-05
40 83 8.14729e-07
41 83 4.06313e-06
42 83 3.45821e-08
43 83 1.96705e-08
44 83 1.05216e-19
45 83 3.1183e-20
46 83 1.05274e-19
47 83 6.72227e-20
48 83 1.2365e-19
49 83 2.83025e-21
50 83 1.08015e-20
51 83 1.40199e-20
52 83 4.44874e-21
53 83 6.40057e-21
54 83 8.73406e-21
55 83 2.39097e-20
56 83 3.48729e-05
57 83 0.000149911
58 83 0.000333213
59 83 0.00133237
60 83 8.53068e-05
61 83 0.000285222
62 83 1.29325e-20
63 83 1.61609e-19
0 84 2.69899e-18
1 84 2.12368e-18
2 84 7.67918e-09
3 84 9.48133e-09
4 84 4.58894e-09
5 84 6.36487e-09
6 84 3.04208e-06
7 84 4.10372e-06
8 84 3.35364e-06
9 84 1.00616e-06
10 84 1.59519e-05
11 84 3.58706e-05
12 84 4.13489e-19
13 84 1.03524e-18
14 84 3.31726e-13
15 84 1.438e-14
16 84 6.08666e-14
17 84 3.08782e-15
18 84 4.64055e-06
19 84 5.20603e-06
20 84 1.06061e-19
21 84 1.10135e-19
22 84 3.5969e-07
23 84 1.293e-08
24 84 1.02797e-06
25 84 5.52543e-07
26 84 1.18647e-20
27 84 4.43197e-20
28 84 7.37789e-20
29 84 3.43581e-20
30 84 1.62351e-20
31 84 6.16676e-20
32 84 7.6297e-20
33 84 1.43611e-19
34 84 1.56723e-20
35 84 1.97572e-20
36 84 1.92926e-19
37 84 2.38626e-20
38 84 3.88805e-20
39 84 1.11756e-19
40 84 5.39907e-20
41 84 1.12762e-19
42 84 3.20627e-20
43 84 1.79606e-20
44 84 1.80002e-08
45 84 5.0497e-08
46 84 1.23344e-07
47 84 1.83577e-08
48 84 1.99407e-21
49 84 5.6594e-20
50 84 2.89503e-05
51 84 2.98518e-06
52 84 4.21212e-05
53 84 2.09385e-05
54 84 0.000226868
55 84 7.67316e-05
56 84 4.45229e-20
57 84 1.81408e-19
58 84 5.01245e-19
59 84 2.68643e-20
60 84 1.44834e-19
61 84 1.73178e-20
62 84 1.31785e-19
63 84 2.52811e-19
0 85 1.11418e-18
1 85 5.73044e-19
2 85 5.21761e-09
3 85 9.13079e-11
4 85 8.04225e-09
5 85 4.53263e-09
6 85 1.81725e-07
7 85 3.16116e-06
8 85 1.21563e-07
9 85 3.85428e-06
10 85 6.21312e-05
11 85 7.27387e-05
12 85 1.57967e-18
13 85 2.27878e-19
14 85 3.20846e-14
15 85 4.4286e-14
16 85 1.16977e-13
17 85 6.69524e-14
18 85 1.85433e-05
19 85 7.08271e-06
20 85 1.14957e-20
21 85 2.31935e-20
22 85 1.03259e-07
23 85 6.6839e-07
24 85 1.53463e-07
25 85 3.17276e-07
26 85 7.93848e-21
27 85 1.55895e-19
28 85 5.95381e-21
29 85 3.42835e-20
30 85 6.4216e-20
31 85 2.80416e-20
32 85 3.24257e-20
33 85 1.64296e-19
34 85 5.52266e-20
35 85 3.28588e-20
36 85 3.09432e-21
37 85 6.29029e-20
38 85 3.61086e-20
39 85 5.37897e-20
40 85 2.82127e-20
41 85 2.49247e-19
42 85 5.09461e-20
43 85 2.24588e-20
44 85 2.6351e-08
45 85 5.57991e-08
46 85 1.49811e-08
47 85 3.65769e-08
48 85 5.03492e-20
49 85 1.17907e-19
50 85 1.59464e-05
51 85 3.90814e-05
52 85 3.73579e-06
53 85 1.66302e-06
54 85 0.000407982
55 85 0.000382147
56 85 1.28024e-20
57 85 1.00059e-19
58 85 2.54674e-20
59 85 3.35403e-19
60 85 1.07143e-19
61 85 3.76955e-19
62 85 1.90971e-19
63 85 4.45322e-20
0 86 1.07153e-06
1 86 6.22956e-06
2 86 1.22407e-05
3 86 7.78054e-06
4 86 3.5191e-07
5 86 1.95399e-05
6 86 9.50772e-08
7 86 3.99227e-07
8 86 4.88764e-07
9 86 5.16924e-07
10 86 4.32544e-08
11 86 1.80064e-08
12 86 6.20741e-07
13 86 4.84316e-07
14 86 3.16157e-07
15 86 4.25342e-06
16 86 1.5721e-06
17 86 1.17732e-06
18 86 6.35051e-06
19 86 2.30234e-06
20 86 6.28589e-20
21 86 5.10711e-20
22 86 2.76857e-06
23 86 7.44534e-07
24 86 2.19235e-06
25 86 4.21496e-06
26 86 6.44739e-21
27 86 3.57194e-19
28 86 1.50481e-20
29 86 2.88917e-19
30 86 1.2499e-20
31 86 9.13572e-22
32 86 6.84394e-22
33 86 2.07175e-20
34 86 3.43534e-21
35 86 1.30246e-20
36 86 1.82031e-20
37 86 2.82069e-20
38 86 6.74239e-21
39 86 1.01325e-22
40 86 4.95473e-21
41 86 1.4213e-20
42 86 5.28403e-21
43 86 2.0215e-20
44 86 1.61871e-05
45 86 0.000103287
46 86 9.72184e-05
47 86 0.000195001
48 86 5.21469e-05
49 86 1.82319e-05
50 86 1.61202e-05
51 86 9.97339e-07
52 86 1.96383e-07
53 86 1.44846e-05
54 86 1.35051e-05
55 86 4.07645e-05
56 86 7.77827e-21
57 86 9.90017e-20
58 86 7.73626e-21
59 86 7.90303e-20
60 86 3.40578e-20
61 86 6.82647e-20
62 86 8.96269e-05
63 86 4.44928e-05
0 87 4.53254e-06
1 87 2.02477e-06
2 87 1.93356e-06
3 87 4.84804e-05
4 87 9.83577e-06
5 87 2.56837e-06
6 87 3.53076e-06
7 87 1.83029e-07
8 87 1.57547e-08
9 87 2.5902e-07
10 87 2.39399e-08
11 87 8.53596e-09
12 87 4.48967e-07
13 87 5.43517e-07
14 87 2.25488e-08
15 87 7.28663e-07
16 87 3.0382e-06
17 87 1.31975e-07
18 87 2.74912e-06
19 87 1.83786e-06
20 87 6.75486e-20
21 87 8.61557e-21
22 87 6.19978e-06
23 87 5.28955e-06
24 87 7.3934e-06
25 87 4.07223e-06
26 87 1.74146e-19
27 87 3.68907e-19
28 87 9.65572e-20
29 87 6.18706e-20
30 87 8.84074e-21
31 87 4.40646e-21
32 87 2.63521e-20
33 87 9.27215e-21
34 87 9.31904e-21
35 87 2.71544e-20
36 87 2.10578e-19
37 87 9.28325e-21
38 87 1.20191e-19
39 87 4.3284e-20
40 87 1.2551e-20
41 87 1.42325e-20
42 87 3.19682e-21
43 87 1.05033e-20
44 87 7.97356e-05
45 87 6.14258e-05
46 87 2.58664e-05
47 87 3.5549e-05
48 87 1.23477e-05
49 87 5.08615e-05
50 87 1.4446e-06
51 87 3.91225e-07
52 87 1.75096e-05
53 87 1.92212e-06
54 87 8.90526e-06
55 87 1.98637e-05
56 87 4.56471e-20
57 87 2.46541e-21
58 87 2.38423e-20
59 87 3.61353e-20
60 87 3.26959e-20
61 87 3.88008e-20
62 87 8.92146e-05
63 87 3.12423e-05
0 88 3.12479e-06
1 88 6.85994e-06
2 88 5.26472e-06
3 88 3.89319e-06
4 88 1.25023e-05
5 88 3.07225e-06
6 88 4.46974e-07
7 88 2.44815e-07
8 88 7.09755e-07
9 88 6.66318e-08
10 88 5.47752e-08
11 88 1.79701e-07
12 88 6.03947e-07
13 88 9.0729e-07
14 88 1.74324e-06
15 88 1.64911e-07
16 88 1.16131e-07
17 88 1.10511e-06
18 88 3.41702e-06
19 88 2.97018e-05
20 88 1.66608e-20
21 88 2.69999e-20
22 88 2.47443e-06
23 88 4.43488e-06
24 88 2.1854e-07
25 88 1.28217e-06
26 88 7.03599e-20
27 88 6.77376e-20
28 88 4.75847e-21
29 88 5.06446e-20
30 88 4.83202e-21
31 88 3.34399e-21
32 88 1.11233e-19
33 88 2.19785e-20
34 88 5.16806e-21
35 88 4.34583e-21
36 88 5.87757e-20
37 88 2.75196e-20
38 88 8.22244e-21
39 88 1.05644e-21
40 88 8.81564e-22
41 88 3.82531e-20
42 88 7.32825e-21
43 88 2.88627e-20
44 88 4.01059e-06
45 88 8.22534e-05
46 88 0.000100724
47 88 8.37372e-06
48 88 7.78348e-05
49 88 1.84128e-05
50 88 6.26929e-06
51 88 6.31566e-06
52 88 5.24493e-07
53 88 5.67857e-07
54 88 0.000163682
55 88 4.40356e-05
56 88 4.6052e-20
57 88 8.65455e-20
58 88 8.90114e-21
59 88 4.16566e-20
60 88 9.73753e-20
61 88 2.51882e-20
62 88 2.58774e-05
63 88 0.00015754
0 89 8.66556e-06
1 89 3.28066e-06
2 89 1.3508e-05
3 89 1.15191e-05
4 89 1.51514e-05
5 89 2.46918e-06
6 89 5.43978e-08
7 89 6.62408e-07
8 89 1.95716e-06
9 89 1.67925e-07
10 89 1.30494e-07
11 89 8.05853e-09
12 89 9.4782e-07
13 89 8.60297e-07
14 89 7.43372e-07
15 89 1.03357e-07
16 89 3.33615e-07
17 89 1.26805e-06
18 89 1.53852e-05
19 89 4.1846e-06
20 89 2.09986e-19
21 89 7.65598e-20
22 89 3.74355e-06
23 89 6.33554e-06
24 89 4.05908e-07
25 89 5.64184e-06
26 89 6.26704e-19
27 89 3.38691e-19
28 89 1.77126e-19
29 89 1.09055e-19
30 89 7.20927e-20
31 89 1.39571e-21
32 89 4.32217e-21
33 89 8.11543e-21
34 89 3.509e-20
35 89 8.24502e-21
36 89 2.65679e-20
37 89 2.72489e-23
38 89 1.07508e-20
39 89 3.45663e-20
40 89 2.02321e-20
41 89 1.16585e-20
42 89 1.76858e-20
43 89 3.68605e-20
44 89 4.53055e-05
45 89 5.30052e-05
46 89 7.78467e-06
47 89 2.73175e-05
48 89 1.86147e-05
49 89 9.65405e-05
50 89 2.94871e-06
51 89 6.13024e-06
52 89 5.82455e-08
53 89 4.23079e-06
54 89 4.02375e-06
55 89 0.000118716
56 89 8.80856e-20
57 89 8.16381e-21
58 89 3.02445e-20
59 89 9.53386e-21
60 89 6.87502e-20
61 89 1.22057e-19
62 89 0.000175352
63 89 4.40981e-05
0 90 1.3314e-17
1 90 6.0916e-19
2 90 4.06086e-06
3 90 1.21085e-06
4 90 1.24704e-05
5 90 8.46246e-06
6 90 5.49083e-08
7 90 8.38681e-07
8 90 1.06002e-07
9 90 2.67149e-06
10 90 8.23048e-07
11 90 1.04592e-06
12 90 1.89087e-19
13 90 3.33417e-20
14 90 3.09546e-08
15 90 8.22652e-08
16 90 1.34995e-07
17 90 1.0776e-07
18 90 1.9435e-06
19 90 6.50875e-07
20 90 2.35471e-20
21 90 4.81965e-20
22 90 4.38257e-06
23 90 2.52424e-05
24 90 7.24087e-06
25 90 5.71344e-06
26 90 3.99005e-20
27 90 9.52621e-20
28 90 1.47656e-20
29 90 8.61573e-20
30 90 5.79944e-22
31 90 9.92489e-21
32 90 1.76485e-21
33 90 3.28193e-20
34 90 5.52247e-20
35 90 2.94587e-20
36 90 1.46668e-20
37 90 3.96282e-21
38 90 6.46084e-20
39 90 2.27105e-20
40 90 1.23171e-20
41 90 7.91017e-21
42 90 1.90165e-20
43 90 3.50042e-20
44 90 1.63852e-05
45 90 4.35198e-05
46 90 8.21171e-06
47 90 4.39513e-05
48 90 7.8703e-20
49 90 1.32086e-20
50 90 5.34697e-05
51 90 0.00010691
52 90 1.01959e-05
53 90 7.6821e-07
54 90 2.17435e-05
55 90 1.77778e-05
56 90 5.83963e-21
57 90 7.54945e-20
58 90 4.87283e-20
59 90 6.57599e-20
60 90 2.7288e-20
61 90 1.40219e-19
62 90 7.8229e-20
63 90 1.93209e-20
0 91 4.71351e-17
1 91 4.69282e-19
2 91 1.76579e-05
3 91 1.49095e-05
4 91 8.80142e-06
5 91 9.88952e-06
6 91 1.80358e-06
7 91 3.34944e-06
8 91 1.89741e-06
9 91 1.30494e-07
10 91 1.26258e-07
11 91 2.74514e-07
12 91 3.20162e-19
13 91 8.87509e-19
14 91 5.39899e-07
15 91 1.0276e-08
16 91 1.43989e-07
17 91 2.15593e-09
18 91 1.15705e-07
19 91 4.40618e-07
20 91 1.45883e-19
21 91 2.01737e-20
22 91 1.38525e-05
23 91 1.59404e-06
24 91 3.92942e-05
25 91 2.85478e-05
26 91 4.06829e-20
27 91 9.12169e-19
28 91 3.48242e-20
29 91 1.49072e-19
30 91 3.59625e-20
31 91 8.76652e-20
32 91 2.50514e-20
33 91 3.16865e-21
34 91 8.35134e-20
35 91 3.78082e-21
36 91 5.37914e-20
37 91 6.16964e-21
38 91 1.16578e-20
39 91 5.62136e-20
40 91 7.33821e-20
41 91 2.70149e-20
42 91 3.9731e-21
43 91 1.73411e-20
44 91 2.63378e-05
45 91 5.88742e-05
46 91 0.000125036
47 91 8.96661e-06
48 91 8.13417e-20
49 91 1.44049e-19
50 91 9.28447e-05
51 91 3.01813e-05
52 91 0.000139248
53 91 7.28879e-05
54 91 6.1156e-06
55 91 2.35912e-06
56 91 3.69273e-20
57 91 7.89867e-21
58 91 6.54015e-20
59 91 1.25197e-21
60 91 4.23093e-21
61 91 1.19967e-19
62 91 5.94322e-19
63 91 1.5346e-19
0 92 2.14746e-07
1 92 9.33435e-07
2 92 1.16026e-07
3 92 2.4652e-07
4 92 8.78346e-07
5 92 6.12657e-05
6 92 9.69096e-07
7 92 2.02156e-06
8 92 1.91683e-06
9 92 4.43778e-06
10 92 1.21576e-17
11 92 6.10311e-19
12 92 4.57913e-10
13 92 2.26682e-09
14 92 3.67585e-07
15 92 1.12218e-06
16 92 4.97095e-07
17 92 1.1926e-07
18 92 6.57187e-20
19 92 7.6014e-20
20 92 2.25456e-20
21 92 1.51034e-19
22 92 4.23135e-06
23 92 2.95677e-06
24 92 7.66529e-07
25 92 5.49058e-06
26 92 1.47591e-19
27 92 2.58049e-19
28 92 9.76137e-20
29 92 1.91829e-19
30 92 1.36292e-20
31 92 1.54756e-20
32 92 8.62331e-21
33 92 8.69562e-20
34 92 9.08216e-21
35 92 2.14529e-20
36 92 6.71627e-21
37 92 1.92239e-20
38 92 2.39534e-20
39 92 1.3314e-20
40 92 3.65274e-20
41 92 4.30633e-20
42 92 1.60414e-20
43 92 1.74017e-21
44 92 2.41816e-05
45 92 1.2152e-05
46 92 2.11857e-05
47 92 0.000128573
48 92 0.000131922
49 92 1.73291e-05
50 92 3.47572e-06
51 92 6.0377e-06
52 92 1.79502e-05
53 92 2.05258e-05
54 92 2.51481e-20
55 92 2.63796e-20
56 92 2.54036e-20
57 92 6.13275e-20
58 92 4.00788e-20
59 92 3.08997e-20
60 92 5.96182e-21
61 92 3.22411e-20
62 92 1.5599e-05
63 92 0.000330573
0 93 1.5541e-06
1 93 6.48099e-07
2 93 3.81886e-06
3 93 1.82897e-06
4 93 3.67411e-05
5 93 3.12605e-06
6 93 1.32486e-06
7 93 5.85427e-07
8 93 1.24318e-06
9 93 3.65142e-06
10 93 8.98125e-18
11 93 7.37487e-19
12 93 3.77281e-09
13 93 1.45318e-09
14 93 3.70021e-07
15 93 2.90406e-07
16 93 4.30117e-07
17 93 4.43053e-07
18 93 2.1498e-19
19 93 1.50123e-19
20 93 1.41752e-20
21 93 1.89953e-19
22 93 5.76598e-07
23 93 6.23436e-06
24 93 2.03512e-06
25 93 9.44246e-07
26 93 8.77769e-20
27 93 6.88367e-20
28 93 1.27916e-20
29 93 1.58543e-19
30 93 5.13866e-21
31 93 9.11785e-20
32 93 8.137e-21
33 93 3.5728e-23
34 93 4.32784e-20
35 93 6.10817e-21
36 93 6.75846e-21
37 93 1.75962e-20
38 93 5.01059e-20
39 93 2.21315e-20
40 93 1.82826e-21
41 93 1.80312e-20
42 93 8.9324e-21
43 93 2.14944e-20
44 93 8.77503e-05
45 93 1.45881e-05
46 93 2.10646e-06
47 93 3.10607e-05
48 93 0.000114999
49 93 0.000171263
50 93 1.09834e-05
51 93 1.67132e-05
52 93 5.49971e-06
53 93 1.74784e-06
54 93 9.27527e-20
55 93 6.93603e-21
56 93 6.15349e-20
57 93 1.15809e-19
58 93 2.91554e-20
59 93 1.42607e-19
60 93 4.14726e-20
61 93 6.63079e-20
62 93 0.000331675
63 93 0.000332278
0 94 1.12481e-05
1 94 7.29318e-06
2 94 5.06755e-06
3 94 1.04696e-06
4 94 6.16419e-06
5 94 2.4257e-06
6 94 3.83271e-07
7 94 1.36365e-07
8 94 5.08596e-07
9 94 1.04449e-07
10 94 1.88935e-07
11 94 4.68905e-08
12 94 2.56951e-06
13 94 3.52849e-06
14 94 2.34268e-06
15 94 5.8588e-06
16 94 5.2724e-07
17 94 6.75802e-06
18 94 1.15244e-05
19 94 6.40978e-06
20 94 7.75312e-20
21 94 1.27746e-20
22 94 9.29086e-07
23 94 1.63411e-07
24 94 2.42705e-07
25 94 1.15648e-07
26 94 8.89019e-20
27 94 3.00578e-19
28 94 5.29322e-21
29 94 1.21935e-19
30 94 3.743e-20
31 94 8.94173e-21
32 94 2.51642e-20
33 94 1.04088e-20
34 94 1.36732e-20
35 94 4.28781e-21
36 94 1.91805e-20
37 94 4.55935e-21
38 94 2.92664e-21
39 94 3.74838e-20
40 94 1.19298e-20
41 94 5.60437e-21
42 94 1.02466e-20
43 94 2.81417e-21
44 94 2.75648e-05
45 94 4.30245e-07
46 94 0.000138517
47 94 1.32636e-05
48 94 2.9974e-05
49 94 8.03651e-05
50 94 1.65541e-05
51 94 3.15357e-05
52 94 8.56642e-06
53 94 8.18532e-06
54 94 5.79199e-06
55 94 3.22831e-05
56 94 5.91985e-21
57 94 5.02211e-20
58 94 1.05435e-19
59 94 3.64061e-20
60 94 4.19226e-21
61 94 6.36938e-20
62 94 0.000198992
63 94 8.03154e-05
0 95 2.39082e-06
1 95 1.68802e-06
2 95 8.66088e-06
3 95 4.20766e-07
4 95 7.78691e-06
5 95 2.38834e-06
6 95 2.68124e-07
7 95 4.49626e-08
8 95 1.22715e-07
9 95 1.93038e-07
10 95 9.6454e-07
11 95 7.03584e-07
12 95 8.98435e-07
13 95 4.43042e-07
14 95 6.21696e-07
15 95 2.64394e-06
16 95 3.84237e-06
17 95 1.8788e-06
18 95 3.45279e-05
19 95 9.23309e-05
20 95 3.90006e-20
21 95 1.80418e-20
22 95 2.24522e-07
23 95 1.9641e-07
24 95 1.23544e-08
25 95 4.02624e-07
26 95 1.05083e-19
27 95 5.71813e-20
28 95 1.78725e-20
29 95 1.84915e-20
30 95 2.56342e-20
31 95 8.81493e-21
32 95 7.9853e-20
33 95 9.63369e-21
34 95 1.7037e-20
35 95 3.44679e-20
36 95 2.96908e-20
37 95 1.10541e-20
38 95 2.98541e-20
39 95 4.41663e-20
40 95 4.64039e-20
41 95 3.22093e-20
42 95 2.13246e-21
43 95 1.91574e-21
44 95 9.71648e-05
45 95 3.27189e-05
46 95 5.46127e-06
47 95 9.08659e-06
48 95 1.29779e-05
49 95 1.12952e-05
50 95 3.52425e-06
51 95 1.10201e-05
52 95 9.02147e-06
53 95 2.47098e-05
54 95 0.000116784
55 95 0.000152544
56 95 6.64115e-20
57 95 6.86763e-20
58 95 2.63689e-20
59 95 6.14285e-20
60 95 3.80735e-21
61 95 1.08831e-20
62 95 2.48681e-05
63 95 3.65757e-05
0 96 4.66274e-06
1 96 2.73759e-07
2 96 3.13989e-06
3 96 1.49279e-05
4 96 9.97139e-07
5 96 3.13906e-06
6 96 3.9197e-07
7 96 2.0879e-08
8 96 7.23901e-07
9 96 2.5697e-07
10 96 1.87467e-07
11 96 2.42985e-08
12 96 6.45984e-07
13 96 9.77556e-07
14 96 2.24426e-07
15 96 2.25452e-06
16 96 9.82752e-06
17 96 6.516e-06
18 96 1.21003e-05
19 96 4.00425e-06
20 96 6.14365e-20
21 96 3.35671e-21
22 96 2.52463e-07
23 96 2.54455e-07
24 96 2.33127e-07
25 96 1.02552e-06
26 96 6.28138e-20
27 96 1.60292e-19
28 96 8.05648e-20
29 96 2.98318e-20
30 96 4.57614e-21
31 96 5.85162e-21
32 96 2.65759e-21
33 96 5.2838e-20
34 96 4.10989e-20
35 96 9.09551e-21
36 96 3.69202e-20
37 96 1.26433e-21
38 96 2.22154e-20
39 96 5.77458e-20
40 96 1.54759e-20
41 96 5.10576e-21
42 96 1.16525e-20
43 96 2.46012e-20
44 96 6.7425e-05
45 96 0.000132512
46 96 9.2112e-06
47 96 5.57243e-05
48 96 9.40301e-07
49 96 2.84366e-05
50 96 4.07291e-06
51 96 1.41577e-05
52 96 4.78128e-05
53 96 2.7446e-05
54 96 2.6983e-06
55 96 3.14924e-05
56 96 1.37603e-21
57 96 4.76285e-20
58 96 6.96263e-20
59 96 4.16596e-21
60 96 2.63431e-20
61 96 9.44885e-20
62 96 4.41935e-05
63 96 3.01697e-05
0 97 2.57779e-07
1 97 1.0372e-05
2 97 1.54215e-05
3 97 1.51857e-06
4 97 2.54596e-06
5 97 5.2336e-06
6 97 2.8427e-07
7 97 2.76102e-07
8 97 2.8166e-08
9 97 5.64017e-07
10 97 1.89361e-07
11 97 5.24219e-07
12 97 1.96393e-06
13 97 1.53206e-06
14 97 4.90138e-06
15 97 6.81651e-06
16 97 5.30794e-06
17 97 1.05129e-06
18 97 3.2908e-05
19 97 2.13587e-05
20 97 5.13223e-21
21 97 3.5343e-20
22 97 2.34287e-07
23 97 3.97688e-07
24 97 6.67713e-07
25 97 3.65356e-07
26 97 8.09089e-20
27 97 1.37471e-19
28 97 7.30326e-21
29 97 4.97572e-22
30 97 8.44118e-21
31 97 1.86829e-20
32 97 2.15914e-20
33 97 8.72216e-21
34 97 3.54612e-20
35 97 2.05792e-20
36 97 1.26581e-20
37 97 2.56835e-20
38 97 4.76903e-21
39 97 4.22809e-21
40 97 2.02961e-20
41 97 2.67227e-20
42 97 3.12841e-21
43 97 1.41021e-20
44 97 4.46942e-05
45 97 7.77727e-07
46 97 2.58881e-05
47 97 8.79464e-06
48 97 6.21223e-05
49 97 1.13537e-06
50 97 1.16213e-07
51 97 1.75509e-05
52 97 3.61715e-06
53 97 7.5663e-06
54 97 8.4754e-05
55 97 3.0457e-05
56 97 2.53002e-21
57 97 1.30469e-20
58 97 5.5467e-20
59 97 3.20043e-20
60 97 2.48793e-20
61 97 5.10516e-21
62 97 6.44956e-05
63 97 9.56319e-05
0 98 8.24576e-06
1 98 1.7867e-06
2 98 1.72179e-06
3 98 1.03772e-06
4 98 1.7883e-05
5 98 6.05209e-06
6 98 9.97207e-06
7 98 1.26152e-06
8 98 5.05097e-06
9 98 3.99791e-05
10 98 1.00037e-18
11 98 3.05159e-19
12 98 2.80878e-06
13 98 1.21113e-06
14 98 6.93645e-07
15 98 1.18951e-06
16 98 8.99211e-07
17 98 9.54449e-07
18 98 1.42474e-20
19 98 3.19402e-20
20 98 2.86564e-19
21 98 3.17411e-20
22 98 8.53282e-08
23 98 1.34488e-06
24 98 3.61403e-07
25 98 1.43059e-07
26 98 1.24178e-19
27 98 9.67501e-21
28 98 6.89329e-20
29 98 3.6489e-20
30 98 6.18792e-21
31 98 5.66315e-21
32 98 3.49386e-20
33 98 5.99574e-21
34 98 7.15416e-21
35 98 8.01966e-21
36 98 7.04428e-21
37 98 1.59829e-20
38 98 1.76531e-20
39 98 9.72077e-21
40 98 1.25788e-20
41 98 8.76432e-21
42 98 9.73429e-21
43 98 2.60142e-22
44 98 2.02025e-05
45 98 3.91075e-06
46 98 4.78105e-07
47 98 1.77366e-05
48 98 2.46494e-05
49 98 6.5216e-05
50 98 3.10801e-05
51 98 4.94369e-05
52 98 6.89543e-06
53 98 7.758e-06
54 98 4.73357e-20
55 98 5.35319e-20
56 98 1.84895e-20
57 98 1.04612e-20
58 98 2.49083e-19
59 98 2.88988e-20
60 98 1.77077e-20
61 98 3.37364e-20
62 98 0.000159856
63 98 0.000138029
0 99 1.54693e-06
1 99 6.96894e-06
2 99 3.05895e-07
3 99 3.18006e-08
4 99 1.5028e-06
5 99 2.71297e-05
6 99 6.69246e-06
7 99 1.76771e-05
8 99 1.79052e-05
9 99 1.87854e-05
10 99 8.22692e-19
11 99 3.34136e-19
12 99 1.14594e-06
13 99 2.2663e-06
14 99 8.85489e-07
15 99 1.83465e-06
16 99 1.08583e-06
17 99 2.49394e-07
18 99 2.413e-20
19 99 1.7729e-20
20 99 7.68525e-20
21 99 3.32738e-20
22 99 7.4945e-07
23 99 2.5093e-07
24 99 1.25033e-07
25 99 9.74186e-07
26 99 9.6408e-20
27 99 3.59923e-20
28 99 1.21841e-19
29 99 6.9038e-22
30 99 3.19764e-21
31 99 2.89055e-20
32 99 3.70121e-20
33 99 4.14385e-20
34 99 1.82521e-21
35 99 1.83869e-20
36 99 8.69131e-21
37 99 3.12121e-21
38 99 2.71762e-20
39 99 2.45663e-20
40 99 8.23665e-21
41 99 2.57777e-20
42 99 5.5623e-21
43 99 2.34551e-21
44 99 1.05178e-05
45 99 3.42822e-06
46 99 5.91455e-06
47 99 2.60757e-05
48 99 6.95498e-05
49 99 6.73095e-06
50 99 3.51937e-06
51 99 5.00449e-06
52 99 4.92186e-05
53 99 4.55412e-05
54 99 1.02332e-20
55 99 1.01591e-19
56 99 5.51325e-22
57 99 1.74917e-20
58 99 1.40927e-19
59 99 1.74211e-20
60 99 1.91526e-19
61 99 2.64897e-20
62 99 2.94844e-05
63 99 0.00022337
0 100 1.62291e-05
1 100 8.53282e-06
2 100 7.14916e-07
3 100 1.60688e-07
4 100 9.72927e-07
5 100 6.16178e-07
6 100 2.45581e-05
7 100 4.78974e-06
8 100 5.55697e-05
9 100 3.64067e-06
10 100 2.34384e-06
11 100 1.16608e-06
12 100 5.12824e-08
13 100 3.44353e-07
14 100 4.17576e-08
15 100 7.04244e-08
16 100 3.82967e-08
17 100 6.18415e-08
18 100 5.7294e-09
19 100 6.13698e-09
20 100 4.69848e-21
21 100 5.34682e-21
22 100 3.67384e-08
23 100 1.54913e-06
24 100 1.9099e-07
25 100 2.08135e-06
26 100 3.06385e-20
27 100 4.26904e-19
28 100 2.68399e-20
29 100 1.817e-20
30 100 2.83302e-20
31 100 5.52434e-20
32 100 7.31593e-20
33 100 2.3314e-20
34 100 1.93451e-21
35 100 1.08394e-21
36 100 9.02722e-20
37 100 1.35277e-20
38 100 1.83844e-20
39 100 1.74458e-20
40 100 2.30412e-20
41 100 4.99201e-20
42 100 1.00125e-20
43 100 4.30585e-21
44 100 2.39722e-05
45 100 1.32515e-06
46 100 6.05156e-06
47 100 7.3872e-06
48 100 2.62629e-05
49 100 6.22072e-05
50 100 9.62983e-06
51 100 2.93395e-05
52 100 5.95286e-05
53 100 1.5428e-05
54 100 4.7086e-07
55 100 1.23276e-06
56 100 5.96894e-20
57 100 9.36944e-20
58 100 2.53273e-19
59 100 4.09447e-21
60 100 1.14519e-19
61 100 1.07187e-19
62 100 9.667e-05
63 100 0.000159806
0 101 5.77909e-06
1 101 2.42443e-05
2 101 3.88079e-08
3 101 7.53519e-07
4 101 5.2378e-07
5 101 1.16656e-06
6 101 3.63537e-05
7 101 5.57022e-06
8 101 7.55298e-06
9 101 2.08603e-05
10 101 6.18709e-07
11 101 4.16136e-06
12 101 2.57437e-07
13 101 2.22264e-07
14 101 1.03912e-08
15 101 7.27944e-08
16 101 1.472e-07
17 101 1.14014e-08
18 101 2.61497e-10
19 101 1.58989e-08
20 101 3.63938e-21
21 101 8.43787e-20
22 101 4.90611e-07
23 101 9.22252e-07
24 101 1.47823e-06
25 101 1.80543e-07
26 101 4.26004e-20
27 101 1.67433e-20
28 101 2.66013e-20
29 101 3.61132e-20
30 101 3.06105e-20
31 101 6.65153e-21
32 101 9.01508e-21
33 101 1.26205e-20
34 101 1.21783e-20
35 101 1.95429e-20
36 101 7.49878e-20
37 101 4.95696e-20
38 101 2.02054e-20
39 101 2.43729e-21
40 101 3.27996e-20
41 101 1.1689e-20
42 101 4.23477e-21
43 101 3.88651e-20
44 101 1.01925e-05
45 101 2.97764e-07
46 101 1.13548e-05
47 101 1.47613e-05
48 101 7.35556e-05
49 101 3.37126e-05
50 101 1.95991e-05
51 101 3.83979e-05
52 101 1.52443e-05
53 101 1.80907e-05
54 101 1.95161e-06
55 101 3.68494e-07
56 101 3.03608e-20
57 101 2.04934e-19
58 101 6.80542e-20
59 101 4.20924e-20
60 101 1.37258e-20
61 101 1.61794e-20
62 101 0.000211992
63 101 9.898e-05
0 102 1.01325e-05
1 102 1.37043e-05
2 102 1.49668e-06
3 102 7.2665e-07
4 102 9.91115e-08
5 102 2.771e-07
6 102 8.24509e-06
7 102 5.19805e-08
8 102 3.32738e-06
9 102 8.44449e-06
10 102 3.94998e-06
11 102 1.48125e-06
12 102 2.26426e-07
13 102 1.54429e-07
14 102 1.46463e-07
15 102 9.32499e-08
16 102 8.9073e-08
17 102 1.02785e-07
18 102 1.40592e-08
19 102 4.30274e-09
20 102 4.94466e-20
21 102 1.02308e-19
22 102 1.69493e-07
23 102 1.9806e-07
24 102 1.21624e-07
25 102 3.9358e-07
26 102 9.32992e-20
27 102 3.02508e-20
28 102 1.03962e-19
29 102 1.39886e-20
30 102 2.6629e-20
31 102 1.47816e-20
32 102 2.44952e-20
33 102 8.72232e-21
34 102 9.18909e-21
35 102 1.19891e-20
36 102 8.33785e-20
37 102 1.9401e-20
38 102 1.33804e-20
39 102 3.68208e-21
40 102 9.63777e-21
41 102 1.14003e-21
42 102 6.57165e-21
43 102 4.60795e-22
44 102 3.55597e-06
45 102 8.54596e-06
46 102 3.59939e-06
47 102 1.27028e-05
48 102 5.94484e-05
49 102 2.57162e-05
50 102 6.03561e-07
51 102 6.91568e-06
52 102 4.20036e-06
53 102 1.52182e-05
54 102 8.67603e-07
55 102 1.76856e-06
56 102 7.06857e-20
57 102 8.57936e-20
58 102 2.55372e-20
59 102 8.5519e-20
60 102 8.65432e-20
61 102 2.89065e-20
62 102 7.51493e-05
63 102 0.000171744
0 103 1.89469e-05
1 103 7.54469e-06
2 103 3.9185e-07
3 103 1.16348e-06
4 103 7.02582e-07
5 103 7.35206e-07
6 103 3.13324e-05
7 103 1.37169e-05
8 103 1.72472e-05
9 103 5.8968e-06
10 103 2.25445e-06
11 103 9.72688e-07
12 103 2.77622e-07
13 103 1.45649e-07
14 103 5.74058e-08
15 103 1.57107e-07
16 103 5.20736e-08
17 103 6.36031e-08
18 103 4.19979e-09
19 103 6.71061e-09
20 103 2.8546e-21
21 103 2.67553e-21
22 103 2.17797e-06
23 103 2.5358e-07
24 103 1.36068e-09
25 103 5.50386e-07
26 103 4.25115e-20
27 103 5.26216e-20
28 103 2.7998e-20
29 103 5.76316e-20
30 103 7.58851e-21
31 103 5.80439e-20
32 103 1.98179e-20
33 103 3.22373e-21
34 103 2.15245e-20
35 103 1.60148e-20
36 103 2.34495e-20
37 103 4.49793e-21
38 103 6.55009e-21
39 103 1.58898e-20
40 103 1.56196e-21
41 103 9.845e-22
42 103 4.53072e-20
43 103 1.01745e-20
44 103 3.6502e-07
45 103 1.1908e-05
46 103 1.49983e-05
47 103 1.43007e-05
48 103 1.59348e-05
49 103 7.87148e-05
50 103 2.03344e-05
51 103 1.22625e-05
52 103 1.4204e-05
53 103 4.23832e-05
54 103 4.92167e-07
55 103 1.0742e-06
56 103 4.70816e-20
57 103 1.03798e-19
58 103 5.52105e-20
59 103 1.81125e-20
60 103 1.02894e-20
61 103 9.17071e-20
62 103 0.000245589
63 103 2.8802e-05
0 104 3.60552e-19
1 104 2.38687e-18
2 104 1.91796e-18
3 104 5.42919e-18
4 104 1.22063e-18
5 104 3.90605e-20
6 104 7.12051e-18
7 104 1.09095e-18
8 104 2.92355e-18
9 104 2.09053e-19
10 104 3.30783e-18
11 104 5.51883e-19
12 104 2.77939e-18
13 104 3.22509e-19
14 104 2.15518e-19
15 104 3.52589e-18
16 104 1.75434e-19
17 104 3.28183e-20
18 104 1.45311e-19
19 104 4.3394e-20
20 104 4.34545e-20
21 104 1.14605e-20
22 104 1.15203e-19
23 104 4.32139e-21
24 104 4.15011e-20
25 104 6.1231e-20
26 104 9.49479e-07
27 104 7.73723e-07
28 104 3.70727e-07
29 104 3.24196e-07
30 104 6.37276e-08
31 104 3.28781e-09
32 104 1.7223e-08
33 104 4.29171e-08
34 104 1.94451e-06
35 104 9.09924e-08
36 104 5.15936e-21
37 104 6.1025e-21
38 104 2.44981e-06
39 104 2.84046e-06
40 104 7.85188e-05
41 104 1.04782e-05
42 104 5.58799e-06
43 104 1.05047e-05
44 104 3.79802e-21
45 104 8.32117e-21
46 104 2.14191e-20
47 104 4.82318e-20
48 104 1.28599e-20
49 104 1.48363e-20
50 104 4.6058e-21
51 104 8.55122e-21
52 104 1.41455e-20
53 104 3.39193e-20
54 104 1.05274e-19
55 104 9.21747e-21
56 104 8.72696e-20
57 104 8.11856e-21
58 104 7.14493e-06
59 104 1.52264e-06
60 104 6.61068e-07
61 104 1.84237e-05
62 104 1.42031e-20
63 104 1.89604e-19
0 105 9.28589e-18
1 105 1.23169e-18
2 105 1.09436e-17
3 105 5.10879e-18
4 105 3.16798e-19
5 105 8.63654e-20
6 105 1.52796e-18
7 105 1.33224e-18
8 105 2.91685e-18
9 105 1.85244e-19
10 105 2.38432e-18
11 105 1.2523e-18
12 105 3.37794e-19
13 105 6.98918e-19
14 105 1.58179e-18
15 105 3.46423e-19
16 105 6.89609e-20
17 105 7.18184e-20
18 105 3.69042e-20
19 105 1.31499e-19
20 105 1.10087e-19
21 105 3.04405e-22
22 105 8.52471e-20
23 105 8.04862e-20
24 105 4.18943e-20
25 105 4.03141e-20
26 105 4.08254e-07
27 105 8.10444e-07
28 105 5.6459e-07
29 105 2.98945e-08
30 105 3.56959e-08
31 105 1.78986e-08
32 105 4.08333e-08
33 105 9.17123e-10
34 105 2.18438e-06
35 105 1.4813e-06
36 105 3.75872e-20
37 105 9.80438e-20
38 105 3.68444e-05
39 105 1.26899e-05
40 105 6.69144e-07
41 105 2.04959e-05
42 105 1.96284e-05
43 105 9.3525e-06
44 105 1.28227e-19
45 105 3.95676e-22
46 105 7.24703e-21
47 105 1.48003e-20
48 105 2.45619e-20
49 105 6.55672e-21
50 105 1.38327e-20
51 105 4.27175e-21
52 105 1.67878e-20
53 105 1.13286e-20
54 105 1.51805e-19
55 105 8.58841e-20
56 105 1.5015e-19
57 105 8.56719e-21
58 105 7.63935e-06
59 105 1.25621e-06
60 105 5.4591e-06
61 105 6.45486e-06
62 105 3.15556e-20
63 105 2.75113e-20
0 106 2.44866e-18
1 106 7.09358e-19
2 106 1.27201e-17
3 106 8.62105e-18
4 106 3.60559e-19
5 106 6.31171e-19
6 106 3.24653e-19
7 106 2.02276e-19
8 106 3.10451e-18
9 106 1.82728e-19
10 106 2.88729e-18
11 106 1.33848e-18
12 106 1.6752e-18
13 106 6.9431e-19
14 106 1.60403e-18
15 106 4.51456e-19
16 106 9.76099e-20
17 106 3.71064e-19
18 106 1.3868e-19
19 106 2.00965e-19
20 106 1.23009e-07
21 106 3.90086e-08
22 106 3.35943e-19
23 106 7.77269e-21
24 106 5.12421e-20
25 106 1.03823e-20
26 106 8.99618e-07
27 106 5.77529e-07
28 106 9.80723e-07
29 106 1.89225e-06
30 106 3.32803e-06
31 106 7.04002e-06
32 106 4.03926e-06
33 106 6.74834e-07
34 106 8.39356e-06
35 106 6.66021e-05
36 106 1.10022e-08
37 106 2.94384e-06
38 106 3.29553e-06
39 106 4.42995e-06
40 106 1.11572e-06
41 106 8.36194e-06
42 106 1.78602e-05
43 106 2.1081e-05
44 106 5.47734e-21
45 106 1.3191e-20
46 106 5.58222e-22
47 106 1.32131e-20
48 106 2.16728e-21
49 106 2.85616e-20
50 106 3.86748e-20
51 106 9.59451e-21
52 106 1.31598e-20
53 106 2.26467e-20
54 106 4.40102e-20
55 106 2.41606e-21
56 106 4.10789e-06
57 106 3.67742e-07
58 106 5.86626e-06
59 106 5.73663e-06
60 106 1.49914e-05
61 106 1.5399e-05
62 106 1.58848e-19
63 106 1.5348e-20
0 107 3.13334e-18
1 107 1.9296e-18
2 107 2.58797e-18
3 107 7.78927e-19
4 107 2.08838e-19
5 107 3.45404e-19
6 107 1.09441e-18
7 107 4.37796e-18
8 107 2.23853e-18
9 107 1.40254e-20
10 107 9.81738e-19
11 107 6.54084e-19
12 107 2.75051e-19
13 107 1.39655e-18
14 107 9.52461e-19
15 107 4.71762e-20
16 107 6.83214e-21
17 107 2.96609e-19
18 107 1.54891e-20
19 107 3.48173e-21
20 107 9.79933e-08
21 107 2.40112e-07
22 107 3.59049e-19
23 107 5.27706e-21
24 107 5.96257e-21
25 107 5.91934e-20
26 107 4.48306e-07
27 107 1.83355e-06
28 107 1.94787e-06
29 107 6.22474e-08
30 107 4.45697e-06
31 107 6.08205e-06
32 107 3.58711e-06
33 107 1.63997e-06
34 107 1.64473e-05
35 107 1.72749e-06
36 107 2.19812e-06
37 107 3.96816e-06
38 107 3.44216e-06
39 107 5.94188e-06
40 107 9.00364e-07
41 107 6.76607e-06
42 107 4.13671e-06
43 107 5.30049e-06
44 107 2.25345e-20
45 107 4.02318e-21
46 107 1.33771e-20
47 107 1.99724e-21
48 107 2.24045e-20
49 107 1.14864e-20
50 107 1.06483e-20
51 107 6.4112e-21
52 107 4.06614e-20
53 107 7.81332e-20
54 107 4.08784e-21
55 107 4.0108e-20
56 107 2.98681e-06
57 107 6.35311e-06
58 107 2.54417e-05
59 107 1.48629e-06
60 107 1.04476e-05
61 107 4.75713e-06
62 107 1.60821e-20
63 107 1.90843e-21
0 108 6.43822e-19
1 108 5.61774e-18
2 108 5.83263e-18
3 108 8.21993e-18
4 108 2.73171e-20
5 108 4.15627e-19
6 108 1.54603e-18
7 108 1.74594e-19
8 108 3.16812e-18
9 108 2.47114e-20
10 108 4.17561e-18
11 108 1.14451e-18
12 108 5.70471e-18
13 108 2.65939e-19
14 108 7.44444e-19
15 108 1.17917e-18
16 108 1.25696e-19
17 108 7.616e-20
18 108 1.58718e-19
19 108 1.02326e-19
20 108 3.90204e-08
21 108 1.91634e-08
22 108 6.18342e-20
23 108 1.13525e-20
24 108 2.84277e-20
25 108 1.12186e-19
26 108 8.44889e-07
27 108 1.04203e-07
28 108 8.40147e-07
29 108 5.15817e-06
30 108 2.82366e-06
31 108 1.53097e-06
32 108 2.09695e-06
33 108 1.55266e-05
34 108 1.09513e-05
35 108 4.28872e-06
36 108 4.60406e-07
37 108 6.00735e-07
38 108 4.8224e-06
39 108 1.05632e-05
40 108 1.15749e-05
41 108 3.06935e-07
42 108 3.63413e-06
43 108 4.27919e-06
44 108 1.7722e-20
45 108 3.08256e-21
46 108 2.36951e-21
47 108 3.13042e-21
48 108 1.50052e-20
49 108 1.20084e-19
50 108 9.2155e-20
51 108 3.89149e-20
52 108 4.87083e-20
53 108 4.70292e-20
54 108 4.30077e-20
55 108 5.07189e-20
56 108 6.45913e-07
57 108 9.61375e-07
58 108 1.79766e-05
59 108 2.48999e-05
60 108 5.16982e-06
61 108 1.71946e-05
62 108 8.04209e-20
63 108 1.77532e-19
0 109 7.59634e-19
1 109 2.51948e-18
2 109 8.99186e-18
3 109 2.57376e-18
4 109 2.70181e-19
5 109 5.82207e-20
6 109 1.71083e-18
7 109 2.065e-18
8 109 3.35999e-19
9 109 1.81172e-19
10 109 1.37826e-18
11 109 3.32241e-19
12 109 1.52151e-18
13 109 1.83137e-20
14 109 4.70465e-19
15 109 5.81762e-19
16 109 6.33992e-20
17 109 4.43836e-20
18 109 3.95994e-20
19 109 5.9629e-20
20 109 1.22401e-07
21 109 6.19918e-08
22 109 9.02149e-21
23 109 4.02614e-20
24 109 8.23259e-20
25 109 1.69644e-20
26 109 7.76582e-07
27 109 1.09e-06
28 109 2.09899e-07
29 109 1.45438e-07
30 109 1.74183e-06
31 109 1.92993e-08
32 109 1.76713e-06
33 109 1.86541e-07
34 109 3.31521e-05
35 109 3.61785e-05
36 109 2.24544e-06
37 109 1.11747e-06
38 109 1.30169e-06
39 109 1.17247e-06
40 109 1.42101e-06
41 109 4.43927e-06
42 109 1.77713e-05
43 109 1.82283e-05
44 109 1.43752e-21
45 109 9.7842e-20
46 109 3.90587e-21
47 109 2.96294e-20
48 109 8.48627e-21
49 109 1.72684e-20
50 109 4.67288e-21
51 109 1.04995e-20
52 109 5.62075e-20
53 109 4.00032e-20
54 109 5.82704e-20
55 109 1.74856e-20
56 109 3.34401e-06
57 109 1.74971e-06
58 109 6.57761e-06
59 109 3.90808e-06
60 109 2.5021e-06
61 109 4.59671e-06
62 109 9.28677e-21
63 109 3.76715e-20
0 110 1.82633e-18
1 110 3.47704e-18
2 110 1.42776e-18
3 110 4.95645e-18
4 110 6.87649e-20
5 110 9.64996e-19
6 110 2.59614e-18
7 110 6.03571e-19
8 110 1.58216e-18
9 110 4.01661e-19
10 110 4.10306e-18
11 110 2.50193e-20
12 110 5.74723e-19
13 110 8.28789e-20
14 110 2.42927e-18
15 110 1.64548e-18
16 110 7.16119e-19
17 110 4.63527e-20
18 110 7.77561e-20
19 110 4.31656e-20
20 110 3.39032e-06
21 110 2.66484e-06
22 110 2.80903e-19
23 110 5.07479e-20
24 110 4.77037e-21
25 110 5.77705e-20
26 110 1.35651e-05
27 110 1.36539e-05
28 110 8.75858e-06
29 110 2.93282e-05
30 110 1.33658e-06
31 110 2.48269e-06
32 110 2.75684e-06
33 110 5.31098e-06
34 110 3.70235e-08
35 110 6.40384e-07
36 110 1.38328e-08
37 110 2.83207e-09
38 110 3.39617e-06
39 110 1.30766e-07
40 110 2.38878e-06
41 110 2.15369e-06
42 110 7.08745e-06
43 110 5.08724e-06
44 110 3.27895e-20
45 110 4.84267e-20
46 110 8.51133e-21
47 110 2.83882e-20
48 110 1.14771e-19
49 110 1.06026e-19
50 110 7.33519e-20
51 110 8.03859e-20
52 110 8.40563e-20
53 110 6.77532e-20
54 110 4.34611e-21
55 110 2.70867e-20
56 110 1.17976e-06
57 110 3.82478e-06
58 110 2.03163e-05
59 110 2.34864e-05
60 110 1.71614e-05
61 110 7.24065e-05
62 110 2.23004e-19
63 110 1.12514e-19
0 111 3.90783e-19
1 111 8.79766e-19
2 111 5.81632e-19
3 111 6.03875e-20
4 111 1.55897e-21
5 111 4.29591e-19
6 111 9.57685e-19
7 111 4.92914e-19
8 111 3.36278e-19
9 111 6.3796e-19
10 111 8.35897e-19
11 111 9.50411e-19
12 111 1.01227e-18
13 111 9.57786e-19
14 111 5.5356e-19
15 111 4.37148e-20
16 111 2.27532e-19
17 111 2.7619e-19
18 111 3.0504e-19
19 111 4.55119e-21
20 111 1.44815e-05
21 111 9.63588e-06
22 111 8.12404e-21
23 111 2.07717e-19
24 111 1.19342e-20
25 111 5.87767e-20
26 111 4.962e-06
27 111 1.24472e-05
28 111 1.56932e-05
29 111 2.24055e-05
30 111 3.68092e-06
31 111 2.79557e-07
32 111 2.99654e-06
33 111 3.06772e-06
34 111 8.15106e-08
35 111 2.52875e-07
36 111 8.30585e-09
37 111 5.80691e-08
38 111 5.44612e-07
39 111 3.40046e-06
40 111 1.74197e-06
41 111 1.08419e-06
42 111 5.15804e-06
43 111 8.51705e-07
44 111 4.42267e-20
45 111 9.36503e-20
46 111 7.31679e-20
47 111 1.14196e-19
48 111 5.32175e-20
49 111 6.96505e-20
50 111 6.37462e-20
51 111 1.05177e-20
52 111 1.12451e-19
53 111 1.15107e-20
54 111 1.00937e-19
55 111 1.09402e-19
56 111 1.20875e-05
57 111 7.84532e-06
58 111 7.11635e-05
59 111 2.40478e-05
60 111 4.60675e-06
61 111 1.36285e-05
62 111 2.14141e-19
63 111 4.8349e-19
0 112 2.98542e-18
1 112 4.65576e-18
2 112 3.37084e-18
3 112 1.47065e-17
4 112 2.58214e-19
5 112 2.36716e-18
6 112 6.13109e-18
7 112 3.1555e-18
8 112 1.77144e-19
9 112 8.70247e-19
10 112 4.59553e-19
11 112 1.3384e-18
12 112 4.34643e-18
13 112 4.19952e-20
14 112 6.20935e-19
15 112 1.7966e-18
16 112 4.05548e-19
17 112 1.28912e-20
18 112 4.85652e-20
19 112 2.89058e-19
20 112 1.95813e-06
21 112 7.01809e-06
22 112 3.16213e-19
23 112 3.20162e-20
24 112 7.64601e-20
25 112 5.07739e-20
26 112 7.61068e-06
27 112 5.8215e-06
28 112 1.0785e-05
29 112 2.03761e-05
30 112 9.93358e-07
31 112 3.23716e-06
32 112 5.93377e-07
33 112 3.92402e-06
34 112 6.56536e-07
35 112 1.8246e-07
36 112 1.48221e-08
37 112 9.88157e-09
38 112 5.96407e-07
39 112 4.54638e-06
40 112 5.54353e-07
41 112 4.7428e-07
42 112 7.27187e-07
43 112 1.43517e-05
44 112 5.17285e-20
45 112 4.19129e-19
46 112 5.56346e-20
47 112 3.06116e-19
48 112 3.1327e-20
49 112 2.26599e-19
50 112 2.07228e-19
51 112 4.61848e-20
52 112 1.43348e-19
53 112 2.12212e-19
54 112 2.79487e-19
55 112 1.80192e-19
56 112 3.70145e-06
57 112 3.71731e-06
58 112 2.5535e-05
59 112 3.53824e-05
60 112 2.92597e-05
61 112 1.01195e-07
62 112 3.25803e-19
63 112 2.5626e-19
0 113 5.99516e-18
1 113 1.21591e-17
2 113 1.0339e-17
3 113 2.51109e-17
4 113 1.22314e-18
5 113 1.24648e-18
6 113 6.82388e-18
7 113 7.37313e-18
8 113 1.97653e-18
9 113 4.05399e-19
10 113 3.99749e-18
11 113 3.20502e-18
12 113 8.6632e-18
13 113 2.61748e-19
14 113 8.93391e-19
15 113 6.15087e-18
16 113 5.74711e-19
17 113 8.66789e-20
18 113 4.00693e-19
19 113 1.24031e-19
20 113 2.12997e-06
21 113 1.36926e-06
22 113 5.89723e-19
23 113 1.92113e-19
24 113 6.97026e-20
25 113 8.2711e-22
26 113 1.09288e-05
27 113 1.33953e-05
28 113 1.68391e-05
29 113 2.07372e-05
30 113 2.98578e-06
31 113 4.36769e-06
32 113 3.95886e-06
33 113 4.86773e-07
34 113 5.7969e-08
35 113 2.38849e-07
36 113 5.62925e-09
37 113 4.00145e-09
38 113 9.07486e-07
39 113 1.07052e-06
40 113 1.494e-06
41 113 4.74173e-06
42 113 5.17893e-06
43 113 1.55625e-07
44 113 1.99088e-20
45 113 2.95679e-19
46 113 3.67295e-19
47 113 4.14219e-20
48 113 8.5958e-20
49 113 1.37135e-19
50 113 5.12491e-20
51 113 1.53599e-19
52 113 1.21281e-19
53 113 4.45541e-19
54 113 1.86374e-19
55 113 2.20309e-19
56 113 2.0751e-06
57 113 8.16987e-07
58 113 3.79604e-05
59 113 1.83842e-05
60 113 3.93443e-05
61 113 3.00807e-05
62 113 1.11518e-19
63 113 1.8628e-19
0 114 5.4637e-18
1 114 2.73226e-19
2 114 3.76581e-18
3 114 1.92672e-18
4 114 6.89804e-19
5 114 1.27374e-18
6 114 3.05589e-18
7 114 5.82638e-19
8 114 1.07743e-18
9 114 1.46586e-19
10 114 1.10138e-18
11 114 1.19505e-19
12 114 1.59378e-19
13 114 4.52026e-19
14 114 1.84246e-19
15 114 2.82613e-19
16 114 8.45795e-20
17 114 8.43759e-20
18 114 1.53246e-19
19 114 1.0165e-19
20 114 1.73867e-08
21 114 1.14095e-08
22 114 2.0811e-19
23 114 1.3905e-19
24 114 5.02613e-21
25 114 1.41167e-19
26 114 3.03941e-06
27 114 1.49618e-05
28 114 7.77136e-06
29 114 5.00795e-07
30 114 5.98371e-07
31 114 8.04195e-08
32 114 2.51238e-07
33 114 4.5199e-07
34 114 2.99084e-22
35 114 1.19923e-20
36 114 2.97641e-07
37 114 6.61699e-08
38 114 6.24999e-06
39 114 2.11575e-05
40 114 9.93743e-06
41 114 1.59278e-06
42 114 4.12766e-21
43 114 5.70638e-20
44 114 3.1681e-20
45 114 2.64357e-20
46 114 3.13606e-20
47 114 1.21391e-19
48 114 3.70272e-20
49 114 1.0695e-19
50 114 1.91962e-20
51 114 4.33088e-20
52 114 5.27005e-20
53 114 5.31181e-20
54 114 2.0496e-20
55 114 2.3404e-20
56 114 5.81397e-07
57 114 1.48296e-06
58 114 1.65505e-08
59 114 1.79006e-08
60 114 4.56631e-09
61 114 2.09714e-08
62 114 2.31279e-19
63 114 1.07323e-19
0 115 1.27678e-21
1 115 7.75952e-19
2 115 7.01027e-18
3 115 1.60266e-18
4 115 1.00129e-18
5 115 7.36254e-19
6 115 2.24129e-18
7 115 1.1065e-19
8 115 4.95642e-19
9 115 8.59622e-20
10 115 2.68904e-18
11 115 5.51707e-19
12 115 7.20145e-19
13 115 3.23089e-19
14 115 2.50431e-18
15 115 8.01411e-19
16 115 3.57792e-19
17 115 2.87242e-19
18 115 2.48527e-19
19 115 4.25095e-19
20 115 1.63541e-08
21 115 2.66116e-08
22 115 5.15062e-19
23 115 2.21544e-19
24 115 1.99891e-20
25 115 2.42041e-19
26 115 1.69734e-05
27 115 1.22544e-06
28 115 2.66747e-06
29 115 6.85454e-07
30 115 2.37851e-08
31 115 3.55513e-07
32 115 2.40724e-07
33 115 5.13638e-07
34 115 5.71089e-19
35 115 1.75958e-18
36 115 4.04355e-07
37 115 1.38472e-07
38 115 9.80153e-06
39 115 1.82459e-06
40 115 1.1615e-05
41 115 8.69909e-06
42 115 8.38887e-19
43 115 6.50049e-19
44 115 4.78495e-20
45 115 1.92189e-19
46 115 2.79722e-19
47 115 5.23564e-20
48 115 9.26408e-20
49 115 3.26861e-20
50 115 1.54923e-19
51 115 1.87045e-19
52 115 4.09976e-20
53 115 4.19844e-19
54 115 6.2591e-20
55 115 2.99369e-19
56 115 1.57644e-06
57 115 1.50369e-06
58 115 4.2656e-09
59 115 3.58842e-09
60 115 2.95286e-08
61 115 1.1826e-08
62 115 1.03825e-19
63 115 3.18946e-19
0 116 3.22991e-20
1 116 8.47318e-19
2 116 2.61047e-18
3 116 3.99882e-20
4 116 7.25075e-19
5 116 9.43022e-19
6 116 2.0832e-18
7 116 1.81956e-19
8 116 1.18712e-18
9 116 2.0241e-19
10 116 7.52311e-19
11 116 5.31059e-19
12 116 2.51196e-19
13 116 3.55394e-19
14 116 1.66283e-18
15 116 3.69958e-19
16 116 8.16108e-20
17 116 7.94501e-20
18 116 1.16725e-20
19 116 4.95838e-20
20 116 5.40917e-06
21 116 1.13407e-05
22 116 2.48466e-19
23 116 1.38949e-19
24 116 3.48775e-20
25 116 9.79119e-20
26 116 1.29892e-06
27 116 2.48805e-07
28 116 1.60896e-06
29 116 3.47654e-06
30 116 2.99385e-07
31 116 7.23697e-08
32 116 1.28821e-06
33 116 5.35132e-06
34 116 4.35732e-07
35 116 2.75607e-07
36 116 1.10663e-05
37 116 1.8961e-05
38 116 4.95233e-06
39 116 8.65346e-06
40 116 5.09915e-06
41 116 7.50809e-07
42 116 8.58943e-07
43 116 3.81496e-07
44 116 2.12078e-20
45 116 7.31187e-20
46 116 5.61934e-21
47 116 7.72682e-20
48 116 1.03419e-19
49 116 4.64721e-20
50 116 2.29768e-20
51 116 1.55558e-19
52 116 6.17902e-20
53 116 1.74357e-20
54 116 1.17902e-20
55 116 1.2096e-20
56 116 3.4648e-07
57 116 7.76392e-07
58 116 3.14146e-06
59 116 8.32857e-07
60 116 7.32931e-07
61 116 1.59814e-06
62 116 7.88248e-20
63 116 4.34568e-19
0 117 6.04531e-18
1 117 1.53147e-18
2 117 7.55682e-18
3 117 4.55013e-19
4 117 2.59911e-20
5 117 3.36418e-20
6 117 6.75977e-18
7 117 3.18313e-19
8 117 2.25856e-19
9 117 5.26934e-19
10 117 3.08389e-18
11 117 1.25401e-19
12 117 3.99726e-19
13 117 2.25932e-19
14 117 4.37956e-18
15 117 4.04831e-19
16 117 7.64502e-20
17 117 3.43747e-20
18 117 3.01624e-20
19 117 2.95762e-20
20 117 3.60313e-06
21 117 3.29838e-06
22 117 2.25078e-20
23 117 4.65942e-20
24 117 5.01822e-20
25 117 3.25276e-20
26 117 1.76359e-06
27 117 2.04852e-06
28 117 2.76987e-06
29 117 1.52716e-06
30 117 5.34974e-06
31 117 2.39478e-06
32 117 1.04811e-08
33 117 2.4277e-06
34 117 4.21979e-08
35 117 3.79666e-07
36 117 8.14849e-07
37 117 1.15574e-05
38 117 2.33861e-06
39 117 4.50957e-06
40 117 1.44455e-06
41 117 1.37539e-05
42 117 5.47069e-07
43 117 1.88581e-07
44 117 1.17561e-19
45 117 1.46629e-20
46 117 2.94563e-20
47 117 3.58151e-20
48 117 1.14963e-20
49 117 1.65497e-19
50 117 1.23926e-20
51 117 6.6704e-20
52 117 1.17023e-20
53 117 7.09769e-20
54 117 9.46463e-20
55 117 1.46936e-20
56 117 3.35964e-07
57 117 1.26696e-07
58 117 2.77089e-06
59 117 2.30398e-06
60 117 2.43903e-06
61 117 2.10321e-06
62 117 1.83567e-19
63 117 6.79387e-20
0 118 5.63895e-18
1 118 1.4981e-18
2 118 1.47688e-17
3 118 2.39145e-19
4 118 1.57209e-19
5 118 3.10428e-19
6 118 4.00852e-18
7 118 3.39242e-18
8 118 2.28977e-18
9 118 7.51117e-19
10 118 4.3609e-18
11 118 5.69135e-20
12 118 5.70819e-20
13 118 2.24097e-19
14 118 4.7028e-18
15 118 2.15653e-18
16 118 2.25161e-19
17 118 6.58185e-20
18 118 1.49627e-19
19 118 4.02694e-20
20 118 2.52423e-06
21 118 6.29605e-06
22 118 1.37521e-18
23 118 2.96322e-19
24 118 1.27412e-19
25 118 3.18175e-19
26 118 2.38114e-09
27 118 1.4695e-06
28 118 8.47953e-07
29 118 3.49381e-06
30 118 4.36017e-07
31 118 5.10097e-06
32 118 2.45099e-06
33 118 1.80229e-06
34 118 5.09131e-09
35 118 9.78851e-08
36 118 5.2308e-06
37 118 1.05812e-05
38 118 4.9536e-06
39 118 1.33004e-06
40 118 2.98353e-06
41 118 6.81904e-06
42 118 1.3931e-07
43 118 4.0261e-08
44 118 1.35054e-20
45 118 1.65219e-19
46 118 9.4366e-20
47 118 2.79106e-20
48 118 1.70319e-19
49 118 1.75074e-19
50 118 3.34676e-19
51 118 1.1176e-19
52 118 1.10368e-19
53 118 2.62044e-19
54 118 1.31094e-19
55 118 8.79571e-21
56 118 2.05503e-07
57 118 3.85787e-07
58 118 1.89263e-06
59 118 5.99284e-06
60 118 1.90586e-06
61 118 3.28737e-07
62 118 1.14187e-19
63 118 1.23232e-19
0 119 2.95752e-18
1 119 2.83089e-19
2 119 1.26549e-17
3 119 6.90856e-18
4 119 2.05174e-18
5 119 2.12949e-19
6 119 1.11212e-17
7 119 1.76326e-18
8 119 3.77397e-19
9 119 1.03616e-18
10 119 3.95031e-18
11 119 3.01431e-19
12 119 2.9418e-18
13 119 5.62398e-20
14 119 5.10134e-18
15 119 2.2391e-19
16 119 5.2147e-20
17 119 2.62802e-19
18 119 2.78454e-21
19 119 3.8311e-20
20 119 1.36138e-05
21 119 2.75848e-06
22 119 1.85011e-20
23 119 8.56908e-20
24 119 4.46926e-19
25 119 5.51784e-19
26 119 8.51702e-07
27 119 1.03032e-06
28 119 4.85062e-07
29 119 1.44168e-06
30 119 9.47012e-07
31 119 2.26428e-06
32 119 1.21558e-06
33 119 1.89924e-07
34 119 5.07869e-07
35 119 8.10506e-07
36 119 1.46605e-05
37 119 1.46898e-05
38 119 2.26868e-06
39 119 5.36478e-06
40 119 3.3705e-06
41 119 7.77099e-07
42 119 5.49591e-07
43 119 1.7494e-06
44 119 2.14829e-19
45 119 4.37578e-20
46 119 1.40385e-19
47 119 4.38704e-19
48 119 3.60942e-20
49 119 5.55541e-20
50 119 1.10875e-19
51 119 3.15396e-23
52 119 5.18179e-19
53 119 1.47266e-20
54 119 3.73989e-19
55 119 1.32518e-19
56 119 8.81124e-07
57 119 2.16431e-07
58 119 5.14887e-07
59 119 1.13821e-06
60 119 1.12218e-06
61 119 1.66121e-06
62 119 1.10333e-19
63 119 1.85177e-19
0 120 6.63198e-18
1 120 1.33623e-18
2 120 1.12023e-17
3 120 4.83787e-18
4 120 1.98759e-18
5 120 6.63278e-19
6 120 1.92557e-18
7 120 2.38071e-18
8 120 1.10787e-18
9 120 2.54047e-19
10 120 3.44393e-18
11 120 5.899e-19
12 120 3.07162e-19
13 120 7.85575e-19
14 120 6.77669e-19
15 120 2.23312e-19
16 120 1.49925e-19
17 120 3.90558e-19
18 120 8.77902e-20
19 120 1.10649e-19
20 120 5.0764e-19
21 120 1.71347e-19
22 120 2.45808e-19
23 120 1.72298e-19
24 120 6.52432e-20
25 120 3.07704e-19
26 120 3.30682e-05
27 120 4.19095e-05
28 120 1.58676e-06
29 120 8.17193e-06
30 120 1.56991e-05
31 120 7.99894e-08
32 120 2.22728e-06
33 120 6.10458e-06
34 120 3.79702e-09
35 120 4.90449e-09
36 120 8.24475e-19
37 120 2.84924e-20
38 120 6.05361e-07
39 120 3.56663e-07
40 120 2.6056e-06
41 120 8.07388e-07
42 120 1.76925e-06
43 120 1.11951e-06
44 120 1.65238e-20
45 120 1.93802e-20
46 120 4.75544e-20
47 120 1.28648e-19
48 120 1.27941e-19
49 120 2.43382e-19
50 120 1.55676e-20
51 120 2.16259e-20
52 120 1.09098e-19
53 120 1.01274e-21
54 120 8.29116e-20
55 120 1.67766e-19
56 120 8.98362e-20
57 120 1.50083e-19
58 120 1.62761e-05
59 120 8.6532e-06
60 120 1.3586e-05
61 120 0.000126612
62 120 1.48611e-19
63 120 2.18036e-19
0 121 1.89531e-17
1 121 1.70146e-17
2 121 1.38213e-17
3 121 1.29582e-17
4 121 6.25268e-19
5 121 1.06577e-18
6 121 9.89689e-19
7 121 2.3465e-18
8 121 6.72233e-19
9 121 2.00012e-18
10 121 9.17454e-18
11 121 7.52204e-19
12 121 1.04381e-17
13 121 6.68067e-19
14 121 2.57051e-18
15 121 3.7116e-18
16 121 1.50376e-18
17 121 9.31442e-20
18 121 2.24121e-19
19 121 9.94274e-20
20 121 1.47658e-19
21 121 8.97503e-20
22 121 3.44974e-19
23 121 1.17976e-19
24 121 9.22257e-20
25 121 3.14674e-20
26 121 8.18302e-06
27 121 6.2213e-06
28 121 2.68304e-05
29 121 2.5862e-06
30 121 6.46447e-07
31 121 3.40312e-06
32 121 7.31736e-06
33 121 1.10191e-06
34 121 3.08786e-08
35 121 8.30024e-09
36 121 5.9671e-19
37 121 3.92283e-19
38 121 9.75472e-07
39 121 2.68134e-07
40 121 5.80188e-07
41 121 4.3872e-07
42 121 7.1235e-06
43 121 5.88329e-06
44 121 6.49082e-20
45 121 2.92233e-19
46 121 5.55595e-20
47 121 4.66244e-20
48 121 3.1866e-19
49 121 2.90846e-21
50 121 1.60049e-19
51 121 9.23706e-20
52 121 2.321e-20
53 121 4.04578e-20
54 121 3.51292e-19
55 121 1.9741e-19
56 121 4.96641e-19
57 121 6.38727e-20
58 121 5.99931e-05
59 121 5.68237e-06
60 121 1.79868e-05
61 121 1.73214e-06
62 121 1.06387e-19
63 121 8.59337e-20
0 122 8.50824e-18
1 122 2.22345e-19
2 122 3.73535e-19
3 122 4.13439e-18
4 122 2.58207e-18
5 122 1.15349e-18
6 122 1.14609e-17
7 122 6.03227e-19
8 122 8.49287e-19
9 122 2.25132e-19
10 122 5.0304e-19
11 122 1.08021e-18
12 122 2.20148e-18
13 122 3.46415e-19
14 122 4.79541e-19
15 122 2.37951e-18
16 122 1.48668e-18
17 122 8.46328e-20
18 122 1.88654e-20
19 122 1.79607e-19
20 122 1.98257e-06
21 122 4.85369e-06
22 122 4.1357e-19
23 122 3.66798e-19
24 122 1.88505e-19
25 122 1.03894e-19
26 122 6.13863e-07
27 122 1.43048e-07
28 122 1.01594e-07
29 122 5.11188e-08
30 122 1.65267e-07
31 122 3.59215e-07
32 122 7.36103e-08
33 122 3.72826e-07
34 122 3.97093e-20
35 122 1.43877e-19
36 122 3.8973e-05
37 122 4.56966e-06
38 122 3.12058e-07
39 122 1.58329e-07
40 122 2.44177e-07
41 122 1.78902e-07
42 122 6.61629e-20
43 122 3.93299e-20
44 122 8.43191e-20
45 122 3.33489e-20
46 122 4.53459e-20
47 122 8.51929e-20
48 122 2.76052e-21
49 122 1.74808e-19
50 122 7.90503e-20
51 122 3.35401e-22
52 122 1.05993e-19
53 122 1.83912e-19
54 122 8.72059e-20
55 122 1.20614e-19
56 122 1.05983e-05
57 122 2.16533e-05
58 122 1.08615e-07
59 122 1.32438e-08
60 122 1.75197e-06
61 122 1.83062e-06
62 122 2.66962e-20
63 122 2.35749e-20
0 123 5.10845e-18
1 123 4.82884e-18
2 123 2.01714e-17
3 123 5.39638e-18
4 123 1.8048e-18
5 123 7.87291e-21
6 123 1.52049e-17
7 123 1.89953e-18
8 123 2.73036e-18
9 123 9.90581e-20
10 123 5.62903e-18
11 123 5.26064e-19
12 123 1.80181e-18
13 123 5.96487e-19
14 123 9.89643e-19
15 123 3.64161e-18
16 123 4.44602e-19
17 123 1.49703e-19
18 123 1.08124e-18
19 123 7.713e-20
20 123 2.52724e-06
21 123 2.28214e-07
22 123 1.1794e-18
23 123 2.08138e-19
24 123 1.27998e-19
25 123 2.14837e-19
26 123 3.53119e-07
27 123 6.39087e-07
28 123 4.0279e-07
29 123 6.19867e-09
30 123 4.44735e-07
31 123 6.82001e-08
32 123 4.08741e-07
33 123 5.73936e-07
34 123 6.835e-19
35 123 1.19746e-18
36 123 8.33056e-06
37 123 9.21997e-06
38 123 2.01972e-07
39 123 5.77641e-07
40 123 4.46012e-07
41 123 1.50681e-07
42 123 4.96855e-19
43 123 3.49834e-19
44 123 1.11207e-19
45 123 7.41316e-20
46 123 6.07978e-20
47 123 3.50766e-19
48 123 8.4669e-19
49 123 8.88686e-20
50 123 9.0374e-20
51 123 4.43026e-19
52 123 1.10039e-18
53 123 3.92421e-19
54 123 4.56618e-19
55 123 1.15676e-20
56 123 8.38208e-06
57 123 4.61739e-06
58 123 1.68534e-06
59 123 1.83872e-06
60 123 1.18639e-06
61 123 9.95917e-07
62 123 7.61693e-20
63 123 4.86378e-19
0 124 1.9317e-18
1 124 1.8066e-18
2 124 2.55576e-17
3 124 4.39415e-18
4 124 8.78062e-20
5 124 1.24355e-18
6 124 3.35758e-18
7 124 5.53246e-18
8 124 3.6539e-18
9 124 1.14698e-19
10 124 1.63426e-18
11 124 8.97019e-19
12 124 4.03174e-19
13 124 3.13927e-19
14 124 5.14962e-20
15 124 1.24936e-19
16 124 3.29976e-19
17 124 4.86499e-19
18 124 5.81881e-20
19 124 4.11723e-20
20 124 1.26494e-06
21 124 3.9612e-07
22 124 2.24304e-19
23 124 1.41742e-19
24 124 2.37136e-20
25 124 4.66782e-20
26 124 1.1947e-07
27 124 2.55598e-08
28 124 1.00668e-07
29 124 6.29216e-07
30 124 3.97277e-07
31 124 3.91275e-06
32 124 2.52179e-06
33 124 3.34608e-07
34 124 1.32874e-07
35 124 1.04864e-07
36 124 1.67679e-08
37 124 3.6494e-08
38 124 1.59965e-06
39 124 2.56605e-05
40 124 2.30368e-06
41 124 6.68112e-05
42 124 5.75007e-09
43 124 5.15438e-09
44 124 1.00232e-19
45 124 5.36235e-21
46 124 1.05301e-19
47 124 5.87938e-20
48 124 5.53255e-20
49 124 5.83946e-20
50 124 8.54262e-21
51 124 1.08593e-19
52 124 9.07275e-20
53 124 8.89849e-21
54 124 9.74065e-20
55 124 5.85381e-20
56 124 1.21077e-06
57 124 1.07094e-07
58 124 2.13559e-06
59 124 1.37251e-05
60 124 1.18255e-05
61 124 7.49337e-09
62 124 2.76765e-19
63 124 8.08322e-20
0 125 1.73961e-18
1 125 5.22271e-18
2 125 3.47599e-18
3 125 2.74527e-18
4 125 6.23695e-19
5 125 9.13327e-19
6 125 8.7727e-19
7 125 2.80411e-18
8 125 1.9799e-19
9 125 2.6892e-20
10 125 4.28577e-19
11 125 6.81803e-19
12 125 1.82967e-18
13 125 1.59823e-20
14 125 1.0655e-18
15 125 9.48751e-20
16 125 2.14805e-19
17 125 6.74777e-19
18 125 5.24372e-20
19 125 2.2092e-20
20 125 7.79731e-07
21 125 2.93642e-06
22 125 3.39186e-19
23 125 9.03232e-20
24 125 7.68625e-20
25 125 2.96655e-20
26 125 5.33485e-08
27 125 5.48612e-07
28 125 5.33753e-07
29 125 1.5498e-09
30 125 3.04744e-06
31 125 2.38555e-06
32 125 6.52713e-07
33 125 2.44893e-07
34 125 1.11114e-07
35 125 2.07416e-07
36 125 7.94699e-08
37 125 3.96883e-08
38 125 1.907e-05
39 125 1.42526e-05
40 125 2.37906e-05
41 125 6.79312e-06
42 125 1.10535e-08
43 125 3.55667e-09
44 125 1.48171e-19
45 125 2.75932e-20
46 125 1.37438e-19
47 125 8.19952e-20
48 125 4.91124e-19
49 125 1.30735e-19
50 125 3.60942e-20
51 125 3.83355e-19
52 125 7.34249e-21
53 125 5.73096e-20
54 125 2.69522e-19
55 125 2.6405e-19
56 125 2.49074e-07
57 125 2.69927e-06
58 125 2.02852e-06
59 125 6.40391e-06
60 125 3.82611e-06
61 125 4.56479e-06
62 125 2.09939e-19
63 125 2.11287e-20
0 126 2.71905e-18
1 126 6.30542e-19
2 126 6.1995e-18
3 126 7.29324e-18
4 126 1.08185e-18
5 126 4.01328e-19
6 126 1.70293e-19
7 126 2.7301e-19
8 126 7.76636e-19
9 126 1.18132e-19
10 126 4.94259e-19
11 126 1.69944e-18
12 126 2.65635e-18
13 126 3.47474e-19
14 126 1.46115e-18
15 126 9.73683e-19
16 126 7.47031e-19
17 126 6.03394e-19
18 126 9.84326e-20
19 126 1.144e-19
20 126 6.31155e-07
21 126 9.05407e-07
22 126 3.83903e-19
23 126 2.99838e-19
24 126 4.94251e-19
25 126 9.69468e-20
26 126 5.75048e-07
27 126 1.27614e-07
28 126 9.57225e-08
29 126 1.84442e-07
30 126 5.56759e-07
31 126 1.00845e-07
32 126 9.68588e-08
33 126 3.42441e-06
34 126 1.56387e-07
35 126 1.28373e-07
36 126 1.38295e-08
37 126 3.54404e-08
38 126 1.48953e-05
39 126 1.62691e-05
40 126 3.93473e-06
41 126 5.04373e-06
42 126 4.67531e-09
43 126 8.38585e-09
44 126 7.81931e-20
45 126 4.53606e-19
46 126 4.39318e-19
47 126 3.02949e-19
48 126 8.43714e-20
49 126 6.22411e-20
50 126 2.1103e-20
51 126 3.5142e-19
52 126 2.42612e-19
53 126 2.99427e-19
54 126 2.29025e-19
55 126 9.59875e-19
56 126 4.88445e-07
57 126 7.30644e-07
58 126 5.83522e-07
59 126 3.6029e-06
60 126 5.68471e-06
61 126 1.0517e-06
62 126 1.6895e-19
63 126 9.80714e-20
0 127 7.00686e-19
1 127 2.34353e-18
2 127 2.54341e-18
3 127 3.36117e-18
4 127 1.89341e-19
5 127 7.38975e-19
6 127 7.95366e-19
7 127 4.42853e-19
8 127 3.15068e-18
9 127 2.45334e-18
10 127 6.44901e-19
11 127 2.11264e-18
12 127 9.60737e-19
13 127 1.0897e-18
14 127 2.50242e-18
15 127 2.82063e-19
16 127 3.12702e-19
17 127 6.90011e-19
18 127 1.9657e-19
19 127 1.68828e-19
20 127 2.37676e-06
21 127 5.22008e-07
22 127 7.10425e-19
23 127 8.46054e-20
24 127 8.49619e-21
25 127 1.24426e-18
26 127 1.03033e-08
27 127 3.47321e-08
28 127 5.55334e-07
29 127 5.0664e-07
30 127 6.9372e-07
31 127 2.52514e-06
32 127 2.4744e-06
33 127 3.34801e-07
34 127 7.8031e-08
35 127 3.14291e-07
36 127 4.10152e-09
37 127 8.8849e-08
38 127 5.23196e-05
39 127 9.27375e-07
40 127 5.80542e-06
41 127 1.73923e-06
42 127 5.12486e-09
43 127 1.28697e-08
44 127 2.46525e-19
45 127 1.26108e-20
46 127 2.94849e-19
47 127 5.87559e-19
48 127 4.43687e-19
49 127 1.48484e-19
50 127 3.8304e-19
51 127 9.49305e-20
52 127 1.97324e-19
53 127 5.83872e-19
54 127 1.52533e-18
55 127 2.29794e-19
56 127 2.25784e-06
57 127 4.20027e-08
58 127 7.30083e-06
59 127 4.54405e-06
60 127 3.09896e-06
61 127 1.11836e-06
62 127 1.64054e-20
63 127 6.21283e-19
