0 64 2.41695e-05
1 64 3.34821e-05
2 64 7.25135e-20
3 64 2.33961e-19
4 64 5.55915e-19
5 64 1.22058e-19
6 64 9.28267e-20
7 64 1.63393e-20
8 64 1.09439e-19
9 64 1.19068e-19
10 64 3.27225e-19
11 64 4.64698e-19
12 64 0.000106372
13 64 1.00454e-05
14 64 1.45264e-20
15 64 2.47738e-19
16 64 9.83088e-20
17 64 1.1581e-19
18 64 4.78015e-20
19 64 8.32136e-20
20 64 2.41848e-19
21 64 4.67182e-19
22 64 7.18359e-21
23 64 1.4304e-20
24 64 2.07418e-20
25 64 1.07665e-20
26 64 4.7148e-19
27 64 1.31481e-19
28 64 6.20774e-20
29 64 3.82684e-19
30 64 4.23107e-20
31 64 3.46444e-19
32 64 2.48618e-19
33 64 2.47443e-20
34 64 4.39721e-20
35 64 4.85102e-21
36 64 2.93259e-19
37 64 1.83606e-19
38 64 6.40991e-20
39 64 8.43808e-20
40 64 7.46476e-20
41 64 3.55196e-20
42 64 1.00174e-19
43 64 3.08e-20
44 64 3.04919e-18
45 64 1.15417e-17
46 64 1.41289e-17
47 64 1.53057e-18
48 64 0.00493754
49 64 0.00298664
50 64 3.173e-20
51 64 6.50131e-20
52 64 2.5052e-20
53 64 2.0938e-19
54 64 4.31307e-19
55 64 4.64749e-19
56 64 4.43742e-19
57 64 2.94758e-18
58 64 1.15434e-19
59 64 7.31568e-19
60 64 1.52283e-18
61 64 6.19715e-19
62 64 0.294507
63 64 0.136055
0 65 3.3482e-05
1 65 2.41695e-05
2 65 3.22479e-20
3 65 9.01163e-20
4 65 6.68864e-20
5 65 1.81709e-19
6 65 4.04267e-19
7 65 7.8577e-19
8 65 5.24604e-19
9 65 1.75493e-19
10 65 2.19356e-19
11 65 2.40468e-19
12 65 1.00454e-05
13 65 0.000106372
14 65 1.30627e-19
15 65 2.92685e-19
16 65 2.12505e-19
17 65 4.15452e-20
18 65 5.37066e-20
19 65 5.97531e-21
20 65 2.35654e-19
21 65 3.43552e-19
22 65 5.54698e-21
23 65 8.91598e-20
24 65 1.16136e-19
25 65 1.73847e-19
26 65 2.48077e-19
27 65 5.42267e-19
28 65 6.47526e-19
29 65 1.7684e-19
30 65 4.6187e-20
31 65 2.08561e-20
32 65 8.90986e-20
33 65 1.38685e-19
34 65 4.27299e-20
35 65 2.70535e-20
36 65 2.89592e-19
37 65 2.4761e-19
38 65 3.10191e-20
39 65 3.61647e-20
40 65 6.46604e-20
41 65 1.84071e-20
42 65 5.14122e-20
43 65 6.77186e-20
44 65 1.52873e-18
45 65 2.15163e-18
46 65 7.42804e-18
47 65 1.06935e-19
48 65 0.00298664
49 65 0.00493754
50 65 4.73733e-20
51 65 8.39225e-19
52 65 8.58968e-20
53 65 5.55093e-19
54 65 1.26518e-19
55 65 4.35316e-20
56 65 1.92561e-18
57 65 1.3493e-18
58 65 4.45075e-19
59 65 5.18036e-19
60 65 9.24312e-19
61 65 5.54072e-19
62 65 0.136055
63 65 0.294507
0 66 2.66284e-19
1 66 3.36895e-20
2 66 8.8687e-19
3 66 8.31177e-19
4 66 5.07307e-20
5 66 4.32311e-21
6 66 1.37872e-19
7 66 4.29441e-19
8 66 1.01524e-19
9 66 1.15606e-20
10 66 2.9831e-20
11 66 7.05978e-20
12 66 1.06426e-19
13 66 1.24365e-19
14 66 5.24581e-19
15 66 2.26328e-20
16 66 5.83481e-20
17 66 1.80146e-20
18 66 2.36495e-20
19 66 1.2431e-19
20 66 0.000582165
21 66 3.24918e-05
22 66 6.34034e-20
23 66 1.34554e-20
24 66 1.19441e-19
25 66 7.69506e-21
26 66 5.12343e-20
27 66 1.48149e-19
28 66 1.0202e-19
29 66 2.94854e-20
30 66 6.83153e-20
31 66 3.7947e-19
32 66 1.83577e-20
33 66 2.98518e-19
34 66 5.84698e-20
35 66 1.03526e-22
36 66 0.000168418
37 66 0.000239481
38 66 7.07155e-20
39 66 4.88012e-20
40 66 6.07515e-20
41 66 1.55787e-19
42 66 6.56949e-20
43 66 1.50064e-21
44 66 3.64198e-20
45 66 6.69512e-21
46 66 9.64893e-20
47 66 3.92159e-21
48 66 3.37978e-19
49 66 4.58131e-20
50 66 2.35701e-19
51 66 3.61017e-19
52 66 1.70646e-21
53 66 4.69959e-21
54 66 8.55861e-20
55 66 9.2872e-20
56 66 0.00912212
57 66 0.00394034
58 66 1.3591e-18
59 66 4.5233e-19
60 66 4.94866e-19
61 66 6.15937e-19
62 66 8.47851e-22
63 66 1.05052e-18
0 67 2.03255e-19
1 67 1.59632e-19
2 67 1.28612e-18
3 67 1.44025e-20
4 67 9.7367e-20
5 67 2.75401e-20
6 67 4.79591e-20
7 67 8.55438e-20
8 67 9.90126e-20
9 67 6.84715e-21
10 67 9.50281e-20
11 67 1.27751e-19
12 67 6.04988e-20
13 67 4.16245e-20
14 67 4.75645e-20
15 67 1.2874e-19
16 67 9.23133e-22
17 67 1.92946e-20
18 67 3.06935e-20
19 67 7.29059e-21
20 67 3.24918e-05
21 67 0.000582165
22 67 1.92172e-20
23 67 2.48095e-21
24 67 7.89943e-21
25 67 4.25902e-20
26 67 9.27019e-20
27 67 2.84999e-19
28 67 1.01086e-19
29 67 3.62865e-20
30 67 1.86532e-19
31 67 2.1571e-20
32 67 1.55419e-19
33 67 2.54652e-19
34 67 8.89328e-22
35 67 1.14424e-20
36 67 0.000239481
37 67 0.000168419
38 67 7.64709e-21
39 67 9.06986e-21
40 67 2.44499e-20
41 67 2.88388e-20
42 67 1.12156e-20
43 67 1.22665e-20
44 67 3.77849e-21
45 67 1.35923e-19
46 67 1.82642e-19
47 67 5.89209e-20
48 67 1.13096e-19
49 67 1.43039e-19
50 67 1.85451e-20
51 67 6.89977e-20
52 67 8.56926e-21
53 67 9.57297e-21
54 67 8.00508e-21
55 67 2.07162e-20
56 67 0.00394034
57 67 0.00912212
58 67 4.74031e-19
59 67 5.23134e-19
60 67 2.31627e-18
61 67 1.14783e-20
62 67 1.23715e-18
63 67 2.14575e-19
0 68 2.26244e-19
1 68 3.41111e-19
2 68 4.03179e-19
3 68 2.61797e-18
4 68 4.52417e-19
5 68 1.44614e-19
6 68 2.48556e-18
7 68 2.38242e-19
8 68 2.99022e-19
9 68 6.29318e-20
10 68 1.03842e-19
11 68 8.36463e-19
12 68 7.12034e-19
13 68 1.0669e-19
14 68 3.06657e-19
15 68 5.58527e-19
16 68 4.17903e-20
17 68 1.32489e-19
18 68 9.01494e-21
19 68 9.47223e-21
20 68 2.796e-20
21 68 1.41377e-19
22 68 2.94915e-20
23 68 8.96912e-21
24 68 1.27476e-19
25 68 1.06712e-20
26 68 1.75031e-05
27 68 0.000317008
28 68 0.000112625
29 68 8.83786e-05
30 68 0.000277205
31 68 5.84513e-05
32 68 2.8943e-05
33 68 7.72417e-05
34 68 7.53707e-20
35 68 1.62719e-20
36 68 2.49153e-19
37 68 4.42451e-21
38 68 3.32786e-05
39 68 0.000103452
40 68 7.43736e-06
41 68 3.39958e-06
42 68 1.15768e-20
43 68 4.64331e-21
44 68 1.36548e-19
45 68 4.14626e-20
46 68 1.2464e-20
47 68 7.34629e-20
48 68 6.9135e-20
49 68 1.14535e-19
50 68 2.91396e-21
51 68 2.98145e-20
52 68 1.06552e-19
53 68 5.30664e-20
54 68 3.45408e-20
55 68 8.24422e-20
56 68 3.57615e-19
57 68 8.79664e-19
58 68 0.0017179
59 68 0.00752356
60 68 0.000876118
61 68 0.00363795
62 68 7.2706e-19
63 68 2.15869e-18
0 69 1.34036e-19
1 69 8.92617e-19
2 69 2.59332e-19
3 69 2.75973e-18
4 69 7.21365e-20
5 69 4.86371e-20
6 69 9.86708e-19
7 69 2.30861e-20
8 69 8.95233e-20
9 69 1.37223e-19
10 69 4.63861e-19
11 69 7.90006e-20
12 69 1.24907e-18
13 69 3.37597e-20
14 69 3.04807e-20
15 69 3.62115e-19
16 69 9.16651e-20
17 69 3.38967e-20
18 69 1.10447e-20
19 69 7.96473e-20
20 69 8.96965e-20
21 69 5.99655e-20
22 69 1.58965e-20
23 69 9.21587e-21
24 69 7.13973e-21
25 69 5.01818e-20
26 69 0.000115338
27 69 2.91765e-05
28 69 0.000305015
29 69 8.59862e-05
30 69 1.30274e-05
31 69 0.000144839
32 69 0.000104556
33 69 0.000179419
34 69 1.53516e-19
35 69 4.16016e-20
36 69 3.35136e-20
37 69 2.41843e-20
38 69 9.4211e-05
39 69 3.84085e-05
40 69 9.12195e-06
41 69 5.82626e-06
42 69 1.36387e-20
43 69 4.08115e-21
44 69 1.04936e-20
45 69 2.24455e-19
46 69 1.16489e-19
47 69 1.58019e-20
48 69 1.80452e-19
49 69 4.62999e-20
50 69 2.69966e-20
51 69 1.75349e-20
52 69 7.71473e-20
53 69 2.04153e-21
54 69 1.52455e-19
55 69 4.76771e-20
56 69 1.58123e-18
57 69 1.86315e-19
58 69 0.00642039
59 69 0.00093911
60 69 0.00520514
61 69 0.00119088
62 69 5.11995e-20
63 69 2.81336e-19
0 70 1.90127e-18
1 70 1.50855e-19
2 70 2.25911e-18
3 70 1.82673e-18
4 70 1.52593e-19
5 70 2.37632e-20
6 70 1.97187e-18
7 70 5.05215e-20
8 70 9.04705e-19
9 70 2.41989e-20
10 70 2.29678e-20
11 70 1.83057e-20
12 70 2.19334e-19
13 70 2.57899e-20
14 70 1.90414e-19
15 70 1.56851e-19
16 70 6.97964e-21
17 70 1.94199e-21
18 70 1.76227e-20
19 70 4.70958e-20
20 70 1.5607e-21
21 70 2.03265e-19
22 70 1.22039e-20
23 70 1.14408e-20
24 70 1.62349e-20
25 70 3.12667e-21
26 70 0.000322774
27 70 4.58833e-07
28 70 1.7273e-05
29 70 0.00019501
30 70 2.94737e-05
31 70 0.000120009
32 70 0.000209397
33 70 8.29618e-05
34 70 1.44738e-20
35 70 6.02763e-20
36 70 5.59516e-21
37 70 9.69175e-20
38 70 6.63818e-07
39 70 5.27699e-06
40 70 5.17983e-05
41 70 8.98287e-05
42 70 1.61098e-19
43 70 1.19582e-20
44 70 1.35253e-20
45 70 5.74828e-21
46 70 2.18383e-20
47 70 6.0748e-20
48 70 1.27967e-19
49 70 5.92379e-20
50 70 2.6856e-20
51 70 8.50672e-20
52 70 6.87584e-20
53 70 1.0341e-19
54 70 3.30059e-21
55 70 1.60967e-20
56 70 3.82794e-20
57 70 7.41256e-19
58 70 0.00347122
59 70 0.0008832
60 70 0.00621457
61 70 0.00318654
62 70 1.68657e-18
63 70 2.8615e-19
0 71 1.72745e-18
1 71 2.34954e-19
2 71 3.9919e-19
3 71 4.77147e-19
4 71 1.12647e-19
5 71 2.03013e-19
6 71 5.82436e-19
7 71 6.47525e-19
8 71 4.45734e-19
9 71 3.84074e-20
10 71 3.93395e-19
11 71 9.47659e-20
12 71 1.68668e-19
13 71 6.08346e-20
14 71 7.16566e-20
15 71 9.90435e-20
16 71 5.24155e-20
17 71 1.881e-20
18 71 1.41522e-21
19 71 6.75711e-21
20 71 1.61411e-20
21 71 1.66872e-20
22 71 7.92623e-20
23 71 6.80763e-20
24 71 4.43808e-21
25 71 6.39137e-20
26 71 7.99006e-05
27 71 0.000188872
28 71 0.000100602
29 71 0.000166141
30 71 0.000122135
31 71 0.000118542
32 71 9.89451e-05
33 71 0.000102218
34 71 5.94752e-21
35 71 6.93079e-21
36 71 1.63462e-19
37 71 1.89114e-20
38 71 1.94143e-05
39 71 4.30029e-07
40 71 7.92102e-05
41 71 4.85133e-05
42 71 8.06243e-20
43 71 7.52291e-21
44 71 3.91406e-20
45 71 3.14769e-20
46 71 9.96803e-21
47 71 5.98287e-20
48 71 3.40749e-20
49 71 5.94952e-22
50 71 1.01273e-19
51 71 2.63842e-19
52 71 1.27361e-21
53 71 1.97012e-21
54 71 3.69412e-20
55 71 9.08542e-20
56 71 8.135e-19
57 71 1.13259e-19
58 71 0.00214602
59 71 0.00440965
60 71 0.0014597
61 71 0.00574016
62 71 4.66946e-19
63 71 7.30561e-20
0 72 2.9616e-18
1 72 2.20527e-18
2 72 1.34481e-08
3 72 3.28437e-08
4 72 2.92908e-09
5 72 5.31944e-09
6 72 0.000107277
7 72 5.10467e-05
8 72 8.89317e-06
9 72 1.02912e-05
10 72 9.08847e-19
11 72 1.54492e-20
12 72 1.2847e-18
13 72 7.52379e-20
14 72 3.89798e-09
15 72 2.29632e-09
16 72 4.24009e-09
17 72 3.7585e-09
18 72 1.90233e-20
19 72 1.19341e-20
20 72 5.3091e-20
21 72 1.16686e-20
22 72 1.83473e-05
23 72 4.25269e-06
24 72 5.63578e-06
25 72 2.9909e-06
26 72 7.17116e-20
27 72 4.35253e-20
28 72 2.99211e-20
29 72 4.87507e-20
30 72 2.37736e-21
31 72 2.86644e-21
32 72 6.5472e-21
33 72 1.00199e-20
34 72 4.43604e-20
35 72 7.70077e-21
36 72 3.76738e-21
37 72 2.76438e-20
38 72 4.48719e-21
39 72 1.51594e-20
40 72 3.08964e-20
41 72 6.37396e-21
42 72 1.91898e-20
43 72 1.73294e-20
44 72 6.51362e-06
45 72 8.17198e-07
46 72 1.24186e-05
47 72 3.46436e-07
48 72 3.19686e-20
49 72 1.04425e-19
50 72 0.00020043
51 72 0.000418981
52 72 0.000579828
53 72 2.01248e-05
54 72 2.73025e-20
55 72 1.84224e-19
56 72 2.06174e-20
57 72 7.21218e-20
58 72 3.8891e-20
59 72 5.46742e-20
60 72 1.41163e-19
61 72 3.63572e-20
62 72 6.22676e-20
63 72 4.40893e-19
0 73 1.85402e-18
1 73 2.12543e-19
2 73 2.95962e-08
3 73 1.38577e-08
4 73 9.08921e-09
5 73 1.99808e-09
6 73 2.7891e-05
7 73 0.000105483
8 73 3.657e-06
9 73 4.04771e-05
10 73 3.43952e-20
11 73 1.67737e-19
12 73 2.24625e-19
13 73 1.63534e-19
14 73 7.18791e-09
15 73 2.58926e-09
16 73 2.56271e-09
17 73 1.85292e-09
18 73 8.62225e-21
19 73 1.31795e-20
20 73 2.29589e-21
21 73 7.70958e-20
22 73 5.18736e-06
23 73 4.97985e-06
24 73 2.05673e-05
25 73 4.92135e-07
26 73 6.8411e-20
27 73 4.43125e-20
28 73 1.05963e-20
29 73 6.85938e-20
30 73 8.75406e-21
31 73 1.18905e-20
32 73 4.77024e-21
33 73 2.0775e-20
34 73 1.35099e-20
35 73 6.69304e-21
36 73 1.03381e-20
37 73 1.43501e-20
38 73 2.74093e-20
39 73 8.93489e-21
40 73 1.40074e-20
41 73 6.03489e-21
42 73 3.55086e-20
43 73 7.6329e-21
44 73 1.19698e-06
45 73 1.63166e-05
46 73 9.28314e-07
47 73 1.65392e-06
48 73 2.38199e-19
49 73 7.34281e-20
50 73 0.000423359
51 73 0.000250164
52 73 9.55001e-05
53 73 0.00045034
54 73 1.24186e-19
55 73 3.50064e-21
56 73 2.90828e-20
57 73 2.18979e-19
58 73 2.88177e-20
59 73 6.72029e-21
60 73 3.86113e-20
61 73 6.37311e-20
62 73 1.24077e-19
63 73 6.97811e-20
0 74 4.02172e-19
1 74 7.62226e-20
2 74 3.11016e-09
3 74 1.67623e-09
4 74 3.12174e-08
5 74 1.85369e-08
6 74 4.21881e-05
7 74 1.36071e-05
8 74 4.54432e-05
9 74 7.62701e-05
10 74 2.24944e-20
11 74 1.7948e-19
12 74 5.93457e-19
13 74 1.08683e-20
14 74 2.79565e-09
15 74 6.66051e-09
16 74 5.35594e-10
17 74 4.20121e-09
18 74 3.82232e-21
19 74 5.89438e-21
20 74 1.84567e-20
21 74 5.69803e-20
22 74 4.65874e-06
23 74 2.15242e-05
24 74 4.81282e-06
25 74 2.30867e-07
26 74 1.23451e-20
27 74 1.83527e-20
28 74 2.55908e-20
29 74 5.34122e-21
30 74 6.83653e-20
31 74 6.65098e-21
32 74 9.04272e-22
33 74 2.45428e-21
34 74 5.64476e-21
35 74 2.54041e-21
36 74 3.35835e-21
37 74 1.87965e-20
38 74 8.61006e-21
39 74 5.9533e-21
40 74 8.26747e-21
41 74 3.05381e-20
42 74 1.58196e-22
43 74 1.29689e-20
44 74 9.66083e-06
45 74 1.18585e-06
46 74 4.47552e-06
47 74 4.77366e-06
48 74 2.59348e-19
49 74 2.35295e-19
50 74 0.000202964
51 74 0.000539857
52 74 0.000328013
53 74 0.00014853
54 74 2.54049e-20
55 74 1.76171e-20
56 74 5.01514e-20
57 74 1.34181e-21
58 74 4.13701e-20
59 74 4.57003e-21
60 74 2.45068e-20
61 74 1.10189e-19
62 74 8.22007e-20
63 74 1.66513e-18
0 75 2.76536e-18
1 75 5.76236e-19
2 75 8.3859e-09
3 75 6.16291e-09
4 75 1.1305e-08
5 75 2.86865e-08
6 75 1.51968e-07
7 75 7.3714e-06
8 75 0.000119515
9 75 5.047e-05
10 75 6.20326e-19
11 75 1.28167e-21
12 75 4.43005e-20
13 75 5.7745e-19
14 75 3.1144e-10
15 75 2.64663e-09
16 75 6.85454e-09
17 75 4.38026e-09
18 75 8.96795e-21
19 75 1.22152e-20
20 75 3.67206e-20
21 75 4.53319e-20
22 75 3.03326e-06
23 75 4.69897e-07
24 75 2.1075e-07
25 75 2.75128e-05
26 75 7.70816e-20
27 75 2.05593e-20
28 75 5.64322e-21
29 75 3.53003e-20
30 75 7.3015e-21
31 75 3.31695e-20
32 75 1.12424e-20
33 75 4.68931e-20
34 75 3.1139e-21
35 75 7.89509e-21
36 75 7.3298e-21
37 75 1.41553e-21
38 75 1.04124e-20
39 75 8.0166e-21
40 75 1.83969e-20
41 75 1.24179e-20
42 75 7.69748e-22
43 75 1.52107e-20
44 75 2.72444e-06
45 75 1.77616e-06
46 75 2.27342e-06
47 75 1.33218e-05
48 75 3.67803e-20
49 75 2.24552e-19
50 75 0.000392611
51 75 1.03621e-05
52 75 0.000216022
53 75 0.000600369
54 75 1.71379e-19
55 75 1.50981e-19
56 75 2.45285e-20
57 75 7.77648e-20
58 75 4.57996e-20
59 75 1.1138e-20
60 75 9.9029e-20
61 75 1.44437e-20
62 75 3.03531e-19
63 75 3.64463e-20
0 76 1.48885e-18
1 76 9.14179e-19
2 76 5.74485e-18
3 76 9.22529e-19
4 76 1.04166e-18
5 76 1.54333e-19
6 76 2.31707e-19
7 76 1.75408e-18
8 76 6.99817e-20
9 76 3.92054e-19
10 76 0.000121656
11 76 4.28602e-05
12 76 2.69558e-19
13 76 2.29682e-20
14 76 1.98963e-19
15 76 2.21739e-19
16 76 6.04258e-20
17 76 3.11894e-20
18 76 5.39708e-05
19 76 7.77333e-06
20 76 4.74875e-20
21 76 5.19584e-20
22 76 5.43019e-20
23 76 1.11983e-21
24 76 2.88454e-20
25 76 3.71116e-22
26 76 1.17477e-20
27 76 9.69566e-20
28 76 1.71243e-20
29 76 6.41842e-21
30 76 3.42318e-21
31 76 1.89154e-20
32 76 1.01735e-20
33 76 2.39892e-20
34 76 6.52679e-21
35 76 5.06912e-21
36 76 1.92223e-20
37 76 2.09203e-21
38 76 4.3613e-21
39 76 1.30934e-20
40 76 4.29417e-22
41 76 8.21087e-21
42 76 4.0514e-21
43 76 1.98963e-21
44 76 8.623e-20
45 76 1.19953e-20
46 76 1.50665e-19
47 76 2.93459e-20
48 76 3.69458e-20
49 76 4.36876e-21
50 76 2.11468e-19
51 76 2.63944e-21
52 76 2.13829e-19
53 76 5.52489e-20
54 76 0.000402842
55 76 0.000889875
56 76 2.12383e-20
57 76 2.40601e-20
58 76 1.35882e-20
59 76 2.96412e-20
60 76 1.20186e-19
61 76 3.29598e-20
62 76 3.47922e-20
63 76 1.0002e-20
0 77 7.45015e-19
1 77 4.6013e-19
2 77 2.48252e-18
3 77 4.14512e-18
4 77 1.1563e-19
5 77 3.11902e-20
6 77 5.74317e-18
7 77 4.43273e-19
8 77 7.072e-20
9 77 2.92098e-20
10 77 4.28602e-05
11 77 0.000121656
12 77 1.0989e-19
13 77 4.43047e-20
14 77 1.1087e-18
15 77 2.78136e-19
16 77 4.17307e-20
17 77 2.49777e-20
18 77 7.77333e-06
19 77 5.39708e-05
20 77 6.58918e-21
21 77 1.00638e-21
22 77 4.88353e-21
23 77 1.26674e-20
24 77 1.82599e-20
25 77 1.73231e-21
26 77 5.19795e-20
27 77 1.3244e-21
28 77 3.49129e-21
29 77 1.83237e-19
30 77 1.16077e-21
31 77 2.24842e-20
32 77 8.98252e-21
33 77 2.65218e-21
34 77 2.62635e-20
35 77 1.72997e-21
36 77 2.24188e-21
37 77 2.26629e-20
38 77 2.42955e-20
39 77 1.73758e-20
40 77 1.92587e-20
41 77 4.63672e-21
42 77 4.73911e-21
43 77 4.81911e-21
44 77 2.72577e-20
45 77 5.55727e-20
46 77 3.0149e-20
47 77 7.63717e-20
48 77 1.02639e-19
49 77 7.5325e-21
50 77 1.63219e-19
51 77 1.46101e-20
52 77 1.68591e-19
53 77 7.35653e-20
54 77 0.000889875
55 77 0.000402842
56 77 2.95638e-22
57 77 1.24658e-20
58 77 2.56521e-20
59 77 9.17909e-20
60 77 4.66669e-20
61 77 4.72816e-20
62 77 4.09149e-20
63 77 2.67945e-19
0 78 4.54467e-05
1 78 5.56919e-05
2 78 8.4341e-18
3 78 7.96419e-18
4 78 9.2576e-19
5 78 1.40894e-19
6 78 2.99305e-18
7 78 2.36217e-18
8 78 7.99477e-19
9 78 9.26602e-20
10 78 4.20348e-19
11 78 1.69838e-18
12 78 6.99355e-05
13 78 8.53834e-05
14 78 5.09995e-18
15 78 1.57657e-18
16 78 1.28192e-19
17 78 1.29243e-20
18 78 5.99672e-20
19 78 9.22363e-20
20 78 1.30305e-19
21 78 2.00096e-20
22 78 1.51223e-19
23 78 3.35295e-20
24 78 7.30495e-20
25 78 1.37544e-20
26 78 5.21787e-20
27 78 2.48461e-19
28 78 2.2736e-20
29 78 1.57608e-19
30 78 3.27123e-20
31 78 6.48186e-20
32 78 1.60752e-19
33 78 3.0548e-20
34 78 2.27526e-20
35 78 3.78045e-20
36 78 2.31066e-21
37 78 8.61176e-20
38 78 4.7481e-20
39 78 6.05251e-21
40 78 2.03704e-20
41 78 7.03598e-21
42 78 2.87276e-20
43 78 6.85565e-21
44 78 1.56422e-19
45 78 2.41718e-19
46 78 1.14975e-18
47 78 2.40598e-19
48 78 0.00102188
49 78 0.00143308
50 78 1.01438e-19
51 78 1.61537e-19
52 78 9.71844e-21
53 78 1.2599e-19
54 78 3.35016e-21
55 78 1.27808e-20
56 78 2.54046e-20
57 78 1.74483e-20
58 78 8.32167e-21
59 78 4.72609e-20
60 78 1.17822e-19
61 78 3.83398e-20
62 78 0.00215098
63 78 0.000856469
0 79 5.56918e-05
1 79 4.54467e-05
2 79 9.59855e-18
3 79 2.08784e-18
4 79 1.62088e-18
5 79 6.92558e-20
6 79 3.65658e-18
7 79 2.76731e-18
8 79 2.7674e-20
9 79 6.92107e-19
10 79 1.18954e-18
11 79 2.3848e-19
12 79 8.53833e-05
13 79 6.99354e-05
14 79 2.53814e-18
15 79 5.03452e-19
16 79 2.44151e-19
17 79 4.42274e-19
18 79 4.43324e-20
19 79 3.15802e-22
20 79 2.1102e-19
21 79 1.25996e-19
22 79 1.19991e-19
23 79 1.37314e-20
24 79 4.66961e-20
25 79 2.16807e-20
26 79 1.61785e-19
27 79 5.0291e-20
28 79 1.25495e-19
29 79 8.00429e-20
30 79 1.21804e-20
31 79 4.00014e-21
32 79 2.34604e-20
33 79 4.93564e-21
34 79 3.55046e-21
35 79 3.658e-20
36 79 1.15832e-19
37 79 7.42807e-21
38 79 1.65597e-20
39 79 1.7733e-20
40 79 1.32487e-20
41 79 2.13931e-21
42 79 1.94141e-20
43 79 3.64984e-22
44 79 1.68978e-18
45 79 3.57131e-18
46 79 5.0775e-18
47 79 4.79102e-19
48 79 0.00143308
49 79 0.00102188
50 79 2.95818e-20
51 79 3.55403e-21
52 79 1.14967e-20
53 79 1.93286e-20
54 79 3.18737e-20
55 79 8.96461e-20
56 79 2.00895e-20
57 79 6.17595e-20
58 79 9.47066e-20
59 79 3.98306e-20
60 79 1.28702e-20
61 79 9.45371e-21
62 79 0.000856469
63 79 0.00215098
0 80 1.76299e-19
1 80 1.22538e-18
2 80 3.12067e-06
3 80 3.80742e-06
4 80 5.12597e-07
5 80 1.28238e-05
6 80 7.68851e-07
7 80 7.66067e-09
8 80 5.5493e-08
9 80 1.26282e-06
10 80 1.88677e-18
11 80 4.09912e-19
12 80 5.40503e-19
13 80 5.71263e-19
14 80 4.80304e-06
15 80 1.04729e-05
16 80 6.79185e-06
17 80 3.6811e-07
18 80 8.97918e-20
19 80 2.94853e-21
20 80 1.46825e-20
21 80 1.65215e-20
22 80 2.15652e-07
23 80 8.02745e-08
24 80 1.96481e-07
25 80 1.17652e-07
26 80 7.95913e-21
27 80 4.32255e-20
28 80 4.83015e-20
29 80 2.519e-20
30 80 2.39748e-20
31 80 1.55338e-20
32 80 1.35157e-20
33 80 2.63573e-20
34 80 1.41388e-20
35 80 1.71983e-20
36 80 6.79078e-21
37 80 1.94846e-21
38 80 1.2856e-21
39 80 1.3613e-21
40 80 2.25885e-20
41 80 2.08192e-20
42 80 1.43128e-21
43 80 1.48324e-20
44 80 9.27034e-05
45 80 0.000263744
46 80 7.88094e-05
47 80 0.000755081
48 80 4.40135e-19
49 80 5.51686e-19
50 80 1.85902e-05
51 80 1.2923e-06
52 80 1.33566e-05
53 80 7.04772e-07
54 80 5.8236e-20
55 80 2.72796e-20
56 80 2.2942e-20
57 80 9.52202e-21
58 80 4.16927e-20
59 80 5.61367e-21
60 80 2.13541e-20
61 80 8.25675e-20
62 80 8.66963e-19
63 80 2.36047e-21
0 81 1.77481e-18
1 81 2.52232e-18
2 81 1.88911e-06
3 81 1.06429e-05
4 81 5.82952e-06
5 81 1.90296e-06
6 81 7.96362e-07
7 81 2.59488e-07
8 81 8.16322e-07
9 81 2.22654e-07
10 81 6.52611e-19
11 81 3.40575e-19
12 81 2.855e-19
13 81 1.91706e-19
14 81 1.36876e-06
15 81 8.80371e-06
16 81 8.2747e-06
17 81 3.98876e-06
18 81 1.20414e-19
19 81 2.93336e-20
20 81 4.74294e-21
21 81 2.62923e-20
22 81 1.16238e-07
23 81 8.7902e-08
24 81 4.84209e-08
25 81 3.57499e-07
26 81 7.38763e-22
27 81 4.23048e-21
28 81 4.78993e-21
29 81 2.37155e-20
30 81 1.16275e-20
31 81 3.22293e-22
32 81 7.73013e-21
33 81 6.61641e-21
34 81 1.73947e-21
35 81 3.58096e-21
36 81 7.46711e-21
37 81 1.15177e-20
38 81 9.48423e-21
39 81 3.91885e-21
40 81 5.64504e-21
41 81 2.46569e-21
42 81 4.85623e-21
43 81 8.93754e-21
44 81 0.000151051
45 81 0.000568384
46 81 0.000145649
47 81 0.000325254
48 81 3.26095e-19
49 81 1.10833e-19
50 81 3.41158e-06
51 81 2.39762e-06
52 81 8.72335e-06
53 81 1.94113e-05
54 81 1.17132e-21
55 81 4.7147e-20
56 81 3.37737e-20
57 81 5.28779e-21
58 81 3.01302e-20
59 81 3.61718e-20
60 81 3.14132e-20
61 81 3.34538e-20
62 81 1.03649e-20
63 81 5.75359e-19
0 82 7.86809e-19
1 82 6.79658e-19
2 82 1.84132e-06
3 82 5.14546e-06
4 82 1.28904e-05
5 82 3.87277e-07
6 82 5.1737e-07
7 82 3.99494e-07
8 82 5.85099e-07
9 82 5.92863e-07
10 82 5.42332e-19
11 82 3.43871e-20
12 82 1.50422e-19
13 82 1.10613e-19
14 82 1.38031e-06
15 82 1.47478e-06
16 82 4.56143e-06
17 82 1.50194e-05
18 82 7.25907e-21
19 82 4.73121e-20
20 82 8.61834e-21
21 82 3.88131e-20
22 82 1.83689e-07
23 82 3.69512e-07
24 82 5.59466e-08
25 82 9.12593e-10
26 82 3.69458e-20
27 82 4.02494e-20
28 82 6.3729e-21
29 82 5.88325e-20
30 82 6.57435e-20
31 82 7.24525e-22
32 82 1.61512e-20
33 82 7.58545e-21
34 82 3.60396e-21
35 82 1.92436e-21
36 82 2.3172e-20
37 82 2.33078e-20
38 82 3.86015e-22
39 82 8.8606e-21
40 82 1.91957e-21
41 82 6.03285e-21
42 82 1.72449e-20
43 82 4.38823e-21
44 82 0.000867859
45 82 8.65634e-05
46 82 0.000140202
47 82 9.57134e-05
48 82 6.54881e-19
49 82 4.25452e-20
50 82 8.55875e-07
51 82 2.2318e-05
52 82 3.62195e-06
53 82 7.1481e-06
54 82 1.01399e-21
55 82 1.2642e-19
56 82 3.41273e-20
57 82 2.06117e-20
58 82 2.4225e-20
59 82 1.25715e-20
60 82 3.09334e-20
61 82 3.89785e-20
62 82 4.2174e-19
63 82 2.29839e-19
0 83 1.4259e-18
1 83 5.11141e-19
2 83 1.34134e-05
3 83 6.68703e-07
4 83 1.03194e-06
5 83 5.15045e-06
6 83 1.22435e-08
7 83 1.42818e-06
8 83 6.37913e-07
9 83 1.64898e-08
10 83 1.01548e-19
11 83 3.28999e-19
12 83 5.50564e-21
13 83 1.08145e-19
14 83 1.48838e-05
15 83 1.68451e-06
16 83 2.80796e-06
17 83 3.05964e-06
18 83 9.45512e-21
19 83 3.63073e-21
20 83 9.59253e-21
21 83 6.83506e-20
22 83 9.44817e-08
23 83 7.23712e-08
24 83 3.09212e-07
25 83 1.33996e-07
26 83 2.95635e-20
27 83 1.66557e-20
28 83 1.16577e-20
29 83 3.59371e-20
30 83 6.28731e-21
31 83 1.33692e-20
32 83 3.96004e-21
33 83 4.10324e-20
34 83 3.8789e-21
35 83 1.26917e-20
36 83 4.44765e-21
37 83 6.93988e-21
38 83 1.75233e-20
39 83 1.24308e-21
40 83 3.53733e-21
41 83 2.75797e-20
42 83 1.73157e-20
43 83 1.26933e-20
44 83 7.87246e-05
45 83 0.000271647
46 83 0.000825677
47 83 1.42896e-05
48 83 9.74865e-19
49 83 2.40075e-18
50 83 1.10863e-05
51 83 7.93601e-06
52 83 8.24195e-06
53 83 6.67968e-06
54 83 1.04048e-20
55 83 1.06684e-20
56 83 8.38364e-20
57 83 1.48877e-20
58 83 3.69821e-20
59 83 1.77211e-20
60 83 3.82373e-20
61 83 1.06446e-22
62 83 1.91075e-19
63 83 6.16838e-20
0 84 6.25772e-18
1 84 3.51562e-18
2 84 8.26272e-18
3 84 1.18445e-17
4 84 9.12555e-20
5 84 8.54784e-20
6 84 7.03842e-19
7 84 2.32853e-18
8 84 4.82399e-19
9 84 5.75783e-19
10 84 2.32368e-18
11 84 3.74121e-20
12 84 5.10966e-18
13 84 3.1001e-19
14 84 1.83299e-18
15 84 1.81469e-18
16 84 2.10501e-19
17 84 1.58078e-19
18 84 2.97783e-21
19 84 5.13126e-20
20 84 1.38233e-19
21 84 4.95083e-21
22 84 5.19109e-21
23 84 3.97267e-20
24 84 7.89098e-20
25 84 1.16129e-20
26 84 1.41909e-20
27 84 1.06864e-19
28 84 3.4688e-21
29 84 1.31613e-19
30 84 3.98066e-22
31 84 3.28601e-21
32 84 4.61473e-21
33 84 2.00725e-20
34 84 5.29452e-06
35 84 3.5546e-07
36 84 4.22392e-20
37 84 2.85315e-20
38 84 3.15106e-20
39 84 4.18528e-20
40 84 1.32407e-20
41 84 3.2077e-20
42 84 8.8114e-05
43 84 9.40095e-05
44 84 2.63573e-21
45 84 6.63057e-21
46 84 1.49823e-20
47 84 2.63602e-20
48 84 1.85835e-21
49 84 5.87646e-22
50 84 1.79565e-21
51 84 5.04349e-20
52 84 1.54342e-20
53 84 2.0678e-20
54 84 1.7019e-20
55 84 1.27105e-20
56 84 8.15927e-20
57 84 3.48981e-20
58 84 1.2215e-21
59 84 1.88548e-20
60 84 7.97479e-21
61 84 4.76453e-20
62 84 6.20927e-22
63 84 1.22705e-19
0 85 6.45904e-18
1 85 2.32936e-19
2 85 3.97977e-18
3 85 4.91905e-18
4 85 7.78768e-19
5 85 5.32013e-19
6 85 3.13653e-18
7 85 1.57788e-18
8 85 2.05953e-18
9 85 4.79398e-19
10 85 2.44497e-19
11 85 1.30243e-18
12 85 6.63787e-20
13 85 4.59842e-20
14 85 1.44194e-18
15 85 9.08064e-19
16 85 3.08331e-19
17 85 1.94005e-20
18 85 1.91008e-20
19 85 1.66963e-20
20 85 2.45181e-21
21 85 1.59579e-20
22 85 1.94945e-19
23 85 1.54405e-20
24 85 5.95444e-20
25 85 8.31964e-21
26 85 6.0301e-20
27 85 7.99363e-20
28 85 1.70388e-20
29 85 1.65668e-20
30 85 2.55596e-20
31 85 5.75321e-21
32 85 5.35345e-20
33 85 2.80106e-20
34 85 3.5546e-07
35 85 5.29452e-06
36 85 4.7002e-21
37 85 7.78863e-21
38 85 9.00262e-21
39 85 3.04429e-20
40 85 1.84848e-21
41 85 1.37953e-20
42 85 9.40095e-05
43 85 8.8114e-05
44 85 6.69671e-22
45 85 1.20873e-22
46 85 1.00412e-20
47 85 1.48705e-21
48 85 3.1889e-22
49 85 3.16359e-20
50 85 2.01278e-20
51 85 1.70096e-20
52 85 5.91396e-21
53 85 6.77152e-20
54 85 4.31957e-21
55 85 4.04759e-21
56 85 5.07082e-22
57 85 1.01953e-20
58 85 1.75421e-21
59 85 1.58966e-20
60 85 2.29403e-21
61 85 6.5452e-20
62 85 3.43353e-20
63 85 1.6633e-20
0 86 3.96725e-18
1 86 1.19897e-19
2 86 6.57895e-18
3 86 1.49426e-19
4 86 5.96999e-19
5 86 1.02686e-18
6 86 8.96483e-19
7 86 2.43007e-18
8 86 5.96469e-19
9 86 2.46424e-20
10 86 1.77089e-18
11 86 1.40271e-18
12 86 2.72577e-19
13 86 9.83134e-19
14 86 8.00522e-21
15 86 3.58187e-20
16 86 4.14493e-19
17 86 1.67415e-19
18 86 1.15261e-19
19 86 1.49534e-20
20 86 2.83275e-20
21 86 1.20355e-20
22 86 1.19948e-19
23 86 6.18887e-21
24 86 4.91735e-20
25 86 1.93804e-21
26 86 1.00433e-07
27 86 2.86018e-07
28 86 2.14124e-07
29 86 2.49898e-07
30 86 0.000145227
31 86 6.19948e-05
32 86 3.09435e-05
33 86 1.63354e-05
34 86 1.61828e-20
35 86 8.30863e-21
36 86 1.03928e-20
37 86 2.9522e-20
38 86 4.97764e-07
39 86 4.30407e-07
40 86 4.83311e-07
41 86 3.05719e-08
42 86 8.14154e-21
43 86 2.8442e-20
44 86 1.71511e-20
45 86 3.58467e-21
46 86 1.79605e-20
47 86 2.31106e-21
48 86 6.52158e-22
49 86 2.88805e-21
50 86 1.55657e-22
51 86 1.61243e-20
52 86 2.15798e-21
53 86 1.45238e-20
54 86 7.31695e-21
55 86 6.78678e-23
56 86 3.84821e-20
57 86 2.83025e-21
58 86 3.29307e-05
59 86 5.20749e-06
60 86 2.17137e-08
61 86 6.87126e-05
62 86 1.42044e-20
63 86 1.30965e-20
0 87 2.27216e-18
1 87 1.44643e-19
2 87 9.29828e-18
3 87 3.71045e-18
4 87 7.88897e-20
5 87 2.77528e-19
6 87 4.35125e-18
7 87 9.48405e-19
8 87 1.19032e-18
9 87 3.33024e-21
10 87 6.53801e-19
11 87 8.5236e-19
12 87 2.15143e-18
13 87 1.28555e-19
14 87 1.98417e-18
15 87 6.10904e-19
16 87 1.93497e-19
17 87 5.59703e-20
18 87 2.6588e-20
19 87 1.47769e-19
20 87 8.36832e-20
21 87 4.35292e-20
22 87 1.31957e-20
23 87 1.78612e-21
24 87 1.39085e-19
25 87 8.22534e-21
26 87 1.30629e-07
27 87 1.86761e-07
28 87 1.22916e-07
29 87 4.10167e-07
30 87 1.23151e-05
31 87 4.7391e-06
32 87 5.76698e-05
33 87 0.000179777
34 87 5.66727e-20
35 87 6.50118e-21
36 87 7.68491e-20
37 87 4.68848e-20
38 87 4.97505e-07
39 87 7.50993e-07
40 87 1.56837e-07
41 87 3.67192e-08
42 87 1.9213e-20
43 87 4.8428e-20
44 87 4.08516e-21
45 87 2.02714e-20
46 87 5.52599e-21
47 87 3.37319e-20
48 87 8.39171e-20
49 87 2.16456e-20
50 87 1.70081e-20
51 87 1.80576e-21
52 87 3.17424e-21
53 87 2.15988e-21
54 87 1.82481e-21
55 87 3.45308e-20
56 87 7.50299e-20
57 87 3.40022e-19
58 87 3.23235e-05
59 87 4.90792e-05
60 87 1.61737e-05
61 87 9.29618e-06
62 87 1.43166e-19
63 87 3.41879e-20
0 88 7.32423e-18
1 88 2.28287e-18
2 88 1.12698e-20
3 88 6.73103e-19
4 88 9.06528e-19
5 88 6.21358e-20
6 88 3.41633e-18
7 88 2.35181e-19
8 88 2.9695e-20
9 88 5.06117e-19
10 88 1.21956e-18
11 88 1.31051e-18
12 88 7.09912e-19
13 88 2.51592e-20
14 88 8.73359e-19
15 88 8.13455e-19
16 88 1.0672e-20
17 88 4.48612e-21
18 88 1.44109e-20
19 88 7.1029e-21
20 88 2.1679e-21
21 88 1.59618e-20
22 88 7.17785e-20
23 88 1.0665e-20
24 88 8.90215e-21
25 88 7.74214e-21
26 88 1.088e-07
27 88 2.28207e-07
28 88 4.74618e-07
29 88 3.8848e-08
30 88 7.9196e-05
31 88 4.65894e-05
32 88 8.85186e-05
33 88 4.0197e-05
34 88 3.4181e-21
35 88 1.39529e-22
36 88 1.65017e-19
37 88 1.55449e-20
38 88 3.52432e-07
39 88 2.4797e-07
40 88 7.35199e-07
41 88 1.06452e-07
42 88 1.93543e-21
43 88 2.32883e-21
44 88 1.57483e-20
45 88 1.48679e-20
46 88 5.35493e-21
47 88 1.91434e-20
48 88 5.16226e-20
49 88 3.06657e-20
50 88 2.07838e-21
51 88 6.25005e-21
52 88 3.91758e-21
53 88 3.79438e-21
54 88 3.0394e-20
55 88 2.68335e-20
56 88 2.32872e-19
57 88 5.74121e-19
58 88 3.69614e-05
59 88 4.12003e-05
60 88 4.62783e-07
61 88 2.82481e-05
62 88 5.73528e-20
63 88 9.82136e-20
0 89 3.80364e-18
1 89 1.73154e-18
2 89 1.08086e-18
3 89 1.56325e-19
4 89 7.04922e-19
5 89 1.76109e-18
6 89 1.39448e-18
7 89 3.93218e-19
8 89 2.21889e-19
9 89 5.67076e-20
10 89 1.47462e-18
11 89 1.1466e-18
12 89 1.11925e-18
13 89 5.59732e-20
14 89 5.52545e-19
15 89 2.55249e-19
16 89 9.20849e-19
17 89 1.11548e-19
18 89 7.65339e-20
19 89 3.2236e-20
20 89 2.55052e-20
21 89 3.27979e-21
22 89 7.43122e-20
23 89 1.15417e-20
24 89 1.21711e-20
25 89 2.48279e-20
26 89 5.10611e-07
27 89 1.49487e-07
28 89 3.88147e-08
29 89 1.5156e-07
30 89 1.77626e-05
31 89 0.000141178
32 89 7.73691e-05
33 89 1.81916e-05
34 89 6.46756e-21
35 89 5.58624e-21
36 89 8.46651e-22
37 89 2.33031e-20
38 89 9.43531e-08
39 89 1.26839e-08
40 89 6.67062e-08
41 89 1.26831e-06
42 89 4.78611e-21
43 89 5.91301e-22
44 89 7.92884e-21
45 89 3.67839e-20
46 89 8.66459e-21
47 89 2.03176e-22
48 89 1.60931e-20
49 89 1.0795e-20
50 89 1.10917e-21
51 89 2.18186e-21
52 89 1.54994e-20
53 89 1.18264e-20
54 89 2.49756e-20
55 89 2.99512e-21
56 89 1.53743e-19
57 89 1.31795e-20
58 89 4.65701e-06
59 89 1.13856e-05
60 89 9.02144e-05
61 89 6.1563e-07
62 89 8.85023e-20
63 89 1.38047e-20
0 90 4.66639e-20
1 90 2.04101e-18
2 90 4.95005e-19
3 90 6.49077e-18
4 90 2.75625e-19
5 90 2.51351e-19
6 90 8.3139e-19
7 90 8.61672e-19
8 90 3.56212e-19
9 90 2.53825e-21
10 90 5.99842e-20
11 90 1.498e-19
12 90 5.02953e-19
13 90 3.71069e-19
14 90 2.89835e-19
15 90 1.53418e-19
16 90 1.34216e-19
17 90 8.03462e-20
18 90 1.94485e-20
19 90 9.37434e-20
20 90 1.01414e-20
21 90 1.49825e-20
22 90 1.6118e-20
23 90 1.15768e-20
24 90 2.13001e-20
25 90 3.47434e-20
26 90 5.5328e-20
27 90 1.18314e-19
28 90 2.28048e-20
29 90 5.36723e-20
30 90 1.57985e-20
31 90 9.66703e-21
32 90 9.05107e-21
33 90 2.36096e-21
34 90 2.23261e-05
35 90 0.000156805
36 90 1.52593e-20
37 90 3.45948e-20
38 90 1.94797e-20
39 90 3.73823e-20
40 90 1.17492e-20
41 90 2.61606e-20
42 90 3.50789e-06
43 90 5.42086e-06
44 90 9.65176e-21
45 90 9.75096e-21
46 90 6.28135e-21
47 90 2.21193e-20
48 90 1.98159e-21
49 90 2.99967e-20
50 90 5.79131e-21
51 90 2.72158e-20
52 90 1.7035e-20
53 90 1.54381e-20
54 90 3.19911e-21
55 90 3.8313e-22
56 90 6.11657e-21
57 90 1.46271e-20
58 90 1.04287e-19
59 90 6.19728e-20
60 90 2.4027e-20
61 90 2.62372e-20
62 90 3.48679e-20
63 90 4.11316e-20
0 91 1.43555e-19
1 91 1.01501e-18
2 91 9.74073e-19
3 91 1.10829e-18
4 91 1.45067e-19
5 91 8.46244e-20
6 91 1.3858e-18
7 91 3.03397e-19
8 91 3.75308e-19
9 91 2.09832e-20
10 91 2.88727e-19
11 91 2.99244e-19
12 91 6.77274e-19
13 91 2.47567e-19
14 91 7.06366e-20
15 91 6.65818e-19
16 91 4.61475e-20
17 91 3.36179e-19
18 91 3.71872e-21
19 91 3.80336e-20
20 91 2.62396e-20
21 91 3.11671e-20
22 91 1.54738e-20
23 91 1.27482e-21
24 91 6.16016e-20
25 91 2.89158e-21
26 91 1.20748e-19
27 91 2.93488e-20
28 91 6.09793e-20
29 91 2.19206e-20
30 91 2.28022e-20
31 91 2.2622e-20
32 91 5.5725e-21
33 91 1.02695e-20
34 91 0.000156805
35 91 2.23261e-05
36 91 2.29793e-20
37 91 5.23452e-20
38 91 1.06767e-21
39 91 4.7909e-20
40 91 1.34297e-20
41 91 6.05422e-21
42 91 5.42086e-06
43 91 3.50789e-06
44 91 4.84559e-21
45 91 2.51412e-20
46 91 1.76976e-20
47 91 2.10011e-21
48 91 2.01054e-21
49 91 9.30632e-22
50 91 1.28989e-20
51 91 2.22366e-20
52 91 4.27187e-21
53 91 4.13933e-20
54 91 3.64345e-21
55 91 3.6011e-20
56 91 2.33207e-19
57 91 1.84026e-19
58 91 1.70094e-20
59 91 1.12622e-19
60 91 2.08662e-19
61 91 1.04068e-20
62 91 1.17855e-20
63 91 3.78713e-20
0 92 5.01266e-19
1 92 4.56154e-18
2 92 1.94581e-18
3 92 2.84882e-18
4 92 1.05494e-19
5 92 5.75731e-19
6 92 7.77431e-18
7 92 1.89799e-19
8 92 1.89733e-18
9 92 6.89945e-21
10 92 1.79406e-18
11 92 6.87249e-19
12 92 3.06959e-19
13 92 8.51837e-19
14 92 1.0235e-19
15 92 6.45357e-19
16 92 4.28395e-19
17 92 6.30639e-20
18 92 9.26043e-20
19 92 1.46433e-21
20 92 1.4509e-05
21 92 2.76119e-05
22 92 5.34168e-20
23 92 6.96695e-21
24 92 1.37464e-19
25 92 6.80163e-20
26 92 1.0671e-19
27 92 3.41817e-19
28 92 2.86464e-20
29 92 1.75516e-20
30 92 1.53358e-19
31 92 1.18932e-19
32 92 1.71044e-20
33 92 7.85233e-21
34 92 2.28193e-21
35 92 1.65588e-20
36 92 0.000277737
37 92 2.50668e-05
38 92 3.17632e-20
39 92 4.46119e-20
40 92 1.29069e-22
41 92 7.22827e-21
42 92 1.57561e-20
43 92 3.18535e-22
44 92 1.83864e-20
45 92 3.22989e-20
46 92 2.66801e-21
47 92 6.93878e-21
48 92 7.09009e-20
49 92 9.45639e-20
50 92 6.72562e-21
51 92 1.93017e-20
52 92 3.24017e-20
53 92 1.44727e-20
54 92 1.87848e-20
55 92 5.69332e-20
56 92 1.80236e-05
57 92 0.000205358
58 92 1.06583e-19
59 92 2.84865e-19
60 92 3.43964e-19
61 92 2.84924e-19
62 92 9.16294e-20
63 92 7.12698e-20
0 93 2.65352e-18
1 93 8.18249e-19
2 93 1.30261e-17
3 93 2.24806e-18
4 93 5.89655e-19
5 93 2.36576e-19
6 93 2.60188e-19
7 93 2.7763e-18
8 93 2.14912e-18
9 93 1.201e-19
10 93 1.98935e-19
11 93 3.70586e-19
12 93 3.02178e-19
13 93 1.72948e-19
14 93 2.73428e-19
15 93 3.35597e-19
16 93 2.29892e-19
17 93 1.94737e-20
18 93 1.04726e-20
19 93 5.83961e-20
20 93 2.76119e-05
21 93 1.4509e-05
22 93 1.15827e-20
23 93 1.50039e-22
24 93 3.10299e-20
25 93 2.47912e-20
26 93 6.61274e-20
27 93 5.81228e-20
28 93 1.49122e-20
29 93 1.80771e-20
30 93 5.00187e-20
31 93 9.15412e-20
32 93 6.504e-21
33 93 2.70796e-19
34 93 2.32601e-20
35 93 2.14571e-20
36 93 2.50668e-05
37 93 0.000277737
38 93 2.48918e-20
39 93 6.58768e-20
40 93 5.04422e-20
41 93 1.5098e-20
42 93 1.28437e-20
43 93 5.41463e-21
44 93 1.31786e-20
45 93 3.13748e-21
46 93 3.53601e-20
47 93 2.46952e-21
48 93 2.9792e-20
49 93 1.78844e-20
50 93 2.43045e-20
51 93 1.19113e-21
52 93 5.66184e-21
53 93 8.93004e-21
54 93 1.29021e-20
55 93 1.92324e-21
56 93 0.000205358
57 93 1.80236e-05
58 93 3.0485e-19
59 93 1.02738e-19
60 93 6.67767e-19
61 93 1.44166e-19
62 93 3.86488e-20
63 93 5.65956e-20
0 94 6.30903e-19
1 94 1.23841e-18
2 94 7.09763e-18
3 94 1.3546e-18
4 94 4.54205e-20
5 94 1.68157e-19
6 94 5.58244e-18
7 94 8.09531e-20
8 94 3.67841e-18
9 94 1.71836e-20
10 94 4.3566e-18
11 94 2.40632e-20
12 94 3.52965e-18
13 94 2.43966e-19
14 94 1.5178e-18
15 94 2.57443e-18
16 94 1.06326e-19
17 94 2.53267e-19
18 94 1.18259e-19
19 94 3.03091e-21
20 94 8.1447e-20
21 94 5.55877e-20
22 94 9.18932e-20
23 94 3.22935e-20
24 94 1.91721e-20
25 94 2.67252e-21
26 94 2.56464e-06
27 94 4.46107e-06
28 94 2.3007e-07
29 94 3.11912e-06
30 94 1.3736e-06
31 94 1.17769e-06
32 94 4.14474e-06
33 94 1.56759e-07
34 94 5.64109e-21
35 94 1.8381e-20
36 94 1.40725e-21
37 94 2.17398e-20
38 94 3.84895e-05
39 94 4.00965e-06
40 94 1.35499e-05
41 94 0.000178123
42 94 2.99011e-20
43 94 6.69484e-21
44 94 1.81416e-20
45 94 5.28598e-21
46 94 7.84561e-21
47 94 4.02961e-22
48 94 4.45454e-20
49 94 4.18756e-21
50 94 3.81449e-21
51 94 2.49636e-21
52 94 1.07881e-20
53 94 1.2577e-20
54 94 1.48875e-20
55 94 2.11251e-20
56 94 2.12772e-19
57 94 5.13419e-20
58 94 1.75999e-05
59 94 1.45272e-05
60 94 3.18948e-05
61 94 1.42632e-05
62 94 1.21713e-20
63 94 4.32831e-20
0 95 7.13209e-19
1 95 2.73787e-19
2 95 2.4881e-18
3 95 8.07059e-18
4 95 7.81033e-19
5 95 7.08521e-19
6 95 5.9406e-18
7 95 2.80781e-18
8 95 8.49742e-19
9 95 8.44709e-20
10 95 7.66833e-19
11 95 6.68348e-19
12 95 3.94536e-18
13 95 5.4207e-19
14 95 7.85218e-19
15 95 3.72896e-18
16 95 1.02143e-19
17 95 1.41109e-19
18 95 4.10193e-20
19 95 1.76324e-19
20 95 1.42171e-20
21 95 4.56899e-20
22 95 2.40328e-19
23 95 5.5954e-21
24 95 4.09456e-20
25 95 3.56901e-20
26 95 2.50192e-06
27 95 2.37858e-06
28 95 3.61268e-06
29 95 1.88172e-06
30 95 7.93366e-07
31 95 1.5011e-06
32 95 1.35345e-06
33 95 3.20486e-06
34 95 2.09016e-20
35 95 3.28379e-20
36 95 1.52296e-20
37 95 5.67862e-21
38 95 7.7912e-05
39 95 8.35958e-05
40 95 7.22415e-05
41 95 4.22334e-07
42 95 9.61931e-21
43 95 1.02413e-20
44 95 6.03596e-21
45 95 6.35609e-21
46 95 1.33193e-20
47 95 3.97521e-21
48 95 1.45128e-20
49 95 1.72846e-20
50 95 1.496e-20
51 95 6.56778e-21
52 95 4.95866e-21
53 95 7.23158e-21
54 95 6.18566e-21
55 95 3.35712e-21
56 95 2.09646e-19
57 95 1.31923e-19
58 95 1.16009e-05
59 95 5.70134e-05
60 95 9.42971e-06
61 95 2.41228e-07
62 95 5.35884e-21
63 95 3.7837e-20
0 96 4.62719e-18
1 96 2.30429e-19
2 96 7.62934e-18
3 96 4.31123e-18
4 96 4.431e-19
5 96 1.28069e-19
6 96 4.05196e-18
7 96 1.06265e-18
8 96 1.20809e-18
9 96 4.27337e-20
10 96 1.70097e-18
11 96 8.55632e-19
12 96 1.12008e-18
13 96 3.01828e-20
14 96 3.67977e-18
15 96 4.23561e-19
16 96 3.20599e-19
17 96 6.84513e-21
18 96 2.18792e-20
19 96 6.29559e-20
20 96 9.42598e-20
21 96 1.21476e-20
22 96 4.08113e-20
23 96 8.85769e-21
24 96 7.59718e-20
25 96 2.60184e-21
26 96 1.51864e-06
27 96 1.1422e-06
28 96 6.38914e-06
29 96 1.32492e-06
30 96 7.55217e-07
31 96 3.25633e-06
32 96 8.32368e-07
33 96 2.00887e-06
34 96 5.96867e-20
35 96 6.32359e-21
36 96 9.78723e-21
37 96 3.37107e-20
38 96 7.6873e-05
39 96 0.000105563
40 96 3.19291e-05
41 96 1.98064e-05
42 96 5.60053e-21
43 96 1.42757e-20
44 96 1.24412e-20
45 96 4.64825e-22
46 96 2.38052e-21
47 96 4.03753e-21
48 96 2.17633e-21
49 96 2.18399e-20
50 96 6.10533e-21
51 96 1.40191e-20
52 96 1.69663e-20
53 96 1.12788e-20
54 96 3.87805e-21
55 96 1.9539e-21
56 96 2.77304e-19
57 96 6.07565e-20
58 96 4.54417e-05
59 96 1.57406e-06
60 96 3.12444e-05
61 96 2.50295e-08
62 96 1.25576e-21
63 96 2.49597e-22
0 97 4.82413e-19
1 97 8.32899e-19
2 97 8.3923e-18
3 97 5.70821e-18
4 97 8.16401e-19
5 97 1.67967e-19
6 97 5.48037e-18
7 97 3.15125e-18
8 97 7.44664e-19
9 97 3.74136e-20
10 97 2.35401e-18
11 97 3.89632e-19
12 97 3.6679e-18
13 97 2.76442e-20
14 97 4.90705e-19
15 97 4.07826e-18
16 97 1.70247e-21
17 97 3.73141e-21
18 97 7.51296e-20
19 97 8.33908e-20
20 97 6.37187e-20
21 97 1.00813e-19
22 97 2.62597e-19
23 97 4.47372e-21
24 97 1.117e-21
25 97 1.8335e-20
26 97 3.7897e-06
27 97 2.39305e-06
28 97 1.4301e-07
29 97 4.04913e-06
30 97 3.9306e-06
31 97 9.17662e-07
32 97 5.22228e-07
33 97 1.48229e-06
34 97 3.1691e-20
35 97 3.45262e-20
36 97 1.68485e-20
37 97 5.14407e-20
38 97 4.08971e-05
39 97 4.10031e-05
40 97 0.000116451
41 97 3.58204e-05
42 97 6.03911e-21
43 97 1.95483e-20
44 97 1.66906e-20
45 97 3.01826e-20
46 97 1.26706e-20
47 97 2.10713e-20
48 97 1.94528e-20
49 97 7.28485e-22
50 97 9.16898e-21
51 97 9.7357e-21
52 97 6.5256e-21
53 97 2.3974e-20
54 97 3.35332e-21
55 97 4.12721e-20
56 97 2.26446e-19
57 97 2.57696e-19
58 97 3.64275e-06
59 97 5.17051e-06
60 97 5.71624e-06
61 97 6.37557e-05
62 97 1.17069e-20
63 97 2.11715e-20
0 98 5.4135e-19
1 98 2.72528e-19
2 98 2.89189e-18
3 98 2.97191e-18
4 98 1.12427e-18
5 98 1.31096e-20
6 98 8.82104e-19
7 98 1.84542e-18
8 98 8.61964e-21
9 98 2.45653e-19
10 98 3.37698e-20
11 98 5.28619e-19
12 98 1.60492e-18
13 98 6.08075e-20
14 98 1.27905e-19
15 98 3.66551e-19
16 98 4.4974e-20
17 98 4.13582e-19
18 98 1.62188e-21
19 98 3.28044e-20
20 98 0.000200731
21 98 5.00278e-05
22 98 2.08244e-20
23 98 1.7826e-21
24 98 3.86995e-20
25 98 1.39186e-20
26 98 3.61223e-19
27 98 3.41358e-20
28 98 4.63611e-20
29 98 2.72653e-19
30 98 1.08711e-20
31 98 7.05685e-21
32 98 2.91223e-20
33 98 1.06293e-19
34 98 5.08207e-21
35 98 1.25525e-21
36 98 4.7584e-08
37 98 2.73058e-07
38 98 1.29402e-20
39 98 2.0394e-21
40 98 3.06136e-21
41 98 1.62518e-20
42 98 1.03143e-20
43 98 2.97133e-20
44 98 2.26071e-20
45 98 1.63643e-20
46 98 1.54755e-20
47 98 9.45603e-21
48 98 3.38026e-20
49 98 8.53255e-21
50 98 6.67223e-21
51 98 2.62016e-20
52 98 9.76046e-21
53 98 1.21139e-20
54 98 8.21836e-21
55 98 1.22583e-21
56 98 0.000167332
57 98 2.80837e-06
58 98 9.84854e-20
59 98 3.89691e-19
60 98 2.49931e-19
61 98 2.1522e-19
62 98 6.19555e-22
63 98 4.60414e-20
0 99 4.96404e-18
1 99 1.01369e-18
2 99 3.0434e-19
3 99 4.75859e-18
4 99 9.22617e-20
5 99 6.98681e-20
6 99 1.82288e-18
7 99 2.06374e-19
8 99 3.88662e-19
9 99 4.69811e-20
10 99 3.32421e-20
11 99 5.79582e-19
12 99 1.79551e-19
13 99 2.86205e-19
14 99 5.80592e-19
15 99 7.33333e-19
16 99 1.42218e-19
17 99 5.42735e-20
18 99 1.41644e-20
19 99 5.21943e-20
20 99 5.00278e-05
21 99 0.000200731
22 99 7.07304e-20
23 99 1.22487e-20
24 99 6.18874e-20
25 99 1.8912e-21
26 99 3.06658e-19
27 99 1.65271e-19
28 99 1.39332e-19
29 99 6.76772e-20
30 99 2.55909e-20
31 99 3.41872e-21
32 99 1.03982e-20
33 99 2.13192e-21
34 99 4.66626e-21
35 99 9.41421e-21
36 99 2.73058e-07
37 99 4.75841e-08
38 99 1.41759e-20
39 99 4.79832e-20
40 99 1.50251e-21
41 99 1.21971e-20
42 99 5.74517e-21
43 99 1.12226e-20
44 99 1.8159e-20
45 99 1.0152e-20
46 99 1.02979e-20
47 99 3.82652e-20
48 99 5.74055e-20
49 99 5.61886e-20
50 99 4.68342e-20
51 99 1.43592e-20
52 99 4.11085e-20
53 99 7.54883e-21
54 99 5.74883e-21
55 99 5.76019e-21
56 99 2.80837e-06
57 99 0.000167332
58 99 1.09891e-19
59 99 3.71358e-19
60 99 6.49174e-20
61 99 1.1383e-19
62 99 1.55845e-19
63 99 1.33405e-19
0 100 1.81182e-19
1 100 3.6832e-19
2 100 8.4408e-18
3 100 1.42829e-18
4 100 2.04041e-19
5 100 5.16664e-20
6 100 1.23365e-18
7 100 2.26639e-18
8 100 2.48585e-19
9 100 1.38534e-20
10 100 6.79877e-19
11 100 4.24708e-19
12 100 5.3431e-19
13 100 6.63361e-19
14 100 5.13888e-19
15 100 5.47155e-19
16 100 3.53144e-20
17 100 2.69652e-19
18 100 6.379e-20
19 100 3.29622e-20
20 100 4.97367e-20
21 100 6.61963e-20
22 100 6.13603e-20
23 100 8.46019e-21
24 100 6.93299e-21
25 100 3.8757e-21
26 100 7.74547e-05
27 100 2.52977e-06
28 100 0.000151095
29 100 1.5145e-05
30 100 1.91193e-06
31 100 1.90352e-05
32 100 1.38692e-06
33 100 7.13432e-06
34 100 2.30588e-20
35 100 1.08847e-20
36 100 1.22716e-20
37 100 1.36633e-20
38 100 3.21357e-07
39 100 1.21945e-07
40 100 1.01986e-07
41 100 1.74218e-07
42 100 3.48138e-21
43 100 8.02121e-21
44 100 1.39976e-20
45 100 7.25992e-21
46 100 3.84503e-21
47 100 1.16265e-21
48 100 5.09408e-20
49 100 1.90975e-20
50 100 4.37932e-21
51 100 1.53342e-21
52 100 6.8555e-20
53 100 1.67931e-20
54 100 3.2135e-20
55 100 9.20604e-21
56 100 1.52517e-19
57 100 1.39056e-20
58 100 6.45591e-05
59 100 1.47075e-06
60 100 0.000115732
61 100 9.37641e-06
62 100 3.40879e-20
63 100 8.53165e-20
0 101 4.65307e-19
1 101 5.4478e-18
2 101 1.65137e-17
3 101 1.65133e-17
4 101 3.07389e-19
5 101 2.1908e-19
6 101 3.22584e-18
7 101 3.90156e-18
8 101 5.66834e-19
9 101 2.46846e-19
10 101 2.71454e-18
11 101 1.44348e-18
12 101 5.20992e-18
13 101 1.30175e-19
14 101 5.55794e-18
15 101 3.50109e-18
16 101 6.74056e-21
17 101 1.53747e-20
18 101 1.31868e-19
19 101 1.50522e-19
20 101 1.69779e-19
21 101 2.0067e-19
22 101 1.14749e-19
23 101 5.99121e-21
24 101 5.30955e-20
25 101 2.56326e-21
26 101 6.97635e-06
27 101 0.000171692
28 101 1.03127e-06
29 101 6.6524e-05
30 101 1.59003e-05
31 101 3.78358e-06
32 101 4.30304e-06
33 101 5.48148e-06
34 101 7.35855e-21
35 101 3.79989e-20
36 101 3.92906e-20
37 101 1.90942e-20
38 101 2.04637e-09
39 101 4.8821e-07
40 101 4.82033e-09
41 101 2.24429e-07
42 101 1.55316e-21
43 101 1.23763e-20
44 101 2.12194e-21
45 101 2.66698e-20
46 101 9.35951e-21
47 101 7.32945e-21
48 101 2.02221e-20
49 101 3.46857e-20
50 101 6.29961e-21
51 101 3.1177e-20
52 101 1.41894e-20
53 101 7.68218e-21
54 101 7.49809e-21
55 101 6.1616e-20
56 101 2.93357e-20
57 101 5.78284e-19
58 101 3.38843e-05
59 101 0.000131055
60 101 3.20823e-06
61 101 2.29906e-05
62 101 3.30475e-20
63 101 7.79366e-20
0 102 1.79403e-18
1 102 4.80024e-19
2 102 2.80801e-18
3 102 2.96024e-18
4 102 4.9208e-19
5 102 1.86132e-19
6 102 3.44791e-18
7 102 1.9357e-18
8 102 3.05821e-19
9 102 4.13683e-20
10 102 3.71563e-19
11 102 4.46701e-19
12 102 1.2748e-19
13 102 2.83617e-19
14 102 4.97711e-19
15 102 4.04524e-19
16 102 1.29814e-19
17 102 7.49948e-20
18 102 2.7587e-21
19 102 5.83833e-21
20 102 6.22215e-21
21 102 5.43506e-21
22 102 9.87703e-20
23 102 3.2697e-21
24 102 1.22787e-20
25 102 3.37595e-21
26 102 0.000100404
27 102 5.45389e-05
28 102 1.53506e-05
29 102 7.5931e-05
30 102 7.07289e-06
31 102 3.9371e-06
32 102 5.08258e-06
33 102 1.33758e-05
34 102 8.214e-22
35 102 1.33504e-20
36 102 1.00777e-20
37 102 1.1846e-19
38 102 8.73383e-09
39 102 2.90577e-08
40 102 5.59082e-07
41 102 1.22633e-07
42 102 3.66794e-21
43 102 4.51787e-21
44 102 1.05889e-20
45 102 2.203e-20
46 102 1.04108e-21
47 102 1.94053e-20
48 102 6.90224e-20
49 102 6.31982e-21
50 102 7.89238e-21
51 102 5.4346e-21
52 102 9.349e-21
53 102 2.78446e-21
54 102 1.90969e-20
55 102 2.0283e-20
56 102 6.53441e-20
57 102 1.87805e-20
58 102 2.84727e-05
59 102 6.98347e-06
60 102 3.86434e-05
61 102 0.000117039
62 102 9.78122e-20
63 102 7.36848e-21
0 103 3.06153e-18
1 103 2.89841e-18
2 103 1.23006e-17
3 103 1.94043e-18
4 103 3.02339e-20
5 103 4.61159e-19
6 103 8.46115e-18
7 103 1.41973e-18
8 103 1.35904e-18
9 103 2.48001e-21
10 103 6.65614e-18
11 103 2.79039e-19
12 103 2.49687e-18
13 103 1.15764e-20
14 103 5.32349e-19
15 103 2.16705e-18
16 103 5.76306e-20
17 103 2.51117e-19
18 103 3.39166e-20
19 103 8.21834e-22
20 103 9.63372e-20
21 103 1.65856e-19
22 103 1.29212e-20
23 103 4.69363e-21
24 103 1.58855e-20
25 103 2.11828e-22
26 103 6.13895e-05
27 103 1.74629e-05
28 103 7.87476e-05
29 103 8.86241e-05
30 103 4.58327e-06
31 103 2.71249e-06
32 103 1.86958e-05
33 103 3.47678e-06
34 103 1.10659e-20
35 103 8.11298e-21
36 103 7.94673e-20
37 103 1.47909e-20
38 103 3.87369e-07
39 103 8.02935e-08
40 103 5.36183e-08
41 103 1.98225e-07
42 103 8.94097e-21
43 103 6.92455e-21
44 103 5.67124e-20
45 103 1.36581e-20
46 103 2.78748e-21
47 103 5.63056e-21
48 103 6.15668e-20
49 103 4.19401e-20
50 103 8.26991e-21
51 103 1.16511e-22
52 103 9.8535e-21
53 103 1.55774e-20
54 103 2.11055e-20
55 103 4.44398e-20
56 103 2.70328e-19
57 103 7.60546e-20
58 103 6.42225e-05
59 103 5.16289e-05
60 103 3.35546e-05
61 103 4.17326e-05
62 103 3.13247e-21
63 103 6.25195e-20
0 104 8.31726e-19
1 104 1.42796e-20
2 104 8.54934e-19
3 104 3.38609e-19
4 104 5.2456e-19
5 104 1.39845e-19
6 104 8.73425e-19
7 104 8.81583e-19
8 104 1.99361e-19
9 104 3.59932e-19
10 104 1.12501e-07
11 104 1.69619e-07
12 104 3.79864e-19
13 104 1.72632e-19
14 104 6.32608e-19
15 104 4.73548e-19
16 104 2.43783e-21
17 104 1.97736e-19
18 104 3.14724e-05
19 104 1.78552e-05
20 104 2.97966e-20
21 104 1.8587e-20
22 104 3.91024e-20
23 104 1.24466e-20
24 104 3.75837e-20
25 104 1.40638e-20
26 104 4.68842e-21
27 104 9.98766e-21
28 104 2.09209e-20
29 104 1.87216e-20
30 104 1.00589e-20
31 104 5.03306e-22
32 104 6.86077e-21
33 104 1.61637e-20
34 104 1.11223e-20
35 104 2.29737e-21
36 104 5.9517e-21
37 104 7.90331e-22
38 104 6.18869e-21
39 104 6.16567e-21
40 104 3.75845e-22
41 104 3.96339e-21
42 104 4.48023e-21
43 104 6.68117e-21
44 104 1.93402e-20
45 104 1.14279e-20
46 104 3.76288e-21
47 104 9.16589e-21
48 104 2.42117e-21
49 104 1.41994e-20
50 104 3.06923e-20
51 104 1.69826e-20
52 104 7.01268e-21
53 104 3.22393e-20
54 104 7.17079e-06
55 104 3.76393e-06
56 104 3.11759e-21
57 104 3.09276e-20
58 104 1.18111e-19
59 104 2.109e-20
60 104 4.38984e-21
61 104 9.85629e-20
62 104 8.62926e-20
63 104 2.48494e-20
0 105 4.8274e-19
1 105 6.26342e-19
2 105 1.27051e-18
3 105 5.41524e-18
4 105 3.43927e-20
5 105 1.11755e-19
6 105 4.0234e-18
7 105 3.94348e-19
8 105 1.62502e-20
9 105 1.52534e-19
10 105 1.69618e-07
11 105 1.125e-07
12 105 8.09585e-19
13 105 1.71505e-20
14 105 9.36122e-19
15 105 1.43131e-18
16 105 1.5456e-20
17 105 6.95756e-21
18 105 1.78552e-05
19 105 3.14724e-05
20 105 1.77142e-22
21 105 5.05775e-21
22 105 5.97479e-20
23 105 1.96e-21
24 105 3.51542e-20
25 105 2.41145e-20
26 105 5.57962e-20
27 105 3.18806e-20
28 105 1.67522e-21
29 105 2.88804e-20
30 105 2.34504e-21
31 105 5.86367e-21
32 105 1.23104e-21
33 105 2.51846e-20
34 105 3.09426e-21
35 105 3.33867e-21
36 105 1.30863e-20
37 105 1.11506e-20
38 105 1.08956e-20
39 105 5.53789e-21
40 105 4.01878e-21
41 105 2.32293e-20
42 105 1.8787e-20
43 105 2.63911e-20
44 105 1.17358e-20
45 105 9.05938e-21
46 105 4.19594e-21
47 105 3.305e-21
48 105 1.23068e-20
49 105 9.11199e-21
50 105 2.91634e-20
51 105 3.82228e-21
52 105 9.52142e-21
53 105 1.0989e-20
54 105 3.76393e-06
55 105 7.17079e-06
56 105 1.04262e-20
57 105 1.95872e-20
58 105 1.35423e-21
59 105 6.93936e-20
60 105 6.09178e-20
61 105 2.05775e-20
62 105 9.34677e-20
63 105 7.59059e-20
0 106 1.85464e-18
1 106 7.07085e-19
2 106 9.80124e-08
3 106 2.82712e-07
4 106 6.52583e-07
5 106 3.74878e-07
6 106 5.20154e-07
7 106 3.50323e-07
8 106 4.42294e-06
9 106 1.24099e-06
10 106 5.75929e-19
11 106 3.05623e-19
12 106 2.46674e-20
13 106 3.7247e-19
14 106 6.84531e-11
15 106 1.81398e-10
16 106 1.76468e-10
17 106 1.15872e-10
18 106 8.44944e-21
19 106 4.77157e-20
20 106 1.16184e-20
21 106 3.77248e-21
22 106 7.64683e-06
23 106 3.00489e-06
24 106 3.87686e-06
25 106 3.63604e-05
26 106 6.46539e-20
27 106 2.36733e-20
28 106 2.50604e-20
29 106 6.64201e-20
30 106 1.61907e-21
31 106 1.07955e-21
32 106 8.97439e-21
33 106 3.97082e-21
34 106 3.26574e-21
35 106 2.20667e-22
36 106 6.87164e-21
37 106 7.07166e-21
38 106 5.07735e-21
39 106 9.80964e-21
40 106 6.80016e-21
41 106 5.96084e-21
42 106 3.05263e-21
43 106 2.63047e-21
44 106 5.18429e-08
45 106 1.3418e-07
46 106 6.83107e-08
47 106 1.28175e-07
48 106 2.62493e-20
49 106 2.0092e-20
50 106 8.46142e-06
51 106 6.17738e-07
52 106 9.43232e-07
53 106 6.43852e-06
54 106 5.06295e-21
55 106 1.65017e-20
56 106 3.06053e-21
57 106 1.1368e-20
58 106 5.18509e-20
59 106 2.54213e-20
60 106 8.48139e-21
61 106 2.69375e-21
62 106 9.81905e-20
63 106 8.54934e-21
0 107 5.40777e-18
1 107 2.21904e-18
2 107 1.25076e-06
3 107 1.95007e-08
4 107 6.34581e-08
5 107 7.44621e-08
6 107 4.46735e-07
7 107 5.66067e-06
8 107 3.74565e-07
9 107 5.24349e-08
10 107 9.01319e-19
11 107 6.87303e-20
12 107 1.6454e-19
13 107 6.0495e-19
14 107 2.97968e-10
15 107 1.04122e-11
16 107 7.97251e-12
17 107 2.2586e-10
18 107 1.10039e-20
19 107 1.05251e-21
20 107 2.88712e-20
21 107 1.01605e-20
22 107 1.17385e-05
23 107 1.42145e-05
24 107 2.46944e-05
25 107 2.41561e-07
26 107 5.93201e-20
27 107 1.02359e-19
28 107 3.21928e-20
29 107 2.1658e-20
30 107 1.91764e-20
31 107 2.74282e-20
32 107 3.60872e-21
33 107 4.80173e-21
34 107 6.76196e-21
35 107 1.66325e-21
36 107 2.47973e-21
37 107 1.8642e-21
38 107 2.58985e-21
39 107 2.63914e-21
40 107 4.61895e-21
41 107 1.53587e-20
42 107 3.64054e-21
43 107 4.6968e-21
44 107 1.29737e-08
45 107 1.36568e-07
46 107 2.12642e-07
47 107 2.03246e-08
48 107 2.27313e-20
49 107 4.01605e-20
50 107 4.8331e-06
51 107 7.98949e-06
52 107 5.3521e-07
53 107 3.10311e-06
54 107 1.49966e-20
55 107 9.07269e-21
56 107 2.51375e-21
57 107 1.05695e-20
58 107 1.35156e-21
59 107 3.63958e-21
60 107 3.3432e-22
61 107 1.36117e-21
62 107 5.75733e-20
63 107 4.26649e-20
0 108 1.91121e-18
1 108 2.04768e-19
2 108 4.42546e-08
3 108 1.04212e-06
4 108 2.71227e-07
5 108 5.05854e-08
6 108 4.95501e-06
7 108 4.39985e-07
8 108 1.22605e-07
9 108 1.01681e-06
10 108 8.48521e-19
11 108 3.641e-19
12 108 4.287e-19
13 108 9.25579e-20
14 108 2.35863e-11
15 108 1.83184e-10
16 108 2.91942e-10
17 108 4.34808e-11
18 108 3.97756e-20
19 108 3.00136e-20
20 108 1.94085e-20
21 108 1.3051e-20
22 108 2.64056e-05
23 108 6.06998e-06
24 108 1.23129e-05
25 108 6.10051e-06
26 108 1.94863e-20
27 108 6.18769e-21
28 108 1.54449e-20
29 108 6.17992e-21
30 108 1.00531e-20
31 108 3.01478e-20
32 108 2.54039e-20
33 108 1.59637e-20
34 108 3.38587e-20
35 108 6.05009e-21
36 108 3.24288e-20
37 108 1.32597e-20
38 108 1.39692e-22
39 108 2.02293e-20
40 108 1.40901e-20
41 108 5.29766e-22
42 108 3.21659e-21
43 108 3.87788e-21
44 108 2.53472e-07
45 108 8.27252e-08
46 108 2.93368e-08
47 108 1.69747e-08
48 108 7.02752e-22
49 108 6.69179e-22
50 108 1.00589e-06
51 108 2.00176e-06
52 108 9.50855e-06
53 108 3.9447e-06
54 108 6.01059e-20
55 108 3.44711e-21
56 108 1.55925e-20
57 108 9.95225e-21
58 108 3.95307e-21
59 108 6.35147e-20
60 108 5.09888e-20
61 108 7.39029e-21
62 108 7.241e-20
63 108 2.02275e-20
0 109 3.37969e-18
1 109 1.49213e-19
2 109 1.51537e-08
3 109 6.38511e-08
4 109 4.20918e-07
5 109 9.08261e-07
6 109 6.1251e-07
7 109 8.3426e-08
8 109 1.6143e-06
9 109 4.22418e-06
10 109 1.02519e-18
11 109 4.00402e-19
12 109 1.68838e-18
13 109 8.38786e-20
14 109 1.5227e-10
15 109 1.67203e-10
16 109 6.58199e-11
17 109 1.56984e-10
18 109 2.34548e-20
19 109 9.77821e-20
20 109 6.14843e-20
21 109 4.82567e-20
22 109 5.09804e-06
23 109 2.75997e-05
24 109 1.00048e-05
25 109 8.18652e-06
26 109 3.23469e-20
27 109 3.8555e-20
28 109 4.12235e-20
29 109 8.99729e-21
30 109 1.40164e-20
31 109 9.68266e-21
32 109 6.48719e-21
33 109 2.52396e-20
34 109 1.12522e-21
35 109 8.26888e-21
36 109 7.83907e-21
37 109 1.49581e-20
38 109 1.65757e-20
39 109 1.91749e-20
40 109 6.19025e-22
41 109 2.76985e-20
42 109 9.01381e-21
43 109 7.84807e-21
44 109 6.422e-08
45 109 2.90351e-08
46 109 7.22189e-08
47 109 2.17035e-07
48 109 4.72427e-20
49 109 1.04584e-19
50 109 2.1605e-06
51 109 5.85193e-06
52 109 5.47392e-06
53 109 2.97457e-06
54 109 3.96801e-20
55 109 3.50973e-20
56 109 5.0195e-20
57 109 1.98418e-20
58 109 2.74192e-21
59 109 3.52349e-21
60 109 1.12834e-20
61 109 9.95665e-20
62 109 3.00883e-20
63 109 7.10059e-20
0 110 9.40991e-18
1 110 4.6694e-19
2 110 2.92857e-07
3 110 4.71552e-07
4 110 6.26919e-07
5 110 6.90973e-07
6 110 2.14865e-05
7 110 2.34066e-05
8 110 1.26965e-05
9 110 2.51623e-05
10 110 1.48896e-18
11 110 1.2691e-18
12 110 7.22815e-19
13 110 3.63952e-21
14 110 8.3989e-09
15 110 1.03663e-08
16 110 2.73986e-08
17 110 2.96437e-08
18 110 1.31931e-20
19 110 8.54344e-21
20 110 5.20844e-20
21 110 1.16173e-19
22 110 6.82583e-07
23 110 2.34346e-07
24 110 2.09971e-07
25 110 1.99054e-07
26 110 2.51662e-20
27 110 9.01135e-20
28 110 3.90526e-21
29 110 3.74929e-20
30 110 8.18699e-21
31 110 1.47026e-20
32 110 1.18144e-19
33 110 1.81649e-20
34 110 6.53988e-21
35 110 2.84077e-20
36 110 2.53765e-20
37 110 3.85193e-21
38 110 2.29759e-20
39 110 1.19403e-21
40 110 1.84152e-20
41 110 1.55196e-21
42 110 1.31143e-20
43 110 7.9272e-21
44 110 2.45168e-07
45 110 1.1434e-08
46 110 2.12534e-07
47 110 1.60625e-07
48 110 1.54615e-19
49 110 6.94436e-19
50 110 1.43215e-05
51 110 1.77079e-05
52 110 1.31228e-05
53 110 1.67079e-06
54 110 1.67234e-20
55 110 1.16792e-20
56 110 1.86695e-21
57 110 1.53866e-20
58 110 6.83434e-20
59 110 7.02768e-21
60 110 1.69879e-20
61 110 8.23656e-20
62 110 7.92164e-19
63 110 1.73355e-18
0 111 3.44141e-18
1 111 7.0867e-19
2 111 1.24042e-06
3 111 4.06218e-07
4 111 9.41287e-08
5 111 3.41536e-07
6 111 2.20737e-05
7 111 4.85097e-05
8 111 5.8645e-06
9 111 6.30404e-06
10 111 1.0681e-18
11 111 8.97306e-19
12 111 2.02334e-18
13 111 9.50555e-21
14 111 3.75171e-08
15 111 2.5087e-08
16 111 6.32996e-09
17 111 6.87374e-09
18 111 1.1966e-20
19 111 5.41085e-20
20 111 1.4995e-20
21 111 3.97219e-20
22 111 9.53038e-08
23 111 3.40903e-07
24 111 7.6406e-07
25 111 1.25687e-07
26 111 1.34803e-20
27 111 2.6239e-20
28 111 6.8789e-21
29 111 2.73628e-20
30 111 1.38746e-20
31 111 1.65866e-20
32 111 3.66546e-20
33 111 1.50739e-20
34 111 4.12682e-20
35 111 7.42456e-21
36 111 3.586e-20
37 111 1.83589e-20
38 111 4.14887e-20
39 111 2.4799e-20
40 111 1.42251e-20
41 111 1.34784e-20
42 111 4.69156e-21
43 111 1.01732e-21
44 111 1.29839e-08
45 111 4.85276e-07
46 111 1.06114e-07
47 111 2.53881e-08
48 111 1.50468e-19
49 111 1.43089e-19
50 111 1.73093e-05
51 111 1.3549e-05
52 111 2.58257e-06
53 111 1.33822e-05
54 111 8.37387e-20
55 111 7.47459e-21
56 111 2.14001e-20
57 111 1.133e-19
58 111 3.9644e-20
59 111 1.10651e-20
60 111 6.16891e-20
61 111 9.31162e-20
62 111 1.70428e-19
63 111 8.00872e-20
0 112 3.36408e-18
1 112 3.54603e-18
2 112 3.21741e-07
3 112 4.43661e-07
4 112 1.02351e-06
5 112 2.93388e-07
6 112 3.60956e-05
7 112 9.04877e-06
8 112 1.13114e-05
9 112 2.62962e-05
10 112 9.5351e-19
11 112 4.00455e-19
12 112 1.48654e-18
13 112 5.81995e-19
14 112 1.60979e-08
15 112 3.85249e-08
16 112 1.84381e-08
17 112 2.74652e-09
18 112 1.38868e-19
19 112 8.10554e-20
20 112 8.62878e-20
21 112 7.99107e-20
22 112 4.88707e-07
23 112 4.74933e-07
24 112 1.73115e-07
25 112 1.89199e-07
26 112 4.63218e-20
27 112 5.65732e-20
28 112 3.10707e-20
29 112 1.75411e-19
30 112 7.94243e-20
31 112 3.49064e-20
32 112 3.16916e-20
33 112 1.38546e-20
34 112 2.8826e-20
35 112 2.71308e-20
36 112 7.36851e-20
37 112 1.27895e-19
38 112 3.17412e-20
39 112 1.64445e-20
40 112 1.55349e-20
41 112 1.71834e-20
42 112 4.08911e-20
43 112 1.67294e-20
44 112 3.34606e-07
45 112 2.42258e-08
46 112 1.39224e-07
47 112 1.31706e-07
48 112 7.28939e-19
49 112 7.18258e-19
50 112 1.45595e-05
51 112 6.35544e-06
52 112 2.03836e-05
53 112 5.52455e-06
54 112 5.21845e-20
55 112 1.12468e-19
56 112 1.99462e-19
57 112 8.48518e-20
58 112 2.78568e-20
59 112 2.02738e-20
60 112 1.6816e-19
61 112 1.24084e-19
62 112 3.29414e-19
63 112 6.23873e-18
0 113 5.47256e-18
1 113 1.2575e-18
2 113 2.27297e-07
3 113 7.60869e-07
4 113 3.37737e-07
5 113 7.56399e-07
6 113 3.0961e-06
7 113 1.78686e-06
8 113 5.28795e-05
9 113 2.49894e-05
10 113 1.52518e-18
11 113 1.98159e-18
12 113 1.64871e-18
13 113 7.94434e-19
14 113 1.37934e-08
15 113 1.82974e-09
16 113 2.36407e-08
17 113 3.65434e-08
18 113 5.63777e-21
19 113 2.27599e-19
20 113 6.53723e-21
21 113 7.30412e-20
22 113 5.93601e-08
23 113 2.75772e-07
24 113 1.78808e-07
25 113 8.12014e-07
26 113 1.37306e-19
27 113 2.23326e-19
28 113 9.55489e-20
29 113 2.98229e-20
30 113 3.28522e-20
31 113 1.60242e-20
32 113 5.77922e-20
33 113 2.02454e-20
34 113 2.96004e-20
35 113 1.55684e-21
36 113 2.63632e-20
37 113 6.53794e-20
38 113 7.35446e-20
39 113 1.88268e-20
40 113 7.75161e-20
41 113 2.61259e-19
42 113 1.3464e-20
43 113 2.8037e-21
44 113 3.70032e-08
45 113 1.08827e-07
46 113 1.71889e-07
47 113 3.12043e-07
48 113 5.31513e-19
49 113 1.15528e-19
50 113 6.32765e-07
51 113 9.21067e-06
52 113 1.07341e-05
53 113 2.62456e-05
54 113 3.13067e-19
55 113 1.76648e-19
56 113 5.1895e-20
57 113 6.2282e-20
58 113 2.39604e-20
59 113 5.98668e-21
60 113 3.20054e-19
61 113 2.17124e-19
62 113 1.24676e-18
63 113 1.50376e-18
0 114 1.90289e-05
1 114 2.55092e-05
2 114 1.46205e-18
3 114 4.11875e-18
4 114 1.8428e-19
5 114 9.60604e-19
6 114 3.99607e-18
7 114 1.1334e-18
8 114 4.08818e-19
9 114 3.16029e-21
10 114 3.18957e-19
11 114 1.24395e-19
12 114 1.19231e-08
13 114 3.11436e-07
14 114 5.81369e-19
15 114 4.18582e-19
16 114 2.84633e-20
17 114 5.82622e-20
18 114 5.64358e-21
19 114 5.4239e-20
20 114 6.09057e-20
21 114 2.11527e-20
22 114 4.36422e-21
23 114 8.39657e-21
24 114 4.28099e-20
25 114 2.05054e-20
26 114 4.24493e-20
27 114 7.71764e-20
28 114 2.84961e-20
29 114 2.79879e-20
30 114 1.69799e-20
31 114 7.65094e-21
32 114 6.80145e-20
33 114 3.00625e-20
34 114 1.00192e-24
35 114 5.22196e-21
36 114 6.22043e-20
37 114 1.83518e-20
38 114 3.89936e-20
39 114 4.23777e-21
40 114 1.09893e-20
41 114 1.67088e-20
42 114 1.14994e-20
43 114 3.64035e-21
44 114 1.45115e-19
45 114 4.89281e-19
46 114 4.611e-19
47 114 1.55958e-19
48 114 9.32394e-06
49 114 5.0979e-06
50 114 3.85177e-20
51 114 3.97527e-20
52 114 3.26166e-20
53 114 5.61894e-20
54 114 3.32418e-20
55 114 3.57139e-20
56 114 1.01747e-19
57 114 5.24367e-20
58 114 5.7805e-20
59 114 1.42448e-21
60 114 4.38111e-20
61 114 1.63331e-20
62 114 5.98797e-08
63 114 4.71315e-06
0 115 2.55092e-05
1 115 1.90289e-05
2 115 3.43275e-18
3 115 1.6191e-18
4 115 1.66515e-18
5 115 1.64957e-19
6 115 4.33382e-19
7 115 1.24121e-18
8 115 1.44675e-18
9 115 3.20234e-18
10 115 8.15559e-18
11 115 1.90858e-19
12 115 3.11435e-07
13 115 1.19228e-08
14 115 3.05676e-18
15 115 1.32624e-18
16 115 3.28989e-20
17 115 2.86123e-19
18 115 1.571e-19
19 115 1.36942e-21
20 115 3.33034e-20
21 115 1.36792e-19
22 115 1.91646e-19
23 115 1.38868e-20
24 115 4.54548e-20
25 115 1.52507e-19
26 115 2.17719e-19
27 115 3.04362e-20
28 115 3.93184e-20
29 115 1.05913e-19
30 115 2.2963e-19
31 115 6.83581e-20
32 115 1.18779e-20
33 115 1.07529e-20
34 115 2.1023e-20
35 115 9.09885e-21
36 115 1.00453e-19
37 115 1.21037e-19
38 115 7.0713e-20
39 115 8.3249e-20
40 115 1.87415e-20
41 115 2.72912e-19
42 115 5.69011e-22
43 115 1.69418e-20
44 115 4.06129e-19
45 115 2.49646e-19
46 115 5.33697e-19
47 115 1.04854e-19
48 115 5.09791e-06
49 115 9.32394e-06
50 115 4.47069e-20
51 115 4.74884e-19
52 115 6.0964e-20
53 115 2.19431e-19
54 115 7.07611e-20
55 115 8.20419e-19
56 115 6.2396e-20
57 115 6.19529e-20
58 115 3.89587e-20
59 115 1.03833e-20
60 115 5.75626e-20
61 115 2.07324e-19
62 115 4.71316e-06
63 115 5.98797e-08
0 116 3.66626e-18
1 116 3.6288e-20
2 116 8.18945e-06
3 116 5.17988e-06
4 116 9.83906e-06
5 116 7.60819e-06
6 116 1.35457e-06
7 116 1.61398e-06
8 116 1.36915e-06
9 116 3.46767e-07
10 116 1.1532e-18
11 116 7.77513e-19
12 116 2.13595e-18
13 116 2.32696e-19
14 116 7.39272e-07
15 116 7.11709e-07
16 116 1.67348e-06
17 116 1.11097e-07
18 116 4.45287e-20
19 116 6.44491e-20
20 116 1.77429e-20
21 116 1.18247e-19
22 116 4.31952e-07
23 116 4.62384e-08
24 116 3.57344e-07
25 116 3.70609e-07
26 116 8.02283e-20
27 116 5.85328e-20
28 116 4.3381e-22
29 116 1.41196e-20
30 116 4.0026e-21
31 116 7.69583e-21
32 116 1.23078e-20
33 116 1.91811e-20
34 116 2.87047e-20
35 116 9.10091e-21
36 116 1.72873e-20
37 116 6.46635e-20
38 116 2.48202e-20
39 116 1.32978e-21
40 116 1.90408e-21
41 116 1.90977e-20
42 116 3.61331e-20
43 116 1.10477e-21
44 116 2.14587e-06
45 116 6.78945e-07
46 116 4.55294e-07
47 116 1.09705e-07
48 116 1.04369e-19
49 116 5.22003e-19
50 116 3.96114e-07
51 116 5.0484e-09
52 116 9.41604e-07
53 116 2.53784e-07
54 116 3.07641e-20
55 116 2.91133e-20
56 116 2.92088e-22
57 116 1.15057e-19
58 116 2.70491e-21
59 116 6.5527e-20
60 116 3.13156e-22
61 116 1.15148e-20
62 116 1.87929e-19
63 116 1.7574e-21
0 117 9.4653e-18
1 117 2.47171e-18
2 117 9.34069e-06
3 117 7.75948e-06
4 117 4.68711e-06
5 117 9.02925e-06
6 117 3.57466e-07
7 117 1.62688e-06
8 117 1.70646e-06
9 117 9.93665e-07
10 117 5.69658e-18
11 117 9.87776e-19
12 117 2.35675e-18
13 117 5.52607e-19
14 117 1.05137e-06
15 117 2.17916e-07
16 117 7.92954e-07
17 117 1.17331e-06
18 117 6.64177e-20
19 117 9.30447e-22
20 117 2.96947e-21
21 117 1.08119e-20
22 117 1.03491e-07
23 117 1.11186e-07
24 117 4.02782e-07
25 117 5.88684e-07
26 117 3.31516e-19
27 117 5.47154e-20
28 117 4.8373e-22
29 117 5.40842e-20
30 117 7.68879e-20
31 117 1.33133e-20
32 117 1.07158e-21
33 117 1.1197e-20
34 117 4.93486e-21
35 117 1.82883e-20
36 117 2.71184e-20
37 117 3.04336e-20
38 117 2.85753e-20
39 117 6.23357e-22
40 117 2.37545e-20
41 117 5.22604e-20
42 117 1.89536e-20
43 117 4.82064e-20
44 117 2.11565e-07
45 117 1.40494e-06
46 117 5.05334e-08
47 117 1.72277e-06
48 117 8.94627e-20
49 117 6.89372e-20
50 117 1.05158e-07
51 117 1.37083e-07
52 117 2.10343e-07
53 117 1.14397e-06
54 117 1.67838e-20
55 117 3.90164e-20
56 117 2.69062e-20
57 117 9.51261e-20
58 117 9.86994e-22
59 117 6.59972e-20
60 117 2.57263e-20
61 117 2.04662e-20
62 117 6.33881e-20
63 117 1.56968e-19
0 118 4.3054e-18
1 118 4.70106e-19
2 118 1.23013e-05
3 118 1.38819e-05
4 118 2.67661e-06
5 118 1.95678e-06
6 118 2.19452e-06
7 118 1.19182e-06
8 118 7.76166e-07
9 118 5.2196e-07
10 118 3.79527e-19
11 118 8.33489e-19
12 118 1.30487e-19
13 118 3.01736e-19
14 118 6.98445e-07
15 118 5.93659e-07
16 118 5.65007e-07
17 118 1.37844e-06
18 118 1.3624e-20
19 118 5.34198e-20
20 118 1.53968e-19
21 118 1.52755e-19
22 118 2.4196e-07
23 118 5.63141e-07
24 118 1.87388e-07
25 118 2.13655e-07
26 118 1.49939e-19
27 118 2.30537e-19
28 118 3.07697e-20
29 118 8.993e-21
30 118 7.03749e-20
31 118 7.64087e-20
32 118 5.24629e-20
33 118 8.55986e-20
34 118 7.14822e-20
35 118 1.33673e-20
36 118 1.10829e-20
37 118 3.31972e-20
38 118 7.65218e-20
39 118 2.88456e-20
40 118 1.46313e-20
41 118 4.90434e-20
42 118 1.00922e-21
43 118 1.28426e-20
44 118 8.38981e-07
45 118 4.44004e-07
46 118 1.78453e-06
47 118 3.22299e-07
48 118 6.22722e-20
49 118 5.98316e-20
50 118 2.85671e-07
51 118 1.00049e-06
52 118 1.36795e-07
53 118 1.73597e-07
54 118 3.90178e-20
55 118 2.87957e-19
56 118 3.13587e-20
57 118 1.62922e-20
58 118 8.39491e-20
59 118 3.05705e-20
60 118 7.71917e-21
61 118 3.25289e-20
62 118 1.36555e-19
63 118 3.07328e-19
0 119 9.03609e-18
1 119 6.70631e-19
2 119 9.85151e-07
3 119 3.99527e-06
4 119 1.36138e-05
5 119 1.22223e-05
6 119 7.77913e-07
7 119 2.51789e-07
8 119 8.32695e-07
9 119 2.82208e-06
10 119 1.45594e-18
11 119 5.48167e-20
12 119 7.58648e-19
13 119 6.89448e-19
14 119 7.46473e-07
15 119 1.71227e-06
16 119 2.04114e-07
17 119 5.72698e-07
18 119 3.52691e-20
19 119 2.54528e-19
20 119 1.32601e-19
21 119 2.59935e-20
22 119 4.28741e-07
23 119 4.85577e-07
24 119 2.58629e-07
25 119 3.31951e-08
26 119 2.54972e-20
27 119 1.24697e-19
28 119 5.3775e-20
29 119 6.50083e-20
30 119 5.38047e-20
31 119 1.57272e-19
32 119 2.4479e-20
33 119 6.73404e-20
34 119 3.12202e-20
35 119 1.2792e-20
36 119 1.01656e-19
37 119 2.4563e-19
38 119 2.57263e-20
39 119 3.93629e-20
40 119 2.62214e-20
41 119 8.10574e-20
42 119 9.79495e-21
43 119 4.98547e-20
44 119 1.93397e-07
45 119 8.61918e-07
46 119 1.09946e-06
47 119 1.23504e-06
48 119 7.09868e-20
49 119 1.95949e-19
50 119 8.09608e-07
51 119 4.53931e-07
52 119 3.07809e-07
53 119 2.52027e-08
54 119 4.21698e-19
55 119 1.39497e-19
56 119 1.91553e-19
57 119 1.03228e-19
58 119 5.52572e-20
59 119 1.35938e-20
60 119 2.4541e-19
61 119 5.62638e-20
62 119 1.95729e-19
63 119 2.83654e-19
0 120 3.38889e-18
1 120 1.54234e-19
2 120 1.01867e-17
3 120 3.63442e-18
4 120 1.54364e-18
5 120 1.24773e-18
6 120 2.02818e-18
7 120 1.22308e-18
8 120 8.92244e-19
9 120 1.6487e-18
10 120 1.9412e-05
11 120 6.68771e-05
12 120 6.02324e-19
13 120 4.6675e-19
14 120 1.54739e-18
15 120 5.06221e-19
16 120 1.21352e-19
17 120 1.66944e-19
18 120 5.88773e-06
19 120 4.43269e-06
20 120 2.87639e-21
21 120 4.7072e-20
22 120 1.92781e-20
23 120 3.93834e-20
24 120 1.29216e-19
25 120 1.80669e-20
26 120 5.46975e-20
27 120 3.68202e-20
28 120 1.52048e-22
29 120 1.76207e-20
30 120 5.45083e-20
31 120 5.79648e-21
32 120 4.01128e-20
33 120 4.52996e-21
34 120 1.03618e-20
35 120 2.34279e-20
36 120 1.63489e-20
37 120 3.0901e-20
38 120 1.43458e-20
39 120 5.39927e-21
40 120 4.34459e-21
41 120 1.84936e-20
42 120 5.06333e-21
43 120 5.28617e-21
44 120 4.6648e-20
45 120 4.35034e-20
46 120 9.97602e-20
47 120 1.97803e-19
48 120 1.15461e-19
49 120 2.57301e-19
50 120 5.58651e-20
51 120 4.97584e-20
52 120 4.25089e-20
53 120 1.37607e-19
54 120 4.1759e-05
55 120 1.126e-05
56 120 5.72634e-20
57 120 6.1989e-20
58 120 2.46233e-20
59 120 1.14147e-19
60 120 1.37552e-20
61 120 7.81606e-21
62 120 4.15514e-19
63 120 3.68607e-19
0 121 4.64974e-18
1 121 6.23212e-18
2 121 4.09224e-18
3 121 6.14327e-18
4 121 3.41868e-18
5 121 1.5043e-19
6 121 9.21496e-18
7 121 2.9193e-18
8 121 2.01333e-18
9 121 5.03556e-19
10 121 6.68772e-05
11 121 1.9412e-05
12 121 3.6584e-18
13 121 1.04751e-18
14 121 3.01684e-18
15 121 2.18973e-18
16 121 7.76038e-20
17 121 5.65682e-19
18 121 4.43269e-06
19 121 5.88773e-06
20 121 3.01338e-19
21 121 2.82392e-19
22 121 1.97156e-19
23 121 1.50054e-20
24 121 2.29455e-19
25 121 4.61679e-20
26 121 1.33499e-19
27 121 7.5695e-20
28 121 3.64637e-20
29 121 8.5017e-20
30 121 6.44869e-20
31 121 5.33444e-20
32 121 8.81427e-20
33 121 3.28609e-21
34 121 2.60716e-20
35 121 1.07182e-20
36 121 7.21316e-21
37 121 6.25076e-20
38 121 2.17345e-20
39 121 2.9554e-20
40 121 1.53129e-22
41 121 9.49001e-20
42 121 8.10425e-20
43 121 7.37446e-20
44 121 1.77411e-20
45 121 2.31764e-19
46 121 8.93723e-20
47 121 4.97232e-20
48 121 3.26547e-19
49 121 2.10106e-20
50 121 1.12756e-20
51 121 2.09722e-19
52 121 4.72235e-20
53 121 4.51805e-21
54 121 1.126e-05
55 121 4.1759e-05
56 121 2.03042e-20
57 121 4.98329e-20
58 121 3.01622e-20
59 121 3.95264e-20
60 121 7.11359e-20
61 121 2.5465e-21
62 121 3.63011e-20
63 121 5.85929e-19
0 122 6.27948e-06
1 122 1.76883e-05
2 122 1.36262e-17
3 122 1.29507e-17
4 122 2.04392e-18
5 122 9.79173e-19
6 122 1.20541e-18
7 122 1.42384e-17
8 122 1.93494e-18
9 122 2.30063e-20
10 122 5.41289e-20
11 122 2.74099e-18
12 122 6.85443e-05
13 122 1.83252e-05
14 122 9.8148e-18
15 122 3.08655e-18
16 122 8.75024e-19
17 122 4.46976e-19
18 122 3.09743e-20
19 122 2.49003e-19
20 122 1.6641e-20
21 122 4.58343e-20
22 122 6.15433e-19
23 122 3.05254e-20
24 122 5.43639e-20
25 122 4.29617e-20
26 122 4.4198e-20
27 122 3.24176e-19
28 122 3.25837e-20
29 122 1.09775e-19
30 122 7.99823e-21
31 122 1.9667e-19
32 122 2.29028e-20
33 122 7.52257e-20
34 122 2.85016e-20
35 122 3.36001e-20
36 122 8.51847e-21
37 122 3.39429e-20
38 122 5.26386e-20
39 122 1.30068e-20
40 122 2.26004e-20
41 122 3.45993e-21
42 122 3.54333e-21
43 122 2.38843e-20
44 122 2.14725e-19
45 122 7.62435e-20
46 122 1.3528e-19
47 122 2.87253e-20
48 122 5.11485e-05
49 122 3.05324e-05
50 122 1.95654e-20
51 122 1.09701e-19
52 122 4.4168e-20
53 122 5.61305e-20
54 122 3.52528e-21
55 122 7.6108e-20
56 122 1.12148e-19
57 122 5.91611e-21
58 122 3.86101e-20
59 122 6.78058e-20
60 122 3.76209e-20
61 122 2.54085e-20
62 122 1.68085e-05
63 122 2.80561e-06
0 123 1.76883e-05
1 123 6.27948e-06
2 123 2.32795e-17
3 123 1.02767e-17
4 123 3.53419e-18
5 123 5.35707e-20
6 123 1.9138e-17
7 123 9.00461e-18
8 123 2.72966e-19
9 123 5.18025e-19
10 123 1.65293e-18
11 123 1.20522e-18
12 123 1.83252e-05
13 123 6.85442e-05
14 123 5.93906e-18
15 123 7.41048e-19
16 123 2.47262e-19
17 123 7.63652e-19
18 123 1.32353e-19
19 123 1.59952e-19
20 123 6.52961e-20
21 123 3.3141e-20
22 123 1.25902e-19
23 123 9.55254e-20
24 123 4.94611e-19
25 123 1.96539e-20
26 123 1.24052e-19
27 123 8.85241e-20
28 123 1.66662e-19
29 123 1.55015e-19
30 123 1.78462e-19
31 123 8.76317e-20
32 123 1.68384e-19
33 123 1.93744e-19
34 123 2.01526e-19
35 123 2.70104e-20
36 123 2.41211e-19
37 123 1.5684e-19
38 123 2.48579e-19
39 123 5.24226e-20
40 123 1.16855e-20
41 123 2.40881e-19
42 123 4.04975e-21
43 123 8.30414e-20
44 123 3.84598e-19
45 123 5.57663e-19
46 123 3.06686e-19
47 123 1.11348e-18
48 123 3.05323e-05
49 123 5.11484e-05
50 123 4.66012e-20
51 123 2.83588e-19
52 123 8.26376e-20
53 123 1.09926e-19
54 123 7.32318e-20
55 123 9.30408e-20
56 123 1.58361e-19
57 123 5.7055e-20
58 123 3.49704e-20
59 123 2.01134e-20
60 123 1.26334e-21
61 123 3.14306e-19
62 123 2.8056e-06
63 123 1.68085e-05
0 124 5.84065e-18
1 124 1.34652e-18
2 124 8.42431e-07
3 124 1.84387e-06
4 124 3.37118e-06
5 124 3.92897e-06
6 124 1.61706e-12
7 124 2.92398e-11
8 124 2.98083e-10
9 124 3.60762e-10
10 124 1.90029e-18
11 124 2.76679e-18
12 124 5.85984e-19
13 124 4.56848e-19
14 124 1.22652e-05
15 124 2.86989e-06
16 124 5.91933e-06
17 124 2.43214e-05
18 124 3.39566e-20
19 124 2.5598e-21
20 124 5.19518e-21
21 124 8.83937e-21
22 124 7.34381e-09
23 124 1.96493e-07
24 124 9.59757e-08
25 124 9.98416e-08
26 124 3.99893e-20
27 124 7.0562e-20
28 124 9.62534e-21
29 124 7.63256e-20
30 124 2.42874e-21
31 124 5.96751e-21
32 124 2.24424e-20
33 124 1.67409e-20
34 124 4.29919e-21
35 124 2.25406e-20
36 124 1.70083e-20
37 124 3.89619e-20
38 124 2.84526e-21
39 124 1.66658e-21
40 124 9.71665e-21
41 124 2.11003e-20
42 124 4.50577e-21
43 124 1.08024e-20
44 124 2.81781e-06
45 124 1.7381e-06
46 124 1.76584e-06
47 124 6.60489e-06
48 124 1.66336e-19
49 124 3.73565e-19
50 124 1.58737e-08
51 124 1.7497e-07
52 124 4.94739e-08
53 124 1.92323e-07
54 124 1.19573e-20
55 124 5.6904e-20
56 124 1.1055e-19
57 124 1.23383e-20
58 124 1.43155e-20
59 124 7.1581e-20
60 124 2.98648e-20
61 124 3.24655e-20
62 124 2.51343e-19
63 124 5.91051e-19
0 125 2.44868e-19
1 125 8.84134e-19
2 125 4.91311e-06
3 125 6.16477e-07
4 125 9.15063e-07
5 125 3.54181e-06
6 125 5.41091e-11
7 125 5.58343e-10
8 125 1.04836e-11
9 125 6.66051e-11
10 125 7.52062e-19
11 125 2.60935e-18
12 125 1.78736e-19
13 125 2.99816e-19
14 125 1.6616e-05
15 125 6.63983e-06
16 125 6.58803e-06
17 125 1.5532e-05
18 125 2.2873e-19
19 125 2.33041e-20
20 125 2.56621e-20
21 125 7.86788e-20
22 125 2.19741e-07
23 125 7.40807e-08
24 125 7.96959e-08
25 125 2.6138e-08
26 125 3.4683e-20
27 125 2.99833e-19
28 125 2.3497e-20
29 125 5.31232e-20
30 125 8.56021e-21
31 125 7.88683e-20
32 125 2.81159e-21
33 125 8.08205e-21
34 125 1.87102e-20
35 125 5.52985e-20
36 125 1.37686e-20
37 125 4.08036e-20
38 125 1.01468e-20
39 125 1.90355e-20
40 125 3.55711e-21
41 125 1.18115e-20
42 125 1.87629e-20
43 125 2.66009e-20
44 125 1.57062e-06
45 125 1.95198e-06
46 125 7.69858e-06
47 125 1.70547e-06
48 125 7.37873e-20
49 125 3.5702e-19
50 125 4.49334e-08
51 125 1.94784e-07
52 125 1.09619e-07
53 125 8.33033e-08
54 125 1.84724e-19
55 125 1.63431e-19
56 125 1.90667e-20
57 125 1.99644e-20
58 125 6.22584e-20
59 125 6.54539e-20
60 125 1.90605e-20
61 125 7.51258e-21
62 125 1.38782e-18
63 125 1.3553e-19
0 126 1.44512e-18
1 126 5.73917e-18
2 126 3.38976e-06
3 126 2.66712e-06
4 126 3.04064e-06
5 126 8.88929e-07
6 126 2.77021e-10
7 126 7.87636e-11
8 126 2.03336e-10
9 126 1.3061e-10
10 126 3.97419e-19
11 126 1.62456e-18
12 126 6.31831e-19
13 126 1.89582e-18
14 126 6.83826e-06
15 126 5.76543e-06
16 126 2.76242e-05
17 126 5.14795e-06
18 126 1.20072e-20
19 126 7.79311e-20
20 126 3.83421e-19
21 126 2.85346e-20
22 126 5.81738e-08
23 126 4.49019e-08
24 126 1.61094e-07
25 126 1.35485e-07
26 126 8.74317e-20
27 126 3.74264e-19
28 126 3.13747e-20
29 126 1.31444e-19
30 126 2.12591e-19
31 126 2.65528e-19
32 126 1.37483e-20
33 126 4.535e-20
34 126 1.30447e-20
35 126 6.03359e-20
36 126 7.23763e-21
37 126 8.25996e-25
38 126 2.42102e-20
39 126 1.15607e-19
40 126 9.06856e-20
41 126 1.03318e-19
42 126 6.84419e-21
43 126 4.60328e-20
44 126 7.9164e-06
45 126 2.15556e-06
46 126 9.61586e-07
47 126 1.89309e-06
48 126 1.32838e-19
49 126 1.05192e-18
50 126 1.67094e-07
51 126 1.78558e-08
52 126 2.19021e-07
53 126 2.8669e-08
54 126 1.47758e-19
55 126 3.57629e-19
56 126 5.39273e-20
57 126 1.29314e-19
58 126 4.56765e-20
59 126 7.00032e-20
60 126 7.92456e-20
61 126 6.18928e-20
62 126 4.74042e-19
63 126 2.97539e-19
0 127 8.63136e-18
1 127 1.4769e-18
2 127 8.41148e-07
3 127 4.85899e-06
4 127 2.65957e-06
5 127 1.62675e-06
6 127 3.56913e-10
7 127 2.32194e-11
8 127 1.77803e-10
9 127 1.31681e-10
10 127 2.15678e-19
11 127 3.00184e-18
12 127 5.7202e-20
13 127 1.03277e-18
14 127 9.65633e-06
15 127 3.01007e-05
16 127 5.24429e-06
17 127 3.74524e-07
18 127 9.77592e-20
19 127 1.42579e-19
20 127 1.22751e-19
21 127 4.00071e-19
22 127 1.14397e-07
23 127 8.41783e-08
24 127 6.28883e-08
25 127 1.3819e-07
26 127 3.87514e-20
27 127 3.17202e-21
28 127 2.0239e-19
29 127 3.47344e-20
30 127 7.07119e-20
31 127 6.82364e-19
32 127 3.15643e-20
33 127 2.48289e-19
34 127 9.52685e-20
35 127 1.28317e-20
36 127 2.60377e-19
37 127 4.73475e-19
38 127 3.35922e-20
39 127 7.89142e-20
40 127 4.44017e-20
41 127 2.82158e-19
42 127 1.10027e-19
43 127 2.18052e-20
44 127 6.21809e-07
45 127 7.081e-06
46 127 2.50064e-06
47 127 2.7232e-06
48 127 9.848e-19
49 127 1.23114e-18
50 127 2.04739e-07
51 127 4.50307e-08
52 127 5.45251e-08
53 127 1.28345e-07
54 127 5.28782e-19
55 127 1.7112e-18
56 127 4.75355e-19
57 127 1.23854e-19
58 127 1.41469e-19
59 127 1.96916e-19
60 127 2.01815e-19
61 127 1.07832e-19
62 127 2.7388e-18
63 127 2.69104e-18
