0 64 4.51654e-06
1 64 1.42189e-05
2 64 6.27036e-08
3 64 5.20139e-08
4 64 2.11662e-07
5 64 8.60691e-07
6 64 1.32201e-06
7 64 2.16833e-07
8 64 3.19676e-06
9 64 2.20612e-06
10 64 7.42755e-20
11 64 5.38962e-20
12 64 3.04287e-05
13 64 8.6797e-06
14 64 9.94065e-08
15 64 4.33142e-07
16 64 1.03628e-07
17 64 3.93711e-07
18 64 5.1504e-20
19 64 1.50687e-20
20 64 5.56627e-20
21 64 1.11855e-21
22 64 2.8522e-07
23 64 7.56285e-07
24 64 4.28106e-08
25 64 6.10485e-07
26 64 1.97607e-19
27 64 5.69749e-21
28 64 4.03864e-21
29 64 1.04874e-19
30 64 7.15936e-22
31 64 4.02539e-20
32 64 4.32107e-20
33 64 8.8327e-20
34 64 2.23964e-20
35 64 1.00141e-20
36 64 1.169e-20
37 64 5.06391e-20
38 64 3.07325e-20
39 64 3.42482e-20
40 64 1.34058e-20
41 64 3.63133e-21
42 64 2.3247e-20
43 64 1.07116e-20
44 64 8.1111e-05
45 64 3.67725e-06
46 64 1.93466e-05
47 64 0.00012048
48 64 0.00244216
49 64 0.000557454
50 64 6.01745e-06
51 64 3.60913e-05
52 64 3.79445e-05
53 64 4.96597e-05
54 64 1.00677e-19
55 64 2.28148e-20
56 64 4.38706e-19
57 64 3.3437e-20
58 64 1.10106e-19
59 64 1.54938e-19
60 64 4.75511e-19
61 64 4.13981e-19
62 64 0.11913
63 64 0.11169
0 65 2.55929e-05
1 65 2.78031e-05
2 65 8.45192e-08
3 65 9.31193e-08
4 65 4.59865e-07
5 65 8.9657e-08
6 65 5.52208e-07
7 65 1.06118e-07
8 65 6.08622e-07
9 65 2.98531e-06
10 65 7.23729e-19
11 65 2.52132e-19
12 65 4.41359e-05
13 65 6.73227e-05
14 65 1.68968e-07
15 65 9.31679e-08
16 65 2.69594e-07
17 65 9.91449e-08
18 65 1.86042e-20
19 65 4.24223e-20
20 65 1.88752e-19
21 65 5.8244e-19
22 65 2.21044e-08
23 65 4.52715e-07
24 65 4.16527e-07
25 65 1.46831e-07
26 65 5.50814e-20
27 65 2.85326e-20
28 65 2.09577e-19
29 65 5.20612e-19
30 65 1.83515e-19
31 65 2.17205e-19
32 65 1.86349e-20
33 65 2.70774e-20
34 65 2.50091e-20
35 65 3.71167e-20
36 65 6.42274e-19
37 65 7.02436e-20
38 65 7.90703e-20
39 65 9.50244e-20
40 65 2.39797e-20
41 65 7.87972e-21
42 65 3.39028e-20
43 65 7.37333e-20
44 65 7.51204e-05
45 65 1.29636e-06
46 65 6.83296e-06
47 65 5.4342e-05
48 65 0.00563322
49 65 0.00291567
50 65 3.48283e-05
51 65 2.64128e-05
52 65 5.98029e-06
53 65 1.22364e-05
54 65 3.05792e-19
55 65 2.57922e-19
56 65 2.85709e-20
57 65 4.3669e-18
58 65 1.62256e-19
59 65 6.7749e-19
60 65 1.06096e-19
61 65 8.51325e-19
62 65 0.0991634
63 65 0.558671
0 66 1.18332e-19
1 66 2.41797e-20
2 66 1.60395e-18
3 66 6.9985e-19
4 66 2.77913e-19
5 66 3.75941e-20
6 66 7.19421e-19
7 66 2.65534e-19
8 66 5.59356e-20
9 66 5.46796e-20
10 66 4.25893e-20
11 66 4.21064e-19
12 66 8.90014e-20
13 66 2.79122e-21
14 66 6.65829e-20
15 66 1.4269e-19
16 66 2.51049e-20
17 66 1.03805e-19
18 66 1.51134e-20
19 66 1.15963e-21
20 66 1.94725e-05
21 66 2.78342e-05
22 66 1.50999e-21
23 66 1.2608e-20
24 66 1.3536e-20
25 66 4.19961e-20
26 66 6.97774e-05
27 66 0.000132824
28 66 7.87511e-05
29 66 1.64075e-05
30 66 4.51094e-05
31 66 2.79981e-05
32 66 2.66567e-05
33 66 0.000110384
34 66 3.36618e-21
35 66 5.97969e-20
36 66 2.82469e-06
37 66 1.14088e-06
38 66 1.23811e-05
39 66 5.63224e-05
40 66 3.99226e-05
41 66 9.94146e-06
42 66 1.40125e-20
43 66 4.26335e-20
44 66 8.97395e-20
45 66 1.53229e-20
46 66 5.00981e-21
47 66 1.80666e-20
48 66 9.41927e-20
49 66 1.83267e-20
50 66 4.66557e-20
51 66 5.61823e-20
52 66 8.71355e-20
53 66 1.47671e-20
54 66 3.47809e-20
55 66 9.85839e-20
56 66 9.03899e-05
57 66 7.35075e-05
58 66 0.00292373
59 66 0.00568143
60 66 0.00159037
61 66 0.000663365
62 66 8.2333e-21
63 66 2.93339e-19
0 67 1.29394e-19
1 67 1.85902e-19
2 67 5.25353e-19
3 67 5.91081e-19
4 67 2.35558e-19
5 67 9.25799e-20
6 67 3.20895e-19
7 67 6.32692e-21
8 67 1.50028e-19
9 67 1.59009e-20
10 67 2.50402e-19
11 67 1.62433e-19
12 67 2.76317e-20
13 67 3.5725e-20
14 67 4.50063e-20
15 67 7.80152e-20
16 67 9.42556e-20
17 67 6.40167e-21
18 67 9.8695e-21
19 67 3.47784e-20
20 67 1.38876e-05
21 67 2.28935e-05
22 67 1.83225e-20
23 67 7.90371e-21
24 67 8.86716e-21
25 67 4.07527e-20
26 67 0.000205167
27 67 4.2594e-05
28 67 5.72275e-05
29 67 3.25319e-05
30 67 1.77202e-05
31 67 8.66041e-05
32 67 3.58034e-05
33 67 9.80817e-05
34 67 8.30604e-21
35 67 4.86445e-20
36 67 2.97922e-06
37 67 1.0402e-07
38 67 1.64611e-05
39 67 3.65556e-05
40 67 1.82991e-05
41 67 6.30844e-05
42 67 5.34015e-20
43 67 5.24428e-21
44 67 9.24696e-20
45 67 1.45794e-19
46 67 5.68495e-20
47 67 5.4254e-21
48 67 2.1454e-20
49 67 1.872e-19
50 67 2.41072e-20
51 67 3.26406e-20
52 67 4.11974e-20
53 67 9.0192e-21
54 67 8.9218e-20
55 67 2.2979e-20
56 67 3.05695e-05
57 67 9.68611e-05
58 67 0.00196938
59 67 0.000159053
60 67 0.00632798
61 67 0.0038525
62 67 5.41405e-20
63 67 5.8346e-19
0 68 7.73049e-20
1 68 1.05328e-19
2 68 7.62556e-19
3 68 7.97961e-19
4 68 3.12984e-20
5 68 2.59714e-19
6 68 2.60267e-19
7 68 2.66167e-20
8 68 1.48886e-19
9 68 5.34569e-21
10 68 3.48647e-19
11 68 2.46319e-19
12 68 3.82184e-20
13 68 5.91347e-20
14 68 2.17204e-19
15 68 2.08509e-21
16 68 5.97669e-20
17 68 1.10667e-20
18 68 7.30267e-22
19 68 2.21764e-22
20 68 2.46041e-05
21 68 1.60331e-05
22 68 8.42905e-21
23 68 7.93904e-21
24 68 1.36158e-20
25 68 1.64426e-20
26 68 1.093e-05
27 68 3.32659e-05
28 68 7.58403e-05
29 68 2.93278e-05
30 68 2.84406e-05
31 68 5.47072e-05
32 68 2.3158e-05
33 68 5.14303e-05
34 68 2.16365e-05
35 68 1.59001e-05
36 68 2.87868e-06
37 68 2.393e-05
38 68 7.08556e-06
39 68 8.27981e-06
40 68 2.02235e-06
41 68 1.57913e-06
42 68 1.69631e-06
43 68 1.2163e-05
44 68 3.3434e-20
45 68 3.73285e-21
46 68 2.82653e-20
47 68 2.76073e-20
48 68 1.47946e-19
49 68 8.56841e-21
50 68 1.34147e-20
51 68 2.33156e-21
52 68 6.20667e-21
53 68 9.34893e-21
54 68 2.57508e-20
55 68 3.91622e-20
56 68 0.000805773
57 68 0.000473676
58 68 0.0012189
59 68 0.00159044
60 68 0.000327616
61 68 0.000962254
62 68 9.56871e-20
63 68 1.60556e-18
0 69 7.41349e-19
1 69 4.11749e-20
2 69 4.62366e-19
3 69 3.19184e-19
4 69 2.95969e-19
5 69 8.71809e-20
6 69 7.02238e-19
7 69 3.8274e-19
8 69 6.32074e-19
9 69 3.06233e-20
10 69 1.61929e-19
11 69 4.8522e-19
12 69 7.05323e-20
13 69 6.98163e-20
14 69 1.79339e-19
15 69 2.57481e-19
16 69 3.37538e-20
17 69 1.03873e-20
18 69 3.42103e-20
19 69 1.03176e-20
20 69 0.000181338
21 69 3.13011e-06
22 69 1.23342e-19
23 69 2.01242e-20
24 69 2.58999e-21
25 69 1.99983e-20
26 69 3.24325e-05
27 69 5.80428e-05
28 69 4.02506e-05
29 69 8.71162e-05
30 69 0.000122281
31 69 5.4233e-05
32 69 1.65593e-05
33 69 4.46805e-05
34 69 5.97932e-07
35 69 1.99595e-05
36 69 2.29599e-05
37 69 9.87348e-05
38 69 6.71381e-06
39 69 7.73273e-06
40 69 1.34261e-05
41 69 2.67889e-06
42 69 4.87668e-06
43 69 2.71358e-06
44 69 6.03028e-20
45 69 7.62877e-20
46 69 2.22177e-20
47 69 2.49263e-20
48 69 8.93651e-21
49 69 1.81208e-21
50 69 5.43044e-20
51 69 2.13233e-19
52 69 7.08354e-20
53 69 9.69864e-21
54 69 6.60467e-20
55 69 6.11273e-20
56 69 0.00492098
57 69 0.000886926
58 69 0.000429823
59 69 0.000294644
60 69 0.000722148
61 69 0.00526583
62 69 1.68422e-19
63 69 8.46526e-20
0 70 1.61125e-19
1 70 6.20686e-20
2 70 3.63897e-20
3 70 1.44879e-19
4 70 5.64154e-20
5 70 2.44419e-20
6 70 5.07369e-20
7 70 4.82406e-20
8 70 1.0943e-19
9 70 4.29279e-20
10 70 1.67448e-19
11 70 8.29133e-20
12 70 1.8084e-20
13 70 3.29388e-20
14 70 1.12989e-19
15 70 1.63604e-19
16 70 1.53188e-20
17 70 2.20722e-21
18 70 1.90532e-20
19 70 5.15474e-20
20 70 8.42065e-05
21 70 0.000171141
22 70 3.73722e-20
23 70 9.96827e-22
24 70 6.75061e-21
25 70 3.94845e-21
26 70 2.67933e-05
27 70 1.00553e-05
28 70 5.4186e-05
29 70 4.2961e-05
30 70 1.55487e-05
31 70 1.092e-05
32 70 7.91048e-05
33 70 4.16084e-05
34 70 5.14947e-06
35 70 4.99096e-06
36 70 0.000113035
37 70 5.54198e-05
38 70 3.67058e-06
39 70 2.66185e-06
40 70 9.43129e-06
41 70 6.46026e-07
42 70 3.43256e-06
43 70 3.11506e-07
44 70 8.23503e-20
45 70 9.06056e-21
46 70 2.33456e-20
47 70 8.06359e-20
48 70 9.87507e-20
49 70 2.46873e-20
50 70 3.42194e-20
51 70 7.38739e-20
52 70 9.01125e-20
53 70 1.25493e-20
54 70 1.14272e-19
55 70 5.65913e-20
56 70 0.00092725
57 70 0.00711229
58 70 0.00202264
59 70 0.00098405
60 70 0.000184162
61 70 0.000354488
62 70 1.55367e-20
63 70 5.20559e-19
0 71 1.45188e-19
1 71 7.40455e-19
2 71 7.26631e-19
3 71 6.40672e-19
4 71 4.07861e-21
5 71 9.15004e-21
6 71 6.66909e-19
7 71 4.7204e-21
8 71 2.97194e-20
9 71 9.33458e-21
10 71 1.97173e-19
11 71 4.81693e-20
12 71 5.33426e-19
13 71 2.5016e-20
14 71 7.34759e-20
15 71 2.6372e-20
16 71 2.93393e-20
17 71 1.1916e-20
18 71 1.1139e-20
19 71 1.51719e-21
20 71 0.00010537
21 71 0.00013117
22 71 1.94755e-20
23 71 2.13535e-20
24 71 3.8955e-21
25 71 5.52322e-20
26 71 5.12612e-05
27 71 0.00010387
28 71 0.000121275
29 71 5.64671e-05
30 71 5.53685e-05
31 71 3.12478e-05
32 71 1.55116e-05
33 71 8.66164e-05
34 71 1.1386e-07
35 71 7.61924e-06
36 71 2.1147e-05
37 71 0.0001349
38 71 1.74696e-05
39 71 1.1593e-05
40 71 1.15953e-06
41 71 8.67802e-06
42 71 1.90082e-06
43 71 9.54409e-07
44 71 3.20481e-20
45 71 9.42201e-20
46 71 5.87732e-20
47 71 2.02749e-20
48 71 1.58111e-20
49 71 1.95178e-19
50 71 9.46228e-21
51 71 1.41619e-20
52 71 2.70858e-21
53 71 8.079e-21
54 71 3.8644e-20
55 71 1.45481e-20
56 71 0.00559027
57 71 0.0018571
58 71 0.00161899
59 71 0.00302791
60 71 0.00292998
61 71 0.000243924
62 71 1.62331e-18
63 71 2.71631e-19
0 72 3.60042e-07
1 72 6.48469e-07
2 72 6.18631e-07
3 72 2.93257e-08
4 72 4.9753e-07
5 72 7.98982e-07
6 72 4.49704e-06
7 72 3.47898e-06
8 72 2.84828e-06
9 72 4.8293e-06
10 72 2.1883e-05
11 72 3.08175e-07
12 72 9.72041e-07
13 72 2.65386e-07
14 72 1.91839e-07
15 72 5.70757e-09
16 72 1.60065e-07
17 72 3.10411e-07
18 72 3.87592e-06
19 72 3.02054e-07
20 72 6.63815e-21
21 72 3.35069e-21
22 72 2.09063e-06
23 72 2.3411e-06
24 72 2.50717e-06
25 72 7.98609e-07
26 72 5.99192e-21
27 72 1.13424e-21
28 72 7.24863e-22
29 72 1.74436e-20
30 72 3.01822e-21
31 72 1.45662e-20
32 72 7.85128e-21
33 72 5.96483e-21
34 72 1.12664e-20
35 72 2.28193e-21
36 72 3.17759e-21
37 72 9.45098e-21
38 72 1.285e-21
39 72 1.23242e-20
40 72 1.55395e-20
41 72 1.35402e-21
42 72 6.03185e-21
43 72 1.98812e-20
44 72 1.92781e-07
45 72 8.17394e-08
46 72 5.97816e-08
47 72 3.69739e-07
48 72 2.42666e-06
49 72 9.32814e-07
50 72 0.000135457
51 72 6.65463e-05
52 72 2.31568e-05
53 72 2.67554e-05
54 72 2.81621e-06
55 72 0.000206816
56 72 6.04787e-20
57 72 3.01259e-21
58 72 2.52122e-20
59 72 4.96259e-20
60 72 2.76022e-20
61 72 9.59998e-20
62 72 2.60368e-05
63 72 2.54969e-05
0 73 2.45756e-06
1 73 1.539e-06
2 73 3.04527e-07
3 73 2.0503e-06
4 73 2.17777e-07
5 73 3.49596e-07
6 73 1.77599e-05
7 73 5.05946e-06
8 73 2.28326e-05
9 73 1.13513e-05
10 73 2.11523e-06
11 73 1.36297e-06
12 73 1.90035e-06
13 73 3.00336e-06
14 73 8.31634e-07
15 73 1.22656e-07
16 73 5.0398e-07
17 73 3.5361e-07
18 73 3.27586e-07
19 73 3.27262e-07
20 73 2.9159e-20
21 73 5.95067e-22
22 73 7.4753e-07
23 73 1.68632e-06
24 73 4.84544e-06
25 73 3.83562e-06
26 73 5.47766e-20
27 73 1.42628e-20
28 73 1.82773e-20
29 73 1.80557e-20
30 73 7.26852e-21
31 73 6.49199e-22
32 73 7.72752e-21
33 73 6.68445e-21
34 73 3.10791e-20
35 73 7.52189e-22
36 73 9.3629e-22
37 73 4.28674e-23
38 73 1.04712e-20
39 73 4.55378e-21
40 73 2.28218e-21
41 73 2.29099e-20
42 73 5.05212e-21
43 73 1.31295e-20
44 73 9.17103e-09
45 73 2.51269e-07
46 73 7.80391e-07
47 73 1.10006e-07
48 73 3.57203e-06
49 73 9.74101e-06
50 73 5.8487e-05
51 73 0.000126515
52 73 0.000101619
53 73 0.000239769
54 73 1.09376e-05
55 73 2.19198e-05
56 73 7.41775e-21
57 73 2.77389e-20
58 73 4.80118e-21
59 73 8.56958e-22
60 73 1.11819e-19
61 73 4.55096e-20
62 73 0.000139156
63 73 6.50632e-05
0 74 1.46316e-07
1 74 2.3687e-07
2 74 3.02276e-07
3 74 3.99668e-07
4 74 6.67747e-07
5 74 1.87089e-08
6 74 6.95572e-06
7 74 4.95541e-05
8 74 1.38424e-06
9 74 1.77853e-05
10 74 8.5121e-06
11 74 6.74417e-05
12 74 3.54741e-07
13 74 1.15422e-07
14 74 3.59524e-07
15 74 1.238e-07
16 74 4.97311e-07
17 74 2.90301e-07
18 74 1.91101e-06
19 74 1.23889e-05
20 74 2.40006e-20
21 74 5.26733e-21
22 74 9.31998e-06
23 74 2.69769e-06
24 74 1.25205e-05
25 74 3.51174e-07
26 74 1.20042e-21
27 74 4.63271e-20
28 74 1.29721e-20
29 74 9.96054e-20
30 74 4.40585e-21
31 74 7.26796e-22
32 74 1.76221e-21
33 74 3.86348e-20
34 74 1.18165e-20
35 74 7.64872e-21
36 74 5.87193e-23
37 74 9.36895e-21
38 74 6.32634e-21
39 74 8.91068e-23
40 74 4.01698e-21
41 74 1.63217e-20
42 74 5.40671e-21
43 74 6.37502e-21
44 74 3.81737e-07
45 74 5.1416e-08
46 74 5.64347e-08
47 74 8.6006e-08
48 74 9.05252e-07
49 74 3.71188e-07
50 74 0.000176819
51 74 0.000216129
52 74 0.000145851
53 74 0.000446654
54 74 0.00065644
55 74 6.1068e-05
56 74 6.34493e-20
57 74 9.17555e-21
58 74 2.26674e-20
59 74 1.584e-20
60 74 1.44304e-20
61 74 4.19123e-22
62 74 9.15009e-06
63 74 1.04302e-05
0 75 9.87661e-08
1 75 1.71112e-07
2 75 2.30047e-07
3 75 5.21207e-07
4 75 8.29815e-07
5 75 8.34968e-07
6 75 2.3423e-05
7 75 1.30479e-05
8 75 2.23067e-05
9 75 4.48676e-06
10 75 6.71442e-05
11 75 2.22239e-05
12 75 2.60661e-07
13 75 7.04749e-08
14 75 2.95033e-08
15 75 8.00939e-07
16 75 3.62221e-08
17 75 7.24625e-07
18 75 7.15814e-06
19 75 9.66735e-06
20 75 1.19443e-20
21 75 6.24809e-21
22 75 2.55954e-07
23 75 6.76497e-06
24 75 5.22292e-06
25 75 4.60098e-06
26 75 7.29369e-21
27 75 3.13169e-20
28 75 1.28075e-21
29 75 4.23126e-20
30 75 1.4551e-20
31 75 1.45706e-21
32 75 6.97248e-21
33 75 2.83267e-21
34 75 1.23793e-20
35 75 2.60065e-21
36 75 9.77762e-21
37 75 1.06666e-21
38 75 1.17362e-20
39 75 1.6689e-20
40 75 3.39058e-20
41 75 3.15079e-20
42 75 1.11976e-21
43 75 3.72384e-21
44 75 5.50409e-07
45 75 1.97603e-07
46 75 3.84838e-08
47 75 1.68609e-07
48 75 6.42235e-07
49 75 2.56762e-07
50 75 0.000215799
51 75 0.000291023
52 75 0.000195291
53 75 6.54246e-06
54 75 0.000181802
55 75 0.000662426
56 75 8.77725e-21
57 75 1.46423e-20
58 75 4.94386e-20
59 75 4.9725e-20
60 75 3.43198e-20
61 75 7.24224e-20
62 75 6.98893e-06
63 75 6.8015e-06
0 76 6.70512e-19
1 76 7.16005e-19
2 76 1.64342e-06
3 76 4.48025e-06
4 76 1.66774e-07
5 76 1.44013e-06
6 76 5.80949e-05
7 76 3.24765e-05
8 76 2.01275e-05
9 76 7.6452e-06
10 76 3.15951e-07
11 76 7.26729e-07
12 76 2.95835e-19
13 76 5.02272e-20
14 76 4.47125e-07
15 76 1.65522e-07
16 76 4.1698e-07
17 76 1.05737e-07
18 76 9.23278e-06
19 76 7.11358e-06
20 76 9.11914e-21
21 76 4.22443e-21
22 76 3.74728e-06
23 76 7.97161e-08
24 76 1.34708e-06
25 76 2.0306e-06
26 76 7.19631e-20
27 76 6.42142e-21
28 76 2.46524e-20
29 76 2.27802e-20
30 76 2.75012e-21
31 76 2.72806e-21
32 76 8.04806e-21
33 76 3.47488e-21
34 76 1.17565e-20
35 76 9.33881e-21
36 76 5.63232e-21
37 76 1.37516e-20
38 76 2.85477e-21
39 76 3.65015e-21
40 76 3.30334e-21
41 76 1.68404e-20
42 76 5.57307e-22
43 76 8.49591e-21
44 76 5.06766e-06
45 76 2.00716e-06
46 76 2.46953e-05
47 76 1.39033e-06
48 76 9.70423e-21
49 76 8.52772e-21
50 76 0.000165731
51 76 0.00016491
52 76 0.000696985
53 76 4.05413e-05
54 76 4.47948e-05
55 76 2.21234e-05
56 76 2.8688e-21
57 76 1.23473e-20
58 76 6.03523e-21
59 76 1.26486e-20
60 76 9.96011e-20
61 76 7.69516e-22
62 76 2.66568e-20
63 76 3.34043e-21
0 77 1.88487e-18
1 77 1.92355e-19
2 77 1.58208e-06
3 77 8.57989e-07
4 77 2.34006e-06
5 77 2.25133e-07
6 77 1.73157e-05
7 77 4.23573e-05
8 77 1.14431e-05
9 77 5.50747e-06
10 77 1.34807e-06
11 77 1.25482e-06
12 77 2.94647e-20
13 77 3.38284e-20
14 77 3.62615e-07
15 77 1.38486e-07
16 77 6.01191e-08
17 77 1.73887e-07
18 77 3.43045e-05
19 77 6.50163e-06
20 77 2.03302e-21
21 77 5.09629e-21
22 77 8.32931e-08
23 77 1.92193e-06
24 77 1.75467e-06
25 77 9.04878e-07
26 77 1.33976e-20
27 77 6.2022e-20
28 77 1.6637e-20
29 77 6.48475e-20
30 77 7.74167e-21
31 77 5.53323e-21
32 77 3.46218e-21
33 77 3.8174e-21
34 77 2.09674e-21
35 77 1.74824e-20
36 77 6.88853e-21
37 77 5.01247e-21
38 77 6.44903e-21
39 77 5.41339e-21
40 77 1.23207e-21
41 77 8.26756e-21
42 77 2.91254e-21
43 77 7.76609e-21
44 77 3.57039e-06
45 77 1.6861e-05
46 77 1.00271e-06
47 77 3.61e-08
48 77 1.86641e-20
49 77 1.12358e-20
50 77 0.000125107
51 77 0.000287928
52 77 4.23127e-05
53 77 0.000236253
54 77 8.51877e-05
55 77 8.1863e-05
56 77 2.27601e-20
57 77 2.94145e-21
58 77 5.11375e-20
59 77 7.48602e-21
60 77 3.17317e-21
61 77 1.70911e-20
62 77 9.57976e-20
63 77 6.90395e-21
0 78 4.11387e-05
1 78 5.22747e-05
2 78 7.74021e-08
3 78 2.03142e-08
4 78 1.8532e-07
5 78 4.12509e-08
6 78 7.09873e-09
7 78 1.2301e-09
8 78 2.58114e-08
9 78 1.75369e-08
10 78 6.60475e-19
11 78 3.42831e-19
12 78 7.00818e-05
13 78 6.73227e-05
14 78 5.93756e-08
15 78 1.29768e-09
16 78 2.77497e-07
17 78 8.07435e-08
18 78 1.28937e-20
19 78 1.47922e-20
20 78 1.06696e-19
21 78 1.37186e-19
22 78 4.36003e-09
23 78 1.25958e-08
24 78 3.39528e-08
25 78 5.70198e-08
26 78 7.98834e-20
27 78 4.12445e-20
28 78 6.05508e-20
29 78 7.66295e-20
30 78 3.9314e-20
31 78 1.80715e-20
32 78 1.44193e-20
33 78 3.16365e-20
34 78 3.22913e-21
35 78 3.90889e-20
36 78 5.92383e-20
37 78 2.78759e-20
38 78 2.80262e-20
39 78 1.62433e-20
40 78 3.7148e-20
41 78 2.19366e-21
42 78 3.00373e-20
43 78 1.12797e-21
44 78 7.00879e-06
45 78 4.03398e-07
46 78 1.04781e-06
47 78 3.09857e-06
48 78 0.0021824
49 78 0.000973205
50 78 4.76944e-06
51 78 6.7289e-07
52 78 2.53083e-06
53 78 4.87826e-09
54 78 2.82593e-20
55 78 4.33967e-20
56 78 1.0151e-21
57 78 7.01419e-20
58 78 7.89834e-20
59 78 9.08459e-20
60 78 9.03702e-21
61 78 7.82867e-20
62 78 0.000933715
63 78 0.0030884
0 79 8.60441e-07
1 79 6.34129e-06
2 79 9.86854e-09
3 79 6.57174e-08
4 79 2.12744e-07
5 79 5.22092e-07
6 79 2.31766e-08
7 79 3.98665e-09
8 79 3.56592e-08
9 79 6.63236e-08
10 79 3.38811e-19
11 79 4.98381e-20
12 79 3.21043e-06
13 79 7.3828e-06
14 79 1.77495e-07
15 79 4.63232e-07
16 79 5.19152e-08
17 79 3.54259e-07
18 79 1.53637e-20
19 79 9.60454e-21
20 79 2.47524e-20
21 79 1.44189e-20
22 79 3.81069e-08
23 79 1.54468e-07
24 79 2.95199e-08
25 79 4.76284e-08
26 79 2.05452e-21
27 79 7.50624e-20
28 79 1.30946e-20
29 79 1.134e-20
30 79 4.5307e-21
31 79 9.76405e-21
32 79 9.32372e-21
33 79 1.52338e-20
34 79 1.86245e-22
35 79 2.50538e-21
36 79 3.05348e-20
37 79 4.14571e-20
38 79 1.15502e-20
39 79 7.12708e-21
40 79 1.80451e-22
41 79 6.89303e-22
42 79 5.3331e-21
43 79 2.83875e-21
44 79 1.04362e-05
45 79 1.51966e-07
46 79 1.87542e-06
47 79 1.64223e-05
48 79 0.000194296
49 79 4.89863e-05
50 79 6.81825e-07
51 79 7.66889e-06
52 79 3.33136e-06
53 79 8.25575e-06
54 79 8.19762e-21
55 79 3.49777e-21
56 79 1.34672e-20
57 79 3.17678e-20
58 79 2.51049e-20
59 79 9.61183e-22
60 79 5.28362e-23
61 79 1.75239e-20
62 79 0.00013047
63 79 0.000179616
0 80 3.22457e-06
1 80 5.64533e-07
2 80 9.23622e-06
3 80 1.09549e-07
4 80 1.66031e-06
5 80 6.46885e-06
6 80 9.27227e-09
7 80 4.61938e-08
8 80 3.26715e-07
9 80 2.6732e-08
10 80 2.21348e-07
11 80 3.59103e-08
12 80 1.68483e-07
13 80 5.794e-07
14 80 3.38677e-06
15 80 2.57047e-06
16 80 9.20183e-07
17 80 4.09842e-06
18 80 9.06923e-07
19 80 6.74075e-07
20 80 9.92674e-21
21 80 1.43255e-21
22 80 3.10625e-08
23 80 2.84229e-07
24 80 5.01831e-08
25 80 9.05187e-07
26 80 9.2625e-21
27 80 1.74553e-20
28 80 1.43505e-20
29 80 5.93363e-21
30 80 8.81707e-21
31 80 6.69364e-21
32 80 5.79703e-21
33 80 2.76569e-20
34 80 5.35977e-21
35 80 7.29657e-21
36 80 4.14114e-21
37 80 3.90955e-21
38 80 8.60553e-21
39 80 1.82079e-21
40 80 6.0121e-22
41 80 1.27517e-21
42 80 5.07345e-21
43 80 1.08873e-20
44 80 9.72474e-06
45 80 0.00024219
46 80 0.000409019
47 80 2.57096e-05
48 80 3.53805e-07
49 80 2.34989e-06
50 80 1.45055e-06
51 80 1.60982e-06
52 80 2.48608e-06
53 80 5.00621e-06
54 80 7.10135e-08
55 80 3.96526e-07
56 80 1.20314e-20
57 80 7.45562e-21
58 80 1.08942e-20
59 80 2.80766e-20
60 80 2.98869e-20
61 80 2.02904e-20
62 80 2.32093e-05
63 80 2.97517e-05
0 81 1.73853e-06
1 81 4.49415e-07
2 81 1.74397e-06
3 81 4.85636e-06
4 81 3.25223e-06
5 81 9.10708e-07
6 81 4.05634e-07
7 81 4.41541e-09
8 81 6.74434e-08
9 81 2.23244e-07
10 81 7.50225e-08
11 81 1.58571e-07
12 81 5.32155e-08
13 81 3.78635e-07
14 81 9.46408e-07
15 81 7.22094e-07
16 81 1.43644e-06
17 81 3.83786e-06
18 81 8.31323e-08
19 81 1.35243e-06
20 81 2.01834e-20
21 81 5.28526e-21
22 81 5.87965e-07
23 81 7.14533e-07
24 81 6.06713e-08
25 81 2.95186e-07
26 81 7.78003e-22
27 81 3.36107e-21
28 81 1.47655e-20
29 81 8.21847e-21
30 81 3.78073e-21
31 81 5.94766e-21
32 81 2.84011e-20
33 81 1.23072e-20
34 81 3.89828e-21
35 81 1.83476e-21
36 81 1.85827e-21
37 81 1.17141e-20
38 81 6.94318e-21
39 81 3.33658e-21
40 81 1.24125e-21
41 81 1.89831e-21
42 81 1.01136e-21
43 81 6.16656e-21
44 81 0.000165414
45 81 5.42568e-05
46 81 0.000177347
47 81 0.000207131
48 81 3.77342e-07
49 81 1.18385e-06
50 81 3.56903e-06
51 81 3.9775e-06
52 81 5.35303e-06
53 81 5.2072e-06
54 81 2.78004e-07
55 81 1.46528e-07
56 81 1.33356e-20
57 81 3.28853e-20
58 81 1.86942e-20
59 81 4.56352e-21
60 81 2.20191e-20
61 81 4.0563e-21
62 81 7.49567e-06
63 81 2.30857e-05
0 82 3.12834e-06
1 82 1.37237e-07
2 82 1.26194e-05
3 82 9.18296e-06
4 82 5.52969e-06
5 82 4.45096e-07
6 82 1.15878e-07
7 82 7.6619e-08
8 82 2.2023e-08
9 82 1.08331e-07
10 82 3.10256e-08
11 82 7.8757e-08
12 82 2.87798e-07
13 82 3.56752e-07
14 82 8.98536e-06
15 82 6.34556e-06
16 82 2.68267e-06
17 82 2.3856e-06
18 82 3.55488e-07
19 82 3.19187e-07
20 82 2.7973e-20
21 82 1.85342e-20
22 82 1.15921e-07
23 82 9.48619e-08
24 82 6.21054e-07
25 82 1.45381e-07
26 82 4.97369e-21
27 82 8.42045e-21
28 82 1.79529e-20
29 82 6.59196e-20
30 82 1.24984e-23
31 82 3.87245e-20
32 82 5.22794e-20
33 82 7.21996e-21
34 82 1.89474e-21
35 82 6.44997e-21
36 82 1.73691e-20
37 82 2.20374e-20
38 82 1.65073e-21
39 82 3.04863e-20
40 82 9.1935e-21
41 82 7.3963e-21
42 82 3.06573e-21
43 82 1.97218e-20
44 82 0.000173258
45 82 0.00109586
46 82 3.16315e-05
47 82 5.38902e-05
48 82 3.9859e-08
49 82 2.29027e-06
50 82 1.96868e-06
51 82 2.38204e-07
52 82 5.03788e-06
53 82 1.11452e-06
54 82 1.36914e-07
55 82 6.2604e-08
56 82 6.03911e-20
57 82 4.89897e-20
58 82 2.90479e-20
59 82 4.4108e-21
60 82 6.99324e-20
61 82 1.0923e-20
62 82 2.89712e-05
63 82 1.66723e-05
0 83 1.81522e-06
1 83 7.24418e-06
2 83 6.95598e-06
3 83 5.38665e-06
4 83 8.43577e-07
5 83 2.34682e-06
6 83 7.39757e-08
7 83 1.0958e-07
8 83 1.49521e-07
9 83 1.30302e-07
10 83 9.00449e-09
11 83 3.50848e-08
12 83 1.30533e-06
13 83 4.82789e-07
14 83 2.16991e-06
15 83 3.9923e-07
16 83 6.79671e-06
17 83 2.07908e-06
18 83 1.16953e-07
19 83 1.54e-07
20 83 6.7033e-21
21 83 1.22637e-20
22 83 5.55979e-07
23 83 3.96163e-07
24 83 1.33717e-07
25 83 2.25359e-08
26 83 2.31399e-20
27 83 5.30398e-20
28 83 1.2629e-20
29 83 1.71361e-20
30 83 3.78809e-21
31 83 3.74834e-21
32 83 4.6941e-21
33 83 7.76314e-21
34 83 4.21397e-21
35 83 1.21877e-21
36 83 2.47519e-20
37 83 2.38854e-20
38 83 7.04959e-21
39 83 5.46758e-21
40 83 9.77973e-21
41 83 1.09921e-21
42 83 3.09292e-20
43 83 1.85907e-20
44 83 4.56602e-05
45 83 8.07013e-05
46 83 0.000110428
47 83 0.000625011
48 83 4.45755e-06
49 83 2.00671e-06
50 83 6.57232e-06
51 83 4.5277e-06
52 83 8.36358e-07
53 83 5.07543e-08
54 83 6.73803e-08
55 83 1.27473e-08
56 83 5.39743e-20
57 83 3.56906e-20
58 83 2.00044e-20
59 83 5.4918e-20
60 83 4.58876e-20
61 83 7.15829e-21
62 83 0.000100763
63 83 2.58622e-05
0 84 1.90058e-18
1 84 2.47452e-19
2 84 1.86635e-18
3 84 9.8416e-20
4 84 1.07274e-19
5 84 8.13572e-20
6 84 4.88897e-19
7 84 7.41075e-19
8 84 2.5587e-19
9 84 1.1714e-19
10 84 6.28613e-20
11 84 8.27141e-20
12 84 6.55469e-20
13 84 2.31603e-19
14 84 1.89575e-19
15 84 1.24254e-19
16 84 1.05725e-19
17 84 5.32764e-20
18 84 2.58139e-20
19 84 1.95898e-20
20 84 1.14676e-20
21 84 5.14809e-21
22 84 6.99398e-20
23 84 8.78607e-22
24 84 3.1084e-20
25 84 8.49803e-22
26 84 4.01348e-07
27 84 8.68078e-07
28 84 1.98808e-07
29 84 7.13364e-07
30 84 2.32756e-06
31 84 1.7657e-07
32 84 7.85942e-08
33 84 5.66432e-07
34 84 2.84243e-07
35 84 4.00049e-09
36 84 2.74703e-20
37 84 2.88871e-20
38 84 3.72278e-07
39 84 1.10567e-06
40 84 4.46598e-06
41 84 4.32499e-07
42 84 1.0224e-05
43 84 4.76667e-05
44 84 1.51121e-21
45 84 8.51946e-21
46 84 1.25951e-20
47 84 2.34166e-20
48 84 2.97966e-21
49 84 2.20997e-21
50 84 9.78775e-22
51 84 4.81495e-20
52 84 1.08658e-20
53 84 6.50213e-21
54 84 2.09519e-20
55 84 1.12651e-21
56 84 2.0712e-20
57 84 4.95821e-20
58 84 7.12082e-06
59 84 5.66057e-10
60 84 1.38106e-06
61 84 2.58502e-05
62 84 1.41896e-20
63 84 9.68716e-21
0 85 4.2683e-18
1 85 3.16027e-18
2 85 3.28595e-18
3 85 5.7013e-18
4 85 3.6259e-19
5 85 2.08708e-20
6 85 7.2558e-19
7 85 1.45534e-18
8 85 3.10285e-19
9 85 2.45071e-19
10 85 1.89209e-18
11 85 2.31925e-19
12 85 3.52613e-18
13 85 2.49926e-19
14 85 7.82148e-19
15 85 1.48244e-18
16 85 1.599e-19
17 85 1.25574e-19
18 85 1.33864e-20
19 85 1.38501e-20
20 85 2.92967e-20
21 85 2.44894e-21
22 85 3.62709e-20
23 85 1.40216e-20
24 85 2.45654e-20
25 85 5.71053e-21
26 85 2.66409e-07
27 85 2.44152e-07
28 85 4.79655e-07
29 85 1.04836e-07
30 85 1.47024e-07
31 85 1.62097e-07
32 85 1.19848e-06
33 85 7.31151e-08
34 85 1.04414e-06
35 85 3.79305e-07
36 85 1.74098e-20
37 85 9.96414e-21
38 85 2.00053e-06
39 85 3.69883e-07
40 85 8.45078e-08
41 85 7.45723e-07
42 85 0.000213582
43 85 7.23013e-05
44 85 1.91732e-20
45 85 9.54387e-21
46 85 3.40746e-21
47 85 6.30887e-21
48 85 5.57596e-21
49 85 1.38427e-21
50 85 6.35983e-22
51 85 3.29639e-21
52 85 6.27461e-21
53 85 1.41996e-20
54 85 4.90493e-21
55 85 2.29577e-20
56 85 1.129e-20
57 85 1.40469e-20
58 85 1.0328e-05
59 85 9.81348e-07
60 85 3.52625e-06
61 85 2.40775e-06
62 85 2.77552e-21
63 85 2.08113e-20
0 86 8.08796e-19
1 86 9.5834e-20
2 86 2.2996e-18
3 86 2.58038e-20
4 86 1.75548e-20
5 86 1.57027e-19
6 86 8.87607e-19
7 86 1.56799e-18
8 86 4.2797e-20
9 86 1.85192e-19
10 86 9.95266e-21
11 86 5.01419e-20
12 86 6.10213e-19
13 86 2.5579e-19
14 86 6.00191e-19
15 86 1.99263e-19
16 86 1.0934e-19
17 86 1.73338e-21
18 86 4.47711e-21
19 86 1.81621e-21
20 86 4.16145e-09
21 86 9.30062e-07
22 86 5.44804e-20
23 86 2.16495e-21
24 86 4.5234e-20
25 86 2.07689e-20
26 86 7.67992e-07
27 86 1.60055e-06
28 86 2.20496e-06
29 86 7.34437e-07
30 86 5.71216e-06
31 86 5.70183e-06
32 86 5.30623e-06
33 86 3.43632e-06
34 86 3.87313e-06
35 86 2.88422e-06
36 86 3.15173e-05
37 86 1.16726e-05
38 86 1.76272e-05
39 86 3.38046e-05
40 86 1.46178e-05
41 86 3.09327e-06
42 86 1.05455e-06
43 86 2.08621e-06
44 86 8.13425e-21
45 86 7.87119e-22
46 86 9.05799e-21
47 86 4.35723e-21
48 86 2.51966e-20
49 86 6.78364e-21
50 86 6.32592e-21
51 86 1.49823e-21
52 86 3.42709e-20
53 86 1.16539e-20
54 86 1.30451e-20
55 86 3.7822e-22
56 86 1.75464e-06
57 86 8.94625e-06
58 86 1.45001e-06
59 86 1.38323e-05
60 86 2.83704e-06
61 86 4.25941e-06
62 86 3.66008e-20
63 86 1.08185e-21
0 87 1.25019e-19
1 87 5.64213e-20
2 87 7.96514e-19
3 87 1.14384e-19
4 87 2.27211e-19
5 87 2.92659e-19
6 87 1.48527e-18
7 87 1.39296e-18
8 87 2.31147e-19
9 87 3.04787e-20
10 87 9.04588e-19
11 87 1.63089e-19
12 87 3.12673e-19
13 87 9.21633e-20
14 87 1.01577e-18
15 87 4.25293e-19
16 87 6.16977e-20
17 87 3.13258e-20
18 87 1.62116e-20
19 87 5.04095e-21
20 87 2.2186e-06
21 87 1.71943e-07
22 87 1.53512e-20
23 87 3.61315e-21
24 87 1.34476e-20
25 87 1.43614e-20
26 87 8.00372e-08
27 87 6.26997e-07
28 87 5.85133e-07
29 87 1.09477e-06
30 87 3.32685e-06
31 87 3.54833e-06
32 87 2.27642e-07
33 87 9.26698e-08
34 87 2.97933e-07
35 87 5.18478e-06
36 87 1.99287e-05
37 87 9.05882e-05
38 87 1.13358e-05
39 87 3.45436e-05
40 87 4.41808e-05
41 87 2.45484e-05
42 87 1.90381e-06
43 87 6.44501e-07
44 87 1.16831e-20
45 87 9.38502e-23
46 87 4.60681e-21
47 87 3.9951e-20
48 87 2.71685e-20
49 87 2.99294e-20
50 87 1.04126e-20
51 87 1.3258e-21
52 87 2.53767e-20
53 87 4.18095e-21
54 87 8.93507e-22
55 87 1.86641e-21
56 87 2.10586e-05
57 87 6.32348e-06
58 87 1.50239e-05
59 87 1.10666e-05
60 87 3.6812e-05
61 87 3.65059e-05
62 87 7.72289e-20
63 87 7.19328e-20
0 88 1.59419e-18
1 88 5.40718e-20
2 88 2.10795e-18
3 88 8.08097e-19
4 88 6.87455e-20
5 88 1.09977e-19
6 88 1.02086e-18
7 88 1.59639e-20
8 88 5.21e-19
9 88 5.49635e-20
10 88 4.82724e-19
11 88 3.84176e-20
12 88 5.00427e-19
13 88 1.08866e-19
14 88 8.16055e-19
15 88 1.62619e-19
16 88 1.99988e-19
17 88 2.85346e-20
18 88 5.5644e-20
19 88 1.56632e-20
20 88 3.60125e-07
21 88 6.52193e-07
22 88 2.27583e-22
23 88 3.87958e-21
24 88 9.43066e-21
25 88 8.36348e-21
26 88 1.21951e-07
27 88 3.33262e-07
28 88 7.39345e-07
29 88 8.55711e-07
30 88 2.84124e-07
31 88 3.54494e-06
32 88 2.83783e-06
33 88 5.8974e-07
34 88 8.51964e-06
35 88 8.11739e-06
36 88 3.39221e-05
37 88 1.28781e-05
38 88 3.23244e-05
39 88 3.50842e-05
40 88 3.09933e-06
41 88 7.10944e-06
42 88 1.20784e-06
43 88 6.52489e-06
44 88 9.66883e-21
45 88 1.72286e-20
46 88 7.1288e-21
47 88 1.49975e-21
48 88 1.26502e-20
49 88 3.73678e-20
50 88 2.28213e-22
51 88 5.94974e-21
52 88 9.82708e-22
53 88 1.06545e-21
54 88 1.62652e-21
55 88 1.72272e-20
56 88 5.97318e-06
57 88 5.62222e-06
58 88 1.69637e-05
59 88 1.07553e-05
60 88 1.89939e-05
61 88 2.45685e-05
62 88 2.85499e-20
63 88 1.57385e-19
0 89 2.0457e-18
1 89 9.89005e-19
2 89 3.82482e-18
3 89 9.62412e-19
4 89 1.16337e-19
5 89 2.79223e-19
6 89 9.16992e-19
7 89 1.07635e-18
8 89 8.17921e-19
9 89 4.94257e-20
10 89 7.39255e-19
11 89 8.82217e-20
12 89 1.13406e-19
13 89 5.4111e-19
14 89 5.92646e-19
15 89 6.3769e-19
16 89 3.30078e-21
17 89 1.51207e-19
18 89 1.68971e-20
19 89 5.93831e-20
20 89 1.41407e-06
21 89 1.4945e-06
22 89 1.01099e-20
23 89 1.32776e-21
24 89 1.97984e-20
25 89 4.11501e-20
26 89 5.743e-07
27 89 8.8766e-08
28 89 3.50686e-07
29 89 1.6007e-07
30 89 6.65498e-07
31 89 9.73978e-07
32 89 1.15163e-07
33 89 1.59906e-06
34 89 3.36942e-07
35 89 6.77722e-06
36 89 2.79552e-05
37 89 0.000106511
38 89 5.95943e-06
39 89 4.45567e-06
40 89 4.53373e-05
41 89 4.05273e-05
42 89 2.93478e-06
43 89 3.71814e-07
44 89 7.15537e-21
45 89 2.50083e-20
46 89 2.9982e-22
47 89 2.42107e-20
48 89 2.42827e-20
49 89 2.12211e-20
50 89 1.21804e-20
51 89 5.26245e-20
52 89 1.40599e-20
53 89 6.65083e-22
54 89 3.04325e-21
55 89 1.96745e-20
56 89 1.62296e-05
57 89 1.70862e-05
58 89 5.93798e-05
59 89 1.13028e-05
60 89 1.33219e-05
61 89 1.70783e-05
62 89 6.98055e-20
63 89 1.82368e-20
0 90 2.65973e-19
1 90 7.57046e-19
2 90 8.79994e-19
3 90 5.74528e-19
4 90 1.41164e-19
5 90 4.01425e-20
6 90 1.642e-18
7 90 1.42157e-19
8 90 1.89415e-19
9 90 1.85724e-20
10 90 8.23664e-19
11 90 1.60612e-19
12 90 5.90036e-19
13 90 3.84724e-20
14 90 2.42506e-19
15 90 2.87108e-19
16 90 8.19985e-21
17 90 1.3801e-19
18 90 1.96054e-20
19 90 1.24473e-21
20 90 3.95644e-20
21 90 1.39503e-20
22 90 4.46107e-21
23 90 1.4734e-20
24 90 8.76599e-21
25 90 8.16584e-22
26 90 1.33163e-08
27 90 7.5501e-09
28 90 5.20673e-08
29 90 3.05798e-08
30 90 9.97432e-08
31 90 2.00029e-06
32 90 1.11316e-05
33 90 1.30974e-06
34 90 4.31839e-05
35 90 1.17157e-05
36 90 9.00783e-21
37 90 1.40851e-20
38 90 3.31073e-05
39 90 4.66147e-06
40 90 4.09537e-06
41 90 8.62894e-06
42 90 7.8926e-07
43 90 3.52215e-07
44 90 5.76955e-22
45 90 2.51503e-21
46 90 6.77395e-21
47 90 7.27029e-21
48 90 1.04019e-20
49 90 6.20124e-22
50 90 1.45069e-20
51 90 6.76707e-21
52 90 1.17127e-20
53 90 1.12846e-20
54 90 1.71238e-20
55 90 7.3293e-21
56 90 1.89188e-20
57 90 1.72595e-20
58 90 9.07224e-06
59 90 9.94547e-07
60 90 4.21953e-06
61 90 1.27981e-06
62 90 3.21169e-21
63 90 2.77875e-20
0 91 1.8765e-18
1 91 2.73213e-19
2 91 7.14715e-18
3 91 1.3839e-18
4 91 3.23803e-20
5 91 4.46325e-19
6 91 2.0649e-18
7 91 6.92979e-19
8 91 1.83844e-19
9 91 4.88756e-21
10 91 3.53936e-18
11 91 4.99323e-21
12 91 1.16707e-18
13 91 1.80709e-19
14 91 6.79929e-19
15 91 1.43798e-18
16 91 1.9043e-20
17 91 1.53604e-19
18 91 5.62524e-20
19 91 3.41545e-21
20 91 9.28485e-22
21 91 1.67283e-20
22 91 4.46045e-20
23 91 3.83162e-21
24 91 1.42292e-21
25 91 2.58765e-20
26 91 6.1609e-08
27 91 1.17247e-07
28 91 2.40592e-08
29 91 6.12257e-08
30 91 2.69211e-05
31 91 1.69774e-06
32 91 2.81331e-06
33 91 5.67371e-06
34 91 2.29136e-06
35 91 1.40624e-06
36 91 6.35249e-21
37 91 2.46474e-20
38 91 1.13256e-05
39 91 2.29695e-05
40 91 8.11165e-05
41 91 1.34343e-05
42 91 3.92277e-09
43 91 7.29581e-08
44 91 1.48835e-20
45 91 1.09825e-20
46 91 8.9981e-22
47 91 3.8353e-21
48 91 5.9834e-21
49 91 6.07758e-21
50 91 4.87236e-22
51 91 2.61169e-20
52 91 7.99567e-21
53 91 1.12098e-20
54 91 7.14663e-22
55 91 2.30279e-21
56 91 8.85197e-20
57 91 1.56622e-19
58 91 9.62479e-06
59 91 5.76105e-08
60 91 1.03884e-06
61 91 2.89997e-05
62 91 2.63946e-21
63 91 3.23824e-20
0 92 2.55842e-18
1 92 2.26352e-19
2 92 3.74304e-19
3 92 1.36836e-18
4 92 2.46051e-20
5 92 2.81425e-19
6 92 1.26847e-18
7 92 6.90438e-19
8 92 1.38072e-19
9 92 4.08355e-20
10 92 1.9926e-19
11 92 1.47643e-19
12 92 5.44514e-19
13 92 4.11556e-20
14 92 3.23174e-19
15 92 8.16142e-20
16 92 2.29328e-19
17 92 5.15133e-21
18 92 1.18103e-20
19 92 4.42866e-21
20 92 1.40845e-09
21 92 8.55598e-09
22 92 6.02576e-21
23 92 9.72688e-22
24 92 9.50888e-20
25 92 3.01571e-20
26 92 7.20636e-06
27 92 3.57984e-06
28 92 1.42766e-07
29 92 5.97501e-07
30 92 1.53884e-05
31 92 2.93556e-05
32 92 3.2991e-05
33 92 0.000139762
34 92 1.44563e-20
35 92 1.25518e-21
36 92 1.75719e-06
37 92 3.05398e-07
38 92 1.77304e-06
39 92 1.16899e-05
40 92 1.56475e-05
41 92 1.97125e-05
42 92 4.86938e-22
43 92 6.9287e-21
44 92 2.76145e-20
45 92 5.01818e-22
46 92 1.89961e-21
47 92 5.02938e-21
48 92 8.09156e-20
49 92 1.37515e-20
50 92 1.15929e-21
51 92 2.73788e-20
52 92 1.35789e-20
53 92 2.28021e-20
54 92 1.98075e-20
55 92 3.67221e-21
56 92 1.6308e-06
57 92 4.33448e-06
58 92 1.84228e-05
59 92 2.18341e-05
60 92 6.05911e-05
61 92 1.77508e-05
62 92 1.66402e-20
63 92 1.34589e-19
0 93 1.61406e-19
1 93 6.53668e-19
2 93 5.11203e-19
3 93 1.34196e-18
4 93 2.89306e-20
5 93 2.0688e-20
6 93 1.74996e-19
7 93 7.01799e-20
8 93 5.38918e-19
9 93 1.11847e-19
10 93 6.32005e-19
11 93 9.41161e-20
12 93 8.69468e-19
13 93 1.62853e-20
14 93 4.55541e-20
15 93 4.96112e-19
16 93 1.192e-19
17 93 6.80381e-22
18 93 1.55831e-20
19 93 2.32778e-20
20 93 9.09528e-09
21 93 7.41594e-09
22 93 1.69996e-20
23 93 3.16904e-21
24 93 1.83574e-21
25 93 1.21682e-20
26 93 1.67296e-06
27 93 2.08527e-06
28 93 4.24866e-06
29 93 9.82998e-07
30 93 3.88613e-05
31 93 6.95966e-05
32 93 2.09396e-05
33 93 4.02357e-05
34 93 1.18922e-20
35 93 2.21135e-20
36 93 2.75524e-06
37 93 6.62492e-07
38 93 8.13507e-06
39 93 2.02164e-05
40 93 4.3533e-06
41 93 5.37391e-06
42 93 1.47758e-20
43 93 1.52531e-20
44 93 2.42379e-20
45 93 1.61703e-20
46 93 1.29507e-20
47 93 2.88485e-20
48 93 3.29332e-20
49 93 1.31975e-20
50 93 3.55839e-20
51 93 1.39327e-21
52 93 3.90928e-21
53 93 7.29385e-21
54 93 2.94221e-21
55 93 2.06056e-21
56 93 4.95004e-06
57 93 4.93448e-06
58 93 2.61617e-05
59 93 3.13827e-05
60 93 1.15585e-05
61 93 2.33964e-05
62 93 4.95523e-20
63 93 1.57978e-20
0 94 1.17528e-18
1 94 3.00982e-18
2 94 5.42553e-18
3 94 2.28309e-18
4 94 9.88899e-21
5 94 1.15914e-19
6 94 2.5539e-18
7 94 1.18865e-18
8 94 1.06155e-18
9 94 1.44844e-20
10 94 2.02411e-18
11 94 7.02281e-21
12 94 2.40465e-18
13 94 2.36251e-19
14 94 1.06798e-19
15 94 1.15586e-18
16 94 1.30864e-19
17 94 5.98888e-20
18 94 4.67221e-20
19 94 5.01903e-22
20 94 8.71525e-06
21 94 7.50424e-06
22 94 2.95123e-20
23 94 3.14554e-21
24 94 3.22743e-20
25 94 1.48354e-21
26 94 2.24357e-08
27 94 6.18089e-09
28 94 1.59111e-08
29 94 4.33945e-09
30 94 4.74921e-05
31 94 5.99487e-06
32 94 2.76151e-05
33 94 2.03574e-05
34 94 2.56404e-06
35 94 1.8344e-06
36 94 9.42593e-06
37 94 4.72182e-05
38 94 2.31153e-06
39 94 5.48161e-07
40 94 1.63526e-06
41 94 4.79526e-06
42 94 1.28133e-08
43 94 2.01606e-09
44 94 1.80683e-21
45 94 1.5526e-21
46 94 2.87655e-21
47 94 6.78732e-21
48 94 1.7208e-20
49 94 1.39412e-20
50 94 1.61666e-21
51 94 1.25745e-22
52 94 5.26421e-21
53 94 3.18271e-20
54 94 7.23799e-21
55 94 1.67961e-20
56 94 3.98877e-05
57 94 3.35846e-05
58 94 4.75293e-06
59 94 1.19674e-06
60 94 2.67861e-06
61 94 3.04428e-06
62 94 4.02645e-20
63 94 3.50658e-21
0 95 3.86937e-18
1 95 9.37856e-19
2 95 8.75369e-19
3 95 4.35987e-19
4 95 6.90805e-19
5 95 3.63161e-19
6 95 1.32659e-18
7 95 1.14877e-18
8 95 3.91721e-19
9 95 2.58809e-20
10 95 1.52869e-19
11 95 1.31646e-18
12 95 8.25125e-20
13 95 6.77317e-20
14 95 2.04715e-19
15 95 2.29682e-19
16 95 2.88633e-19
17 95 2.05185e-20
18 95 4.53516e-20
19 95 1.04254e-21
20 95 5.45298e-07
21 95 5.8223e-07
22 95 5.50428e-20
23 95 2.40511e-21
24 95 1.06517e-20
25 95 2.64346e-20
26 95 2.82079e-08
27 95 7.76748e-09
28 95 9.34276e-09
29 95 1.24252e-08
30 95 2.41255e-05
31 95 2.79153e-05
32 95 4.09168e-06
33 95 3.16393e-05
34 95 2.89934e-05
35 95 9.02695e-05
36 95 2.05135e-06
37 95 1.88637e-06
38 95 7.23063e-07
39 95 3.21074e-06
40 95 6.04631e-07
41 95 6.53574e-06
42 95 1.38319e-07
43 95 2.63776e-07
44 95 2.3035e-20
45 95 2.55197e-21
46 95 6.08199e-21
47 95 8.1799e-21
48 95 8.27541e-21
49 95 1.68683e-20
50 95 1.45075e-20
51 95 9.71062e-21
52 95 4.20005e-21
53 95 4.63348e-21
54 95 4.27066e-22
55 95 2.53383e-21
56 95 3.62817e-06
57 95 1.4794e-06
58 95 1.51389e-06
59 95 1.32456e-06
60 95 3.0795e-06
61 95 2.51093e-06
62 95 2.63637e-20
63 95 2.28134e-20
0 96 3.63798e-20
1 96 2.97052e-20
2 96 1.39343e-18
3 96 2.44996e-19
4 96 4.14902e-20
5 96 1.05081e-19
6 96 5.42823e-20
7 96 5.5961e-20
8 96 4.51409e-19
9 96 7.12405e-20
10 96 6.08964e-19
11 96 1.11015e-19
12 96 9.03887e-21
13 96 2.03423e-19
14 96 4.15101e-20
15 96 1.10457e-20
16 96 1.75063e-19
17 96 3.2777e-20
18 96 2.9505e-20
19 96 2.22929e-20
20 96 6.37418e-06
21 96 7.47215e-08
22 96 3.06643e-21
23 96 3.88112e-22
24 96 2.21734e-21
25 96 1.19227e-20
26 96 1.10269e-08
27 96 9.50713e-09
28 96 2.50133e-08
29 96 2.06112e-08
30 96 2.26741e-05
31 96 2.93441e-05
32 96 6.41991e-06
33 96 4.40044e-05
34 96 3.3043e-06
35 96 3.25978e-05
36 96 7.2652e-06
37 96 1.52566e-05
38 96 3.32026e-06
39 96 9.88913e-07
40 96 4.29997e-06
41 96 3.41897e-06
42 96 1.02212e-07
43 96 1.88316e-08
44 96 2.06969e-20
45 96 1.25941e-20
46 96 9.63868e-22
47 96 2.61944e-21
48 96 2.06205e-20
49 96 2.2308e-20
50 96 1.23527e-21
51 96 1.83783e-21
52 96 2.02463e-21
53 96 5.06361e-22
54 96 4.0145e-21
55 96 7.23906e-21
56 96 2.35991e-05
57 96 5.61358e-06
58 96 1.35867e-06
59 96 2.99095e-06
60 96 3.05085e-06
61 96 6.36156e-06
62 96 2.92678e-20
63 96 3.29447e-21
0 97 3.02664e-18
1 97 8.27493e-19
2 97 1.41606e-18
3 97 1.01318e-18
4 97 2.2332e-19
5 97 7.23444e-20
6 97 8.0325e-20
7 97 4.11124e-20
8 97 3.38442e-19
9 97 2.30944e-19
10 97 4.72729e-19
11 97 1.34114e-19
12 97 4.72042e-19
13 97 1.72797e-21
14 97 2.91713e-19
15 97 1.1426e-19
16 97 4.54559e-20
17 97 8.04687e-20
18 97 9.38007e-22
19 97 1.10826e-20
20 97 2.78465e-07
21 97 4.77293e-06
22 97 2.51247e-20
23 97 9.36311e-21
24 97 5.851e-21
25 97 1.20227e-21
26 97 3.16252e-10
27 97 2.17492e-08
28 97 9.98149e-09
29 97 4.56921e-08
30 97 1.80461e-05
31 97 1.36489e-05
32 97 2.21454e-05
33 97 8.30211e-06
34 97 3.80565e-05
35 97 3.82999e-06
36 97 1.53401e-05
37 97 2.3011e-06
38 97 4.29939e-06
39 97 4.31095e-06
40 97 1.82287e-07
41 97 3.96823e-06
42 97 3.4962e-08
43 97 1.06258e-07
44 97 6.14911e-22
45 97 8.0991e-21
46 97 6.60228e-21
47 97 5.77803e-21
48 97 1.63208e-21
49 97 1.11489e-22
50 97 1.53217e-21
51 97 2.81061e-20
52 97 4.04207e-21
53 97 2.2232e-21
54 97 5.63222e-22
55 97 6.30789e-21
56 97 3.76295e-06
57 97 1.91192e-05
58 97 2.5253e-06
59 97 1.06469e-05
60 97 9.13771e-07
61 97 1.32617e-06
62 97 4.8014e-21
63 97 2.7517e-20
0 98 2.03158e-18
1 98 2.17811e-19
2 98 6.03346e-18
3 98 5.57686e-19
4 98 2.16742e-20
5 98 2.33973e-19
6 98 1.76454e-18
7 98 5.42019e-19
8 98 4.8741e-19
9 98 2.7777e-20
10 98 1.42801e-18
11 98 2.52006e-19
12 98 4.62081e-19
13 98 9.95007e-21
14 98 1.62542e-18
15 98 3.14797e-20
16 98 4.88763e-20
17 98 4.28626e-20
18 98 7.40622e-21
19 98 1.20395e-20
20 98 1.23123e-06
21 98 7.97271e-07
22 98 1.50673e-20
23 98 3.67708e-21
24 98 2.79218e-20
25 98 2.85428e-21
26 98 2.36443e-05
27 98 4.38899e-05
28 98 5.75261e-05
29 98 8.71093e-06
30 98 6.277e-07
31 98 6.24211e-07
32 98 3.61762e-07
33 98 8.80278e-07
34 98 1.23485e-21
35 98 1.22437e-20
36 98 2.50306e-08
37 98 9.23035e-09
38 98 2.41441e-07
39 98 9.42956e-07
40 98 3.04533e-07
41 98 9.66764e-08
42 98 1.80551e-20
43 98 3.00532e-21
44 98 1.33123e-21
45 98 1.03556e-20
46 98 2.85473e-21
47 98 7.52892e-21
48 98 1.09817e-20
49 98 1.88924e-20
50 98 2.44338e-21
51 98 2.65164e-21
52 98 1.68645e-20
53 98 1.0817e-20
54 98 1.20909e-20
55 98 4.86384e-21
56 98 1.90781e-05
57 98 1.32789e-05
58 98 2.84085e-05
59 98 3.34704e-05
60 98 6.69511e-06
61 98 1.91117e-05
62 98 6.64089e-20
63 98 1.03415e-20
0 99 2.31648e-19
1 99 5.72046e-19
2 99 9.11165e-19
3 99 2.91911e-19
4 99 2.61887e-20
5 99 1.63884e-19
6 99 1.84297e-19
7 99 5.47463e-19
8 99 2.35824e-21
9 99 3.06301e-20
10 99 3.04671e-19
11 99 9.35186e-20
12 99 1.42141e-19
13 99 5.791e-21
14 99 8.72012e-20
15 99 1.98416e-19
16 99 7.29339e-21
17 99 5.05397e-20
18 99 2.53837e-20
19 99 7.08527e-21
20 99 3.51795e-07
21 99 1.60989e-06
22 99 1.83889e-21
23 99 9.96835e-22
24 99 2.98931e-21
25 99 1.89846e-21
26 99 9.31237e-05
27 99 3.06094e-05
28 99 2.23549e-07
29 99 1.20735e-05
30 99 7.71707e-08
31 99 6.61484e-07
32 99 3.38963e-07
33 99 1.45845e-06
34 99 9.60307e-22
35 99 3.52644e-21
36 99 3.04603e-08
37 99 2.67212e-09
38 99 1.23179e-07
39 99 2.31197e-07
40 99 4.31498e-07
41 99 8.26508e-07
42 99 3.63908e-23
43 99 1.39662e-20
44 99 5.40793e-22
45 99 6.71797e-20
46 99 1.34245e-20
47 99 1.29055e-20
48 99 3.02548e-20
49 99 2.63464e-20
50 99 8.39294e-22
51 99 5.40506e-20
52 99 1.94067e-20
53 99 1.70041e-21
54 99 2.6042e-20
55 99 4.18511e-21
56 99 7.34863e-06
57 99 2.39426e-05
58 99 8.94324e-06
59 99 1.11131e-05
60 99 5.37498e-05
61 99 1.53602e-05
62 99 2.76484e-20
63 99 7.85592e-20
0 100 4.03332e-19
1 100 2.28998e-19
2 100 1.96964e-18
3 100 1.28844e-19
4 100 5.72078e-19
5 100 9.46415e-21
6 100 1.40971e-19
7 100 2.31541e-18
8 100 1.63784e-19
9 100 6.53103e-20
10 100 8.18824e-20
11 100 3.58063e-19
12 100 4.66677e-19
13 100 3.13907e-20
14 100 4.15364e-19
15 100 3.81003e-19
16 100 5.71989e-20
17 100 8.88151e-20
18 100 3.51167e-21
19 100 6.16195e-21
20 100 7.30424e-05
21 100 7.34901e-06
22 100 4.13857e-20
23 100 3.94037e-21
24 100 5.04728e-21
25 100 8.86135e-21
26 100 1.94799e-05
27 100 1.72421e-05
28 100 1.94103e-06
29 100 4.6557e-05
30 100 9.35806e-07
31 100 5.144e-06
32 100 1.94226e-08
33 100 3.69568e-07
34 100 4.3599e-09
35 100 6.21807e-08
36 100 2.38476e-07
37 100 3.79527e-06
38 100 4.87163e-07
39 100 3.67231e-08
40 100 7.65691e-07
41 100 2.052e-07
42 100 2.22147e-08
43 100 1.52054e-08
44 100 2.59946e-20
45 100 3.98746e-20
46 100 1.55121e-20
47 100 2.19332e-20
48 100 4.48345e-20
49 100 7.17914e-22
50 100 6.33017e-21
51 100 4.30749e-21
52 100 5.39034e-21
53 100 2.31263e-20
54 100 4.39776e-21
55 100 5.05979e-21
56 100 5.695e-05
57 100 8.9147e-07
58 100 2.03022e-06
59 100 8.65663e-06
60 100 2.10598e-05
61 100 4.84027e-05
62 100 1.68715e-20
63 100 6.61573e-20
0 101 2.22358e-18
1 101 1.20512e-18
2 101 8.43738e-20
3 101 3.66582e-18
4 101 1.75933e-20
5 101 4.31005e-20
6 101 2.95323e-18
7 101 2.26418e-19
8 101 1.55656e-20
9 101 6.91654e-20
10 101 8.36946e-19
11 101 1.84765e-19
12 101 3.67782e-19
13 101 8.08525e-21
14 101 1.5141e-19
15 101 5.98226e-19
16 101 1.13073e-20
17 101 1.91846e-20
18 101 4.07591e-20
19 101 1.87535e-20
20 101 4.0272e-05
21 101 5.66467e-05
22 101 3.49543e-21
23 101 3.09055e-21
24 101 2.68983e-20
25 101 3.88535e-21
26 101 1.8648e-05
27 101 1.37562e-06
28 101 5.41836e-05
29 101 5.6235e-06
30 101 1.52817e-07
31 101 3.76112e-06
32 101 2.7139e-06
33 101 1.54428e-07
34 101 3.10907e-08
35 101 3.05394e-08
36 101 1.72583e-06
37 101 3.1372e-06
38 101 3.14105e-07
39 101 2.98575e-07
40 101 3.8126e-07
41 101 4.15559e-07
42 101 6.38559e-09
43 101 2.8273e-08
44 101 1.21064e-20
45 101 1.37503e-20
46 101 2.62771e-21
47 101 3.73549e-21
48 101 5.96627e-20
49 101 1.7495e-20
50 101 1.65755e-20
51 101 8.37512e-21
52 101 3.25082e-21
53 101 5.33675e-21
54 101 1.58007e-21
55 101 3.55188e-20
56 101 2.33902e-05
57 101 4.63427e-05
58 101 5.64983e-05
59 101 2.01701e-05
60 101 1.98046e-06
61 101 2.1513e-06
62 101 4.22221e-20
63 101 6.86933e-20
0 102 9.36632e-19
1 102 1.39414e-18
2 102 3.29639e-18
3 102 1.77872e-18
4 102 9.1362e-20
5 102 1.48669e-20
6 102 3.00231e-18
7 102 5.32808e-19
8 102 1.58584e-19
9 102 3.67161e-20
10 102 1.49472e-18
11 102 1.7497e-19
12 102 1.22394e-18
13 102 2.00927e-20
14 102 8.81463e-20
15 102 1.44846e-18
16 102 8.91758e-20
17 102 1.98697e-21
18 102 1.59908e-20
19 102 3.19883e-21
20 102 2.6283e-05
21 102 2.14905e-05
22 102 2.31991e-20
23 102 4.87637e-22
24 102 1.63688e-21
25 102 5.65296e-21
26 102 2.02834e-05
27 102 3.13558e-06
28 102 7.51119e-06
29 102 2.92206e-06
30 102 1.04787e-06
31 102 2.00087e-06
32 102 5.25912e-06
33 102 4.13948e-06
34 102 2.46764e-08
35 102 2.64663e-08
36 102 2.13155e-06
37 102 2.65552e-07
38 102 3.36803e-07
39 102 8.78766e-08
40 102 8.98198e-08
41 102 1.13609e-07
42 102 2.65523e-08
43 102 2.20853e-09
44 102 1.20491e-20
45 102 8.85982e-21
46 102 3.17119e-21
47 102 1.32004e-20
48 102 5.91285e-21
49 102 3.77846e-20
50 102 7.30513e-22
51 102 8.07501e-22
52 102 3.35552e-21
53 102 5.70472e-21
54 102 4.82685e-21
55 102 2.64566e-20
56 102 1.21806e-05
57 102 2.21924e-05
58 102 3.29621e-06
59 102 7.44946e-05
60 102 4.8845e-06
61 102 5.02254e-06
62 102 7.53926e-21
63 102 6.38528e-20
0 103 9.80113e-20
1 103 9.45422e-20
2 103 2.52444e-19
3 103 1.47476e-18
4 103 3.69426e-20
5 103 1.07305e-19
6 103 3.35444e-19
7 103 1.99449e-19
8 103 1.43653e-19
9 103 2.92094e-20
10 103 3.47369e-19
11 103 3.72831e-19
12 103 1.83907e-19
13 103 7.82727e-21
14 103 2.85454e-19
15 103 1.54092e-19
16 103 5.98625e-21
17 103 6.91459e-21
18 103 4.58048e-20
19 103 3.00457e-20
20 103 2.00975e-05
21 103 4.43126e-05
22 103 2.78861e-20
23 103 5.9193e-22
24 103 4.53798e-21
25 103 6.11861e-21
26 103 3.81289e-06
27 103 5.22681e-05
28 103 6.83183e-06
29 103 1.79383e-05
30 103 6.54989e-06
31 103 3.00182e-06
32 103 1.21793e-06
33 103 4.28291e-07
34 103 2.87637e-08
35 103 3.74997e-08
36 103 8.18287e-07
37 103 2.41358e-06
38 103 9.665e-08
39 103 1.0908e-06
40 103 2.0022e-07
41 103 1.0727e-07
42 103 3.47063e-09
43 103 3.37936e-08
44 103 1.30686e-22
45 103 1.65537e-20
46 103 7.15487e-21
47 103 7.50475e-21
48 103 7.35848e-21
49 103 7.85457e-20
50 103 5.90738e-21
51 103 2.57081e-21
52 103 1.1541e-20
53 103 6.13574e-21
54 103 3.5271e-21
55 103 1.21014e-20
56 103 2.04558e-05
57 103 2.58872e-05
58 103 6.19663e-06
59 103 3.36485e-05
60 103 5.02111e-05
61 103 2.89516e-05
62 103 6.31305e-20
63 103 8.05652e-20
0 104 2.70221e-19
1 104 7.73136e-19
2 104 6.91605e-08
3 104 3.4235e-07
4 104 4.60049e-08
5 104 6.23627e-08
6 104 3.80901e-07
7 104 9.29535e-08
8 104 1.53639e-07
9 104 2.84316e-08
10 104 1.04549e-08
11 104 9.28203e-08
12 104 5.68423e-19
13 104 2.82145e-21
14 104 1.91748e-09
15 104 7.85612e-10
16 104 1.15175e-09
17 104 1.13301e-10
18 104 4.53175e-07
19 104 7.24115e-07
20 104 3.05375e-21
21 104 1.85894e-21
22 104 2.08746e-05
23 104 5.3462e-07
24 104 1.48476e-05
25 104 1.60142e-05
26 104 3.7007e-20
27 104 1.6215e-21
28 104 9.21514e-21
29 104 1.75425e-20
30 104 2.82729e-22
31 104 9.86327e-21
32 104 4.10016e-22
33 104 2.33043e-21
34 104 3.65606e-21
35 104 3.94242e-21
36 104 8.35781e-21
37 104 5.24829e-21
38 104 7.31776e-21
39 104 3.69601e-21
40 104 7.80701e-22
41 104 1.42317e-20
42 104 1.60376e-20
43 104 4.92282e-22
44 104 4.51361e-07
45 104 7.37022e-07
46 104 2.09806e-06
47 104 1.06989e-07
48 104 3.49725e-21
49 104 1.17096e-20
50 104 1.09977e-07
51 104 2.36067e-08
52 104 3.13972e-07
53 104 5.6108e-08
54 104 8.4262e-06
55 104 1.01471e-06
56 104 5.28741e-20
57 104 3.16621e-21
58 104 1.15914e-20
59 104 5.02045e-21
60 104 1.40017e-20
61 104 7.34805e-20
62 104 1.66778e-20
63 104 6.64984e-20
0 105 1.25796e-18
1 105 4.65308e-19
2 105 1.38852e-07
3 105 1.91537e-09
4 105 1.15661e-07
5 105 4.50305e-08
6 105 1.99142e-08
7 105 3.04797e-07
8 105 1.41621e-08
9 105 4.14766e-08
10 105 1.90936e-07
11 105 1.47001e-07
12 105 4.76941e-20
13 105 1.36974e-19
14 105 7.96413e-10
15 105 2.33371e-10
16 105 4.4733e-10
17 105 8.23902e-10
18 105 3.37826e-06
19 105 4.74071e-07
20 105 2.98204e-21
21 105 4.53424e-21
22 105 5.77651e-06
23 105 1.33917e-05
24 105 6.73275e-06
25 105 4.40924e-06
26 105 4.83223e-20
27 105 1.50345e-20
28 105 6.85805e-21
29 105 1.19759e-20
30 105 2.19536e-21
31 105 1.56609e-21
32 105 2.02414e-20
33 105 1.84058e-20
34 105 2.09369e-20
35 105 1.87815e-20
36 105 6.76113e-21
37 105 1.54354e-22
38 105 3.04432e-21
39 105 2.16366e-20
40 105 4.88581e-21
41 105 3.81464e-22
42 105 1.96686e-20
43 105 2.2434e-20
44 105 3.96333e-07
45 105 1.1146e-06
46 105 4.23811e-07
47 105 3.29933e-08
48 105 6.48508e-21
49 105 2.52198e-21
50 105 2.1532e-08
51 105 1.81155e-07
52 105 2.03202e-08
53 105 6.90514e-08
54 105 1.39813e-05
55 105 1.69113e-05
56 105 1.78129e-21
57 105 1.84603e-20
58 105 2.57158e-20
59 105 2.61465e-21
60 105 8.00585e-20
61 105 4.03699e-20
62 105 3.89386e-20
63 105 1.02447e-19
0 106 2.66335e-08
1 106 1.56495e-07
2 106 1.41671e-07
3 106 1.7727e-08
4 106 6.44501e-08
5 106 1.82396e-07
6 106 3.30888e-07
7 106 4.95248e-08
8 106 6.32765e-07
9 106 3.15249e-07
10 106 2.02376e-07
11 106 1.69661e-07
12 106 3.94431e-08
13 106 1.99527e-07
14 106 1.3026e-07
15 106 3.79856e-07
16 106 4.58429e-07
17 106 8.05489e-08
18 106 9.12283e-06
19 106 3.28098e-05
20 106 2.41095e-20
21 106 1.684e-20
22 106 2.04597e-06
23 106 1.02667e-05
24 106 8.01398e-07
25 106 4.96965e-06
26 106 2.6758e-20
27 106 9.43311e-22
28 106 2.32352e-20
29 106 2.98724e-20
30 106 5.16317e-21
31 106 1.64565e-20
32 106 2.26681e-21
33 106 4.82854e-21
34 106 6.77733e-21
35 106 4.02533e-21
36 106 5.14935e-21
37 106 2.41711e-21
38 106 9.90498e-21
39 106 2.16357e-21
40 106 5.42359e-21
41 106 1.08754e-21
42 106 9.97155e-22
43 106 1.99368e-21
44 106 1.08487e-06
45 106 2.61877e-07
46 106 1.15854e-07
47 106 1.26907e-07
48 106 2.80755e-07
49 106 6.59268e-08
50 106 6.49101e-07
51 106 2.09658e-06
52 106 3.44166e-06
53 106 2.71502e-07
54 106 1.4224e-07
55 106 1.95604e-07
56 106 4.98819e-20
57 106 4.85545e-20
58 106 4.01087e-21
59 106 4.46319e-20
60 106 2.32489e-20
61 106 2.41511e-20
62 106 3.7929e-08
63 106 1.0876e-07
0 107 2.5892e-07
1 107 4.48236e-07
2 107 6.10517e-08
3 107 9.82581e-08
4 107 6.93301e-08
5 107 1.30659e-07
6 107 2.55191e-07
7 107 1.63859e-07
8 107 8.75634e-08
9 107 6.72742e-07
10 107 5.34371e-08
11 107 1.77163e-08
12 107 6.35924e-07
13 107 2.86865e-07
14 107 1.96201e-07
15 107 5.54868e-07
16 107 1.78883e-07
17 107 3.07906e-07
18 107 3.25702e-06
19 107 4.76273e-06
20 107 1.12989e-20
21 107 8.54995e-21
22 107 3.0096e-06
23 107 8.65125e-06
24 107 9.97985e-07
25 107 3.44128e-06
26 107 3.01543e-21
27 107 1.07068e-20
28 107 4.04453e-21
29 107 1.25162e-20
30 107 4.47189e-21
31 107 2.76869e-21
32 107 1.22992e-20
33 107 1.40449e-20
34 107 9.71822e-21
35 107 1.26042e-20
36 107 2.55268e-20
37 107 1.53302e-22
38 107 3.22408e-21
39 107 1.79208e-21
40 107 5.19142e-21
41 107 4.06809e-21
42 107 1.76264e-21
43 107 7.22555e-21
44 107 5.12725e-07
45 107 5.0074e-08
46 107 1.01755e-06
47 107 2.48031e-08
48 107 6.66519e-07
49 107 6.72204e-07
50 107 3.27835e-07
51 107 4.04569e-06
52 107 3.84749e-07
53 107 9.51429e-07
54 107 1.5735e-08
55 107 4.88788e-08
56 107 7.76797e-22
57 107 7.27589e-22
58 107 3.36951e-20
59 107 8.85611e-21
60 107 2.11945e-20
61 107 6.97529e-21
62 107 4.88646e-07
63 107 7.78006e-08
0 108 2.7661e-07
1 108 2.35633e-08
2 108 2.46955e-08
3 108 5.09512e-07
4 108 2.82209e-07
5 108 6.87647e-09
6 108 6.81023e-07
7 108 3.95142e-07
8 108 9.61695e-07
9 108 7.29607e-07
10 108 3.51678e-08
11 108 7.83553e-08
12 108 1.3428e-07
13 108 2.57425e-07
14 108 8.20579e-09
15 108 5.78205e-07
16 108 5.42457e-07
17 108 3.01219e-07
18 108 7.75842e-06
19 108 5.03684e-06
20 108 1.07799e-20
21 108 1.07437e-20
22 108 7.15316e-06
23 108 3.71612e-06
24 108 1.24505e-05
25 108 4.07832e-06
26 108 5.01503e-20
27 108 1.61935e-20
28 108 5.67233e-21
29 108 1.58395e-20
30 108 2.88962e-21
31 108 2.01654e-20
32 108 5.83852e-21
33 108 3.2628e-20
34 108 4.58101e-21
35 108 3.32887e-21
36 108 3.81205e-20
37 108 1.65899e-20
38 108 2.76895e-20
39 108 7.41468e-21
40 108 4.73926e-20
41 108 2.23797e-20
42 108 1.16961e-20
43 108 6.47698e-21
44 108 7.60083e-09
45 108 3.37255e-07
46 108 1.29534e-07
47 108 9.4979e-07
48 108 3.16143e-08
49 108 5.36646e-07
50 108 1.38608e-06
51 108 2.06204e-06
52 108 1.58347e-06
53 108 5.47413e-06
54 108 6.92492e-08
55 108 3.384e-08
56 108 3.78447e-20
57 108 2.03416e-20
58 108 2.52071e-20
59 108 1.33803e-20
60 108 1.47858e-20
61 108 8.98313e-21
62 108 1.31887e-07
63 108 1.08558e-07
0 109 2.18411e-07
1 109 3.31984e-08
2 109 1.00931e-06
3 109 1.12159e-07
4 109 3.17289e-08
5 109 8.4839e-08
6 109 3.4966e-07
7 109 3.2628e-06
8 109 2.64762e-07
9 109 3.29681e-07
10 109 9.84174e-08
11 109 9.11653e-08
12 109 1.35742e-07
13 109 1.9259e-07
14 109 3.92348e-07
15 109 1.62169e-07
16 109 2.73764e-07
17 109 3.87544e-07
18 109 1.09099e-05
19 109 1.04581e-05
20 109 1.73361e-21
21 109 1.72783e-21
22 109 6.60207e-06
23 109 2.92297e-06
24 109 2.1415e-05
25 109 3.73655e-06
26 109 1.14849e-19
27 109 1.62287e-21
28 109 1.98539e-20
29 109 1.6411e-20
30 109 8.77021e-21
31 109 2.45835e-21
32 109 2.32267e-20
33 109 2.96821e-21
34 109 5.51167e-22
35 109 1.80924e-20
36 109 3.34675e-21
37 109 7.1095e-21
38 109 1.68699e-21
39 109 4.70092e-21
40 109 1.67192e-21
41 109 6.94215e-21
42 109 6.50045e-21
43 109 9.69329e-21
44 109 1.5325e-07
45 109 2.34565e-07
46 109 1.78585e-07
47 109 4.52209e-08
48 109 1.1412e-07
49 109 3.62202e-07
50 109 5.20052e-06
51 109 2.57875e-06
52 109 2.33682e-06
53 109 3.90743e-06
54 109 9.28035e-08
55 109 7.9355e-08
56 109 1.62201e-20
57 109 1.65978e-21
58 109 3.39937e-20
59 109 3.41701e-21
60 109 3.13419e-20
61 109 4.35989e-21
62 109 6.60061e-08
63 109 1.35537e-07
0 110 5.94006e-08
1 110 1.41735e-08
2 110 1.38066e-08
3 110 5.44593e-08
4 110 1.13546e-07
5 110 6.70259e-08
6 110 1.88184e-06
7 110 5.60892e-07
8 110 8.30782e-06
9 110 5.37104e-06
10 110 2.57878e-05
11 110 7.95532e-06
12 110 5.8688e-09
13 110 2.05372e-09
14 110 1.8899e-07
15 110 1.02119e-06
16 110 5.95622e-07
17 110 8.37808e-07
18 110 1.70805e-06
19 110 2.09926e-06
20 110 3.48618e-21
21 110 1.35397e-20
22 110 5.1577e-09
23 110 1.51811e-08
24 110 6.85651e-09
25 110 1.83755e-09
26 110 3.08609e-20
27 110 2.66852e-20
28 110 2.15661e-20
29 110 4.6828e-20
30 110 5.0689e-20
31 110 4.17204e-21
32 110 4.44475e-21
33 110 1.00743e-20
34 110 3.07678e-21
35 110 5.47378e-21
36 110 5.64442e-21
37 110 3.8222e-20
38 110 5.15609e-21
39 110 3.26163e-20
40 110 4.38357e-22
41 110 1.46595e-20
42 110 3.85546e-22
43 110 7.42249e-22
44 110 8.16973e-07
45 110 1.47676e-07
46 110 1.16251e-08
47 110 4.80828e-07
48 110 6.37807e-08
49 110 1.61826e-07
50 110 1.52003e-07
51 110 2.03959e-06
52 110 3.20963e-06
53 110 1.76407e-06
54 110 5.8198e-06
55 110 2.32177e-05
56 110 7.36026e-20
57 110 3.38281e-21
58 110 4.90768e-22
59 110 8.42582e-20
60 110 7.03102e-21
61 110 8.11913e-20
62 110 1.04193e-07
63 110 7.72947e-08
0 111 2.01428e-07
1 111 2.57249e-07
2 111 3.35235e-08
3 111 1.59816e-08
4 111 5.62075e-08
5 111 1.13206e-07
6 111 2.72509e-06
7 111 4.52058e-06
8 111 6.23493e-06
9 111 1.30143e-05
10 111 2.35562e-06
11 111 6.46926e-08
12 111 2.37886e-08
13 111 2.56014e-08
14 111 5.55477e-07
15 111 5.49134e-07
16 111 2.7332e-08
17 111 3.08376e-07
18 111 2.21695e-07
19 111 5.13936e-08
20 111 1.10675e-19
21 111 1.99859e-21
22 111 4.90508e-09
23 111 1.42366e-08
24 111 2.60901e-09
25 111 1.9243e-08
26 111 1.10438e-20
27 111 2.59229e-20
28 111 5.51881e-20
29 111 3.49603e-21
30 111 5.69654e-20
31 111 2.14187e-20
32 111 2.7306e-20
33 111 1.32315e-19
34 111 1.58599e-20
35 111 1.3048e-20
36 111 3.14478e-20
37 111 4.76675e-20
38 111 9.13884e-22
39 111 1.44404e-20
40 111 1.72452e-20
41 111 3.527e-20
42 111 9.8245e-21
43 111 2.87162e-22
44 111 1.91402e-08
45 111 1.13602e-07
46 111 1.45627e-06
47 111 2.94942e-07
48 111 5.96348e-07
49 111 8.10132e-07
50 111 6.31786e-07
51 111 3.00643e-06
52 111 4.11371e-06
53 111 1.55549e-06
54 111 9.38801e-08
55 111 1.98891e-06
56 111 8.20583e-20
57 111 3.94435e-20
58 111 6.67711e-20
59 111 2.68289e-20
60 111 5.90843e-20
61 111 1.02017e-19
62 111 8.36338e-07
63 111 2.95095e-07
0 112 4.68249e-09
1 112 3.91642e-08
2 112 1.34299e-07
3 112 1.62658e-07
4 112 1.24158e-07
5 112 1.18513e-07
6 112 8.20786e-06
7 112 1.90893e-05
8 112 4.81505e-06
9 112 2.73168e-06
10 112 3.6102e-06
11 112 2.80648e-05
12 112 3.38586e-09
13 112 1.33554e-09
14 112 5.74148e-08
15 112 8.66184e-07
16 112 4.14876e-07
17 112 6.80128e-07
18 112 4.96242e-07
19 112 3.07772e-06
20 112 5.4291e-20
21 112 3.14773e-21
22 112 4.10778e-08
23 112 4.98442e-09
24 112 2.34224e-08
25 112 3.64548e-09
26 112 9.33024e-20
27 112 5.49637e-20
28 112 1.55444e-20
29 112 2.32919e-19
30 112 1.45763e-20
31 112 3.64439e-20
32 112 8.21374e-20
33 112 9.62823e-21
34 112 1.0453e-20
35 112 1.40883e-20
36 112 6.48421e-20
37 112 4.49229e-20
38 112 1.06041e-20
39 112 3.33285e-22
40 112 7.50722e-21
41 112 3.27771e-20
42 112 7.30308e-20
43 112 2.31273e-20
44 112 7.94606e-07
45 112 3.5934e-07
46 112 4.83347e-09
47 112 2.40081e-07
48 112 1.09549e-07
49 112 2.49026e-08
50 112 1.18707e-06
51 112 1.0573e-06
52 112 1.33649e-06
53 112 3.3615e-06
54 112 2.4907e-05
55 112 2.35081e-06
56 112 1.07538e-19
57 112 8.27558e-20
58 112 1.10793e-19
59 112 1.12436e-19
60 112 6.70652e-20
61 112 2.12279e-19
62 112 7.5663e-08
63 112 3.24953e-08
0 113 1.2874e-07
1 113 2.35185e-08
2 113 5.69857e-07
3 113 5.85018e-08
4 113 4.83576e-08
5 113 1.84018e-08
6 113 1.10165e-05
7 113 2.51755e-05
8 113 7.16589e-06
9 113 4.61845e-06
10 113 8.04326e-06
11 113 3.9039e-07
12 113 6.35838e-09
13 113 1.00368e-08
14 113 1.84743e-07
15 113 3.38385e-07
16 113 1.31537e-06
17 113 4.8025e-08
18 113 7.50576e-07
19 113 2.0101e-07
20 113 3.46725e-20
21 113 1.27936e-20
22 113 2.21556e-09
23 113 1.3124e-08
24 113 6.89125e-08
25 113 1.51923e-08
26 113 1.36463e-20
27 113 2.41094e-21
28 113 2.38497e-20
29 113 5.74137e-21
30 113 8.40146e-20
31 113 1.40426e-20
32 113 9.59507e-20
33 113 3.32272e-20
34 113 2.14139e-20
35 113 2.11772e-20
36 113 3.0078e-20
37 113 1.0933e-20
38 113 2.61494e-20
39 113 9.7309e-20
40 113 6.22743e-20
41 113 3.18574e-20
42 113 2.60689e-20
43 113 1.71666e-20
44 113 1.76167e-07
45 113 1.15115e-06
46 113 3.61562e-07
47 113 3.26346e-08
48 113 1.2452e-07
49 113 3.42362e-07
50 113 2.51505e-06
51 113 3.66213e-06
52 113 3.41932e-07
53 113 2.04747e-06
54 113 1.73974e-07
55 113 7.08357e-06
56 113 2.25543e-20
57 113 1.25479e-20
58 113 1.49473e-20
59 113 2.66031e-20
60 113 1.85745e-20
61 113 4.50565e-20
62 113 1.1063e-07
63 113 2.6495e-07
0 114 3.96748e-07
1 114 2.27442e-07
2 114 4.82474e-08
3 114 3.49928e-07
4 114 1.50251e-06
5 114 8.73094e-07
6 114 5.95224e-08
7 114 1.08033e-08
8 114 6.21874e-08
9 114 1.69988e-07
10 114 1.11939e-19
11 114 4.10617e-20
12 114 4.12801e-06
13 114 1.03732e-05
14 114 2.99944e-06
15 114 3.53794e-06
16 114 1.22599e-06
17 114 3.45617e-06
18 114 1.62007e-20
19 114 4.59592e-21
20 114 2.77952e-20
21 114 2.11763e-20
22 114 4.26094e-08
23 114 2.9705e-07
24 114 1.31741e-07
25 114 3.60012e-09
26 114 4.22418e-21
27 114 1.5453e-20
28 114 1.40564e-20
29 114 7.72111e-21
30 114 2.45204e-20
31 114 1.72737e-20
32 114 1.49636e-20
33 114 2.20676e-20
34 114 5.7937e-21
35 114 3.19804e-21
36 114 3.11135e-21
37 114 5.01214e-20
38 114 1.0721e-20
39 114 4.45783e-20
40 114 2.6336e-20
41 114 5.9205e-21
42 114 6.84334e-21
43 114 2.70068e-21
44 114 2.64037e-06
45 114 6.06508e-09
46 114 3.19327e-07
47 114 1.6988e-06
48 114 2.29194e-06
49 114 2.3086e-06
50 114 1.1081e-06
51 114 3.41762e-06
52 114 8.43258e-07
53 114 2.4203e-06
54 114 2.69489e-20
55 114 2.97608e-20
56 114 2.71624e-20
57 114 1.19409e-20
58 114 7.20625e-20
59 114 3.60273e-20
60 114 3.22351e-20
61 114 3.71508e-20
62 114 2.54755e-07
63 114 1.80311e-06
0 115 4.00981e-07
1 115 8.85904e-07
2 115 3.1537e-07
3 115 8.52612e-09
4 115 1.56051e-07
5 115 1.4741e-06
6 115 2.6805e-08
7 115 4.07193e-09
8 115 1.13092e-07
9 115 6.91345e-08
10 115 7.45142e-19
11 115 2.04827e-18
12 115 1.78591e-05
13 115 1.20379e-05
14 115 9.08459e-08
15 115 2.52243e-06
16 115 3.0716e-06
17 115 2.21899e-06
18 115 1.0273e-19
19 115 8.40018e-20
20 115 5.06871e-20
21 115 4.06271e-20
22 115 4.84332e-08
23 115 6.11083e-08
24 115 4.33452e-09
25 115 2.2075e-07
26 115 3.45833e-20
27 115 1.59356e-19
28 115 4.07799e-20
29 115 2.03374e-20
30 115 7.67567e-20
31 115 5.79948e-20
32 115 1.67639e-19
33 115 7.89652e-20
34 115 5.95766e-21
35 115 5.77552e-20
36 115 4.52524e-20
37 115 2.86327e-20
38 115 1.90392e-20
39 115 4.15315e-20
40 115 3.07422e-20
41 115 3.31472e-20
42 115 1.59892e-20
43 115 1.3259e-20
44 115 7.88991e-07
45 115 1.03109e-07
46 115 2.55327e-07
47 115 2.13864e-06
48 115 7.5574e-06
49 115 1.92748e-06
50 115 1.48449e-06
51 115 5.4968e-07
52 115 1.94477e-06
53 115 1.50841e-06
54 115 1.85656e-19
55 115 5.5653e-20
56 115 3.9437e-20
57 115 7.78414e-21
58 115 6.25056e-20
59 115 2.5395e-20
60 115 3.74856e-20
61 115 1.88033e-20
62 115 1.29294e-06
63 115 2.94973e-06
0 116 1.6802e-06
1 116 1.52769e-06
2 116 4.48891e-08
3 116 1.83476e-06
4 116 4.26898e-07
5 116 2.24032e-06
6 116 1.7687e-07
7 116 4.28868e-08
8 116 5.91217e-07
9 116 6.96321e-07
10 116 7.05099e-07
11 116 8.51723e-07
12 116 3.02006e-06
13 116 1.8206e-06
14 116 3.00074e-06
15 116 3.20353e-06
16 116 4.39063e-07
17 116 8.57345e-07
18 116 7.04144e-07
19 116 3.40002e-07
20 116 3.53755e-20
21 116 8.87406e-20
22 116 8.19559e-08
23 116 3.99806e-08
24 116 3.31924e-08
25 116 4.23069e-08
26 116 2.96031e-20
27 116 2.94715e-20
28 116 1.54191e-21
29 116 1.57307e-20
30 116 4.37515e-21
31 116 3.29913e-20
32 116 1.67553e-20
33 116 2.06507e-20
34 116 1.83308e-21
35 116 1.28453e-20
36 116 9.36351e-21
37 116 3.18909e-21
38 116 9.5401e-21
39 116 2.30512e-20
40 116 3.65934e-20
41 116 1.53026e-20
42 116 1.2491e-20
43 116 4.65341e-21
44 116 1.3519e-07
45 116 1.32054e-06
46 116 1.44846e-06
47 116 1.27261e-06
48 116 1.14775e-07
49 116 2.2453e-07
50 116 1.9277e-07
51 116 2.23589e-06
52 116 2.08825e-06
53 116 2.66515e-06
54 116 3.27744e-07
55 116 3.09798e-07
56 116 2.8623e-20
57 116 1.83172e-20
58 116 1.59449e-20
59 116 5.66623e-20
60 116 4.16983e-20
61 116 5.48444e-21
62 116 1.29502e-07
63 116 2.04873e-08
0 117 1.30463e-06
1 117 6.10815e-07
2 117 5.25978e-07
3 117 3.85962e-06
4 117 2.88845e-07
5 117 6.87089e-07
6 117 1.02792e-06
7 117 1.43153e-07
8 117 1.83894e-07
9 117 1.75804e-08
10 117 1.55888e-06
11 117 3.69205e-07
12 117 3.85107e-07
13 117 2.50528e-06
14 117 1.52507e-06
15 117 6.75947e-06
16 117 3.89847e-06
17 117 1.21279e-06
18 117 6.30686e-07
19 117 6.62462e-07
20 117 2.1068e-20
21 117 4.614e-21
22 117 6.16005e-09
23 117 4.33118e-08
24 117 1.0485e-07
25 117 1.42275e-08
26 117 2.32185e-20
27 117 1.96324e-20
28 117 1.48846e-21
29 117 4.64665e-21
30 117 1.53648e-21
31 117 1.472e-20
32 117 1.17663e-20
33 117 2.29887e-21
34 117 5.23343e-21
35 117 1.5249e-20
36 117 1.65833e-20
37 117 9.85599e-21
38 117 2.35713e-20
39 117 1.3033e-21
40 117 2.94383e-21
41 117 2.51742e-20
42 117 4.75858e-20
43 117 3.60509e-20
44 117 1.12652e-06
45 117 1.40815e-06
46 117 8.59976e-07
47 117 1.40929e-08
48 117 5.58979e-08
49 117 1.46703e-07
50 117 1.45529e-06
51 117 2.39219e-06
52 117 1.44022e-06
53 117 2.12529e-06
54 117 1.28936e-07
55 117 6.60643e-07
56 117 9.31983e-21
57 117 8.33911e-20
58 117 3.28375e-20
59 117 2.48419e-20
60 117 5.91811e-20
61 117 3.48679e-20
62 117 3.37675e-08
63 117 5.57918e-08
0 118 3.58202e-07
1 118 1.55228e-06
2 118 2.26873e-06
3 118 3.44376e-08
4 118 7.67565e-07
5 118 4.15565e-07
6 118 3.7915e-08
7 118 6.14028e-07
8 118 8.09365e-08
9 118 5.63262e-08
10 118 1.10111e-07
11 118 1.71615e-07
12 118 2.47776e-06
13 118 4.05126e-07
14 118 2.20038e-06
15 118 8.42506e-06
16 118 9.5228e-06
17 118 4.75141e-06
18 118 1.34044e-07
19 118 5.4907e-08
20 118 1.20385e-19
21 118 1.23084e-20
22 118 5.11851e-08
23 118 4.68942e-08
24 118 9.79628e-08
25 118 7.60601e-08
26 118 1.27648e-20
27 118 7.93346e-20
28 118 5.87766e-21
29 118 2.5809e-20
30 118 1.14109e-19
31 118 1.78194e-20
32 118 6.75015e-20
33 118 1.15354e-20
34 118 8.66478e-21
35 118 6.63473e-20
36 118 2.39085e-20
37 118 4.64159e-20
38 118 5.99189e-21
39 118 4.16728e-20
40 118 7.19088e-20
41 118 3.3938e-21
42 118 3.78391e-22
43 118 4.8488e-20
44 118 6.357e-08
45 118 1.75635e-06
46 118 4.47607e-07
47 118 4.46519e-07
48 118 1.54976e-07
49 118 4.70998e-08
50 118 1.16758e-06
51 118 1.91569e-06
52 118 8.5029e-08
53 118 1.00454e-06
54 118 7.49803e-08
55 118 4.03906e-08
56 118 3.70493e-20
57 118 1.05176e-19
58 118 5.59456e-20
59 118 2.04746e-20
60 118 7.82094e-20
61 118 2.01663e-20
62 118 6.75508e-08
63 118 2.17763e-08
0 119 1.24104e-06
1 119 1.93967e-07
2 119 3.45443e-08
3 119 4.08991e-07
4 119 3.18464e-06
5 119 8.85884e-07
6 119 2.37485e-07
7 119 4.05987e-07
8 119 3.87254e-07
9 119 3.86426e-08
10 119 1.55163e-06
11 119 2.2055e-06
12 119 5.37244e-07
13 119 1.62816e-06
14 119 1.17315e-06
15 119 1.50286e-06
16 119 3.2082e-06
17 119 6.04216e-06
18 119 3.93715e-07
19 119 2.12616e-06
20 119 6.21837e-20
21 119 1.11275e-19
22 119 3.86475e-08
23 119 6.31508e-09
24 119 7.92939e-08
25 119 1.3712e-10
26 119 4.16649e-20
27 119 1.88254e-19
28 119 3.26805e-20
29 119 4.4111e-21
30 119 4.57995e-20
31 119 2.63752e-19
32 119 4.43761e-21
33 119 4.50654e-20
34 119 3.01033e-20
35 119 9.49136e-22
36 119 1.39841e-19
37 119 7.28729e-20
38 119 1.09272e-19
39 119 2.33712e-20
40 119 8.36938e-20
41 119 2.27259e-21
42 119 6.83202e-20
43 119 1.94933e-20
44 119 1.21901e-06
45 119 4.66195e-07
46 119 7.29871e-07
47 119 1.12943e-07
48 119 3.29899e-08
49 119 1.18793e-07
50 119 5.82771e-07
51 119 7.73925e-07
52 119 3.99622e-06
53 119 6.71521e-07
54 119 9.23303e-07
55 119 6.15301e-07
56 119 1.84264e-19
57 119 2.79506e-20
58 119 1.88427e-20
59 119 6.4567e-20
60 119 6.56379e-20
61 119 9.17304e-20
62 119 1.75238e-08
63 119 4.95715e-08
0 120 1.29074e-18
1 120 3.26328e-19
2 120 2.59122e-07
3 120 6.42719e-07
4 120 2.26584e-07
5 120 1.0516e-07
6 120 3.40432e-05
7 120 1.70489e-05
8 120 1.29621e-05
9 120 3.84421e-07
10 120 4.00083e-07
11 120 1.26195e-06
12 120 2.712e-19
13 120 3.47793e-19
14 120 2.68877e-09
15 120 5.76258e-10
16 120 1.15604e-09
17 120 2.13471e-11
18 120 7.95279e-10
19 120 1.56703e-09
20 120 2.44088e-20
21 120 5.80614e-20
22 120 7.65804e-07
23 120 2.93989e-07
24 120 1.30306e-06
25 120 1.22338e-06
26 120 4.82008e-20
27 120 2.19048e-22
28 120 8.00814e-21
29 120 1.65706e-20
30 120 5.5486e-20
31 120 8.16702e-20
32 120 7.41245e-21
33 120 2.44763e-20
34 120 2.31661e-20
35 120 2.36528e-21
36 120 4.51133e-20
37 120 8.64307e-21
38 120 1.96325e-20
39 120 2.37951e-20
40 120 8.01963e-22
41 120 3.70929e-21
42 120 3.53107e-21
43 120 2.1952e-21
44 120 5.27756e-08
45 120 9.54841e-08
46 120 1.37555e-07
47 120 5.65561e-09
48 120 2.17417e-19
49 120 1.9238e-20
50 120 9.72822e-06
51 120 4.44405e-06
52 120 2.05911e-05
53 120 6.96287e-06
54 120 2.85633e-08
55 120 6.75839e-09
56 120 2.36306e-20
57 120 3.42127e-20
58 120 3.04045e-20
59 120 3.71805e-20
60 120 3.47968e-20
61 120 8.56448e-21
62 120 3.44867e-19
63 120 1.47271e-19
0 121 6.28023e-18
1 121 1.58366e-18
2 121 1.88511e-07
3 121 9.81229e-08
4 121 1.21317e-07
5 121 1.25946e-07
6 121 1.66782e-06
7 121 1.8389e-05
8 121 1.98821e-06
9 121 5.84408e-06
10 121 6.88514e-06
11 121 7.41347e-06
12 121 4.23022e-19
13 121 5.11436e-19
14 121 6.67919e-11
15 121 4.58207e-10
16 121 4.67455e-10
17 121 9.30192e-10
18 121 1.64859e-08
19 121 3.83724e-09
20 121 1.84725e-20
21 121 3.05745e-21
22 121 8.92476e-07
23 121 5.72536e-07
24 121 3.9705e-08
25 121 4.74097e-08
26 121 8.69138e-20
27 121 4.92998e-21
28 121 5.25488e-21
29 121 7.52586e-20
30 121 8.99113e-21
31 121 1.98724e-20
32 121 2.62455e-20
33 121 1.90813e-20
34 121 3.8125e-20
35 121 1.17951e-20
36 121 1.33216e-21
37 121 2.33832e-20
38 121 1.02349e-20
39 121 5.23614e-21
40 121 9.82077e-21
41 121 4.49599e-20
42 121 1.29903e-19
43 121 7.41847e-20
44 121 1.32572e-08
45 121 4.87519e-08
46 121 5.88911e-08
47 121 5.24857e-09
48 121 7.79987e-20
49 121 6.86709e-20
50 121 1.52533e-07
51 121 1.09404e-05
52 121 4.52544e-06
53 121 2.44079e-06
54 121 1.5988e-07
55 121 1.43997e-07
56 121 5.15862e-20
57 121 3.91124e-20
58 121 2.80338e-20
59 121 6.76707e-21
60 121 2.57374e-20
61 121 2.61677e-21
62 121 6.74285e-20
63 121 1.19024e-19
0 122 2.29759e-05
1 122 3.14252e-05
2 122 6.6359e-07
3 122 9.89036e-08
4 122 1.43959e-06
5 122 1.87692e-06
6 122 1.2654e-07
7 122 2.05053e-08
8 122 4.25959e-07
9 122 2.80632e-08
10 122 7.23912e-19
11 122 1.82039e-20
12 122 2.35012e-05
13 122 1.4176e-05
14 122 6.57465e-09
15 122 1.87051e-08
16 122 3.42677e-08
17 122 3.76469e-08
18 122 8.36009e-20
19 122 3.12348e-21
20 122 8.63439e-20
21 122 3.83288e-21
22 122 9.3921e-08
23 122 1.40988e-07
24 122 5.78949e-08
25 122 3.66479e-07
26 122 3.34798e-20
27 122 2.43232e-20
28 122 7.43139e-20
29 122 1.97761e-20
30 122 4.42269e-21
31 122 2.98285e-20
32 122 6.69286e-21
33 122 4.12958e-20
34 122 3.85618e-21
35 122 3.20345e-20
36 122 3.12297e-20
37 122 6.23923e-20
38 122 7.72329e-21
39 122 6.05064e-21
40 122 4.06683e-20
41 122 2.60504e-20
42 122 3.55658e-21
43 122 3.55375e-20
44 122 1.19163e-06
45 122 7.21882e-08
46 122 2.55382e-07
47 122 5.3942e-07
48 122 3.6217e-05
49 122 1.57503e-05
50 122 1.12232e-08
51 122 4.4743e-09
52 122 1.86193e-08
53 122 6.85634e-09
54 122 4.13522e-20
55 122 1.25651e-20
56 122 9.9979e-20
57 122 6.23879e-21
58 122 2.42083e-21
59 122 9.12199e-20
60 122 1.3627e-20
61 122 1.03605e-21
62 122 7.62933e-06
63 122 1.53774e-05
0 123 7.9953e-06
1 123 1.17995e-05
2 123 1.5466e-07
3 123 7.07732e-07
4 123 2.29271e-06
5 123 3.40504e-06
6 123 1.35947e-07
7 123 2.47254e-08
8 123 1.06994e-07
9 123 6.99012e-07
10 123 1.2057e-18
11 123 6.39164e-19
12 123 1.94682e-06
13 123 1.17627e-05
14 123 3.43917e-08
15 123 6.16346e-08
16 123 2.27035e-08
17 123 3.75861e-08
18 123 1.02428e-19
19 123 1.90629e-19
20 123 1.3218e-19
21 123 1.37821e-20
22 123 9.94475e-08
23 123 6.19715e-07
24 123 2.31121e-07
25 123 1.10024e-07
26 123 8.59604e-20
27 123 2.14315e-20
28 123 3.28995e-20
29 123 4.33588e-20
30 123 1.37182e-19
31 123 1.71502e-19
32 123 1.74639e-19
33 123 1.37739e-19
34 123 2.00124e-20
35 123 9.99549e-20
36 123 1.84825e-19
37 123 6.84731e-20
38 123 2.27627e-20
39 123 2.51099e-19
40 123 9.56854e-20
41 123 3.67877e-20
42 123 2.60795e-20
43 123 8.30859e-20
44 123 1.12438e-06
45 123 1.54216e-09
46 123 1.32709e-07
47 123 2.05219e-06
48 123 1.3344e-05
49 123 5.56527e-06
50 123 9.74744e-09
51 123 2.76159e-08
52 123 3.93227e-09
53 123 2.49219e-08
54 123 3.80199e-20
55 123 1.89744e-21
56 123 4.20085e-20
57 123 5.33491e-20
58 123 9.1748e-20
59 123 4.76085e-20
60 123 7.25604e-20
61 123 1.34266e-19
62 123 7.85532e-08
63 123 8.29284e-06
0 124 1.74756e-06
1 124 2.21154e-07
2 124 2.14172e-05
3 124 7.299e-06
4 124 1.03077e-06
5 124 7.68541e-07
6 124 6.74567e-08
7 124 1.36098e-07
8 124 1.95837e-08
9 124 5.14982e-09
10 124 3.64717e-08
11 124 2.35939e-08
12 124 2.25829e-12
13 124 6.71611e-12
14 124 8.74905e-06
15 124 2.54058e-06
16 124 5.71777e-06
17 124 1.96468e-06
18 124 1.06869e-07
19 124 2.91148e-08
20 124 6.58904e-20
21 124 2.17002e-20
22 124 2.78059e-10
23 124 4.61073e-09
24 124 1.49074e-08
25 124 4.68884e-09
26 124 2.37692e-20
27 124 4.41622e-22
28 124 2.154e-21
29 124 5.56847e-20
30 124 7.22064e-21
31 124 3.21685e-21
32 124 8.12531e-21
33 124 1.27783e-20
34 124 1.25378e-21
35 124 2.10691e-20
36 124 6.87149e-21
37 124 3.12035e-20
38 124 3.11e-21
39 124 2.79016e-21
40 124 1.52669e-21
41 124 8.10895e-21
42 124 1.03278e-20
43 124 1.23852e-20
44 124 9.88743e-07
45 124 1.20203e-05
46 124 3.85873e-06
47 124 9.39141e-07
48 124 1.60096e-07
49 124 7.21156e-07
50 124 8.34372e-09
51 124 3.68881e-09
52 124 8.27881e-10
53 124 6.30639e-09
54 124 6.738e-09
55 124 8.25208e-09
56 124 7.73689e-20
57 124 2.55259e-20
58 124 5.6168e-20
59 124 2.9122e-20
60 124 8.03581e-20
61 124 7.13388e-22
62 124 1.36645e-08
63 124 3.26941e-08
0 125 1.07601e-06
1 125 1.63593e-06
2 125 8.38295e-06
3 125 2.6412e-06
4 125 3.6341e-06
5 125 1.44013e-05
6 125 1.49657e-07
7 125 5.34247e-08
8 125 1.21892e-08
9 125 4.59698e-09
10 125 1.18619e-07
11 125 1.98518e-08
12 125 1.1313e-11
13 125 1.04675e-12
14 125 1.24121e-06
15 125 3.26205e-06
16 125 1.77628e-06
17 125 1.54572e-06
18 125 1.68997e-07
19 125 1.44492e-07
20 125 2.21164e-20
21 125 1.92767e-20
22 125 3.40629e-08
23 125 6.9941e-09
24 125 6.9585e-09
25 125 3.72734e-09
26 125 2.20772e-21
27 125 1.01887e-19
28 125 1.13863e-20
29 125 5.031e-20
30 125 4.2559e-20
31 125 4.18275e-21
32 125 5.76075e-22
33 125 3.42777e-21
34 125 9.87847e-21
35 125 5.14444e-20
36 125 1.26564e-21
37 125 4.51994e-20
38 125 8.12263e-21
39 125 2.16291e-20
40 125 2.08617e-21
41 125 2.8177e-20
42 125 3.63439e-20
43 125 7.49581e-21
44 125 1.50014e-06
45 125 3.33469e-07
46 125 2.91997e-07
47 125 6.57366e-07
48 125 6.18327e-07
49 125 5.95613e-07
50 125 1.81151e-10
51 125 1.42054e-09
52 125 2.49063e-09
53 125 1.93579e-10
54 125 4.85507e-09
55 125 2.97022e-08
56 125 4.98419e-21
57 125 1.06705e-19
58 125 5.26874e-20
59 125 4.71906e-20
60 125 5.69045e-20
61 125 7.52261e-21
62 125 6.04233e-08
63 125 3.43649e-09
0 126 1.48255e-06
1 126 9.54052e-07
2 126 1.33794e-06
3 126 3.81917e-06
4 126 2.26561e-06
5 126 3.31075e-06
6 126 2.92116e-08
7 126 5.01989e-09
8 126 1.69883e-07
9 126 1.66572e-07
10 126 4.02021e-08
11 126 9.81576e-08
12 126 5.66252e-12
13 126 5.43981e-12
14 126 3.96108e-07
15 126 1.92287e-06
16 126 2.52616e-07
17 126 4.16227e-06
18 126 9.54681e-08
19 126 2.17769e-07
20 126 5.11972e-21
21 126 1.72507e-20
22 126 3.78397e-09
23 126 2.22264e-08
24 126 8.36172e-09
25 126 2.32704e-08
26 126 9.88763e-20
27 126 1.9372e-19
28 126 1.06503e-19
29 126 4.92792e-21
30 126 4.64776e-20
31 126 3.05952e-20
32 126 1.24769e-19
33 126 1.76634e-20
34 126 4.76984e-21
35 126 1.23466e-19
36 126 3.78269e-20
37 126 1.65116e-20
38 126 3.96688e-20
39 126 1.02133e-20
40 126 1.56647e-19
41 126 5.91098e-20
42 126 6.46985e-20
43 126 7.23669e-20
44 126 1.79703e-06
45 126 2.6931e-06
46 126 4.87519e-06
47 126 2.63345e-06
48 126 2.86628e-07
49 126 8.04069e-07
50 126 5.19726e-11
51 126 8.46512e-09
52 126 1.49018e-09
53 126 6.41994e-09
54 126 2.2552e-08
55 126 1.19775e-08
56 126 3.71237e-20
57 126 7.77396e-21
58 126 1.10767e-19
59 126 3.32018e-21
60 126 3.23644e-20
61 126 9.62729e-20
62 126 4.52532e-08
63 126 1.21235e-08
0 127 4.1679e-07
1 127 1.19127e-06
2 127 8.18055e-07
3 127 1.43547e-06
4 127 2.09095e-05
5 127 7.46574e-06
6 127 1.11094e-07
7 127 1.27491e-08
8 127 8.94176e-08
9 127 4.7725e-09
10 127 7.32772e-08
11 127 1.0455e-07
12 127 7.44693e-13
13 127 6.58256e-12
14 127 1.50098e-07
15 127 3.87835e-06
16 127 3.8381e-06
17 127 1.8076e-06
18 127 5.8793e-08
19 127 3.43797e-07
20 127 1.90638e-20
21 127 2.39232e-20
22 127 8.72235e-09
23 127 2.03175e-08
24 127 1.31056e-09
25 127 1.79634e-08
26 127 2.63583e-19
27 127 1.46342e-19
28 127 8.44595e-20
29 127 3.56372e-20
30 127 2.43513e-20
31 127 3.43379e-19
32 127 3.05169e-19
33 127 1.87934e-19
34 127 7.88229e-20
35 127 7.53038e-21
36 127 1.49542e-19
37 127 2.66508e-19
38 127 2.89234e-19
39 127 3.80792e-20
40 127 3.105e-19
41 127 3.41728e-21
42 127 1.21352e-19
43 127 6.97747e-21
44 127 1.5701e-06
45 127 9.63861e-07
46 127 5.82137e-07
47 127 1.53113e-06
48 127 4.98682e-07
49 127 2.21133e-07
50 127 2.37134e-10
51 127 1.04784e-10
52 127 5.4087e-09
53 127 2.69704e-10
54 127 2.65149e-08
55 127 1.78645e-08
56 127 1.439e-19
57 127 2.49651e-20
58 127 2.15314e-20
59 127 8.684e-20
60 127 1.44147e-19
61 127 2.45027e-19
62 127 9.51974e-09
63 127 2.8347e-08
