0 -0.230354194076843 4.66778e-08
1 -0.230354194076813 5.76518e-08
2 -0.229909703075825 1.18421e-07
3 -0.229909703075792 5.01878e-08
4 -0.229794253340008 7.39449e-08
5 -0.22979425333998 5.28151e-08
6 -0.227982269690974 1.01407e-07
7 -0.227982269690948 5.30118e-08
8 -0.158272622743801 5.58483e-08
9 -0.158272622743782 6.76989e-08
10 -0.156286093261743 7.17542e-08
11 -0.156286093261729 5.29463e-08
12 -0.156200946672535 6.30004e-08
13 -0.156200946672516 6.69517e-08
14 -0.155484445218115 4.52818e-08
15 -0.155484445218083 1.50171e-08
