0 80 2.18311e-10
1 80 2.72148e-10
2 80 6.3873e-09
3 80 5.53846e-09
4 80 2.28775e-09
5 80 3.35536e-09
6 80 1.58771e-09
7 80 3.00876e-09
8 80 3.4053e-12
9 80 9.38577e-11
10 80 2.86505e-06
11 80 1.53989e-06
12 80 5.91879e-06
13 80 4.67476e-07
14 80 2.76068e-07
15 80 6.89639e-06
16 80 1.23039e-08
17 80 4.57302e-09
18 80 4.11701e-11
19 80 2.1604e-09
20 80 4.63553e-08
21 80 1.95768e-08
22 80 1.33748e-07
23 80 5.26566e-07
24 80 4.7146e-06
25 80 2.04683e-06
26 80 2.41289e-06
27 80 1.3637e-06
28 80 7.09184e-07
29 80 2.78963e-07
30 80 1.03802e-07
31 80 2.49027e-08
32 80 2.13719e-09
33 80 1.02405e-08
34 80 4.76513e-07
35 80 4.69815e-06
36 80 8.53552e-08
37 80 8.53692e-08
38 80 1.85311e-08
39 80 4.90486e-09
40 80 2.5902e-09
41 80 2.30083e-09
42 80 2.20605e-06
43 80 4.81322e-07
44 80 1.36524e-07
45 80 2.23503e-06
46 80 1.04726e-08
47 80 1.9945e-08
48 80 7.05169e-09
49 80 4.48559e-10
50 80 1.11256e-09
51 80 2.78256e-09
52 80 3.48756e-10
53 80 2.43595e-09
54 80 1.20863e-07
55 80 5.21222e-07
56 80 5.70607e-09
57 80 4.56864e-10
58 80 1.29598e-08
59 80 1.20558e-08
60 80 0.000648311
61 80 0.00188033
62 80 0.000607605
63 80 0.000262052
64 80 1.82029e-08
65 80 5.24496e-08
66 80 5.26585e-07
67 80 1.9128e-06
68 80 7.29387e-07
69 80 3.97687e-07
70 80 3.96346e-05
71 80 5.02854e-05
72 80 2.77223e-07
73 80 1.43568e-07
74 80 0.000107719
75 80 2.99539e-05
76 80 3.11719e-06
77 80 1.74237e-05
78 80 0.03289
79 80 0.39177
0 81 2.5416e-10
1 81 2.67845e-10
2 81 5.49041e-09
3 81 6.50401e-09
4 81 3.41313e-09
5 81 2.25404e-09
6 81 2.95069e-09
7 81 1.65863e-09
8 81 7.68245e-11
9 81 7.9532e-12
10 81 1.53951e-06
11 81 2.86504e-06
12 81 4.68793e-07
13 81 5.92085e-06
14 81 6.89468e-06
15 81 2.74831e-07
16 81 4.60541e-09
17 81 1.23706e-08
18 81 2.13157e-09
19 81 3.79496e-11
20 81 1.96061e-08
21 81 4.64397e-08
22 81 5.26775e-07
23 81 1.33422e-07
24 81 2.04732e-06
25 81 4.71442e-06
26 81 1.36331e-06
27 81 2.4131e-06
28 81 2.7915e-07
29 81 7.09254e-07
30 81 2.49128e-08
31 81 1.03764e-07
32 81 1.02472e-08
33 81 2.14837e-09
34 81 4.69778e-06
35 81 4.76538e-07
36 81 8.53989e-08
37 81 8.53908e-08
38 81 4.9169e-09
39 81 1.85225e-08
40 81 2.30408e-09
41 81 2.59729e-09
42 81 4.81011e-07
43 81 2.20584e-06
44 81 2.23486e-06
45 81 1.36613e-07
46 81 1.99564e-08
47 81 1.04845e-08
48 81 4.52996e-10
49 81 7.04933e-09
50 81 2.78731e-09
51 81 1.10233e-09
52 81 2.43202e-09
53 81 3.47445e-10
54 81 5.21271e-07
55 81 1.20764e-07
56 81 4.63237e-10
57 81 5.71121e-09
58 81 1.20252e-08
59 81 1.29382e-08
60 81 0.0018803
61 81 0.000648334
62 81 0.000262055
63 81 0.000607608
64 81 5.25468e-08
65 81 1.81493e-08
66 81 1.91295e-06
67 81 5.26734e-07
68 81 3.97971e-07
69 81 7.29022e-07
70 81 5.0285e-05
71 81 3.96362e-05
72 81 1.43768e-07
73 81 2.7716e-07
74 81 2.99511e-05
75 81 0.000107715
76 81 1.74221e-05
77 81 3.1211e-06
78 81 0.391771
79 81 0.0328899
0 82 6.1141e-09
1 82 4.13753e-09
2 82 1.77396e-08
3 82 2.35636e-08
4 82 2.42228e-08
5 82 1.70125e-09
6 82 5.12971e-09
7 82 7.88516e-09
8 82 6.16251e-09
9 82 1.10248e-08
10 82 1.00268e-08
11 82 7.88805e-10
12 82 1.26626e-07
13 82 2.35049e-08
14 82 7.05204e-08
15 82 1.8287e-07
16 82 4.91456e-10
17 82 2.88514e-10
18 82 2.35917e-11
19 82 2.15107e-09
20 82 8.24655e-10
21 82 5.68686e-10
22 82 1.28657e-09
23 82 1.30566e-09
24 82 1.11357e-08
25 82 3.98582e-11
26 82 9.3902e-10
27 82 8.1152e-11
28 82 1.66068e-09
29 82 1.35428e-10
30 82 2.86513e-08
31 82 2.99526e-09
32 82 1.05673e-09
33 82 1.24428e-09
34 82 2.13953e-10
35 82 2.70726e-09
36 82 7.67017e-10
37 82 5.06533e-10
38 82 9.59813e-10
39 82 3.47478e-10
40 82 2.97778e-06
41 82 4.81014e-06
42 82 7.39196e-05
43 82 1.82706e-05
44 82 4.92445e-05
45 82 0.000276672
46 82 7.3504e-05
47 82 0.000136104
48 82 4.02515e-06
49 82 1.00444e-06
50 82 8.17368e-06
51 82 6.64217e-06
52 82 1.8612e-08
53 82 8.27174e-08
54 82 7.48386e-07
55 82 1.78602e-06
56 82 7.91096e-06
57 82 5.67318e-06
58 82 2.9386e-08
59 82 4.68211e-08
60 82 1.05772e-07
61 82 4.32928e-07
62 82 9.15142e-08
63 82 2.75405e-08
64 82 7.43546e-07
65 82 3.78217e-06
66 82 1.67239e-08
67 82 7.27685e-08
68 82 2.32259e-08
69 82 2.28046e-08
70 82 2.44277e-07
71 82 1.55848e-08
72 82 9.33121e-05
73 82 2.71662e-05
74 82 7.84833e-05
75 82 0.000151093
76 82 0.00144011
77 82 0.0240707
78 82 3.67129e-06
79 82 5.83133e-06
0 83 3.97476e-09
1 83 5.716e-09
2 83 2.36571e-08
3 83 1.77121e-08
4 83 1.63503e-09
5 83 2.41977e-08
6 83 7.59608e-09
7 83 4.91411e-09
8 83 1.11605e-08
9 83 6.47726e-09
10 83 7.93475e-10
11 83 1.00504e-08
12 83 2.35278e-08
13 83 1.2651e-07
14 83 1.82664e-07
15 83 7.04242e-08
16 83 2.85937e-10
17 83 4.88108e-10
18 83 2.14045e-09
19 83 2.41096e-11
20 83 5.70972e-10
21 83 8.30741e-10
22 83 1.29423e-09
23 83 1.2813e-09
24 83 3.77848e-11
25 83 1.11069e-08
26 83 8.01265e-11
27 83 9.37928e-10
28 83 1.32059e-10
29 83 1.66581e-09
30 83 2.99123e-09
31 83 2.87398e-08
32 83 1.25231e-09
33 83 1.05753e-09
34 83 2.69548e-09
35 83 2.06984e-10
36 83 5.01578e-10
37 83 7.57366e-10
38 83 3.49908e-10
39 83 9.56151e-10
40 83 4.81026e-06
41 83 2.97784e-06
42 83 1.82693e-05
43 83 7.39205e-05
44 83 0.000276669
45 83 4.92461e-05
46 83 0.000136103
47 83 7.35053e-05
48 83 1.00441e-06
49 83 4.02516e-06
50 83 6.64286e-06
51 83 8.17259e-06
52 83 8.27297e-08
53 83 1.86113e-08
54 83 1.78581e-06
55 83 7.48222e-07
56 83 5.67338e-06
57 83 7.91152e-06
58 83 4.67302e-08
59 83 2.94834e-08
60 83 4.32779e-07
61 83 1.05886e-07
62 83 2.75485e-08
63 83 9.15139e-08
64 83 3.7817e-06
65 83 7.43119e-07
66 83 7.2768e-08
67 83 1.67098e-08
68 83 2.27742e-08
69 83 2.32358e-08
70 83 1.56182e-08
71 83 2.43689e-07
72 83 2.71646e-05
73 83 9.33137e-05
74 83 0.000151103
75 83 7.84814e-05
76 83 0.0240709
77 83 0.00144007
78 83 5.83172e-06
79 83 3.66681e-06
0 84 1.9529e-09
1 84 1.17492e-09
2 84 6.17021e-07
3 84 6.89968e-07
4 84 4.08807e-07
5 84 2.78716e-07
6 84 7.5389e-07
7 84 2.09124e-07
8 84 1.7796e-08
9 84 1.04967e-09
10 84 1.34992e-07
11 84 1.17012e-07
12 84 3.07528e-08
13 84 1.29504e-07
14 84 1.30105e-07
15 84 1.48328e-08
16 84 8.45856e-11
17 84 5.16257e-10
18 84 1.3626e-08
19 84 1.11352e-09
20 84 1.37246e-08
21 84 1.29204e-09
22 84 2.50184e-07
23 84 8.58764e-08
24 84 4.10548e-07
25 84 5.37579e-07
26 84 4.11689e-09
27 84 1.58481e-08
28 84 2.23452e-10
29 84 5.14946e-09
30 84 1.02105e-08
31 84 1.24954e-08
32 84 9.93714e-09
33 84 2.04038e-09
34 84 1.69568e-07
35 84 6.80109e-09
36 84 6.1443e-09
37 84 3.606e-09
38 84 4.99127e-10
39 84 4.42926e-10
40 84 5.88894e-07
41 84 6.72926e-07
42 84 7.7537e-05
43 84 0.000168704
44 84 6.73399e-05
45 84 7.32082e-06
46 84 5.05177e-06
47 84 4.06091e-08
48 84 2.97701e-05
49 84 9.37898e-05
50 84 1.90485e-08
51 84 3.00143e-09
52 84 1.08688e-06
53 84 5.77758e-08
54 84 6.98831e-05
55 84 6.00323e-06
56 84 8.40767e-08
57 84 1.43338e-06
58 84 1.93804e-08
59 84 3.4687e-08
60 84 3.88883e-07
61 84 6.86997e-08
62 84 9.0391e-07
63 84 1.187e-06
64 84 8.86453e-08
65 84 8.63401e-08
66 84 1.50629e-07
67 84 9.85373e-08
68 84 3.12221e-08
69 84 1.18714e-09
70 84 1.80793e-05
71 84 7.4507e-06
72 84 6.08763e-05
73 84 7.42059e-05
74 84 0.00134101
75 84 0.0129329
76 84 0.000165729
77 84 4.01617e-05
78 84 1.0926e-05
79 84 4.55229e-07
0 85 1.3537e-09
1 85 2.05759e-09
2 85 6.91928e-07
3 85 6.1583e-07
4 85 2.79963e-07
5 85 4.07323e-07
6 85 2.0829e-07
7 85 7.51204e-07
8 85 8.21371e-10
9 85 1.91106e-08
10 85 1.17156e-07
11 85 1.3499e-07
12 85 1.29873e-07
13 85 3.06967e-08
14 85 1.48133e-08
15 85 1.30135e-07
16 85 5.23456e-10
17 85 8.34821e-11
18 85 1.09914e-09
19 85 1.36251e-08
20 85 1.28122e-09
21 85 1.37113e-08
22 85 8.60838e-08
23 85 2.50284e-07
24 85 5.37924e-07
25 85 4.10695e-07
26 85 1.58654e-08
27 85 4.11802e-09
28 85 5.15368e-09
29 85 2.23324e-10
30 85 1.2517e-08
31 85 1.0193e-08
32 85 2.04975e-09
33 85 9.93925e-09
34 85 6.80932e-09
35 85 1.69564e-07
36 85 3.5867e-09
37 85 6.12447e-09
38 85 4.46189e-10
39 85 4.99036e-10
40 85 6.72947e-07
41 85 5.8895e-07
42 85 0.000168704
43 85 7.7538e-05
44 85 7.32101e-06
45 85 6.73428e-05
46 85 4.06205e-08
47 85 5.05195e-06
48 85 9.37917e-05
49 85 2.97719e-05
50 85 3.00965e-09
51 85 1.90296e-08
52 85 5.77703e-08
53 85 1.08714e-06
54 85 6.00274e-06
55 85 6.98835e-05
56 85 1.43332e-06
57 85 8.41552e-08
58 85 3.46838e-08
59 85 1.93911e-08
60 85 6.86683e-08
61 85 3.8888e-07
62 85 1.18696e-06
63 85 9.03959e-07
64 85 8.63199e-08
65 85 8.86039e-08
66 85 9.84518e-08
67 85 1.50627e-07
68 85 1.18399e-09
69 85 3.12216e-08
70 85 7.45083e-06
71 85 1.80805e-05
72 85 7.42074e-05
73 85 6.08766e-05
74 85 0.0129331
75 85 0.00134095
76 85 4.01574e-05
77 85 0.000165726
78 85 4.54972e-07
79 85 1.09279e-05
0 86 1.27305e-08
1 86 2.51832e-09
2 86 7.59418e-11
3 86 1.29191e-09
4 86 2.24616e-08
5 86 5.29757e-10
6 86 4.81538e-11
7 86 7.56201e-12
8 86 1.4512e-07
9 86 6.3552e-08
10 86 3.01146e-09
11 86 4.98027e-12
12 86 2.27478e-10
13 86 5.1896e-12
14 86 1.28322e-11
15 86 2.03455e-10
16 86 1.55873e-07
17 86 1.37936e-07
18 86 2.29991e-07
19 86 9.81351e-07
20 86 1.34592e-08
21 86 3.79074e-09
22 86 6.63823e-09
23 86 6.99844e-09
24 86 5.64447e-09
25 86 1.61784e-09
26 86 2.41271e-10
27 86 2.37134e-10
28 86 5.12457e-09
29 86 4.78692e-09
30 86 2.94305e-10
31 86 2.58374e-11
32 86 1.14824e-10
33 86 1.46771e-10
34 86 5.42866e-09
35 86 5.53594e-09
36 86 1.2548e-07
37 86 1.84956e-09
38 86 1.49269e-07
39 86 2.95946e-08
40 86 0.000168906
41 86 0.000184655
42 86 2.38388e-06
43 86 7.98396e-07
44 86 2.81467e-07
45 86 6.03725e-06
46 86 1.56773e-07
47 86 9.42103e-06
48 86 2.48209e-07
49 86 6.56131e-08
50 86 1.72656e-05
51 86 1.22691e-05
52 86 7.61026e-08
53 86 1.12473e-07
54 86 3.78187e-07
55 86 1.28178e-07
56 86 7.71975e-08
57 86 2.00005e-07
58 86 5.85088e-06
59 86 5.35871e-06
60 86 2.46995e-08
61 86 1.6559e-08
62 86 3.73669e-08
63 86 1.32347e-09
64 86 1.35717e-09
65 86 9.06309e-08
66 86 9.15063e-07
67 86 1.27913e-05
68 86 2.28805e-07
69 86 2.92596e-06
70 86 1.61314e-09
71 86 1.00428e-10
72 86 0.00738147
73 86 0.000103362
74 86 3.10515e-05
75 86 0.000101175
76 86 2.15517e-05
77 86 8.89634e-05
78 86 1.22263e-07
79 86 8.13087e-08
0 87 2.75374e-09
1 87 1.27744e-08
2 87 1.36456e-09
3 87 8.20785e-11
4 87 5.54282e-10
5 87 2.24497e-08
6 87 1.47115e-11
7 87 3.06875e-11
8 87 6.28644e-08
9 87 1.45441e-07
10 87 5.38562e-12
11 87 3.02938e-09
12 87 5.34276e-12
13 87 2.2525e-10
14 87 2.0477e-10
15 87 1.32441e-11
16 87 1.37926e-07
17 87 1.55895e-07
18 87 9.81167e-07
19 87 2.29911e-07
20 87 3.80033e-09
21 87 1.34327e-08
22 87 6.99286e-09
23 87 6.63103e-09
24 87 1.61384e-09
25 87 5.63802e-09
26 87 2.37113e-10
27 87 2.41512e-10
28 87 4.79848e-09
29 87 5.12653e-09
30 87 2.52633e-11
31 87 2.98182e-10
32 87 1.46523e-10
33 87 1.13673e-10
34 87 5.54273e-09
35 87 5.42551e-09
36 87 1.85704e-09
37 87 1.25487e-07
38 87 2.95674e-08
39 87 1.49318e-07
40 87 0.000184657
41 87 0.000168901
42 87 7.98405e-07
43 87 2.38397e-06
44 87 6.03722e-06
45 87 2.81431e-07
46 87 9.42072e-06
47 87 1.56618e-07
48 87 6.56523e-08
49 87 2.48186e-07
50 87 1.22692e-05
51 87 1.72646e-05
52 87 1.12359e-07
53 87 7.61397e-08
54 87 1.28184e-07
55 87 3.78144e-07
56 87 1.99978e-07
57 87 7.71992e-08
58 87 5.35849e-06
59 87 5.8509e-06
60 87 1.6551e-08
61 87 2.46988e-08
62 87 1.32912e-09
63 87 3.73968e-08
64 87 9.06594e-08
65 87 1.35394e-09
66 87 1.27918e-05
67 87 9.15119e-07
68 87 2.92592e-06
69 87 2.28885e-07
70 87 9.9642e-11
71 87 1.60556e-09
72 87 0.000103351
73 87 0.0073814
74 87 0.000101176
75 87 3.10511e-05
76 87 8.89645e-05
77 87 2.15516e-05
78 87 8.14474e-08
79 87 1.22264e-07
0 88 8.62176e-12
1 88 1.16235e-12
2 88 1.18763e-09
3 88 2.3305e-09
4 88 4.19396e-10
5 88 1.6902e-10
6 88 1.69796e-10
7 88 1.70083e-09
8 88 1.29822e-10
9 88 2.18414e-10
10 88 1.03592e-07
11 88 3.19777e-06
12 88 2.69482e-08
13 88 4.81864e-07
14 88 4.95684e-07
15 88 2.68177e-07
16 88 4.13045e-07
17 88 9.24676e-07
18 88 3.2594e-07
19 88 1.8083e-07
20 88 3.46731e-07
21 88 2.86317e-07
22 88 3.03955e-05
23 88 3.68173e-06
24 88 1.45494e-05
25 88 4.58118e-05
26 88 2.8992e-07
27 88 3.90095e-07
28 88 2.6216e-07
29 88 4.27316e-07
30 88 2.39254e-08
31 88 6.65377e-07
32 88 1.80745e-06
33 88 4.36151e-06
34 88 1.24331e-05
35 88 1.75022e-05
36 88 5.35352e-07
37 88 1.08479e-06
38 88 6.07483e-08
39 88 7.51362e-08
40 88 2.52416e-08
41 88 4.39718e-08
42 88 9.41159e-10
43 88 1.30518e-08
44 88 6.06119e-09
45 88 6.27835e-10
46 88 6.39826e-08
47 88 1.00283e-08
48 88 1.51822e-08
49 88 1.3516e-07
50 88 6.63359e-09
51 88 2.53789e-08
52 88 6.86539e-10
53 88 4.42409e-09
54 88 4.16457e-07
55 88 7.11851e-07
56 88 4.29658e-09
57 88 5.11804e-09
58 88 1.6879e-11
59 88 2.48359e-11
60 88 6.68446e-06
61 88 1.78677e-05
62 88 5.20788e-05
63 88 0.000174805
64 88 1.00452e-06
65 88 2.94247e-07
66 88 1.34053e-05
67 88 4.16946e-06
68 88 3.0606e-06
69 88 1.4227e-05
70 88 0.000549907
71 88 0.00188606
72 88 2.74966e-08
73 88 3.79564e-07
74 88 1.39399e-07
75 88 6.74681e-08
76 88 6.04355e-07
77 88 1.53106e-07
78 88 0.00010945
79 88 5.60069e-05
0 89 1.11977e-11
1 89 7.04241e-12
2 89 2.40745e-09
3 89 1.3505e-09
4 89 1.60357e-10
5 89 4.38373e-10
6 89 1.63274e-09
7 89 1.52046e-10
8 89 1.78246e-10
9 89 1.18455e-10
10 89 3.19811e-06
11 89 1.03458e-07
12 89 4.81333e-07
13 89 2.70156e-08
14 89 2.67548e-07
15 89 4.95733e-07
16 89 9.25279e-07
17 89 4.13329e-07
18 89 1.8069e-07
19 89 3.25766e-07
20 89 2.8601e-07
21 89 3.46718e-07
22 89 3.68141e-06
23 89 3.0391e-05
24 89 4.58133e-05
25 89 1.45485e-05
26 89 3.90011e-07
27 89 2.89831e-07
28 89 4.27437e-07
29 89 2.61962e-07
30 89 6.65414e-07
31 89 2.39485e-08
32 89 4.36116e-06
33 89 1.80745e-06
34 89 1.7501e-05
35 89 1.24332e-05
36 89 1.08447e-06
37 89 5.34825e-07
38 89 7.51626e-08
39 89 6.0663e-08
40 89 4.3977e-08
41 89 2.52549e-08
42 89 1.30825e-08
43 89 9.38278e-10
44 89 6.27551e-10
45 89 6.06301e-09
46 89 1.00363e-08
47 89 6.40033e-08
48 89 1.3516e-07
49 89 1.51956e-08
50 89 2.54238e-08
51 89 6.636e-09
52 89 4.42979e-09
53 89 6.88689e-10
54 89 7.12232e-07
55 89 4.16552e-07
56 89 5.14549e-09
57 89 4.27519e-09
58 89 2.39852e-11
59 89 1.67746e-11
60 89 1.78677e-05
61 89 6.68449e-06
62 89 0.000174804
63 89 5.20777e-05
64 89 2.94207e-07
65 89 1.00447e-06
66 89 4.16931e-06
67 89 1.34056e-05
68 89 1.42292e-05
69 89 3.06055e-06
70 89 0.001886
71 89 0.000549895
72 89 3.79487e-07
73 89 2.74842e-08
74 89 6.75624e-08
75 89 1.39407e-07
76 89 1.53305e-07
77 89 6.04923e-07
78 89 5.60054e-05
79 89 0.000109452
0 90 5.77028e-09
1 90 3.23607e-09
2 90 1.18442e-09
3 90 3.40959e-09
4 90 4.75308e-09
5 90 5.77269e-09
6 90 3.57495e-09
7 90 4.16941e-09
8 90 2.10598e-10
9 90 4.47326e-10
10 90 5.14384e-07
11 90 3.9736e-07
12 90 1.04802e-05
13 90 1.31989e-05
14 90 1.15213e-05
15 90 1.48219e-05
16 90 6.62673e-07
17 90 7.48905e-06
18 90 4.67767e-06
19 90 8.36988e-07
20 90 6.36946e-06
21 90 2.1683e-05
22 90 2.00397e-07
23 90 6.21885e-07
24 90 1.38915e-06
25 90 1.43503e-06
26 90 4.49626e-07
27 90 1.82027e-06
28 90 6.07269e-07
29 90 4.7953e-06
30 90 7.5102e-07
31 90 1.14653e-06
32 90 3.44399e-07
33 90 3.56485e-08
34 90 3.6417e-07
35 90 8.89877e-08
36 90 8.22552e-08
37 90 1.0771e-07
38 90 1.54777e-07
39 90 1.40326e-07
40 90 2.37069e-10
41 90 6.86018e-10
42 90 1.44653e-08
43 90 3.66263e-08
44 90 1.04974e-07
45 90 2.81309e-08
46 90 3.34066e-08
47 90 2.85553e-08
48 90 5.75448e-08
49 90 1.39555e-07
50 90 5.77085e-10
51 90 3.02088e-09
52 90 1.67977e-07
53 90 2.88393e-08
54 90 5.95924e-09
55 90 3.96473e-08
56 90 1.14406e-06
57 90 8.1112e-07
58 90 1.3413e-09
59 90 1.63252e-09
60 90 2.36897e-06
61 90 1.0752e-06
62 90 6.13919e-05
63 90 8.06115e-05
64 90 0.00131334
65 90 0.000482101
66 90 4.69288e-06
67 90 3.99859e-06
68 90 1.93802e-05
69 90 4.833e-05
70 90 1.2883e-06
71 90 1.02052e-06
72 90 5.66949e-08
73 90 1.39702e-07
74 90 1.72788e-08
75 90 3.36907e-07
76 90 3.22674e-06
77 90 1.17025e-06
78 90 9.92353e-05
79 90 1.48895e-06
0 91 3.14112e-09
1 91 5.75244e-09
2 91 3.41613e-09
3 91 1.1203e-09
4 91 6.07046e-09
5 91 4.73845e-09
6 91 4.03611e-09
7 91 3.8039e-09
8 91 4.4472e-10
9 91 2.41333e-10
10 91 3.9782e-07
11 91 5.13807e-07
12 91 1.31849e-05
13 91 1.04707e-05
14 91 1.4833e-05
15 91 1.15315e-05
16 91 7.48659e-06
17 91 6.62892e-07
18 91 8.37733e-07
19 91 4.67702e-06
20 91 2.16825e-05
21 91 6.36876e-06
22 91 6.21393e-07
23 91 1.99998e-07
24 91 1.43533e-06
25 91 1.38928e-06
26 91 1.8204e-06
27 91 4.4925e-07
28 91 4.79592e-06
29 91 6.07172e-07
30 91 1.14619e-06
31 91 7.51315e-07
32 91 3.56657e-08
33 91 3.44571e-07
34 91 8.89496e-08
35 91 3.6419e-07
36 91 1.07669e-07
37 91 8.23445e-08
38 91 1.40281e-07
39 91 1.54805e-07
40 91 6.89827e-10
41 91 2.37542e-10
42 91 3.65788e-08
43 91 1.44666e-08
44 91 2.81294e-08
45 91 1.04957e-07
46 91 2.85673e-08
47 91 3.34185e-08
48 91 1.3953e-07
49 91 5.75838e-08
50 91 3.02405e-09
51 91 5.79604e-10
52 91 2.87998e-08
53 91 1.68001e-07
54 91 3.97259e-08
55 91 5.94329e-09
56 91 8.1104e-07
57 91 1.14392e-06
58 91 1.63924e-09
59 91 1.33459e-09
60 91 1.07513e-06
61 91 2.3689e-06
62 91 8.06093e-05
63 91 6.13906e-05
64 91 0.000482098
65 91 0.00131335
66 91 3.99898e-06
67 91 4.69288e-06
68 91 4.83287e-05
69 91 1.93798e-05
70 91 1.02064e-06
71 91 1.28835e-06
72 91 1.39727e-07
73 91 5.6713e-08
74 91 3.36915e-07
75 91 1.72727e-08
76 91 1.17011e-06
77 91 3.22724e-06
78 91 1.4891e-06
79 91 9.92381e-05
0 92 8.76789e-10
1 92 6.40893e-10
2 92 8.09333e-09
3 92 2.09031e-08
4 92 8.05692e-09
5 92 6.64644e-09
6 92 1.14541e-08
7 92 4.68347e-09
8 92 5.38055e-09
9 92 1.90047e-09
10 92 3.62557e-06
11 92 6.98443e-06
12 92 3.46643e-06
13 92 1.01302e-05
14 92 1.34505e-05
15 92 1.06547e-06
16 92 5.10877e-06
17 92 2.44371e-05
18 92 2.89431e-07
19 92 2.05463e-07
20 92 1.22173e-06
21 92 3.35403e-06
22 92 1.10926e-06
23 92 9.32949e-08
24 92 1.88597e-06
25 92 3.2041e-06
26 92 7.84631e-06
27 92 9.61383e-06
28 92 2.29295e-06
29 92 1.50475e-06
30 92 5.60596e-08
31 92 7.27213e-07
32 92 1.60746e-06
33 92 1.97395e-06
34 92 2.7066e-06
35 92 5.60178e-07
36 92 6.94273e-11
37 92 1.10159e-08
38 92 1.19319e-07
39 92 1.38844e-07
40 92 8.24011e-08
41 92 1.19969e-07
42 92 7.24516e-08
43 92 3.02046e-07
44 92 1.90231e-07
45 92 2.53228e-08
46 92 5.01034e-08
47 92 4.73909e-08
48 92 1.00327e-08
49 92 1.14559e-07
50 92 2.13595e-10
51 92 9.17688e-10
52 92 3.39363e-07
53 92 2.63319e-08
54 92 1.33532e-06
55 92 2.40599e-07
56 92 1.13835e-07
57 92 3.05929e-08
58 92 4.89292e-08
59 92 1.42731e-07
60 92 3.90095e-05
61 92 2.49527e-05
62 92 0.000519694
63 92 0.000793085
64 92 0.00016815
65 92 6.77768e-05
66 92 1.70509e-05
67 92 1.75659e-06
68 92 0.000104236
69 92 0.000208896
70 92 2.04866e-05
71 92 1.2961e-05
72 92 4.28242e-07
73 92 1.05587e-06
74 92 1.73696e-07
75 92 2.54167e-07
76 92 1.4014e-06
77 92 3.1006e-07
78 92 0.00120516
79 92 3.42837e-05
0 93 6.19668e-10
1 93 8.83335e-10
2 93 2.07482e-08
3 93 8.2251e-09
4 93 6.92475e-09
5 93 7.98795e-09
6 93 4.72821e-09
7 93 1.1037e-08
8 93 2.01416e-09
9 93 5.36465e-09
10 93 6.98481e-06
11 93 3.62408e-06
12 93 1.01293e-05
13 93 3.45986e-06
14 93 1.06546e-06
15 93 1.34594e-05
16 93 2.44403e-05
17 93 5.10906e-06
18 93 2.05417e-07
19 93 2.89503e-07
20 93 3.35405e-06
21 93 1.22196e-06
22 93 9.34404e-08
23 93 1.10912e-06
24 93 3.20454e-06
25 93 1.88612e-06
26 93 9.61341e-06
27 93 7.84725e-06
28 93 1.50455e-06
29 93 2.2925e-06
30 93 7.27005e-07
31 93 5.60512e-08
32 93 1.97371e-06
33 93 1.60726e-06
34 93 5.60067e-07
35 93 2.70671e-06
36 93 1.10299e-08
37 93 7.10493e-11
38 93 1.38903e-07
39 93 1.19285e-07
40 93 1.20045e-07
41 93 8.24035e-08
42 93 3.02033e-07
43 93 7.24333e-08
44 93 2.53083e-08
45 93 1.90262e-07
46 93 4.74069e-08
47 93 5.00723e-08
48 93 1.1457e-07
49 93 1.00372e-08
50 93 9.17229e-10
51 93 2.12362e-10
52 93 2.63481e-08
53 93 3.3938e-07
54 93 2.40588e-07
55 93 1.33544e-06
56 93 3.06114e-08
57 93 1.13798e-07
58 93 1.42741e-07
59 93 4.89484e-08
60 93 2.49514e-05
61 93 3.901e-05
62 93 0.000793078
63 93 0.000519695
64 93 6.77757e-05
65 93 0.000168151
66 93 1.75639e-06
67 93 1.70511e-05
68 93 0.000208893
69 93 0.000104239
70 93 1.29611e-05
71 93 2.04876e-05
72 93 1.05607e-06
73 93 4.2827e-07
74 93 2.54229e-07
75 93 1.73776e-07
76 93 3.10185e-07
77 93 1.4016e-06
78 93 3.42817e-05
79 93 0.00120515
0 94 1.36785e-09
1 94 9.07312e-10
2 94 9.89786e-09
3 94 2.74329e-08
4 94 3.19357e-09
5 94 1.22745e-09
6 94 5.87658e-10
7 94 3.42966e-09
8 94 1.73393e-09
9 94 1.4539e-09
10 94 1.28193e-06
11 94 1.27331e-05
12 94 8.07963e-07
13 94 5.57411e-06
14 94 2.96934e-06
15 94 1.47427e-07
16 94 1.02971e-05
17 94 3.51805e-05
18 94 1.3878e-05
19 94 4.0255e-06
20 94 1.99665e-07
21 94 2.21663e-07
22 94 1.09681e-05
23 94 6.87149e-07
24 94 4.25572e-07
25 94 1.7058e-06
26 94 7.16872e-07
27 94 1.09077e-05
28 94 2.67901e-06
29 94 1.62832e-06
30 94 1.19597e-07
31 94 1.2123e-07
32 94 6.89224e-07
33 94 1.35787e-06
34 94 1.4799e-07
35 94 1.59578e-07
36 94 2.77929e-07
37 94 5.43443e-07
38 94 1.46518e-08
39 94 1.60627e-07
40 94 5.95181e-08
41 94 1.14332e-07
42 94 1.04554e-08
43 94 2.09815e-07
44 94 1.05786e-07
45 94 3.32684e-08
46 94 7.23887e-08
47 94 2.01853e-08
48 94 2.90744e-09
49 94 1.36079e-08
50 94 3.67698e-08
51 94 1.40823e-07
52 94 6.71034e-07
53 94 5.11471e-07
54 94 2.20204e-07
55 94 2.81673e-07
56 94 4.26942e-08
57 94 4.11412e-08
58 94 1.98382e-08
59 94 2.80032e-09
60 94 6.68261e-05
61 94 0.000117029
62 94 0.000157594
63 94 0.000478276
64 94 2.23329e-05
65 94 1.35442e-06
66 94 4.1169e-05
67 94 2.43091e-05
68 94 0.000182731
69 94 0.000695812
70 94 1.19865e-06
71 94 2.42973e-06
72 94 1.04015e-07
73 94 1.02482e-06
74 94 7.65656e-08
75 94 7.60153e-08
76 94 5.92725e-09
77 94 2.11647e-09
78 94 0.000861021
79 94 0.000242515
0 95 9.82442e-10
1 95 1.45435e-09
2 95 2.78853e-08
3 95 9.74806e-09
4 95 1.27188e-09
5 95 3.21095e-09
6 95 3.36144e-09
7 95 5.96338e-10
8 95 1.41064e-09
9 95 1.7072e-09
10 95 1.27346e-05
11 95 1.28145e-06
12 95 5.5708e-06
13 95 8.08235e-07
14 95 1.48362e-07
15 95 2.97029e-06
16 95 3.51762e-05
17 95 1.02995e-05
18 95 4.02542e-06
19 95 1.3876e-05
20 95 2.21551e-07
21 95 1.99291e-07
22 95 6.87102e-07
23 95 1.09677e-05
24 95 1.70494e-06
25 95 4.25191e-07
26 95 1.09079e-05
27 95 7.17147e-07
28 95 1.62798e-06
29 95 2.67839e-06
30 95 1.21223e-07
31 95 1.19577e-07
32 95 1.35762e-06
33 95 6.89115e-07
34 95 1.59636e-07
35 95 1.48073e-07
36 95 5.43424e-07
37 95 2.78003e-07
38 95 1.60577e-07
39 95 1.46153e-08
40 95 1.14371e-07
41 95 5.95435e-08
42 95 2.09776e-07
43 95 1.0463e-08
44 95 3.32618e-08
45 95 1.05745e-07
46 95 2.02077e-08
47 95 7.24114e-08
48 95 1.36175e-08
49 95 2.90843e-09
50 95 1.40876e-07
51 95 3.67933e-08
52 95 5.11488e-07
53 95 6.71065e-07
54 95 2.81647e-07
55 95 2.20202e-07
56 95 4.11242e-08
57 95 4.2751e-08
58 95 2.78495e-09
59 95 1.98461e-08
60 95 0.000117028
61 95 6.68257e-05
62 95 0.00047827
63 95 0.00015759
64 95 1.35433e-06
65 95 2.23329e-05
66 95 2.43096e-05
67 95 4.11691e-05
68 95 0.000695797
69 95 0.000182736
70 95 2.43003e-06
71 95 1.19875e-06
72 95 1.02485e-06
73 95 1.04025e-07
74 95 7.60628e-08
75 95 7.65865e-08
76 95 2.10671e-09
77 95 5.94641e-09
78 95 0.000242506
79 95 0.000861001
0 96 5.3218e-08
1 96 4.07589e-09
2 96 1.95007e-09
3 96 7.03631e-09
4 96 3.06778e-08
5 96 1.46356e-08
6 96 3.84017e-09
7 96 8.22464e-10
8 96 1.64919e-08
9 96 3.83585e-08
10 96 1.03448e-06
11 96 3.90761e-07
12 96 1.00498e-06
13 96 8.73825e-08
14 96 2.04981e-07
15 96 1.1816e-06
16 96 3.4226e-06
17 96 9.65411e-06
18 96 1.21195e-05
19 96 4.17314e-05
20 96 8.3986e-07
21 96 1.61027e-06
22 96 5.90777e-08
23 96 2.27736e-07
24 96 2.68195e-07
25 96 2.50863e-08
26 96 9.88877e-07
27 96 1.52437e-07
28 96 1.64704e-07
29 96 4.08399e-08
30 96 2.54329e-07
31 96 6.60135e-08
32 96 2.01832e-08
33 96 1.86969e-07
34 96 4.97699e-08
35 96 1.28852e-07
36 96 2.17837e-06
37 96 5.41431e-07
38 96 7.36433e-06
39 96 1.67362e-07
40 96 6.36699e-08
41 96 8.94751e-07
42 96 3.68982e-08
43 96 9.85897e-10
44 96 1.9729e-09
45 96 4.91464e-08
46 96 1.03038e-08
47 96 5.04e-08
48 96 1.13818e-08
49 96 3.02506e-09
50 96 1.984e-07
51 96 8.88603e-07
52 96 8.76247e-08
53 96 6.94918e-08
54 96 8.49288e-09
55 96 3.03966e-09
56 96 9.53294e-10
57 96 1.89288e-10
58 96 4.97215e-07
59 96 3.98405e-06
60 96 1.15913e-06
61 96 5.57429e-06
62 96 5.16934e-05
63 96 1.39832e-06
64 96 4.93429e-06
65 96 2.80552e-05
66 96 4.56453e-05
67 96 0.000791819
68 96 1.66106e-05
69 96 4.57775e-05
70 96 1.26444e-05
71 96 1.93668e-06
72 96 1.08772e-06
73 96 2.22469e-07
74 96 2.50365e-08
75 96 2.48599e-08
76 96 1.33514e-09
77 96 2.18984e-08
78 96 4.00222e-05
79 96 2.82526e-05
0 97 4.17246e-09
1 97 5.33557e-08
2 97 7.03476e-09
3 97 2.01066e-09
4 97 1.46879e-08
5 97 3.11506e-08
6 97 8.73992e-10
7 97 3.86088e-09
8 97 3.801e-08
9 97 1.61002e-08
10 97 3.91033e-07
11 97 1.0349e-06
12 97 8.78836e-08
13 97 1.00406e-06
14 97 1.18195e-06
15 97 2.05649e-07
16 97 9.65791e-06
17 97 3.42379e-06
18 97 4.17283e-05
19 97 1.2118e-05
20 97 1.61024e-06
21 97 8.39919e-07
22 97 2.27816e-07
23 97 5.91149e-08
24 97 2.5116e-08
25 97 2.68222e-07
26 97 1.52282e-07
27 97 9.89064e-07
28 97 4.09266e-08
29 97 1.64697e-07
30 97 6.60386e-08
31 97 2.54325e-07
32 97 1.8699e-07
33 97 2.01853e-08
34 97 1.28838e-07
35 97 4.97937e-08
36 97 5.41595e-07
37 97 2.17845e-06
38 97 1.67377e-07
39 97 7.36463e-06
40 97 8.94708e-07
41 97 6.36658e-08
42 97 9.89527e-10
43 97 3.68775e-08
44 97 4.91358e-08
45 97 1.97764e-09
46 97 5.03924e-08
47 97 1.03014e-08
48 97 3.01769e-09
49 97 1.13905e-08
50 97 8.88524e-07
51 97 1.98411e-07
52 97 6.94542e-08
53 97 8.76463e-08
54 97 3.03878e-09
55 97 8.4929e-09
56 97 1.89209e-10
57 97 9.50331e-10
58 97 3.98397e-06
59 97 4.97229e-07
60 97 5.57448e-06
61 97 1.1591e-06
62 97 1.39824e-06
63 97 5.16938e-05
64 97 2.80548e-05
65 97 4.93421e-06
66 97 0.000791821
67 97 4.56488e-05
68 97 4.57751e-05
69 97 1.66109e-05
70 97 1.93671e-06
71 97 1.2645e-05
72 97 2.22528e-07
73 97 1.08759e-06
74 97 2.48541e-08
75 97 2.50264e-08
76 97 2.18878e-08
77 97 1.33674e-09
78 97 2.82522e-05
79 97 4.00201e-05
0 98 5.64342e-10
1 98 3.43834e-09
2 98 1.95354e-08
3 98 3.52343e-09
4 98 1.22144e-09
5 98 9.48698e-09
6 98 5.58615e-09
7 98 9.66263e-09
8 98 2.01964e-10
9 98 5.69137e-11
10 98 1.96157e-05
11 98 4.62954e-05
12 98 8.31811e-07
13 98 2.35349e-06
14 98 2.75768e-06
15 98 7.32452e-07
16 98 1.74823e-06
17 98 6.85741e-07
18 98 5.14945e-07
19 98 4.86417e-08
20 98 2.64669e-08
21 98 1.37448e-08
22 98 2.54083e-08
23 98 2.50414e-08
24 98 7.75752e-09
25 98 1.24346e-07
26 98 9.14836e-07
27 98 1.76777e-06
28 98 5.58238e-08
29 98 7.72885e-07
30 98 9.44965e-09
31 98 2.94e-08
32 98 4.17377e-10
33 98 2.37271e-10
34 98 2.14407e-06
35 98 5.25205e-07
36 98 1.12531e-08
37 98 8.74713e-08
38 98 3.41577e-10
39 98 1.6155e-08
40 98 9.49448e-09
41 98 9.79156e-10
42 98 1.70159e-07
43 98 7.83701e-07
44 98 5.23731e-07
45 98 2.05437e-08
46 98 3.25318e-07
47 98 9.45921e-08
48 98 3.87793e-07
49 98 1.95195e-06
50 98 8.52126e-09
51 98 6.33818e-09
52 98 1.12316e-07
53 98 7.32823e-08
54 98 5.34164e-09
55 98 3.39706e-09
56 98 7.09971e-08
57 98 3.10379e-07
58 98 1.73269e-08
59 98 2.60888e-09
60 98 0.000974619
61 98 0.000165575
62 98 5.31184e-07
63 98 1.0077e-05
64 98 5.51983e-08
65 98 1.33507e-08
66 98 1.16141e-06
67 98 4.87066e-10
68 98 2.23843e-05
69 98 4.81111e-06
70 98 9.44707e-08
71 98 2.69092e-07
72 98 3.40108e-09
73 98 1.6339e-08
74 98 1.2878e-06
75 98 1.38469e-06
76 98 1.43724e-06
77 98 8.59755e-08
78 98 0.000964809
79 98 0.000888275
0 99 3.50826e-09
1 99 5.62057e-10
2 99 3.5628e-09
3 99 1.98089e-08
4 99 9.5524e-09
5 99 1.27237e-09
6 99 9.63673e-09
7 99 5.47351e-09
8 99 5.51442e-11
9 99 2.51144e-10
10 99 4.62927e-05
11 99 1.96156e-05
12 99 2.3567e-06
13 99 8.33031e-07
14 99 7.31747e-07
15 99 2.75566e-06
16 99 6.85646e-07
17 99 1.74832e-06
18 99 4.85484e-08
19 99 5.14715e-07
20 99 1.37504e-08
21 99 2.65349e-08
22 99 2.50641e-08
23 99 2.54223e-08
24 99 1.2434e-07
25 99 7.73085e-09
26 99 1.76767e-06
27 99 9.14855e-07
28 99 7.73101e-07
29 99 5.58459e-08
30 99 2.94123e-08
31 99 9.44917e-09
32 99 2.38282e-10
33 99 4.11551e-10
34 99 5.25135e-07
35 99 2.14396e-06
36 99 8.74728e-08
37 99 1.1253e-08
38 99 1.61407e-08
39 99 3.42797e-10
40 99 9.81685e-10
41 99 9.48356e-09
42 99 7.83741e-07
43 99 1.70139e-07
44 99 2.05536e-08
45 99 5.23795e-07
46 99 9.4574e-08
47 99 3.2534e-07
48 99 1.95203e-06
49 99 3.87724e-07
50 99 6.33434e-09
51 99 8.51785e-09
52 99 7.32478e-08
53 99 1.12257e-07
54 99 3.39375e-09
55 99 5.34154e-09
56 99 3.10378e-07
57 99 7.09924e-08
58 99 2.60535e-09
59 99 1.73251e-08
60 99 0.000165568
61 99 0.000974628
62 99 1.00771e-05
63 99 5.31195e-07
64 99 1.33617e-08
65 99 5.51752e-08
66 99 4.87079e-10
67 99 1.16131e-06
68 99 4.81119e-06
69 99 2.23847e-05
70 99 2.69079e-07
71 99 9.44834e-08
72 99 1.63318e-08
73 99 3.4015e-09
74 99 1.38477e-06
75 99 1.28787e-06
76 99 8.59563e-08
77 99 1.43739e-06
78 99 0.000888272
79 99 0.000964816
0 100 2.16527e-06
1 100 1.49521e-06
2 100 1.89408e-06
3 100 6.78693e-07
4 100 1.44262e-06
5 100 2.67007e-08
6 100 4.29344e-07
7 100 1.82862e-08
8 100 4.09633e-07
9 100 1.22513e-07
10 100 1.1905e-08
11 100 4.02672e-09
12 100 3.24313e-09
13 100 3.21152e-09
14 100 6.93532e-09
15 100 6.89829e-09
16 100 3.48109e-10
17 100 1.48706e-10
18 100 3.55509e-10
19 100 2.86271e-09
20 100 5.69403e-09
21 100 9.383e-10
22 100 2.17263e-10
23 100 1.58658e-09
24 100 3.08941e-09
25 100 1.90077e-09
26 100 2.00943e-09
27 100 8.33874e-11
28 100 1.5281e-08
29 100 1.40909e-10
30 100 1.1026e-07
31 100 8.62626e-08
32 100 2.53683e-09
33 100 7.92825e-09
34 100 7.52283e-09
35 100 2.21591e-08
36 100 1.27463e-08
37 100 7.29762e-09
38 100 3.63648e-09
39 100 2.79392e-09
40 100 5.7711e-08
41 100 2.53862e-08
42 100 5.74089e-06
43 100 4.15089e-06
44 100 3.19772e-06
45 100 1.27481e-05
46 100 5.82011e-07
47 100 2.67169e-06
48 100 1.87523e-07
49 100 8.40258e-08
50 100 9.68007e-06
51 100 1.8053e-06
52 100 2.77359e-06
53 100 2.72311e-06
54 100 9.21216e-06
55 100 2.58959e-05
56 100 7.53197e-05
57 100 0.000333212
58 100 7.80156e-06
59 100 2.25016e-06
60 100 2.15779e-07
61 100 1.27518e-07
62 100 2.14472e-09
63 100 1.75304e-09
64 100 2.82299e-08
65 100 2.63609e-07
66 100 4.65463e-10
67 100 7.6842e-10
68 100 1.60929e-08
69 100 3.69954e-09
70 100 4.13027e-09
71 100 9.9976e-09
72 100 1.3319e-08
73 100 1.19708e-09
74 100 1.19672e-07
75 100 2.55386e-08
76 100 3.1454e-05
77 100 8.61907e-05
78 100 7.18206e-08
79 100 4.72018e-07
0 101 1.50035e-06
1 101 2.17895e-06
2 101 6.7522e-07
3 101 1.86867e-06
4 101 2.76104e-08
5 101 1.44386e-06
6 101 1.81229e-08
7 101 4.24659e-07
8 101 1.20513e-07
9 101 4.08782e-07
10 101 4.05427e-09
11 101 1.18804e-08
12 101 3.18426e-09
13 101 3.25446e-09
14 101 6.88889e-09
15 101 6.97634e-09
16 101 1.45611e-10
17 101 3.47306e-10
18 101 2.86278e-09
19 101 3.60531e-10
20 101 9.36183e-10
21 101 5.70519e-09
22 101 1.57861e-09
23 101 2.17168e-10
24 101 1.89632e-09
25 101 3.10769e-09
26 101 8.67073e-11
27 101 2.01934e-09
28 101 1.43561e-10
29 101 1.53053e-08
30 101 8.6224e-08
31 101 1.10256e-07
32 101 7.94952e-09
33 101 2.54271e-09
34 101 2.21773e-08
35 101 7.51837e-09
36 101 7.32497e-09
37 101 1.27299e-08
38 101 2.79371e-09
39 101 3.62943e-09
40 101 2.53828e-08
41 101 5.77039e-08
42 101 4.15103e-06
43 101 5.74122e-06
44 101 1.27483e-05
45 101 3.19776e-06
46 101 2.67195e-06
47 101 5.82125e-07
48 101 8.40073e-08
49 101 1.87508e-07
50 101 1.8053e-06
51 101 9.68076e-06
52 101 2.72312e-06
53 101 2.77352e-06
54 101 2.58959e-05
55 101 9.21253e-06
56 101 0.000333201
57 101 7.53206e-05
58 101 2.25016e-06
59 101 7.80245e-06
60 101 1.27533e-07
61 101 2.15735e-07
62 101 1.76106e-09
63 101 2.14329e-09
64 101 2.63668e-07
65 101 2.82296e-08
66 101 7.70144e-10
67 101 4.65641e-10
68 101 3.69486e-09
69 101 1.61206e-08
70 101 1.00174e-08
71 101 4.12581e-09
72 101 1.1998e-09
73 101 1.33225e-08
74 101 2.55326e-08
75 101 1.19628e-07
76 101 8.61942e-05
77 101 3.14531e-05
78 101 4.72021e-07
79 101 7.18179e-08
0 102 1.54438e-07
1 102 6.60671e-07
2 102 3.40402e-06
3 102 5.79177e-07
4 102 9.20881e-10
5 102 2.45441e-06
6 102 8.96573e-07
7 102 2.7791e-06
8 102 2.08734e-07
9 102 1.84906e-07
10 102 5.73338e-10
11 102 2.72466e-09
12 102 5.33035e-10
13 102 2.76757e-09
14 102 3.73002e-09
15 102 4.26935e-09
16 102 1.45331e-09
17 102 6.62517e-11
18 102 6.53896e-09
19 102 6.27533e-09
20 102 2.61901e-09
21 102 8.96563e-09
22 102 1.24976e-09
23 102 1.1136e-09
24 102 6.88597e-09
25 102 4.06293e-08
26 102 7.22245e-09
27 102 6.2195e-09
28 102 3.02498e-09
29 102 5.84088e-09
30 102 5.13355e-09
31 102 1.12791e-08
32 102 2.88753e-07
33 102 5.74395e-08
34 102 2.71976e-09
35 102 1.64366e-09
36 102 4.39668e-09
37 102 2.01038e-08
38 102 1.06766e-09
39 102 1.72068e-08
40 102 3.53391e-08
41 102 1.87345e-10
42 102 6.85018e-08
43 102 7.45789e-08
44 102 7.35057e-07
45 102 5.82721e-07
46 102 4.50561e-07
47 102 5.3328e-07
48 102 2.23704e-06
49 102 3.30462e-06
50 102 2.79278e-07
51 102 3.00106e-08
52 102 7.87859e-08
53 102 5.92722e-07
54 102 5.08223e-05
55 102 0.000282658
56 102 5.54264e-06
57 102 4.04497e-05
58 102 3.56403e-06
59 102 5.44256e-07
60 102 1.96582e-07
61 102 1.38724e-07
62 102 5.42098e-10
63 102 5.17635e-09
64 102 5.00197e-08
65 102 3.27366e-09
66 102 1.38747e-08
67 102 4.19221e-09
68 102 6.61324e-09
69 102 3.49835e-10
70 102 7.1577e-08
71 102 7.6439e-07
72 102 1.33035e-07
73 102 3.56016e-07
74 102 4.4284e-05
75 102 1.35789e-05
76 102 2.75092e-06
77 102 1.11592e-06
78 102 9.59909e-08
79 102 5.41685e-07
0 103 6.66394e-07
1 103 1.51193e-07
2 103 5.71892e-07
3 103 3.40777e-06
4 103 2.46739e-06
5 103 1.29414e-09
6 103 2.78947e-06
7 103 8.94799e-07
8 103 1.73031e-07
9 103 2.04467e-07
10 103 2.71003e-09
11 103 5.68175e-10
12 103 2.72236e-09
13 103 5.21737e-10
14 103 4.26202e-09
15 103 3.74682e-09
16 103 7.11418e-11
17 103 1.47187e-09
18 103 6.27589e-09
19 103 6.5719e-09
20 103 9.00184e-09
21 103 2.62523e-09
22 103 1.11953e-09
23 103 1.21975e-09
24 103 4.0566e-08
25 103 6.87177e-09
26 103 6.20351e-09
27 103 7.20824e-09
28 103 5.83034e-09
29 103 3.01784e-09
30 103 1.13129e-08
31 103 5.11652e-09
32 103 5.74798e-08
33 103 2.88695e-07
34 103 1.64399e-09
35 103 2.72949e-09
36 103 2.01302e-08
37 103 4.39251e-09
38 103 1.72106e-08
39 103 1.06546e-09
40 103 1.88432e-10
41 103 3.53287e-08
42 103 7.45676e-08
43 103 6.84884e-08
44 103 5.82796e-07
45 103 7.35085e-07
46 103 5.33241e-07
47 103 4.50526e-07
48 103 3.30445e-06
49 103 2.2371e-06
50 103 3.0002e-08
51 103 2.79285e-07
52 103 5.92763e-07
53 103 7.87755e-08
54 103 0.000282654
55 103 5.0825e-05
56 103 4.045e-05
57 103 5.54279e-06
58 103 5.44191e-07
59 103 3.56389e-06
60 103 1.38782e-07
61 103 1.96566e-07
62 103 5.18484e-09
63 103 5.43669e-10
64 103 3.28299e-09
65 103 5.00341e-08
66 103 4.19286e-09
67 103 1.38819e-08
68 103 3.5013e-10
69 103 6.61175e-09
70 103 7.64605e-07
71 103 7.15365e-08
72 103 3.55911e-07
73 103 1.33065e-07
74 103 1.3578e-05
75 103 4.42834e-05
76 103 1.11574e-06
77 103 2.75069e-06
78 103 5.41847e-07
79 103 9.59907e-08
0 104 1.51648e-06
1 104 8.55695e-07
2 104 1.47341e-07
3 104 4.32916e-07
4 104 5.46652e-08
5 104 3.2006e-08
6 104 1.34186e-08
7 104 4.40515e-09
8 104 2.01599e-08
9 104 3.15849e-08
10 104 1.74932e-09
11 104 2.80708e-09
12 104 5.35763e-11
13 104 4.8117e-11
14 104 1.56469e-10
15 104 1.29808e-11
16 104 1.74887e-08
17 104 1.52281e-07
18 104 6.36867e-09
19 104 3.9163e-09
20 104 2.97612e-09
21 104 2.30562e-08
22 104 1.38386e-09
23 104 1.24407e-11
24 104 9.81133e-12
25 104 1.48301e-11
26 104 2.15561e-08
27 104 8.22551e-09
28 104 8.20264e-10
29 104 3.43883e-08
30 104 9.41744e-09
31 104 3.15746e-08
32 104 1.76231e-09
33 104 9.7615e-10
34 104 3.98555e-09
35 104 2.37597e-09
36 104 1.14051e-07
37 104 1.53041e-07
38 104 1.18422e-07
39 104 9.44579e-08
40 104 5.13142e-09
41 104 1.24317e-08
42 104 4.59874e-07
43 104 6.1168e-07
44 104 5.24423e-07
45 104 4.08519e-07
46 104 1.3779e-05
47 104 1.17613e-05
48 104 7.33113e-07
49 104 1.18985e-06
50 104 4.63682e-06
51 104 1.83092e-05
52 104 7.37337e-07
53 104 1.23754e-07
54 104 1.28936e-05
55 104 2.71015e-06
56 104 1.01646e-05
57 104 6.24331e-06
58 104 5.98598e-05
59 104 0.000152689
60 104 6.04535e-09
61 104 3.63078e-09
62 104 4.43157e-09
63 104 6.73774e-09
64 104 6.29565e-09
65 104 6.65983e-09
66 104 1.40139e-08
67 104 1.72767e-09
68 104 1.13189e-07
69 104 5.4857e-07
70 104 1.72968e-08
71 104 2.12033e-08
72 104 1.64792e-07
73 104 2.25037e-07
74 104 6.4176e-07
75 104 5.95996e-07
76 104 1.18605e-05
77 104 3.55022e-06
78 104 2.40477e-08
79 104 6.695e-10
0 105 8.54697e-07
1 105 1.52719e-06
2 105 4.37499e-07
3 105 1.48305e-07
4 105 3.18068e-08
5 105 5.49012e-08
6 105 4.85442e-09
7 105 1.29489e-08
8 105 3.1984e-08
9 105 2.05932e-08
10 105 2.80955e-09
11 105 1.72073e-09
12 105 4.82748e-11
13 105 5.31642e-11
14 105 1.17941e-11
15 105 1.49471e-10
16 105 1.52229e-07
17 105 1.75411e-08
18 105 3.90204e-09
19 105 6.37363e-09
20 105 2.30432e-08
21 105 2.98019e-09
22 105 1.28799e-11
23 105 1.38893e-09
24 105 1.47137e-11
25 105 1.05877e-11
26 105 8.23424e-09
27 105 2.15603e-08
28 105 3.43489e-08
29 105 8.16799e-10
30 105 3.15599e-08
31 105 9.41313e-09
32 105 9.70466e-10
33 105 1.7601e-09
34 105 2.36798e-09
35 105 3.98927e-09
36 105 1.53028e-07
37 105 1.14012e-07
38 105 9.43929e-08
39 105 1.18456e-07
40 105 1.24419e-08
41 105 5.13169e-09
42 105 6.11697e-07
43 105 4.59799e-07
44 105 4.08523e-07
45 105 5.24373e-07
46 105 1.17609e-05
47 105 1.37783e-05
48 105 1.18978e-06
49 105 7.33026e-07
50 105 1.83091e-05
51 105 4.63705e-06
52 105 1.23747e-07
53 105 7.37363e-07
54 105 2.71016e-06
55 105 1.28936e-05
56 105 6.24327e-06
57 105 1.0164e-05
58 105 0.000152691
59 105 5.98611e-05
60 105 3.63169e-09
61 105 6.05068e-09
62 105 6.73998e-09
63 105 4.43015e-09
64 105 6.65939e-09
65 105 6.30276e-09
66 105 1.72459e-09
67 105 1.40328e-08
68 105 5.48453e-07
69 105 1.13211e-07
70 105 2.12407e-08
71 105 1.72659e-08
72 105 2.25088e-07
73 105 1.64761e-07
74 105 5.95991e-07
75 105 6.41609e-07
76 105 3.55075e-06
77 105 1.18605e-05
78 105 6.70684e-10
79 105 2.40543e-08
0 106 4.35196e-08
1 106 6.14234e-08
2 106 3.4394e-10
3 106 1.40265e-08
4 106 6.82392e-08
5 106 6.58616e-08
6 106 6.94545e-08
7 106 1.24259e-07
8 106 2.58295e-07
9 106 3.25982e-07
10 106 1.62966e-08
11 106 9.52133e-09
12 106 2.3971e-09
13 106 2.19933e-09
14 106 2.56376e-09
15 106 5.20073e-09
16 106 5.76238e-08
17 106 1.17597e-08
18 106 2.66007e-09
19 106 6.69996e-08
20 106 6.51044e-09
21 106 7.77559e-09
22 106 2.05789e-08
23 106 2.14176e-07
24 106 1.00465e-09
25 106 5.14067e-10
26 106 4.64307e-09
27 106 5.89388e-09
28 106 2.55839e-08
29 106 2.84891e-10
30 106 2.5648e-08
31 106 6.25285e-09
32 106 8.73552e-13
33 106 1.81338e-11
34 106 6.38834e-09
35 106 4.26925e-08
36 106 3.60214e-08
37 106 4.12865e-08
38 106 1.78319e-07
39 106 1.46197e-07
40 106 4.01068e-07
41 106 4.7592e-07
42 106 2.04693e-05
43 106 6.72517e-07
44 106 3.34576e-06
45 106 3.27854e-05
46 106 7.54366e-06
47 106 8.66938e-06
48 106 2.38128e-05
49 106 5.40964e-06
50 106 1.4049e-05
51 106 6.52237e-06
52 106 1.07873e-05
53 106 7.07692e-05
54 106 1.39114e-06
55 106 7.56828e-06
56 106 9.28703e-07
57 106 8.49561e-07
58 106 5.88912e-06
59 106 3.64586e-06
60 106 6.77489e-08
61 106 1.0197e-07
62 106 4.02035e-07
63 106 2.2613e-07
64 106 1.88327e-09
65 106 4.0702e-08
66 106 4.54339e-09
67 106 3.09563e-08
68 106 5.87091e-08
69 106 1.87751e-08
70 106 2.38726e-08
71 106 3.07502e-08
72 106 2.62646e-06
73 106 1.45602e-06
74 106 1.33919e-05
75 106 5.11042e-06
76 106 1.9737e-06
77 106 9.74653e-06
78 106 1.63945e-08
79 106 1.4875e-07
0 107 6.28542e-08
1 107 4.54182e-08
2 107 1.40456e-08
3 107 3.57957e-10
4 107 6.55053e-08
5 107 6.94242e-08
6 107 1.21639e-07
7 107 6.98158e-08
8 107 3.26493e-07
9 107 2.53284e-07
10 107 9.53846e-09
11 107 1.63102e-08
12 107 2.17515e-09
13 107 2.40923e-09
14 107 5.19229e-09
15 107 2.55867e-09
16 107 1.16996e-08
17 107 5.76849e-08
18 107 6.70339e-08
19 107 2.66162e-09
20 107 7.79439e-09
21 107 6.5019e-09
22 107 2.14159e-07
23 107 2.05728e-08
24 107 5.13088e-10
25 107 1.00435e-09
26 107 5.88415e-09
27 107 4.63625e-09
28 107 2.831e-10
29 107 2.55378e-08
30 107 6.25121e-09
31 107 2.56385e-08
32 107 1.79791e-11
33 107 7.87683e-13
34 107 4.27084e-08
35 107 6.38642e-09
36 107 4.12853e-08
37 107 3.60499e-08
38 107 1.46152e-07
39 107 1.78314e-07
40 107 4.75894e-07
41 107 4.01026e-07
42 107 6.7251e-07
43 107 2.04696e-05
44 107 3.2785e-05
45 107 3.34547e-06
46 107 8.66968e-06
47 107 7.54338e-06
48 107 5.40955e-06
49 107 2.38134e-05
50 107 6.52257e-06
51 107 1.40485e-05
52 107 7.07695e-05
53 107 1.07876e-05
54 107 7.56793e-06
55 107 1.39105e-06
56 107 8.49492e-07
57 107 9.28713e-07
58 107 3.64606e-06
59 107 5.889e-06
60 107 1.01984e-07
61 107 6.77484e-08
62 107 2.26116e-07
63 107 4.01989e-07
64 107 4.07333e-08
65 107 1.88512e-09
66 107 3.09502e-08
67 107 4.54733e-09
68 107 1.87597e-08
69 107 5.8732e-08
70 107 3.07647e-08
71 107 2.38654e-08
72 107 1.4561e-06
73 107 2.62644e-06
74 107 5.11029e-06
75 107 1.33918e-05
76 107 9.74658e-06
77 107 1.97374e-06
78 107 1.48691e-07
79 107 1.63904e-08
0 108 4.53207e-09
1 108 1.5551e-09
2 108 9.77471e-09
3 108 2.60481e-07
4 108 3.77725e-07
5 108 1.71776e-07
6 108 7.72692e-09
7 108 1.26787e-08
8 108 6.11067e-07
9 108 2.25221e-07
10 108 2.3089e-08
11 108 7.29109e-09
12 108 1.3401e-09
13 108 2.72443e-09
14 108 3.08768e-09
15 108 1.80755e-09
16 108 2.10753e-08
17 108 1.10789e-08
18 108 2.05278e-07
19 108 8.49091e-08
20 108 1.50197e-08
21 108 4.91322e-08
22 108 4.15621e-08
23 108 5.21856e-09
24 108 6.72658e-09
25 108 7.14862e-09
26 108 2.42959e-08
27 108 7.76703e-09
28 108 1.69515e-08
29 108 9.57277e-09
30 108 6.06509e-09
31 108 1.28372e-08
32 108 1.41032e-10
33 108 2.40343e-11
34 108 8.50358e-08
35 108 1.45302e-08
36 108 2.9222e-07
37 108 4.18528e-08
38 108 1.92513e-07
39 108 4.61047e-08
40 108 1.23223e-07
41 108 5.71846e-07
42 108 2.53402e-05
43 108 7.75404e-06
44 108 6.38902e-06
45 108 1.5993e-05
46 108 6.49088e-06
47 108 2.09321e-05
48 108 4.30545e-06
49 108 6.41366e-06
50 108 1.49619e-05
51 108 4.87807e-05
52 108 4.20428e-05
53 108 8.59178e-07
54 108 1.69156e-06
55 108 3.2986e-08
56 108 1.1984e-06
57 108 1.14735e-06
58 108 3.04348e-06
59 108 7.0669e-06
60 108 4.2224e-09
61 108 4.3818e-10
62 108 1.67658e-08
63 108 6.03169e-09
64 108 1.38343e-07
65 108 2.12979e-07
66 108 1.20243e-07
67 108 2.60593e-07
68 108 1.20718e-07
69 108 1.30877e-07
70 108 6.04128e-10
71 108 5.38846e-09
72 108 8.06401e-06
73 108 4.07554e-06
74 108 4.17061e-08
75 108 1.73093e-05
76 108 5.8367e-06
77 108 4.97506e-06
78 108 2.22787e-07
79 108 6.98479e-09
0 109 1.65327e-09
1 109 4.54083e-09
2 109 2.58449e-07
3 109 1.02064e-08
4 109 1.69909e-07
5 109 3.79697e-07
6 109 1.27951e-08
7 109 6.72502e-09
8 109 2.28408e-07
9 109 6.08315e-07
10 109 7.28179e-09
11 109 2.30983e-08
12 109 2.71969e-09
13 109 1.34047e-09
14 109 1.81694e-09
15 109 3.09633e-09
16 109 1.10929e-08
17 109 2.11036e-08
18 109 8.48867e-08
19 109 2.05441e-07
20 109 4.90953e-08
21 109 1.5022e-08
22 109 5.22468e-09
23 109 4.16127e-08
24 109 7.1543e-09
25 109 6.72532e-09
26 109 7.77323e-09
27 109 2.42917e-08
28 109 9.5686e-09
29 109 1.69476e-08
30 109 1.28171e-08
31 109 6.07e-09
32 109 2.36517e-11
33 109 1.40833e-10
34 109 1.45368e-08
35 109 8.50199e-08
36 109 4.18787e-08
37 109 2.92314e-07
38 109 4.60962e-08
39 109 1.92509e-07
40 109 5.71876e-07
41 109 1.2321e-07
42 109 7.75394e-06
43 109 2.53408e-05
44 109 1.59929e-05
45 109 6.38851e-06
46 109 2.09326e-05
47 109 6.49117e-06
48 109 6.41359e-06
49 109 4.30528e-06
50 109 4.87808e-05
51 109 1.49615e-05
52 109 8.58996e-07
53 109 4.2042e-05
54 109 3.29804e-08
55 109 1.69165e-06
56 109 1.14735e-06
57 109 1.19832e-06
58 109 7.0672e-06
59 109 3.04356e-06
60 109 4.38075e-10
61 109 4.22742e-09
62 109 6.03955e-09
63 109 1.67685e-08
64 109 2.12984e-07
65 109 1.38361e-07
66 109 2.60588e-07
67 109 1.20292e-07
68 109 1.30863e-07
69 109 1.20763e-07
70 109 5.39509e-09
71 109 5.9887e-10
72 109 4.07568e-06
73 109 8.06361e-06
74 109 1.731e-05
75 109 4.17143e-08
76 109 4.97552e-06
77 109 5.83667e-06
78 109 6.98658e-09
79 109 2.22813e-07
0 110 9.48358e-09
1 110 9.24613e-09
2 110 1.15757e-08
3 110 1.02237e-08
4 110 1.47294e-07
5 110 1.58087e-07
6 110 2.33351e-08
7 110 1.27198e-08
8 110 2.89078e-07
9 110 8.92184e-08
10 110 1.32612e-09
11 110 1.16519e-08
12 110 8.78772e-09
13 110 1.58047e-08
14 110 7.3103e-08
15 110 2.95816e-08
16 110 5.57317e-10
17 110 1.70241e-09
18 110 1.08815e-07
19 110 3.56606e-09
20 110 3.23149e-08
21 110 2.2727e-08
22 110 1.6299e-08
23 110 2.40352e-09
24 110 8.75737e-09
25 110 1.76099e-08
26 110 7.19261e-12
27 110 3.62272e-10
28 110 3.54411e-09
29 110 1.58587e-08
30 110 1.07234e-08
31 110 1.03542e-07
32 110 1.46987e-09
33 110 2.98777e-10
34 110 4.72287e-09
35 110 9.64695e-10
36 110 3.83309e-08
37 110 7.18601e-08
38 110 5.33007e-08
39 110 6.52666e-08
40 110 1.718e-06
41 110 1.13723e-06
42 110 1.57288e-05
43 110 2.33972e-05
44 110 0.000137077
45 110 6.37942e-05
46 110 3.96101e-06
47 110 4.2739e-06
48 110 1.66894e-07
49 110 3.13917e-07
50 110 1.24581e-05
51 110 1.67362e-05
52 110 1.60882e-06
53 110 4.86093e-06
54 110 1.5821e-06
55 110 6.68498e-07
56 110 8.76986e-07
57 110 1.09351e-06
58 110 8.03993e-07
59 110 1.13687e-06
60 110 2.20409e-08
61 110 7.05673e-10
62 110 3.96499e-09
63 110 4.36968e-08
64 110 7.64459e-08
65 110 3.02441e-08
66 110 4.11132e-08
67 110 1.78174e-08
68 110 3.27857e-08
69 110 4.22082e-08
70 110 3.02772e-09
71 110 1.77135e-09
72 110 6.75048e-07
73 110 1.31736e-06
74 110 5.55235e-06
75 110 6.54945e-06
76 110 0.000237262
77 110 3.43641e-05
78 110 1.35321e-07
79 110 2.2401e-07
0 111 9.33373e-09
1 111 8.82507e-09
2 111 9.88859e-09
3 111 1.04919e-08
4 111 1.58441e-07
5 111 1.46266e-07
6 111 1.2237e-08
7 111 2.45343e-08
8 111 8.87282e-08
9 111 2.89254e-07
10 111 1.16703e-08
11 111 1.32667e-09
12 111 1.58099e-08
13 111 8.81169e-09
14 111 2.96207e-08
15 111 7.32489e-08
16 111 1.73003e-09
17 111 5.53511e-10
18 111 3.55164e-09
19 111 1.0873e-07
20 111 2.27581e-08
21 111 3.2352e-08
22 111 2.40388e-09
23 111 1.63317e-08
24 111 1.76224e-08
25 111 8.78589e-09
26 111 3.57732e-10
27 111 6.6533e-12
28 111 1.58789e-08
29 111 3.55827e-09
30 111 1.03585e-07
31 111 1.06962e-08
32 111 3.03613e-10
33 111 1.47117e-09
34 111 9.68146e-10
35 111 4.71712e-09
36 111 7.18616e-08
37 111 3.82833e-08
38 111 6.52658e-08
39 111 5.3316e-08
40 111 1.1373e-06
41 111 1.7181e-06
42 111 2.33966e-05
43 111 1.5729e-05
44 111 6.37913e-05
45 111 0.000137075
46 111 4.27365e-06
47 111 3.96103e-06
48 111 3.13948e-07
49 111 1.66839e-07
50 111 1.67365e-05
51 111 1.24579e-05
52 111 4.86074e-06
53 111 1.60877e-06
54 111 6.68336e-07
55 111 1.58208e-06
56 111 1.09357e-06
57 111 8.76981e-07
58 111 1.13688e-06
59 111 8.03936e-07
60 111 7.07255e-10
61 111 2.20415e-08
62 111 4.37227e-08
63 111 3.95797e-09
64 111 3.02202e-08
65 111 7.63769e-08
66 111 1.78116e-08
67 111 4.11071e-08
68 111 4.22196e-08
69 111 3.27756e-08
70 111 1.77669e-09
71 111 3.02898e-09
72 111 1.31754e-06
73 111 6.75137e-07
74 111 6.54958e-06
75 111 5.55154e-06
76 111 3.43637e-05
77 111 0.000237256
78 111 2.24083e-07
79 111 1.35428e-07
0 112 1.325e-08
1 112 1.23205e-08
2 112 5.39312e-07
3 112 2.22325e-07
4 112 2.0014e-07
5 112 6.81744e-08
6 112 7.0787e-08
7 112 6.85388e-09
8 112 3.72224e-08
9 112 3.3857e-08
10 112 7.76932e-08
11 112 1.7651e-09
12 112 4.65546e-08
13 112 1.53075e-08
14 112 2.173e-09
15 112 1.37494e-08
16 112 3.85302e-08
17 112 3.18719e-08
18 112 7.48587e-10
19 112 4.36752e-09
20 112 2.76089e-08
21 112 1.66234e-09
22 112 3.04105e-09
23 112 4.84501e-09
24 112 2.44214e-07
25 112 5.63061e-08
26 112 7.46083e-09
27 112 6.77305e-11
28 112 2.03826e-09
29 112 2.68911e-10
30 112 1.13347e-08
31 112 1.15977e-09
32 112 1.57305e-09
33 112 4.85547e-10
34 112 1.70804e-08
35 112 5.6082e-09
36 112 1.06232e-07
37 112 2.19963e-08
38 112 5.20846e-08
39 112 8.67227e-08
40 112 6.30269e-07
41 112 2.5198e-07
42 112 0.000147507
43 112 2.80944e-05
44 112 8.79189e-06
45 112 2.47329e-05
46 112 6.65672e-07
47 112 4.46227e-07
48 112 3.54733e-07
49 112 6.7233e-08
50 112 2.0346e-06
51 112 1.14913e-06
52 112 4.71655e-05
53 112 1.2237e-05
54 112 3.42422e-06
55 112 4.82945e-07
56 112 3.75342e-08
57 112 1.87555e-07
58 112 5.87559e-10
59 112 1.83575e-07
60 112 5.35494e-09
61 112 1.32529e-08
62 112 2.24993e-07
63 112 5.32857e-08
64 112 1.22197e-09
65 112 2.46599e-09
66 112 4.82598e-09
67 112 1.67064e-08
68 112 1.08917e-10
69 112 1.27413e-09
70 112 1.0656e-07
71 112 8.47282e-09
72 112 3.09492e-07
73 112 5.0211e-08
74 112 2.24001e-05
75 112 0.000173277
76 112 4.11963e-06
77 112 1.04528e-05
78 112 3.63275e-07
79 112 4.61176e-07
0 113 1.2639e-08
1 113 1.3551e-08
2 113 2.2401e-07
3 113 5.42727e-07
4 113 6.81708e-08
5 113 1.97788e-07
6 113 7.15418e-09
7 113 6.92536e-08
8 113 3.31893e-08
9 113 3.6777e-08
10 113 1.75676e-09
11 113 7.75548e-08
12 113 1.53064e-08
13 113 4.66392e-08
14 113 1.3745e-08
15 113 2.17559e-09
16 113 3.18477e-08
17 113 3.86048e-08
18 113 4.3602e-09
19 113 7.47996e-10
20 113 1.66165e-09
21 113 2.76321e-08
22 113 4.84449e-09
23 113 3.03611e-09
24 113 5.629e-08
25 113 2.44232e-07
26 113 6.72959e-11
27 113 7.44979e-09
28 113 2.68691e-10
29 113 2.02899e-09
30 113 1.15837e-09
31 113 1.13341e-08
32 113 4.81031e-10
33 113 1.57125e-09
34 113 5.59842e-09
35 113 1.70542e-08
36 113 2.19971e-08
37 113 1.06193e-07
38 113 8.67343e-08
39 113 5.20517e-08
40 113 2.52034e-07
41 113 6.30344e-07
42 113 2.80958e-05
43 113 0.000147512
44 113 2.47332e-05
45 113 8.79208e-06
46 113 4.46225e-07
47 113 6.65672e-07
48 113 6.7204e-08
49 113 3.54731e-07
50 113 1.14917e-06
51 113 2.03458e-06
52 113 1.22375e-05
53 113 4.71658e-05
54 113 4.82925e-07
55 113 3.42418e-06
56 113 1.87511e-07
57 113 3.75092e-08
58 113 1.83627e-07
59 113 5.83657e-10
60 113 1.32497e-08
61 113 5.36154e-09
62 113 5.33162e-08
63 113 2.25013e-07
64 113 2.46724e-09
65 113 1.2203e-09
66 113 1.67054e-08
67 113 4.82148e-09
68 113 1.27196e-09
69 113 1.08228e-10
70 113 8.46807e-09
71 113 1.06558e-07
72 113 5.02238e-08
73 113 3.09509e-07
74 113 0.000173281
75 113 2.24003e-05
76 113 1.04536e-05
77 113 4.11923e-06
78 113 4.61174e-07
79 113 3.63299e-07
0 114 1.0326e-07
1 114 3.08692e-08
2 114 1.06774e-08
3 114 1.18524e-08
4 114 1.01826e-08
5 114 1.53934e-09
6 114 9.26031e-09
7 114 2.12989e-09
8 114 1.72545e-07
9 114 1.99635e-07
10 114 1.03782e-07
11 114 8.72102e-09
12 114 7.08654e-08
13 114 1.78122e-08
14 114 5.17316e-09
15 114 4.34607e-08
16 114 2.72983e-10
17 114 3.5387e-10
18 114 7.01126e-09
19 114 1.28719e-07
20 114 2.05946e-07
21 114 9.90294e-08
22 114 3.69951e-08
23 114 1.69309e-07
24 114 1.8434e-08
25 114 4.54106e-10
26 114 8.30888e-08
27 114 2.05043e-08
28 114 1.53682e-07
29 114 4.53291e-08
30 114 5.70464e-10
31 114 1.77828e-10
32 114 1.25741e-08
33 114 2.86827e-08
34 114 1.74416e-08
35 114 6.76977e-08
36 114 3.77717e-08
37 114 1.15256e-08
38 114 3.34218e-08
39 114 5.02062e-09
40 114 1.41071e-05
41 114 2.38167e-05
42 114 7.60037e-06
43 114 1.74923e-06
44 114 4.77593e-07
45 114 1.90173e-05
46 114 1.73039e-05
47 114 0.000112207
48 114 6.71714e-07
49 114 4.4079e-08
50 114 4.50906e-05
51 114 3.71937e-05
52 114 3.52393e-07
53 114 4.2771e-07
54 114 7.57491e-08
55 114 8.09545e-08
56 114 1.10729e-08
57 114 1.25086e-08
58 114 6.3247e-07
59 114 7.49162e-07
60 114 3.04872e-07
61 114 4.53495e-07
62 114 3.26417e-07
63 114 2.37026e-08
64 114 1.05691e-08
65 114 4.36927e-07
66 114 2.51979e-11
67 114 3.70896e-09
68 114 1.84256e-09
69 114 2.62768e-09
70 114 1.25356e-07
71 114 5.93338e-08
72 114 6.05999e-05
73 114 3.06343e-06
74 114 3.37304e-06
75 114 4.64637e-06
76 114 8.46759e-06
77 114 0.000178032
78 114 4.82012e-08
79 114 1.59229e-07
0 115 2.96358e-08
1 115 1.01372e-07
2 115 1.1379e-08
3 115 1.08567e-08
4 115 1.46234e-09
5 115 1.06237e-08
6 115 1.85147e-09
7 115 9.48476e-09
8 115 2.00596e-07
9 115 1.70618e-07
10 115 8.73726e-09
11 115 1.03835e-07
12 115 1.78159e-08
13 115 7.06586e-08
14 115 4.3419e-08
15 115 5.19412e-09
16 115 3.53575e-10
17 115 2.71961e-10
18 115 1.28814e-07
19 115 7.01832e-09
20 115 9.90465e-08
21 115 2.0592e-07
22 115 1.69311e-07
23 115 3.69959e-08
24 115 4.51595e-10
25 115 1.84115e-08
26 115 2.05417e-08
27 115 8.3072e-08
28 115 4.5291e-08
29 115 1.53684e-07
30 115 1.77881e-10
31 115 5.6892e-10
32 115 2.86936e-08
33 115 1.25762e-08
34 115 6.76804e-08
35 115 1.74294e-08
36 115 1.15079e-08
37 115 3.77535e-08
38 115 5.03209e-09
39 115 3.34152e-08
40 115 2.38166e-05
41 115 1.41064e-05
42 115 1.74924e-06
43 115 7.60081e-06
44 115 1.90174e-05
45 115 4.77601e-07
46 115 0.000112207
47 115 1.7305e-05
48 115 4.4096e-08
49 115 6.71645e-07
50 115 3.71936e-05
51 115 4.50897e-05
52 115 4.27651e-07
53 115 3.52319e-07
54 115 8.09545e-08
55 115 7.57453e-08
56 115 1.24881e-08
57 115 1.1077e-08
58 115 7.49114e-07
59 115 6.32494e-07
60 115 4.53337e-07
61 115 3.04884e-07
62 115 2.36902e-08
63 115 3.2631e-07
64 115 4.36886e-07
65 115 1.05566e-08
66 115 3.69924e-09
67 115 2.45198e-11
68 115 2.6302e-09
69 115 1.84797e-09
70 115 5.93245e-08
71 115 1.25358e-07
72 115 3.06358e-06
73 115 6.05978e-05
74 115 4.64666e-06
75 115 3.37279e-06
76 115 0.000178032
77 115 8.46563e-06
78 115 1.59262e-07
79 115 4.82114e-08
0 116 7.57331e-09
1 116 1.00294e-08
2 116 3.65637e-07
3 116 2.26341e-07
4 116 1.21268e-07
5 116 2.24226e-07
6 116 4.588e-08
7 116 1.07581e-06
8 116 3.03364e-08
9 116 4.62793e-09
10 116 3.62224e-09
11 116 1.56083e-08
12 116 2.22345e-08
13 116 8.98769e-08
14 116 1.02938e-07
15 116 6.14043e-08
16 116 2.79588e-09
17 116 1.77326e-09
18 116 5.79245e-09
19 116 3.64805e-09
20 116 5.44356e-08
21 116 1.27346e-07
22 116 2.81806e-08
23 116 8.33671e-08
24 116 1.29056e-08
25 116 2.79419e-07
26 116 1.39634e-08
27 116 5.34747e-07
28 116 1.57761e-08
29 116 1.09225e-07
30 116 2.67616e-09
31 116 1.17849e-08
32 116 1.28227e-07
33 116 1.03565e-07
34 116 2.40544e-07
35 116 3.98085e-07
36 116 1.13791e-08
37 116 1.03726e-07
38 116 1.26166e-08
39 116 3.85437e-08
40 116 1.00892e-05
41 116 3.44212e-06
42 116 3.77019e-06
43 116 3.88389e-05
44 116 1.19836e-05
45 116 6.19402e-06
46 116 2.79644e-06
47 116 7.13245e-07
48 116 1.97189e-05
49 116 9.99225e-05
50 116 2.31578e-06
51 116 1.72172e-07
52 116 4.66068e-06
53 116 2.02377e-05
54 116 5.94853e-07
55 116 3.70766e-06
56 116 5.55863e-08
57 116 4.88518e-08
58 116 5.27002e-09
59 116 9.47538e-09
60 116 1.29903e-07
61 116 1.09962e-07
62 116 3.92058e-08
63 116 8.11775e-07
64 116 3.2864e-07
65 116 1.14187e-08
66 116 1.62188e-08
67 116 1.00191e-09
68 116 7.87094e-09
69 116 3.85657e-10
70 116 1.38593e-08
71 116 5.14804e-07
72 116 1.49585e-06
73 116 1.99646e-05
74 116 0.000187637
75 116 2.82502e-05
76 116 7.49102e-06
77 116 1.50547e-06
78 116 5.61199e-08
79 116 7.59376e-08
0 117 9.20967e-09
1 117 7.33377e-09
2 117 2.27305e-07
3 117 3.63469e-07
4 117 2.25822e-07
5 117 1.2193e-07
6 117 1.07342e-06
7 117 4.62709e-08
8 117 5.2761e-09
9 117 3.11437e-08
10 117 1.56338e-08
11 117 3.61642e-09
12 117 9.0114e-08
13 117 2.21526e-08
14 117 6.13344e-08
15 117 1.03155e-07
16 117 1.76733e-09
17 117 2.81292e-09
18 117 3.65723e-09
19 117 5.76929e-09
20 117 1.27405e-07
21 117 5.4486e-08
22 117 8.33759e-08
23 117 2.81379e-08
24 117 2.79341e-07
25 117 1.28865e-08
26 117 5.34732e-07
27 117 1.39446e-08
28 117 1.09221e-07
29 117 1.57487e-08
30 117 1.17765e-08
31 117 2.679e-09
32 117 1.03597e-07
33 117 1.28184e-07
34 117 3.98202e-07
35 117 2.4056e-07
36 117 1.0375e-07
37 117 1.14017e-08
38 117 3.85279e-08
39 117 1.26229e-08
40 117 3.44242e-06
41 117 1.00891e-05
42 117 3.88379e-05
43 117 3.77006e-06
44 117 6.19374e-06
45 117 1.19837e-05
46 117 7.13061e-07
47 117 2.79669e-06
48 117 9.99204e-05
49 117 1.9719e-05
50 117 1.72185e-07
51 117 2.3155e-06
52 117 2.02378e-05
53 117 4.66089e-06
54 117 3.70769e-06
55 117 5.94771e-07
56 117 4.88356e-08
57 117 5.55977e-08
58 117 9.46993e-09
59 117 5.27276e-09
60 117 1.10017e-07
61 117 1.29924e-07
62 117 8.11704e-07
63 117 3.92154e-08
64 117 1.142e-08
65 117 3.28675e-07
66 117 1.00342e-09
67 117 1.62149e-08
68 117 3.87088e-10
69 117 7.86343e-09
70 117 5.14675e-07
71 117 1.38768e-08
72 117 1.99653e-05
73 117 1.49565e-06
74 117 2.82515e-05
75 117 0.000187629
76 117 1.50574e-06
77 117 7.49135e-06
78 117 7.5901e-08
79 117 5.60831e-08
0 118 2.71696e-08
1 118 1.60209e-08
2 118 2.52046e-08
3 118 5.37922e-08
4 118 2.37661e-10
5 118 3.69359e-08
6 118 3.95358e-08
7 118 1.94565e-08
8 118 2.18322e-07
9 118 9.93378e-08
10 118 1.57759e-08
11 118 2.79362e-08
12 118 1.5614e-10
13 118 6.57414e-09
14 118 5.95746e-09
15 118 7.39603e-10
16 118 3.20128e-08
17 118 1.97481e-07
18 118 7.57776e-08
19 118 1.07235e-08
20 118 6.00839e-08
21 118 8.11805e-08
22 118 2.30658e-08
23 118 1.0313e-08
24 118 3.88946e-08
25 118 6.05139e-08
26 118 2.41489e-08
27 118 1.40838e-08
28 118 5.40633e-10
29 118 9.52648e-09
30 118 1.68633e-10
31 118 1.64204e-10
32 118 1.61499e-08
33 118 1.95672e-08
34 118 6.43076e-09
35 118 5.35699e-10
36 118 5.69048e-08
37 118 4.32061e-08
38 118 1.32135e-08
39 118 1.6436e-08
40 118 8.47467e-05
41 118 9.31483e-05
42 118 2.68476e-07
43 118 4.5026e-06
44 118 8.17856e-06
45 118 2.00767e-06
46 118 1.48201e-05
47 118 1.64862e-05
48 118 2.00703e-06
49 118 4.76237e-06
50 118 3.2016e-06
51 118 7.5115e-06
52 118 1.29594e-06
53 118 1.13576e-07
54 118 3.36637e-08
55 118 3.8996e-09
56 118 5.49415e-08
57 118 4.12497e-08
58 118 1.88568e-07
59 118 2.69912e-07
60 118 1.17719e-07
61 118 4.91232e-08
62 118 2.33508e-08
63 118 3.43814e-08
64 118 1.43615e-08
65 118 4.2407e-09
66 118 7.3263e-09
67 118 1.01723e-09
68 118 7.409e-08
69 118 2.52013e-07
70 118 1.58866e-08
71 118 1.04028e-08
72 118 0.000120815
73 118 0.00021326
74 118 8.39552e-07
75 118 1.57468e-06
76 118 1.54538e-05
77 118 3.34019e-06
78 118 1.02353e-08
79 118 7.26004e-10
0 119 1.58673e-08
1 119 2.75143e-08
2 119 5.38852e-08
3 119 2.48528e-08
4 119 3.66966e-08
5 119 2.56242e-10
6 119 1.99481e-08
7 119 3.83413e-08
8 119 1.00848e-07
9 119 2.21576e-07
10 119 2.78776e-08
11 119 1.58266e-08
12 119 6.62177e-09
13 119 1.53636e-10
14 119 7.35565e-10
15 119 5.9415e-09
16 119 1.97215e-07
17 119 3.19387e-08
18 119 1.06946e-08
19 119 7.57362e-08
20 119 8.12355e-08
21 119 6.00729e-08
22 119 1.02961e-08
23 119 2.30388e-08
24 119 6.05848e-08
25 119 3.88995e-08
26 119 1.4031e-08
27 119 2.41682e-08
28 119 9.52642e-09
29 119 5.38309e-10
30 119 1.67029e-10
31 119 1.67064e-10
32 119 1.95673e-08
33 119 1.6153e-08
34 119 5.34237e-10
35 119 6.42543e-09
36 119 4.3245e-08
37 119 5.68656e-08
38 119 1.64293e-08
39 119 1.32151e-08
40 119 9.31492e-05
41 119 8.47469e-05
42 119 4.50262e-06
43 119 2.68407e-07
44 119 2.00768e-06
45 119 8.17871e-06
46 119 1.64864e-05
47 119 1.48207e-05
48 119 4.76212e-06
49 119 2.00718e-06
50 119 7.51164e-06
51 119 3.20162e-06
52 119 1.13575e-07
53 119 1.29585e-06
54 119 3.89239e-09
55 119 3.36674e-08
56 119 4.12263e-08
57 119 5.49091e-08
58 119 2.69956e-07
59 119 1.88474e-07
60 119 4.9139e-08
61 119 1.17722e-07
62 119 3.4396e-08
63 119 2.33634e-08
64 119 4.24813e-09
65 119 1.43524e-08
66 119 1.0216e-09
67 119 7.33361e-09
68 119 2.51893e-07
69 119 7.40827e-08
70 119 1.04034e-08
71 119 1.5904e-08
72 119 0.000213266
73 119 0.000120817
74 119 1.57479e-06
75 119 8.39468e-07
76 119 3.34024e-06
77 119 1.54538e-05
78 119 7.28128e-10
79 119 1.02531e-08
0 120 1.90047e-09
1 120 7.74871e-11
2 120 7.17003e-10
3 120 9.8042e-09
4 120 2.096e-09
5 120 8.93513e-10
6 120 4.28306e-09
7 120 1.96572e-09
8 120 2.27862e-10
9 120 1.2438e-10
10 120 5.91654e-07
11 120 2.2315e-07
12 120 8.59674e-07
13 120 4.13361e-07
14 120 1.39322e-08
15 120 6.38997e-07
16 120 2.65285e-08
17 120 1.43452e-07
18 120 1.02311e-08
19 120 2.50366e-08
20 120 5.98732e-08
21 120 1.4054e-07
22 120 2.15073e-06
23 120 1.13103e-06
24 120 5.63428e-06
25 120 5.9707e-07
26 120 6.79437e-07
27 120 6.80883e-07
28 120 2.54928e-06
29 120 1.37471e-06
30 120 1.89768e-05
31 120 5.06192e-06
32 120 3.88277e-06
33 120 5.11825e-05
34 120 1.55202e-06
35 120 3.31043e-06
36 120 7.6338e-07
37 120 1.30549e-08
38 120 2.94718e-06
39 120 2.12315e-08
40 120 1.26472e-09
41 120 6.79018e-09
42 120 6.7629e-09
43 120 1.06366e-09
44 120 1.82934e-10
45 120 9.27808e-09
46 120 1.29724e-09
47 120 2.8341e-08
48 120 3.43697e-08
49 120 1.1967e-08
50 120 1.01707e-09
51 120 7.55263e-09
52 120 4.64904e-09
53 120 2.19866e-09
54 120 3.98562e-08
55 120 3.03059e-08
56 120 1.25337e-08
57 120 1.87981e-09
58 120 1.96932e-10
59 120 3.55664e-09
60 120 3.20161e-07
61 120 1.37999e-06
62 120 1.04116e-05
63 120 6.90258e-07
64 120 6.35328e-08
65 120 1.46455e-07
66 120 1.62842e-08
67 120 1.79891e-07
68 120 2.13003e-08
69 120 1.23225e-07
70 120 5.26059e-06
71 120 1.2716e-06
72 120 9.6412e-09
73 120 1.2155e-09
74 120 5.17728e-09
75 120 1.47944e-09
76 120 9.89743e-09
77 120 6.20383e-08
78 120 1.14885e-07
79 120 7.65982e-08
0 121 9.29722e-11
1 121 2.34457e-09
2 121 1.04813e-08
3 121 7.61145e-10
4 121 9.59154e-10
5 121 1.79808e-09
6 121 2.11878e-09
7 121 4.58988e-09
8 121 2.21287e-10
9 121 1.95421e-10
10 121 2.23618e-07
11 121 5.914e-07
12 121 4.12557e-07
13 121 8.62225e-07
14 121 6.39594e-07
15 121 1.40606e-08
16 121 1.43792e-07
17 121 2.63814e-08
18 121 2.51165e-08
19 121 1.02846e-08
20 121 1.40456e-07
21 121 5.98886e-08
22 121 1.13108e-06
23 121 2.14943e-06
24 121 5.97461e-07
25 121 5.63458e-06
26 121 6.80845e-07
27 121 6.79749e-07
28 121 1.37439e-06
29 121 2.55034e-06
30 121 5.06169e-06
31 121 1.89762e-05
32 121 5.11833e-05
33 121 3.8835e-06
34 121 3.31031e-06
35 121 1.55136e-06
36 121 1.31297e-08
37 121 7.63557e-07
38 121 2.12709e-08
39 121 2.94692e-06
40 121 6.79803e-09
41 121 1.25853e-09
42 121 1.06853e-09
43 121 6.75468e-09
44 121 9.28075e-09
45 121 1.79276e-10
46 121 2.83471e-08
47 121 1.30218e-09
48 121 1.19615e-08
49 121 3.4339e-08
50 121 7.55677e-09
51 121 1.01704e-09
52 121 2.20204e-09
53 121 4.6739e-09
54 121 3.03109e-08
55 121 3.98684e-08
56 121 1.89178e-09
57 121 1.25251e-08
58 121 3.54144e-09
59 121 1.96384e-10
60 121 1.37974e-06
61 121 3.20105e-07
62 121 6.90157e-07
63 121 1.04115e-05
64 121 1.46495e-07
65 121 6.34663e-08
66 121 1.79941e-07
67 121 1.62882e-08
68 121 1.23163e-07
69 121 2.12851e-08
70 121 1.27172e-06
71 121 5.26126e-06
72 121 1.22354e-09
73 121 9.62275e-09
74 121 1.48434e-09
75 121 5.17843e-09
76 121 6.2098e-08
77 121 9.87233e-09
78 121 7.65436e-08
79 121 1.14831e-07
0 122 8.54093e-11
1 122 1.58825e-10
2 122 1.83406e-09
3 122 1.18838e-10
4 122 5.13355e-09
5 122 1.01305e-09
6 122 9.32546e-09
7 122 2.81679e-09
8 122 4.89318e-09
9 122 5.99978e-10
10 122 6.48892e-08
11 122 2.19719e-08
12 122 7.18423e-08
13 122 2.86609e-07
14 122 8.92758e-07
15 122 2.65261e-07
16 122 3.09862e-07
17 122 5.31904e-08
18 122 4.35308e-08
19 122 5.45872e-08
20 122 2.09941e-07
21 122 9.09411e-09
22 122 8.4653e-08
23 122 7.20108e-07
24 122 3.56343e-07
25 122 6.44766e-07
26 122 4.8033e-07
27 122 4.55943e-07
28 122 2.60449e-06
29 122 3.09108e-07
30 122 1.1095e-05
31 122 2.1502e-05
32 122 1.70825e-05
33 122 2.04314e-06
34 122 5.27352e-06
35 122 1.39776e-06
36 122 3.92347e-06
37 122 5.63907e-06
38 122 5.43759e-07
39 122 3.08423e-07
40 122 1.55655e-09
41 122 5.98578e-10
42 122 5.11293e-10
43 122 1.30968e-09
44 122 1.80104e-10
45 122 1.57356e-10
46 122 2.193e-08
47 122 1.3816e-08
48 122 5.7193e-08
49 122 2.25668e-08
50 122 2.98493e-08
51 122 1.3325e-09
52 122 1.66434e-08
53 122 1.16767e-08
54 122 3.02459e-09
55 122 8.50859e-09
56 122 2.47675e-08
57 122 1.9883e-07
58 122 1.80254e-08
59 122 2.32002e-09
60 122 2.86471e-07
61 122 2.24123e-08
62 122 1.29663e-06
63 122 6.84686e-07
64 122 1.13819e-08
65 122 2.34555e-08
66 122 2.49095e-07
67 122 2.07663e-07
68 122 6.63175e-07
69 122 4.77664e-08
70 122 3.12631e-08
71 122 5.78175e-09
72 122 1.13974e-10
73 122 3.66744e-10
74 122 1.16562e-08
75 122 2.12401e-08
76 122 2.57815e-09
77 122 2.30714e-09
78 122 4.76685e-08
79 122 9.64155e-08
0 123 1.32938e-10
1 123 8.28525e-11
2 123 7.97596e-11
3 123 1.78813e-09
4 123 1.0535e-09
5 123 4.77477e-09
6 123 3.00465e-09
7 123 9.54317e-09
8 123 5.80226e-10
9 123 4.88317e-09
10 123 2.18546e-08
11 123 6.48096e-08
12 123 2.86984e-07
13 123 7.16126e-08
14 123 2.64994e-07
15 123 8.92546e-07
16 123 5.30962e-08
17 123 3.10116e-07
18 123 5.45099e-08
19 123 4.35031e-08
20 123 9.0447e-09
21 123 2.09866e-07
22 123 7.19962e-07
23 123 8.48797e-08
24 123 6.45092e-07
25 123 3.56715e-07
26 123 4.55863e-07
27 123 4.80283e-07
28 123 3.0888e-07
29 123 2.60537e-06
30 123 2.15004e-05
31 123 1.10949e-05
32 123 2.0435e-06
33 123 1.7081e-05
34 123 1.39735e-06
35 123 5.27402e-06
36 123 5.63866e-06
37 123 3.92276e-06
38 123 3.0838e-07
39 123 5.43944e-07
40 123 6.02015e-10
41 123 1.55686e-09
42 123 1.32089e-09
43 123 5.17229e-10
44 123 1.55673e-10
45 123 1.84746e-10
46 123 1.38495e-08
47 123 2.19062e-08
48 123 2.25253e-08
49 123 5.71925e-08
50 123 1.32221e-09
51 123 2.98666e-08
52 123 1.16916e-08
53 123 1.66595e-08
54 123 8.52448e-09
55 123 3.01994e-09
56 123 1.98856e-07
57 123 2.47722e-08
58 123 2.31021e-09
59 123 1.80023e-08
60 123 2.23957e-08
61 123 2.86446e-07
62 123 6.84551e-07
63 123 1.29651e-06
64 123 2.34875e-08
65 123 1.13822e-08
66 123 2.0765e-07
67 123 2.48944e-07
68 123 4.78042e-08
69 123 6.6319e-07
70 123 5.79157e-09
71 123 3.12654e-08
72 123 3.65429e-10
73 123 1.15148e-10
74 123 2.12419e-08
75 123 1.16481e-08
76 123 2.29788e-09
77 123 2.5615e-09
78 123 9.64419e-08
79 123 4.76733e-08
0 124 1.32213e-09
1 124 4.34279e-09
2 124 3.96247e-08
3 124 1.94052e-11
4 124 1.77724e-08
5 124 1.41311e-08
6 124 2.85461e-08
7 124 7.41977e-09
8 124 1.64824e-08
9 124 2.91243e-10
10 124 2.2768e-07
11 124 1.0084e-07
12 124 1.44027e-08
13 124 8.08092e-09
14 124 5.19214e-09
15 124 7.66378e-09
16 124 3.29979e-07
17 124 4.39017e-08
18 124 2.18031e-08
19 124 5.50959e-09
20 124 1.06279e-06
21 124 6.80464e-08
22 124 7.90576e-07
23 124 2.21589e-06
24 124 1.19605e-06
25 124 1.90123e-06
26 124 2.27326e-06
27 124 7.0823e-07
28 124 2.71152e-08
29 124 1.01703e-06
30 124 3.26869e-07
31 124 2.43932e-06
32 124 2.60174e-05
33 124 2.73842e-07
34 124 4.91195e-06
35 124 2.00488e-06
36 124 5.93528e-06
37 124 1.82948e-05
38 124 8.76013e-07
39 124 7.29444e-06
40 124 1.57755e-08
41 124 2.26677e-10
42 124 3.22958e-10
43 124 3.75876e-10
44 124 2.77858e-09
45 124 4.88468e-10
46 124 4.80178e-10
47 124 1.49976e-11
48 124 4.0218e-09
49 124 3.5905e-09
50 124 2.05458e-08
51 124 3.28988e-10
52 124 5.62483e-09
53 124 5.37352e-09
54 124 2.84839e-08
55 124 2.19584e-08
56 124 1.56854e-09
57 124 1.13983e-08
58 124 7.84677e-08
59 124 5.19225e-09
60 124 7.11767e-07
61 124 1.436e-08
62 124 3.37246e-06
63 124 6.45959e-06
64 124 2.96467e-08
65 124 5.05057e-09
66 124 1.08078e-08
67 124 2.59843e-09
68 124 2.62973e-06
69 124 2.74786e-08
70 124 9.50489e-08
71 124 1.4006e-07
72 124 9.24729e-09
73 124 1.07977e-08
74 124 3.01934e-09
75 124 2.45219e-09
76 124 2.90918e-09
77 124 1.0125e-09
78 124 7.94789e-07
79 124 1.07371e-06
0 125 4.2775e-09
1 125 1.24231e-09
2 125 4.40107e-11
3 125 3.961e-08
4 125 1.40387e-08
5 125 1.78107e-08
6 125 7.3324e-09
7 125 2.81104e-08
8 125 3.51515e-10
9 125 1.68723e-08
10 125 1.00957e-07
11 125 2.27817e-07
12 125 8.00565e-09
13 125 1.4338e-08
14 125 7.69293e-09
15 125 5.2074e-09
16 125 4.39276e-08
17 125 3.30112e-07
18 125 5.48351e-09
19 125 2.18035e-08
20 125 6.81626e-08
21 125 1.06286e-06
22 125 2.21527e-06
23 125 7.9034e-07
24 125 1.9005e-06
25 125 1.19599e-06
26 125 7.07849e-07
27 125 2.27328e-06
28 125 1.01659e-06
29 125 2.70937e-08
30 125 2.43964e-06
31 125 3.27068e-07
32 125 2.73966e-07
33 125 2.60175e-05
34 125 2.00506e-06
35 125 4.91189e-06
36 125 1.82945e-05
37 125 5.93409e-06
38 125 7.29637e-06
39 125 8.75911e-07
40 125 2.2253e-10
41 125 1.57775e-08
42 125 3.78531e-10
43 125 3.29227e-10
44 125 4.85662e-10
45 125 2.78219e-09
46 125 1.60413e-11
47 125 4.8156e-10
48 125 3.60009e-09
49 125 4.02192e-09
50 125 3.30799e-10
51 125 2.05462e-08
52 125 5.34883e-09
53 125 5.63156e-09
54 125 2.19651e-08
55 125 2.84921e-08
56 125 1.13828e-08
57 125 1.58148e-09
58 125 5.19929e-09
59 125 7.85096e-08
60 125 1.43412e-08
61 125 7.11698e-07
62 125 6.4598e-06
63 125 3.3728e-06
64 125 5.03244e-09
65 125 2.96492e-08
66 125 2.61551e-09
67 125 1.08387e-08
68 125 2.75061e-08
69 125 2.63004e-06
70 125 1.40213e-07
71 125 9.52879e-08
72 125 1.08052e-08
73 125 9.2353e-09
74 125 2.45661e-09
75 125 3.01677e-09
76 125 1.00641e-09
77 125 2.92714e-09
78 125 1.07354e-06
79 125 7.94551e-07
0 126 1.5726e-10
1 126 1.50267e-10
2 126 1.78268e-09
3 126 7.74947e-09
4 126 5.65519e-08
5 126 4.48343e-09
6 126 2.91297e-09
7 126 3.94333e-09
8 126 1.21936e-07
9 126 7.80393e-08
10 126 2.37224e-07
11 126 2.7485e-09
12 126 2.99267e-07
13 126 1.77492e-07
14 126 1.59904e-09
15 126 3.97438e-07
16 126 2.4856e-08
17 126 1.73344e-08
18 126 5.60168e-08
19 126 1.663e-07
20 126 1.75849e-06
21 126 5.24854e-07
22 126 8.06043e-07
23 126 3.8036e-06
24 126 2.90996e-06
25 126 5.36461e-07
26 126 3.27972e-08
27 126 3.96255e-08
28 126 3.10369e-07
29 126 1.92167e-07
30 126 1.59702e-06
31 126 7.19365e-07
32 126 4.76944e-07
33 126 5.01986e-07
34 126 1.57776e-07
35 126 2.42849e-07
36 126 9.45853e-06
37 126 1.12407e-06
38 126 3.71691e-05
39 126 4.43921e-06
40 126 1.33731e-08
41 126 2.57213e-08
42 126 3.54014e-09
43 126 2.21834e-10
44 126 3.96969e-10
45 126 5.71704e-09
46 126 5.90707e-11
47 126 1.35798e-09
48 126 3.27612e-10
49 126 4.84234e-12
50 126 3.35336e-08
51 126 4.01658e-08
52 126 2.21376e-08
53 126 1.5756e-08
54 126 4.67747e-10
55 126 2.07727e-09
56 126 1.41782e-09
57 126 1.36436e-10
58 126 7.91204e-09
59 126 1.05378e-08
60 126 1.27602e-08
61 126 1.27593e-08
62 126 4.11863e-07
63 126 7.90746e-09
64 126 8.53587e-09
65 126 7.02911e-07
66 126 1.71523e-07
67 126 5.40055e-06
68 126 1.84373e-07
69 126 3.45228e-07
70 126 5.32046e-06
71 126 1.24108e-06
72 126 2.50685e-08
73 126 1.14848e-10
74 126 9.1156e-09
75 126 8.23988e-09
76 126 1.25507e-09
77 126 7.0553e-09
78 126 3.46061e-07
79 126 6.52626e-07
0 127 8.81689e-11
1 127 1.94096e-10
2 127 7.53643e-09
3 127 1.58041e-09
4 127 4.38857e-09
5 127 5.74995e-08
6 127 3.92488e-09
7 127 2.83326e-09
8 127 7.75441e-08
9 127 1.21795e-07
10 127 2.75603e-09
11 127 2.37041e-07
12 127 1.77022e-07
13 127 2.994e-07
14 127 3.97811e-07
15 127 1.6236e-09
16 127 1.73255e-08
17 127 2.49103e-08
18 127 1.6658e-07
19 127 5.61466e-08
20 127 5.24895e-07
21 127 1.7588e-06
22 127 3.80583e-06
23 127 8.05706e-07
24 127 5.38074e-07
25 127 2.90882e-06
26 127 3.96533e-08
27 127 3.29172e-08
28 127 1.92398e-07
29 127 3.10241e-07
30 127 7.19355e-07
31 127 1.5967e-06
32 127 5.02385e-07
33 127 4.76785e-07
34 127 2.42624e-07
35 127 1.58011e-07
36 127 1.12394e-06
37 127 9.45806e-06
38 127 4.43936e-06
39 127 3.71694e-05
40 127 2.5794e-08
41 127 1.34442e-08
42 127 2.21716e-10
43 127 3.54219e-09
44 127 5.72371e-09
45 127 4.09862e-10
46 127 1.36068e-09
47 127 6.47605e-11
48 127 5.26722e-12
49 127 3.27297e-10
50 127 4.01634e-08
51 127 3.35583e-08
52 127 1.56882e-08
53 127 2.21068e-08
54 127 2.07561e-09
55 127 4.68963e-10
56 127 1.37983e-10
57 127 1.41293e-09
58 127 1.05345e-08
59 127 7.95209e-09
60 127 1.27401e-08
61 127 1.27866e-08
62 127 7.8774e-09
63 127 4.11754e-07
64 127 7.03007e-07
65 127 8.52528e-09
66 127 5.40064e-06
67 127 1.71693e-07
68 127 3.45141e-07
69 127 1.84366e-07
70 127 1.24241e-06
71 127 5.32062e-06
72 127 1.15485e-10
73 127 2.51091e-08
74 127 8.24374e-09
75 127 9.08363e-09
76 127 7.03881e-09
77 127 1.26975e-09
78 127 6.52975e-07
79 127 3.45873e-07
0 128 3.71663e-10
1 128 5.07948e-09
2 128 1.66931e-09
3 128 3.05562e-09
4 128 6.58596e-10
5 128 9.96089e-09
6 128 4.64024e-10
7 128 4.97934e-10
8 128 8.98614e-09
9 128 6.36112e-09
10 128 7.17221e-09
11 128 3.91735e-07
12 128 3.7929e-07
13 128 1.29725e-06
14 128 2.75721e-06
15 128 4.46503e-07
16 128 1.89655e-07
17 128 1.30564e-07
18 128 6.78227e-08
19 128 2.71979e-08
20 128 4.1539e-07
21 128 2.07148e-07
22 128 1.08451e-05
23 128 4.08104e-06
24 128 2.52487e-06
25 128 5.95045e-05
26 128 1.82296e-07
27 128 2.38589e-06
28 128 4.36756e-08
29 128 7.29272e-08
30 128 9.36911e-07
31 128 1.75522e-06
32 128 4.1274e-08
33 128 1.79923e-09
34 128 3.69809e-07
35 128 3.66003e-07
36 128 8.03115e-08
37 128 4.19984e-06
38 128 1.83863e-07
39 128 2.15062e-06
40 128 1.30415e-09
41 128 5.56659e-10
42 128 3.93157e-10
43 128 3.01896e-09
44 128 8.92149e-09
45 128 2.02524e-09
46 128 2.77954e-09
47 128 1.01795e-09
48 128 7.4848e-11
49 128 2.30679e-10
50 128 2.22115e-09
51 128 5.43599e-10
52 128 1.51105e-09
53 128 1.29925e-09
54 128 1.1787e-08
55 128 4.00733e-08
56 128 6.6864e-10
57 128 7.75833e-10
58 128 3.48667e-10
59 128 3.23408e-11
60 128 4.51775e-07
61 128 5.16739e-07
62 128 9.88538e-09
63 128 2.32841e-07
64 128 3.56406e-07
65 128 1.59923e-08
66 128 7.89853e-08
67 128 2.36764e-08
68 128 3.4534e-07
69 128 3.16423e-07
70 128 3.72419e-06
71 128 5.12992e-05
72 128 5.56429e-12
73 128 2.69341e-09
74 128 7.03629e-08
75 128 2.22575e-08
76 128 2.06184e-08
77 128 1.41647e-09
78 128 6.90919e-06
79 128 7.57599e-06
0 129 5.03841e-09
1 129 2.30927e-10
2 129 3.27076e-09
3 129 2.11779e-09
4 129 1.0517e-08
5 129 5.79774e-10
6 129 5.54321e-10
7 129 4.86293e-10
8 129 6.42398e-09
9 129 1.01833e-08
10 129 3.9216e-07
11 129 7.17385e-09
12 129 1.29563e-06
13 129 3.79906e-07
14 129 4.44624e-07
15 129 2.75367e-06
16 129 1.30912e-07
17 129 1.89786e-07
18 129 2.72006e-08
19 129 6.76507e-08
20 129 2.06903e-07
21 129 4.15459e-07
22 129 4.0789e-06
23 129 1.08431e-05
24 129 5.94998e-05
25 129 2.52604e-06
26 129 2.38606e-06
27 129 1.82131e-07
28 129 7.29311e-08
29 129 4.36909e-08
30 129 1.75453e-06
31 129 9.3644e-07
32 129 1.82159e-09
33 129 4.13347e-08
34 129 3.65426e-07
35 129 3.70009e-07
36 129 4.1984e-06
37 129 8.03163e-08
38 129 2.15146e-06
39 129 1.84328e-07
40 129 5.58986e-10
41 129 1.28862e-09
42 129 3.00826e-09
43 129 3.89501e-10
44 129 2.02188e-09
45 129 8.88534e-09
46 129 9.98178e-10
47 129 2.7828e-09
48 129 2.31463e-10
49 129 7.81733e-11
50 129 5.47959e-10
51 129 2.22617e-09
52 129 1.30575e-09
53 129 1.48962e-09
54 129 4.00231e-08
55 129 1.1769e-08
56 129 7.77997e-10
57 129 6.72863e-10
58 129 3.32113e-11
59 129 3.59326e-10
60 129 5.16845e-07
61 129 4.51497e-07
62 129 2.32871e-07
63 129 9.88689e-09
64 129 1.60084e-08
65 129 3.56294e-07
66 129 2.3705e-08
67 129 7.9218e-08
68 129 3.16863e-07
69 129 3.4501e-07
70 129 5.12953e-05
71 129 3.72478e-06
72 129 2.69503e-09
73 129 5.6173e-12
74 129 2.22465e-08
75 129 7.03523e-08
76 129 1.41721e-09
77 129 2.05984e-08
78 129 7.57467e-06
79 129 6.90841e-06
0 130 7.92722e-09
1 130 2.40233e-08
2 130 8.37864e-09
3 130 1.24354e-08
4 130 1.60813e-09
5 130 2.86771e-08
6 130 5.96722e-10
7 130 3.94258e-09
8 130 1.74459e-09
9 130 8.92827e-09
10 130 8.10919e-09
11 130 4.34374e-08
12 130 1.65285e-06
13 130 2.28393e-06
14 130 2.40753e-06
15 130 1.03944e-06
16 130 1.23459e-06
17 130 1.27578e-06
18 130 7.99831e-08
19 130 1.10921e-08
20 130 2.76582e-07
21 130 2.80164e-06
22 130 1.29971e-05
23 130 8.41915e-06
24 130 2.29604e-07
25 130 1.05642e-06
26 130 2.95081e-07
27 130 1.59984e-06
28 130 2.28013e-06
29 130 1.29414e-06
30 130 2.30924e-08
31 130 1.81918e-07
32 130 9.84837e-08
33 130 4.42767e-08
34 130 9.55135e-08
35 130 2.98385e-07
36 130 6.11866e-07
37 130 5.88603e-07
38 130 7.87047e-07
39 130 1.76235e-06
40 130 1.09927e-07
41 130 7.89459e-08
42 130 2.76027e-08
43 130 6.8774e-08
44 130 4.76869e-08
45 130 2.92224e-08
46 130 9.63121e-08
47 130 9.70052e-09
48 130 6.67185e-09
49 130 3.6328e-08
50 130 1.09131e-07
51 130 1.51189e-07
52 130 1.09196e-08
53 130 1.65827e-10
54 130 1.43926e-09
55 130 1.14109e-09
56 130 9.45441e-09
57 130 1.66031e-09
58 130 1.64854e-08
59 130 2.06978e-08
60 130 1.02961e-08
61 130 3.96363e-09
62 130 7.22481e-07
63 130 3.67324e-06
64 130 6.12375e-07
65 130 9.91075e-08
66 130 1.63447e-07
67 130 4.84141e-08
68 130 4.95523e-07
69 130 7.88912e-07
70 130 3.76661e-07
71 130 3.70631e-06
72 130 1.23789e-08
73 130 1.32629e-07
74 130 2.18288e-07
75 130 1.29022e-08
76 130 5.80272e-08
77 130 3.23462e-08
78 130 1.36675e-08
79 130 9.66754e-08
0 131 2.38399e-08
1 131 8.31826e-09
2 131 1.23011e-08
3 131 7.90374e-09
4 131 2.8587e-08
5 131 1.60891e-09
6 131 3.89075e-09
7 131 5.88354e-10
8 131 8.98512e-09
9 131 1.76613e-09
10 131 4.3379e-08
11 131 8.18547e-09
12 131 2.28525e-06
13 131 1.65346e-06
14 131 1.03792e-06
15 131 2.40673e-06
16 131 1.27619e-06
17 131 1.2336e-06
18 131 1.10352e-08
19 131 8.00489e-08
20 131 2.80193e-06
21 131 2.76116e-07
22 131 8.41764e-06
23 131 1.29975e-05
24 131 1.05646e-06
25 131 2.29732e-07
26 131 1.59963e-06
27 131 2.94961e-07
28 131 1.29465e-06
29 131 2.28112e-06
30 131 1.819e-07
31 131 2.31365e-08
32 131 4.43449e-08
33 131 9.8485e-08
34 131 2.985e-07
35 131 9.56113e-08
36 131 5.88636e-07
37 131 6.12152e-07
38 131 1.76274e-06
39 131 7.86617e-07
40 131 7.89488e-08
41 131 1.10201e-07
42 131 6.87175e-08
43 131 2.75704e-08
44 131 2.91715e-08
45 131 4.76827e-08
46 131 9.64484e-09
47 131 9.61088e-08
48 131 3.62531e-08
49 131 6.6547e-09
50 131 1.51254e-07
51 131 1.08977e-07
52 131 1.74828e-10
53 131 1.09088e-08
54 131 1.14835e-09
55 131 1.44405e-09
56 131 1.65609e-09
57 131 9.45506e-09
58 131 2.0739e-08
59 131 1.64747e-08
60 131 3.98001e-09
61 131 1.03579e-08
62 131 3.67303e-06
63 131 7.22246e-07
64 131 9.91819e-08
65 131 6.12516e-07
66 131 4.84617e-08
67 131 1.63693e-07
68 131 7.88461e-07
69 131 4.9579e-07
70 131 3.70663e-06
71 131 3.76773e-07
72 131 1.3273e-07
73 131 1.23826e-08
74 131 1.28831e-08
75 131 2.18199e-07
76 131 3.22784e-08
77 131 5.80421e-08
78 131 9.67572e-08
79 131 1.37526e-08
0 132 2.11882e-09
1 132 5.67832e-09
2 132 9.33326e-09
3 132 9.85103e-10
4 132 4.16182e-09
5 132 3.16278e-08
6 132 3.03221e-09
7 132 1.20028e-08
8 132 1.10043e-09
9 132 1.68132e-09
10 132 8.10391e-09
11 132 1.12199e-08
12 132 2.41563e-06
13 132 6.63223e-06
14 132 8.32618e-06
15 132 2.22489e-07
16 132 1.43341e-06
17 132 4.03786e-07
18 132 6.65982e-07
19 132 2.92505e-07
20 132 3.30472e-06
21 132 2.0531e-06
22 132 4.07323e-06
23 132 5.35003e-06
24 132 3.11541e-08
25 132 5.105e-07
26 132 2.36069e-07
27 132 1.83529e-07
28 132 1.10635e-06
29 132 1.0304e-06
30 132 4.82523e-07
31 132 1.03337e-06
32 132 9.12615e-08
33 132 9.17797e-08
34 132 8.85171e-07
35 132 9.51006e-07
36 132 1.95417e-07
37 132 8.40938e-06
38 132 5.47233e-07
39 132 1.02163e-06
40 132 1.0433e-07
41 132 1.94585e-08
42 132 3.63875e-09
43 132 1.76026e-08
44 132 4.19075e-08
45 132 4.53009e-09
46 132 9.42757e-08
47 132 5.88988e-10
48 132 3.98082e-10
49 132 1.86557e-08
50 132 1.80637e-08
51 132 1.31522e-08
52 132 3.76746e-08
53 132 1.11788e-07
54 132 4.48078e-09
55 132 1.77183e-08
56 132 1.29457e-08
57 132 8.59447e-09
58 132 1.11148e-09
59 132 7.49717e-10
60 132 1.02473e-07
61 132 2.96841e-08
62 132 8.51632e-08
63 132 4.67937e-06
64 132 2.68277e-06
65 132 4.56976e-07
66 132 9.63701e-07
67 132 2.77203e-08
68 132 7.49119e-07
69 132 5.94405e-07
70 132 1.26411e-07
71 132 3.52772e-06
72 132 1.10544e-08
73 132 9.75718e-08
74 132 1.31239e-08
75 132 2.98411e-09
76 132 2.35531e-08
77 132 4.02152e-09
78 132 2.28728e-08
79 132 2.95125e-08
0 133 5.93656e-09
1 133 2.01433e-09
2 133 1.13295e-09
3 133 9.72016e-09
4 133 3.14153e-08
5 133 4.13636e-09
6 133 1.22261e-08
7 133 3.05376e-09
8 133 1.73472e-09
9 133 1.05877e-09
10 133 1.11019e-08
11 133 8.141e-09
12 133 6.63366e-06
13 133 2.42096e-06
14 133 2.22243e-07
15 133 8.32568e-06
16 133 4.038e-07
17 133 1.43385e-06
18 133 2.92148e-07
19 133 6.65856e-07
20 133 2.05233e-06
21 133 3.30321e-06
22 133 5.35144e-06
23 133 4.07158e-06
24 133 5.097e-07
25 133 3.10671e-08
26 133 1.83389e-07
27 133 2.35747e-07
28 133 1.03146e-06
29 133 1.10553e-06
30 133 1.03367e-06
31 133 4.827e-07
32 133 9.17616e-08
33 133 9.13492e-08
34 133 9.51363e-07
35 133 8.85813e-07
36 133 8.41019e-06
37 133 1.9589e-07
38 133 1.02252e-06
39 133 5.4723e-07
40 133 1.94335e-08
41 133 1.04472e-07
42 133 1.76847e-08
43 133 3.61909e-09
44 133 4.55622e-09
45 133 4.16997e-08
46 133 6.10316e-10
47 133 9.45408e-08
48 133 1.87731e-08
49 133 3.95065e-10
50 133 1.31005e-08
51 133 1.81498e-08
52 133 1.11297e-07
53 133 3.77078e-08
54 133 1.77218e-08
55 133 4.45825e-09
56 133 8.59763e-09
57 133 1.28599e-08
58 133 7.22957e-10
59 133 1.09511e-09
60 133 2.97527e-08
61 133 1.02596e-07
62 133 4.68024e-06
63 133 8.53032e-08
64 133 4.57547e-07
65 133 2.6839e-06
66 133 2.77006e-08
67 133 9.6345e-07
68 133 5.94596e-07
69 133 7.49022e-07
70 133 3.52858e-06
71 133 1.26448e-07
72 133 9.75399e-08
73 133 1.10556e-08
74 133 2.99831e-09
75 133 1.31261e-08
76 133 4.01173e-09
77 133 2.35069e-08
78 133 2.96842e-08
79 133 2.28557e-08
0 134 7.62522e-10
1 134 1.65469e-08
2 134 3.64569e-09
3 134 4.93825e-09
4 134 2.14066e-10
5 134 1.87321e-09
6 134 1.67768e-09
7 134 6.87943e-10
8 134 1.73507e-09
9 134 9.61048e-10
10 134 2.18034e-09
11 134 6.15264e-07
12 134 5.81087e-07
13 134 7.13969e-06
14 134 3.01106e-05
15 134 2.59532e-07
16 134 1.75536e-07
17 134 1.19221e-07
18 134 4.80051e-08
19 134 1.07912e-09
20 134 9.62929e-06
21 134 3.65281e-06
22 134 4.92324e-08
23 134 1.20151e-07
24 134 1.63889e-08
25 134 5.11355e-07
26 134 1.03725e-07
27 134 2.0411e-06
28 134 8.53017e-07
29 134 8.24996e-07
30 134 1.7919e-09
31 134 1.74465e-07
32 134 1.78355e-07
33 134 1.53151e-07
34 134 3.73778e-07
35 134 2.84302e-08
36 134 2.89612e-07
37 134 8.06273e-07
38 134 7.6418e-09
39 134 4.84295e-08
40 134 1.68696e-07
41 134 6.27329e-09
42 134 2.17811e-09
43 134 9.97476e-09
44 134 2.64693e-09
45 134 9.05567e-10
46 134 2.3401e-09
47 134 1.76183e-09
48 134 5.15277e-10
49 134 2.46852e-09
50 134 3.57739e-11
51 134 8.47149e-12
52 134 2.00826e-08
53 134 3.01257e-08
54 134 4.46812e-09
55 134 3.14718e-09
56 134 2.29197e-09
57 134 5.43279e-09
58 134 4.27009e-09
59 134 2.39467e-10
60 134 7.94895e-08
61 134 3.62871e-08
62 134 2.06693e-07
63 134 1.10118e-06
64 134 1.66657e-05
65 134 6.31526e-06
66 134 4.65184e-09
67 134 1.56935e-09
68 134 1.14592e-06
69 134 1.15909e-07
70 134 3.17314e-08
71 134 3.4975e-07
72 134 4.84009e-08
73 134 1.73175e-07
74 134 4.03428e-08
75 134 1.71112e-08
76 134 1.84371e-08
77 134 2.24849e-09
78 134 8.27369e-07
79 134 1.85436e-07
0 135 1.68626e-08
1 135 8.18977e-10
2 135 4.70488e-09
3 135 3.72671e-09
4 135 1.8799e-09
5 135 2.38199e-10
6 135 6.80967e-10
7 135 1.64632e-09
8 135 8.20255e-10
9 135 1.79747e-09
10 135 6.14156e-07
11 135 2.18632e-09
12 135 7.14333e-06
13 135 5.82477e-07
14 135 2.58033e-07
15 135 3.01067e-05
16 135 1.19142e-07
17 135 1.75538e-07
18 135 1.08252e-09
19 135 4.77882e-08
20 135 3.6533e-06
21 135 9.6325e-06
22 135 1.19919e-07
23 135 4.91765e-08
24 135 5.09989e-07
25 135 1.62788e-08
26 135 2.03987e-06
27 135 1.03632e-07
28 135 8.24827e-07
29 135 8.53269e-07
30 135 1.7427e-07
31 135 1.78819e-09
32 135 1.53023e-07
33 135 1.78447e-07
34 135 2.81646e-08
35 135 3.73802e-07
36 135 8.07126e-07
37 135 2.8882e-07
38 135 4.84369e-08
39 135 7.72344e-09
40 135 6.22547e-09
41 135 1.69248e-07
42 135 1.0017e-08
43 135 2.16126e-09
44 135 9.13042e-10
45 135 2.65613e-09
46 135 1.77911e-09
47 135 2.35619e-09
48 135 2.48532e-09
49 135 5.25357e-10
50 135 6.94903e-12
51 135 3.38154e-11
52 135 3.00292e-08
53 135 2.01784e-08
54 135 3.16952e-09
55 135 4.46125e-09
56 135 5.41803e-09
57 135 2.311e-09
58 135 2.33996e-10
59 135 4.2946e-09
60 135 3.6171e-08
61 135 7.95825e-08
62 135 1.0997e-06
63 135 2.06205e-07
64 135 6.31481e-06
65 135 1.66668e-05
66 135 1.56472e-09
67 135 4.65963e-09
68 135 1.15902e-07
69 135 1.1463e-06
70 135 3.49435e-07
71 135 3.16945e-08
72 135 1.73309e-07
73 135 4.86233e-08
74 135 1.70935e-08
75 135 4.02324e-08
76 135 2.28343e-09
77 135 1.84927e-08
78 135 1.84979e-07
79 135 8.26941e-07
0 136 1.74795e-10
1 136 8.86662e-09
2 136 2.48014e-08
3 136 1.4752e-09
4 136 1.354e-10
5 136 7.84506e-09
6 136 4.64518e-10
7 136 1.11369e-09
8 136 5.11693e-10
9 136 1.52635e-09
10 136 8.79074e-07
11 136 2.35181e-06
12 136 1.60097e-05
13 136 1.72871e-05
14 136 5.78104e-06
15 136 6.02227e-06
16 136 1.8691e-06
17 136 1.17179e-07
18 136 9.91254e-08
19 136 7.42169e-08
20 136 8.07159e-08
21 136 8.38271e-07
22 136 1.07036e-07
23 136 4.00579e-07
24 136 2.11653e-08
25 136 2.24853e-07
26 136 9.6149e-07
27 136 2.71273e-06
28 136 1.32488e-07
29 136 2.86287e-06
30 136 5.59035e-08
31 136 8.72177e-08
32 136 1.92696e-06
33 136 3.32078e-07
34 136 2.69611e-06
35 136 2.33992e-06
36 136 1.6868e-07
37 136 1.29938e-06
38 136 2.07005e-07
39 136 7.13659e-07
40 136 3.19547e-09
41 136 6.54438e-09
42 136 1.60333e-08
43 136 3.88272e-08
44 136 2.76433e-08
45 136 4.53764e-09
46 136 4.50559e-08
47 136 7.67562e-09
48 136 9.58982e-10
49 136 1.35478e-09
50 136 8.5816e-09
51 136 1.86578e-10
52 136 2.58025e-09
53 136 8.03493e-09
54 136 5.7352e-09
55 136 2.1912e-08
56 136 5.55348e-09
57 136 2.11063e-09
58 136 4.30639e-10
59 136 7.58728e-12
60 136 8.61003e-07
61 136 2.92048e-07
62 136 2.43338e-06
63 136 1.87631e-05
64 136 7.9815e-07
65 136 5.7805e-07
66 136 3.92296e-07
67 136 6.75602e-08
68 136 2.54707e-06
69 136 5.082e-08
70 136 5.10813e-08
71 136 4.02174e-08
72 136 2.24554e-09
73 136 9.3004e-09
74 136 2.23001e-07
75 136 6.09067e-08
76 136 2.81487e-08
77 136 1.24807e-08
78 136 1.84826e-06
79 136 8.99847e-06
0 137 9.33601e-09
1 137 1.16622e-10
2 137 1.58516e-09
3 137 2.46595e-08
4 137 7.80491e-09
5 137 1.25829e-10
6 137 1.06857e-09
7 137 6.13008e-10
8 137 1.70749e-09
9 137 4.1237e-10
10 137 2.3544e-06
11 137 8.79558e-07
12 137 1.72939e-05
13 137 1.60154e-05
14 137 6.01165e-06
15 137 5.77474e-06
16 137 1.17628e-07
17 137 1.86869e-06
18 137 7.43367e-08
19 137 9.92468e-08
20 137 8.39137e-07
21 137 8.07211e-08
22 137 3.99571e-07
23 137 1.07055e-07
24 137 2.25122e-07
25 137 2.11288e-08
26 137 2.7141e-06
27 137 9.61514e-07
28 137 2.86176e-06
29 137 1.32316e-07
30 137 8.73975e-08
31 137 5.58491e-08
32 137 3.32121e-07
33 137 1.92721e-06
34 137 2.33955e-06
35 137 2.69634e-06
36 137 1.29912e-06
37 137 1.68698e-07
38 137 7.12521e-07
39 137 2.06823e-07
40 137 6.63556e-09
41 137 3.14962e-09
42 137 3.87862e-08
43 137 1.60266e-08
44 137 4.50928e-09
45 137 2.77594e-08
46 137 7.65687e-09
47 137 4.5002e-08
48 137 1.33407e-09
49 137 9.65196e-10
50 137 1.76728e-10
51 137 8.56359e-09
52 137 8.14206e-09
53 137 2.54505e-09
54 137 2.18957e-08
55 137 5.76576e-09
56 137 2.14644e-09
57 137 5.561e-09
58 137 6.32884e-12
59 137 4.33594e-10
60 137 2.91824e-07
61 137 8.60905e-07
62 137 1.87634e-05
63 137 2.43405e-06
64 137 5.77161e-07
65 137 7.98797e-07
66 137 6.74987e-08
67 137 3.92527e-07
68 137 5.07037e-08
69 137 2.54532e-06
70 137 4.00577e-08
71 137 5.1196e-08
72 137 9.32681e-09
73 137 2.25484e-09
74 137 6.10179e-08
75 137 2.2294e-07
76 137 1.24972e-08
77 137 2.81413e-08
78 137 8.99792e-06
79 137 1.84841e-06
0 138 5.88244e-09
1 138 1.40842e-08
2 138 1.08216e-07
3 138 1.93626e-07
4 138 4.78993e-08
5 138 4.53457e-08
6 138 1.6454e-08
7 138 5.19747e-08
8 138 4.2523e-10
9 138 5.26987e-10
10 138 6.66041e-08
11 138 3.39649e-06
12 138 2.57124e-07
13 138 6.67472e-06
14 138 5.42042e-06
15 138 5.21147e-07
16 138 1.34551e-06
17 138 1.92591e-06
18 138 7.65525e-08
19 138 6.48123e-09
20 138 4.3433e-07
21 138 2.19317e-06
22 138 6.88971e-08
23 138 1.56175e-07
24 138 2.25622e-06
25 138 1.34754e-05
26 138 2.74587e-10
27 138 1.17226e-09
28 138 8.22773e-08
29 138 2.54791e-07
30 138 1.80457e-08
31 138 2.33234e-07
32 138 1.75457e-08
33 138 6.35848e-09
34 138 1.37784e-05
35 138 1.27463e-05
36 138 1.32278e-06
37 138 2.85574e-06
38 138 7.02974e-07
39 138 9.92985e-07
40 138 1.88865e-09
41 138 9.03854e-11
42 138 1.06192e-09
43 138 2.60428e-09
44 138 5.55695e-09
45 138 1.86065e-10
46 138 5.74395e-08
47 138 6.8846e-09
48 138 1.28899e-10
49 138 4.34989e-09
50 138 7.875e-09
51 138 1.34747e-08
52 138 2.21951e-09
53 138 1.51893e-09
54 138 6.16123e-08
55 138 9.10343e-08
56 138 2.61801e-08
57 138 1.02274e-08
58 138 7.1321e-10
59 138 6.59161e-10
60 138 7.89676e-07
61 138 1.24664e-06
62 138 1.12075e-06
63 138 5.85661e-06
64 138 5.11047e-07
65 138 4.90206e-08
66 138 8.93683e-07
67 138 4.28371e-08
68 138 1.25158e-06
69 138 1.75385e-06
70 138 6.87432e-06
71 138 2.58874e-05
72 138 6.62248e-10
73 138 3.23381e-09
74 138 6.24867e-09
75 138 1.2577e-09
76 138 1.42077e-08
77 138 2.78543e-09
78 138 7.24458e-09
79 138 1.23019e-09
0 139 1.39745e-08
1 139 6.49141e-09
2 139 1.94155e-07
3 139 1.1024e-07
4 139 4.66681e-08
5 139 4.84572e-08
6 139 5.21385e-08
7 139 1.61161e-08
8 139 4.88689e-10
9 139 6.38269e-10
10 139 3.39558e-06
11 139 6.69881e-08
12 139 6.67571e-06
13 139 2.58965e-07
14 139 5.19859e-07
15 139 5.42392e-06
16 139 1.92366e-06
17 139 1.3439e-06
18 139 6.43846e-09
19 139 7.60381e-08
20 139 2.19351e-06
21 139 4.35036e-07
22 139 1.5618e-07
23 139 6.88997e-08
24 139 1.34721e-05
25 139 2.25638e-06
26 139 1.1432e-09
27 139 2.926e-10
28 139 2.54385e-07
29 139 8.25773e-08
30 139 2.33016e-07
31 139 1.80636e-08
32 139 6.25659e-09
33 139 1.75454e-08
34 139 1.27433e-05
35 139 1.37775e-05
36 139 2.8548e-06
37 139 1.32257e-06
38 139 9.9224e-07
39 139 7.02601e-07
40 139 8.88277e-11
41 139 1.86681e-09
42 139 2.60997e-09
43 139 1.05843e-09
44 139 1.90074e-10
45 139 5.62445e-09
46 139 6.92964e-09
47 139 5.78311e-08
48 139 4.38242e-09
49 139 1.31336e-10
50 139 1.34785e-08
51 139 7.87828e-09
52 139 1.53301e-09
53 139 2.20866e-09
54 139 9.10734e-08
55 139 6.15978e-08
56 139 1.02214e-08
57 139 2.61529e-08
58 139 6.43315e-10
59 139 7.14407e-10
60 139 1.24546e-06
61 139 7.89418e-07
62 139 5.85936e-06
63 139 1.12008e-06
64 139 4.90414e-08
65 139 5.11484e-07
66 139 4.27391e-08
67 139 8.9263e-07
68 139 1.75217e-06
69 139 1.25104e-06
70 139 2.58859e-05
71 139 6.87311e-06
72 139 3.21561e-09
73 139 6.47931e-10
74 139 1.24816e-09
75 139 6.23602e-09
76 139 2.81581e-09
77 139 1.43485e-08
78 139 1.19118e-09
79 139 7.1164e-09
0 140 1.39005e-09
1 140 8.1091e-10
2 140 4.26389e-08
3 140 1.98987e-08
4 140 6.85589e-09
5 140 4.01667e-08
6 140 1.75699e-07
7 140 4.25825e-08
8 140 1.01385e-09
9 140 5.63758e-10
10 140 5.3191e-06
11 140 3.14834e-06
12 140 1.39037e-07
13 140 1.88049e-07
14 140 2.1161e-07
15 140 1.00173e-07
16 140 1.95771e-06
17 140 3.68462e-06
18 140 4.07644e-06
19 140 5.49233e-07
20 140 9.45433e-08
21 140 2.87458e-08
22 140 8.371e-08
23 140 8.71087e-08
24 140 1.25934e-08
25 140 1.62493e-08
26 140 1.08763e-05
27 140 4.73875e-06
28 140 1.2817e-06
29 140 5.00716e-06
30 140 6.49414e-08
31 140 1.35299e-07
32 140 8.38581e-07
33 140 1.30022e-07
34 140 2.39729e-06
35 140 6.60516e-08
36 140 1.29675e-08
37 140 6.23236e-08
38 140 4.81312e-08
39 140 1.33877e-07
40 140 2.99775e-09
41 140 5.20536e-09
42 140 3.52051e-08
43 140 4.53772e-08
44 140 3.04835e-08
45 140 3.21401e-09
46 140 6.75231e-08
47 140 1.02391e-07
48 140 8.69264e-10
49 140 4.15631e-09
50 140 2.26679e-08
51 140 4.60289e-09
52 140 8.35373e-09
53 140 1.60593e-09
54 140 6.83499e-08
55 140 1.23838e-08
56 140 2.02529e-10
57 140 9.45601e-09
58 140 3.26139e-09
59 140 1.34528e-10
60 140 4.77723e-06
61 140 2.58986e-07
62 140 2.97189e-06
63 140 4.79642e-06
64 140 5.0755e-09
65 140 4.9018e-09
66 140 2.48205e-06
67 140 1.19768e-06
68 140 5.11389e-06
69 140 1.28902e-06
70 140 1.24048e-06
71 140 7.58459e-07
72 140 1.37971e-08
73 140 2.16577e-08
74 140 4.88937e-08
75 140 4.66961e-07
76 140 9.33197e-09
77 140 2.99845e-09
78 140 7.89553e-07
79 140 2.49086e-07
0 141 7.59842e-10
1 141 1.3543e-09
2 141 2.02391e-08
3 141 4.35965e-08
4 141 4.02419e-08
5 141 6.7427e-09
6 141 4.14321e-08
7 141 1.75294e-07
8 141 4.38687e-10
9 141 1.06211e-09
10 141 3.14814e-06
11 141 5.3226e-06
12 141 1.89221e-07
13 141 1.38717e-07
14 141 9.98209e-08
15 141 2.11422e-07
16 141 3.67811e-06
17 141 1.95441e-06
18 141 5.49664e-07
19 141 4.0779e-06
20 141 2.86931e-08
21 141 9.39625e-08
22 141 8.77776e-08
23 141 8.39714e-08
24 141 1.63924e-08
25 141 1.23908e-08
26 141 4.73894e-06
27 141 1.08762e-05
28 141 5.00976e-06
29 141 1.2803e-06
30 141 1.3537e-07
31 141 6.50479e-08
32 141 1.29835e-07
33 141 8.38741e-07
34 141 6.59084e-08
35 141 2.39911e-06
36 141 6.23967e-08
37 141 1.29477e-08
38 141 1.3385e-07
39 141 4.84205e-08
40 141 5.21354e-09
41 141 2.96956e-09
42 141 4.53034e-08
43 141 3.51658e-08
44 141 3.15978e-09
45 141 3.05018e-08
46 141 1.01872e-07
47 141 6.76644e-08
48 141 4.17294e-09
49 141 9.0612e-10
50 141 4.63773e-09
51 141 2.2681e-08
52 141 1.57384e-09
53 141 8.36272e-09
54 141 1.23319e-08
55 141 6.85166e-08
56 141 9.43328e-09
57 141 2.03492e-10
58 141 1.3661e-10
59 141 3.2584e-09
60 141 2.58839e-07
61 141 4.77968e-06
62 141 4.79646e-06
63 141 2.97196e-06
64 141 4.86984e-09
65 141 5.00365e-09
66 141 1.19951e-06
67 141 2.48402e-06
68 141 1.28633e-06
69 141 5.11081e-06
70 141 7.57129e-07
71 141 1.24107e-06
72 141 2.17205e-08
73 141 1.37946e-08
74 141 4.66855e-07
75 141 4.89663e-08
76 141 2.96013e-09
77 141 9.30477e-09
78 141 2.48745e-07
79 141 7.886e-07
0 142 6.00286e-09
1 142 3.35078e-09
2 142 3.3339e-10
3 142 1.19087e-08
4 142 3.33425e-08
5 142 1.68604e-08
6 142 3.7897e-10
7 142 5.08292e-10
8 142 4.70689e-10
9 142 2.76057e-10
10 142 8.5058e-08
11 142 4.68428e-09
12 142 6.20485e-08
13 142 3.78964e-08
14 142 4.95758e-08
15 142 1.82881e-07
16 142 2.11212e-06
17 142 2.94043e-05
18 142 1.1185e-05
19 142 8.27875e-06
20 142 1.87613e-06
21 142 2.0898e-06
22 142 2.18217e-06
23 142 5.75725e-07
24 142 4.18816e-08
25 142 1.05707e-08
26 142 1.51146e-06
27 142 8.94511e-07
28 142 1.32468e-06
29 142 4.55874e-06
30 142 5.05249e-07
31 142 4.61588e-07
32 142 2.0043e-09
33 142 9.643e-09
34 142 3.32602e-07
35 142 1.65872e-07
36 142 8.6443e-08
37 142 5.90982e-08
38 142 8.59176e-07
39 142 7.62962e-08
40 142 6.40871e-10
41 142 3.68337e-10
42 142 5.47175e-09
43 142 7.97379e-09
44 142 1.06266e-08
45 142 1.29667e-08
46 142 1.557e-10
47 142 1.1131e-09
48 142 1.52407e-08
49 142 9.46149e-09
50 142 2.28523e-13
51 142 3.11101e-11
52 142 2.27795e-08
53 142 6.33162e-09
54 142 1.10999e-08
55 142 4.15274e-10
56 142 5.09689e-09
57 142 7.7522e-09
58 142 3.56072e-09
59 142 5.93077e-08
60 142 8.3435e-08
61 142 1.6803e-08
62 142 7.56182e-09
63 142 6.99799e-09
64 142 2.65592e-06
65 142 5.7212e-06
66 142 7.28736e-06
67 142 1.8383e-05
68 142 4.64637e-07
69 142 2.46332e-05
70 142 1.57538e-07
71 142 2.33373e-08
72 142 9.50747e-08
73 142 2.80052e-08
74 142 3.54441e-09
75 142 4.62811e-10
76 142 2.49761e-08
77 142 3.93481e-08
78 142 6.07327e-10
79 142 1.65008e-08
0 143 3.39515e-09
1 143 6.37241e-09
2 143 1.14938e-08
3 143 2.78261e-10
4 143 1.69846e-08
5 143 3.42042e-08
6 143 6.35741e-10
7 143 3.67611e-10
8 143 2.5842e-10
9 143 3.96877e-10
10 143 4.66013e-09
11 143 8.43582e-08
12 143 3.76842e-08
13 143 6.22974e-08
14 143 1.81822e-07
15 143 4.96159e-08
16 143 2.93786e-05
17 143 2.11331e-06
18 143 8.2826e-06
19 143 1.1183e-05
20 143 2.09339e-06
21 143 1.87462e-06
22 143 5.7598e-07
23 143 2.18285e-06
24 143 1.06109e-08
25 143 4.19956e-08
26 143 8.94916e-07
27 143 1.51186e-06
28 143 4.55296e-06
29 143 1.32751e-06
30 143 4.61076e-07
31 143 5.06139e-07
32 143 9.63363e-09
33 143 1.98816e-09
34 143 1.655e-07
35 143 3.32797e-07
36 143 5.88952e-08
37 143 8.72482e-08
38 143 7.59305e-08
39 143 8.58128e-07
40 143 3.80401e-10
41 143 5.81145e-10
42 143 7.98887e-09
43 143 5.67485e-09
44 143 1.31043e-08
45 143 1.03975e-08
46 143 1.04843e-09
47 143 1.91501e-10
48 143 9.65388e-09
49 143 1.51132e-08
50 143 3.37403e-11
51 143 7.7555e-13
52 143 6.32874e-09
53 143 2.284e-08
54 143 4.19109e-10
55 143 1.11135e-08
56 143 7.82358e-09
57 143 4.98254e-09
58 143 5.93093e-08
59 143 3.63061e-09
60 143 1.65745e-08
61 143 8.35383e-08
62 143 7.12435e-09
63 143 7.54427e-09
64 143 5.72448e-06
65 143 2.65564e-06
66 143 1.83888e-05
67 143 7.28924e-06
68 143 2.46113e-05
69 143 4.65999e-07
70 143 2.30348e-08
71 143 1.57094e-07
72 143 2.78451e-08
73 143 9.49243e-08
74 143 4.66049e-10
75 143 3.6126e-09
76 143 3.95072e-08
77 143 2.48915e-08
78 143 1.66982e-08
79 143 5.761e-10
