0 80 2.58525e-11
1 80 1.41842e-10
2 80 8.2357e-09
3 80 5.35458e-09
4 80 1.38512e-09
5 80 3.6906e-09
6 80 3.00513e-10
7 80 3.373e-09
8 80 1.92962e-11
9 80 3.36926e-11
10 80 1.40063e-07
11 80 4.76283e-06
12 80 7.23465e-07
13 80 3.40709e-06
14 80 3.66833e-06
15 80 9.83126e-07
16 80 6.44256e-07
17 80 2.61312e-07
18 80 2.9524e-08
19 80 1.33446e-08
20 80 4.60028e-08
21 80 8.26164e-08
22 80 1.09027e-07
23 80 4.84115e-08
24 80 2.49165e-07
25 80 6.60644e-06
26 80 2.23725e-07
27 80 2.18391e-06
28 80 4.85197e-07
29 80 5.03991e-07
30 80 1.14447e-08
31 80 1.32552e-07
32 80 2.02419e-07
33 80 1.16732e-07
34 80 2.44634e-06
35 80 3.11329e-06
36 80 5.77021e-08
37 80 8.31497e-07
38 80 1.0903e-07
39 80 2.51528e-07
40 80 6.92379e-10
41 80 1.39742e-10
42 80 1.62546e-07
43 80 1.32397e-06
44 80 1.63875e-06
45 80 5.12545e-07
46 80 6.18656e-09
47 80 3.11276e-09
48 80 4.96853e-10
49 80 1.10685e-08
50 80 4.64242e-09
51 80 4.69727e-10
52 80 1.89082e-09
53 80 5.8092e-09
54 80 1.3174e-07
55 80 6.04544e-07
56 80 1.76559e-08
57 80 2.44606e-08
58 80 4.64324e-09
59 80 7.8479e-09
60 80 0.000967053
61 80 0.00123965
62 80 2.02693e-05
63 80 0.000539264
64 80 0.000125386
65 80 1.0297e-05
66 80 3.95695e-06
67 80 1.46813e-06
68 80 2.40382e-05
69 80 1.35358e-05
70 80 4.32635e-06
71 80 0.000183227
72 80 1.97798e-08
73 80 3.46989e-08
74 80 7.01245e-05
75 80 1.58629e-05
76 80 2.79838e-05
77 80 4.45065e-06
78 80 0.188196
79 80 0.24997
0 81 1.37315e-10
1 81 2.04272e-11
2 81 5.39635e-09
3 81 8.37156e-09
4 81 3.77165e-09
5 81 1.41692e-09
6 81 3.31e-09
7 81 2.8586e-10
8 81 4.32508e-11
9 81 3.19837e-11
10 81 4.76269e-06
11 81 1.39962e-07
12 81 3.40931e-06
13 81 7.24926e-07
14 81 9.8115e-07
15 81 3.66692e-06
16 81 2.61084e-07
17 81 6.44199e-07
18 81 1.32827e-08
19 81 2.95555e-08
20 81 8.26929e-08
21 81 4.59928e-08
22 81 4.85063e-08
23 81 1.08989e-07
24 81 6.60791e-06
25 81 2.49071e-07
26 81 2.18367e-06
27 81 2.23735e-07
28 81 5.04061e-07
29 81 4.85256e-07
30 81 1.32583e-07
31 81 1.14244e-08
32 81 1.16735e-07
33 81 2.02326e-07
34 81 3.11306e-06
35 81 2.44683e-06
36 81 8.31454e-07
37 81 5.76359e-08
38 81 2.51629e-07
39 81 1.09035e-07
40 81 1.40044e-10
41 81 6.95089e-10
42 81 1.32359e-06
43 81 1.6243e-07
44 81 5.12493e-07
45 81 1.63888e-06
46 81 3.13832e-09
47 81 6.16572e-09
48 81 1.10863e-08
49 81 5.00067e-10
50 81 4.6497e-10
51 81 4.64635e-09
52 81 5.81817e-09
53 81 1.88118e-09
54 81 6.04823e-07
55 81 1.31754e-07
56 81 2.4482e-08
57 81 1.76177e-08
58 81 7.85329e-09
59 81 4.6733e-09
60 81 0.00123971
61 81 0.000967254
62 81 0.000539328
63 81 2.02648e-05
64 81 1.02966e-05
65 81 0.000125377
66 81 1.46834e-06
67 81 3.95726e-06
68 81 1.35333e-05
69 81 2.40405e-05
70 81 0.000183234
71 81 4.32654e-06
72 81 3.45594e-08
73 81 1.97816e-08
74 81 1.58672e-05
75 81 7.01246e-05
76 81 4.45087e-06
77 81 2.79892e-05
78 81 0.249989
79 81 0.188229
0 82 1.44153e-09
1 82 1.4497e-08
2 82 3.02466e-08
3 82 3.26135e-09
4 82 3.43841e-09
5 82 4.45596e-08
6 82 5.8293e-09
7 82 4.11652e-08
8 82 8.16276e-08
9 82 9.4769e-08
10 82 1.38186e-09
11 82 6.40377e-09
12 82 9.39918e-09
13 82 6.38139e-08
14 82 1.43418e-07
15 82 5.34035e-08
16 82 2.91097e-11
17 82 7.89228e-12
18 82 1.67711e-09
19 82 4.02569e-10
20 82 7.95187e-10
21 82 1.09914e-09
22 82 7.80137e-09
23 82 9.40318e-09
24 82 2.86394e-10
25 82 3.62812e-08
26 82 7.68172e-10
27 82 2.17271e-09
28 82 1.32754e-10
29 82 2.22246e-09
30 82 7.61498e-10
31 82 3.89621e-09
32 82 2.37556e-09
33 82 2.02119e-09
34 82 1.08717e-09
35 82 4.66144e-10
36 82 2.642e-10
37 82 2.05616e-09
38 82 1.35565e-10
39 82 2.61875e-10
40 82 7.19915e-08
41 82 5.11282e-08
42 82 8.60948e-06
43 82 7.7664e-05
44 82 0.00023372
45 82 2.10731e-06
46 82 0.00016578
47 82 4.11368e-06
48 82 5.06515e-07
49 82 2.20055e-06
50 82 1.51528e-05
51 82 1.30158e-05
52 82 1.24122e-08
53 82 2.62101e-08
54 82 4.56785e-06
55 82 1.28046e-05
56 82 6.02212e-07
57 82 5.43673e-07
58 82 1.34622e-05
59 82 7.3337e-06
60 82 9.70454e-08
61 82 7.47626e-08
62 82 2.28461e-09
63 82 2.38211e-07
64 82 3.08281e-06
65 82 1.13682e-08
66 82 1.18167e-08
67 82 8.01645e-10
68 82 2.14028e-08
69 82 2.62849e-08
70 82 1.43206e-07
71 82 2.35664e-06
72 82 2.33332e-06
73 82 4.81593e-05
74 82 5.90636e-05
75 82 0.00013327
76 82 0.0208496
77 82 0.00273786
78 82 1.85303e-05
79 82 2.82633e-05
0 83 1.50929e-08
1 83 1.69746e-09
2 83 3.23286e-09
3 83 3.0766e-08
4 83 4.43805e-08
5 83 3.49552e-09
6 83 4.21101e-08
7 83 5.86125e-09
8 83 9.44449e-08
9 83 8.18704e-08
10 83 6.39907e-09
11 83 1.39129e-09
12 83 6.38178e-08
13 83 9.38074e-09
14 83 5.33586e-08
15 83 1.43596e-07
16 83 7.06119e-12
17 83 2.83059e-11
18 83 4.04828e-10
19 83 1.68208e-09
20 83 1.08799e-09
21 83 7.97612e-10
22 83 9.41019e-09
23 83 7.82574e-09
24 83 3.63009e-08
25 83 2.79838e-10
26 83 2.17764e-09
27 83 7.70297e-10
28 83 2.21712e-09
29 83 1.33561e-10
30 83 3.89768e-09
31 83 7.72153e-10
32 83 2.02288e-09
33 83 2.36855e-09
34 83 4.71459e-10
35 83 1.07474e-09
36 83 2.05838e-09
37 83 2.60808e-10
38 83 2.62139e-10
39 83 1.33407e-10
40 83 5.11025e-08
41 83 7.20292e-08
42 83 7.76737e-05
43 83 8.60965e-06
44 83 2.10612e-06
45 83 0.000233751
46 83 4.11582e-06
47 83 0.000165796
48 83 2.20111e-06
49 83 5.06407e-07
50 83 1.30179e-05
51 83 1.5154e-05
52 83 2.61957e-08
53 83 1.2369e-08
54 83 1.28024e-05
55 83 4.56691e-06
56 83 5.43251e-07
57 83 6.0229e-07
58 83 7.33562e-06
59 83 1.34626e-05
60 83 7.48816e-08
61 83 9.69735e-08
62 83 2.3825e-07
63 83 2.30397e-09
64 83 1.13479e-08
65 83 3.08286e-06
66 83 8.04412e-10
67 83 1.18066e-08
68 83 2.6296e-08
69 83 2.14601e-08
70 83 2.35727e-06
71 83 1.4297e-07
72 83 4.81546e-05
73 83 2.33256e-06
74 83 0.000133275
75 83 5.90623e-05
76 83 0.00273754
77 83 0.0208526
78 83 2.8263e-05
79 83 1.85334e-05
0 84 8.84515e-08
1 84 2.91035e-10
2 84 2.57329e-07
3 84 4.03082e-07
4 84 5.29442e-07
5 84 1.03944e-07
6 84 1.15903e-06
7 84 3.70339e-08
8 84 2.63608e-08
9 84 8.87424e-09
10 84 1.01224e-07
11 84 5.55071e-09
12 84 4.69778e-08
13 84 4.98047e-08
14 84 7.49217e-09
15 84 7.09675e-08
16 84 5.84553e-10
17 84 3.19021e-09
18 84 5.69493e-09
19 84 7.20206e-09
20 84 7.263e-10
21 84 7.54244e-09
22 84 1.11566e-07
23 84 9.67943e-08
24 84 6.0805e-07
25 84 5.37361e-08
26 84 8.54446e-09
27 84 1.66056e-08
28 84 6.71844e-09
29 84 1.24566e-08
30 84 5.82793e-08
31 84 1.6015e-08
32 84 1.59973e-09
33 84 9.20801e-09
34 84 9.15613e-08
35 84 4.48039e-08
36 84 4.79276e-08
37 84 3.79502e-10
38 84 3.37329e-09
39 84 3.33117e-09
40 84 1.5087e-08
41 84 4.24415e-07
42 84 0.000112528
43 84 3.49419e-05
44 84 2.96349e-05
45 84 5.01347e-05
46 84 3.45913e-06
47 84 2.1384e-06
48 84 7.46119e-05
49 84 2.01106e-05
50 84 8.1821e-08
51 84 1.13502e-07
52 84 9.97365e-06
53 84 1.65488e-06
54 84 3.8969e-05
55 84 3.73122e-06
56 84 1.05394e-05
57 84 1.5706e-05
58 84 1.24345e-07
59 84 6.72443e-07
60 84 1.6593e-07
61 84 1.20932e-07
62 84 4.46627e-07
63 84 5.42993e-08
64 84 1.78394e-07
65 84 9.05538e-07
66 84 1.47856e-08
67 84 1.35438e-07
68 84 3.71037e-08
69 84 1.00633e-08
70 84 1.65928e-05
71 84 7.10387e-08
72 84 8.23404e-05
73 84 6.48537e-06
74 84 0.00100758
75 84 0.0103425
76 84 6.16942e-06
77 84 2.29892e-05
78 84 4.55297e-07
79 84 7.90663e-07
0 85 3.91362e-10
1 85 8.79938e-08
2 85 4.05443e-07
3 85 2.59134e-07
4 85 1.03405e-07
5 85 5.26339e-07
6 85 3.67232e-08
7 85 1.15671e-06
8 85 9.00237e-09
9 85 2.8247e-08
10 85 5.56427e-09
11 85 1.01184e-07
12 85 4.99096e-08
13 85 4.6922e-08
14 85 7.09277e-08
15 85 7.50041e-09
16 85 3.2176e-09
17 85 5.82348e-10
18 85 7.17821e-09
19 85 5.68503e-09
20 85 7.5568e-09
21 85 7.24369e-10
22 85 9.68928e-08
23 85 1.11624e-07
24 85 5.3848e-08
25 85 6.0803e-07
26 85 1.66208e-08
27 85 8.5449e-09
28 85 1.24654e-08
29 85 6.70888e-09
30 85 1.6029e-08
31 85 5.8226e-08
32 85 9.19346e-09
33 85 1.59977e-09
34 85 4.48139e-08
35 85 9.15729e-08
36 85 3.73038e-10
37 85 4.79386e-08
38 85 3.32839e-09
39 85 3.37269e-09
40 85 4.2447e-07
41 85 1.50869e-08
42 85 3.49444e-05
43 85 0.00011251
44 85 5.01278e-05
45 85 2.9637e-05
46 85 2.13826e-06
47 85 3.45923e-06
48 85 2.01135e-05
49 85 7.45985e-05
50 85 1.13495e-07
51 85 8.18805e-08
52 85 1.65424e-06
53 85 9.97378e-06
54 85 3.73039e-06
55 85 3.89676e-05
56 85 1.57057e-05
57 85 1.05405e-05
58 85 6.72539e-07
59 85 1.24358e-07
60 85 1.20939e-07
61 85 1.65908e-07
62 85 5.43507e-08
63 85 4.46481e-07
64 85 9.05717e-07
65 85 1.78347e-07
66 85 1.35397e-07
67 85 1.48043e-08
68 85 1.00695e-08
69 85 3.70761e-08
70 85 7.10385e-08
71 85 1.65932e-05
72 85 6.48725e-06
73 85 8.23331e-05
74 85 0.0103419
75 85 0.00100704
76 85 2.29876e-05
77 85 6.16867e-06
78 85 7.91068e-07
79 85 4.5557e-07
0 86 8.8275e-10
1 86 1.97521e-09
2 86 1.23959e-08
3 86 2.81964e-08
4 86 5.68406e-09
5 86 3.66197e-09
6 86 1.28061e-09
7 86 5.02969e-09
8 86 2.31801e-07
9 86 2.48355e-07
10 86 3.38667e-09
11 86 9.73531e-09
12 86 3.05687e-09
13 86 5.07574e-09
14 86 5.72059e-09
15 86 3.75237e-09
16 86 4.28255e-10
17 86 1.26602e-09
18 86 8.13513e-07
19 86 5.50037e-08
20 86 1.14021e-09
21 86 2.71631e-10
22 86 9.90648e-08
23 86 1.20045e-08
24 86 7.57633e-09
25 86 1.54321e-08
26 86 6.53091e-09
27 86 4.43618e-09
28 86 8.43279e-10
29 86 9.82192e-09
30 86 7.47708e-10
31 86 2.87627e-09
32 86 3.463e-11
33 86 3.89998e-11
34 86 4.88249e-09
35 86 1.80961e-09
36 86 1.4643e-09
37 86 5.13506e-08
38 86 9.52203e-08
39 86 1.15907e-07
40 86 0.000118434
41 86 0.000166705
42 86 1.7163e-08
43 86 1.15574e-07
44 86 1.58041e-07
45 86 6.61375e-08
46 86 4.10715e-06
47 86 1.51978e-06
48 86 2.95756e-08
49 86 2.5968e-07
50 86 6.13146e-07
51 86 1.62475e-06
52 86 1.61327e-05
53 86 5.36919e-06
54 86 4.71426e-07
55 86 2.47161e-07
56 86 5.466e-08
57 86 3.41275e-08
58 86 5.90604e-06
59 86 1.10651e-05
60 86 2.55586e-09
61 86 6.18804e-10
62 86 4.3179e-09
63 86 9.41656e-09
64 86 3.93915e-07
65 86 5.76161e-08
66 86 5.53369e-06
67 86 1.38056e-06
68 86 1.11525e-06
69 86 4.02324e-07
70 86 1.63127e-08
71 86 1.00667e-08
72 86 0.000814249
73 86 0.00437932
74 86 4.39558e-05
75 86 5.37796e-05
76 86 9.4843e-05
77 86 1.44155e-05
78 86 3.54275e-08
79 86 4.08645e-09
0 87 2.01738e-09
1 87 8.83552e-10
2 87 2.83079e-08
3 87 1.25309e-08
4 87 3.60487e-09
5 87 5.69028e-09
6 87 5.14153e-09
7 87 1.09286e-09
8 87 2.48087e-07
9 87 2.33097e-07
10 87 9.74231e-09
11 87 3.3934e-09
12 87 5.07092e-09
13 87 3.05282e-09
14 87 3.75335e-09
15 87 5.72271e-09
16 87 1.26978e-09
17 87 4.29704e-10
18 87 5.50571e-08
19 87 8.13494e-07
20 87 2.72458e-10
21 87 1.1369e-09
22 87 1.20149e-08
23 87 9.91127e-08
24 87 1.54513e-08
25 87 7.56904e-09
26 87 4.44202e-09
27 87 6.51859e-09
28 87 9.79642e-09
29 87 8.40675e-10
30 87 2.8756e-09
31 87 7.47749e-10
32 87 3.81548e-11
33 87 3.44661e-11
34 87 1.81234e-09
35 87 4.87567e-09
36 87 5.13265e-08
37 87 1.4583e-09
38 87 1.15921e-07
39 87 9.52506e-08
40 87 0.000166703
41 87 0.000118408
42 87 1.15584e-07
43 87 1.71505e-08
44 87 6.61312e-08
45 87 1.58162e-07
46 87 1.51986e-06
47 87 4.10679e-06
48 87 2.59564e-07
49 87 2.95744e-08
50 87 1.62478e-06
51 87 6.13064e-07
52 87 5.36982e-06
53 87 1.61341e-05
54 87 2.47106e-07
55 87 4.71327e-07
56 87 3.41183e-08
57 87 5.46526e-08
58 87 1.10648e-05
59 87 5.90582e-06
60 87 6.20746e-10
61 87 2.56352e-09
62 87 9.41553e-09
63 87 4.31889e-09
64 87 5.76085e-08
65 87 3.93901e-07
66 87 1.3809e-06
67 87 5.53308e-06
68 87 4.02261e-07
69 87 1.11491e-06
70 87 1.00851e-08
71 87 1.63024e-08
72 87 0.00437874
73 87 0.000814267
74 87 5.37777e-05
75 87 4.39519e-05
76 87 1.44161e-05
77 87 9.48541e-05
78 87 4.10646e-09
79 87 3.54515e-08
0 88 3.69587e-10
1 88 1.81855e-10
2 88 9.85612e-11
3 88 1.03161e-10
4 88 1.33945e-10
5 88 3.23255e-10
6 88 2.42875e-09
7 88 1.09969e-09
8 88 2.03467e-09
9 88 6.09942e-10
10 88 2.29797e-06
11 88 4.80733e-07
12 88 5.68829e-07
13 88 4.81444e-08
14 88 1.7879e-08
15 88 3.44139e-07
16 88 3.65624e-08
17 88 6.09256e-08
18 88 4.70022e-09
19 88 4.07586e-08
20 88 3.85639e-07
21 88 3.87692e-07
22 88 2.47842e-07
23 88 2.17603e-05
24 88 2.15614e-05
25 88 1.19003e-05
26 88 7.96219e-07
27 88 3.15264e-07
28 88 5.80602e-07
29 88 9.43251e-07
30 88 2.85645e-06
31 88 3.26281e-06
32 88 5.81128e-08
33 88 1.45274e-07
34 88 8.98784e-06
35 88 1.59754e-05
36 88 4.82356e-06
37 88 5.27513e-06
38 88 1.61478e-06
39 88 1.88177e-06
40 88 3.12316e-08
41 88 1.36057e-08
42 88 3.16424e-08
43 88 7.40608e-09
44 88 9.77694e-09
45 88 1.69094e-08
46 88 1.09426e-08
47 88 1.58789e-08
48 88 1.36127e-07
49 88 1.60348e-08
50 88 3.64816e-09
51 88 1.13875e-09
52 88 1.57869e-09
53 88 6.36237e-10
54 88 9.62724e-08
55 88 2.61286e-07
56 88 1.5207e-07
57 88 5.38685e-07
58 88 2.35646e-09
59 88 1.14849e-09
60 88 1.34601e-05
61 88 9.58141e-06
62 88 0.00013415
63 88 6.8587e-05
64 88 7.19289e-09
65 88 9.88854e-08
66 88 1.01701e-06
67 88 4.77731e-06
68 88 2.87406e-05
69 88 8.68001e-06
70 88 0.00112471
71 88 0.0010506
72 88 1.97054e-07
73 88 3.72653e-08
74 88 5.1755e-09
75 88 5.71732e-08
76 88 9.98382e-07
77 88 2.6922e-06
78 88 7.53845e-07
79 88 3.55829e-05
0 89 2.25821e-10
1 89 3.70215e-10
2 89 1.4259e-10
3 89 1.02744e-10
4 89 3.27256e-10
5 89 1.28125e-10
6 89 1.11093e-09
7 89 2.43713e-09
8 89 6.05338e-10
9 89 2.09082e-09
10 89 4.80997e-07
11 89 2.29699e-06
12 89 4.81853e-08
13 89 5.69613e-07
14 89 3.44005e-07
15 89 1.78032e-08
16 89 6.09823e-08
17 89 3.66429e-08
18 89 4.0771e-08
19 89 4.70407e-09
20 89 3.87689e-07
21 89 3.85914e-07
22 89 2.17609e-05
23 89 2.47206e-07
24 89 1.19025e-05
25 89 2.15567e-05
26 89 3.15313e-07
27 89 7.96281e-07
28 89 9.43455e-07
29 89 5.80415e-07
30 89 3.26268e-06
31 89 2.85709e-06
32 89 1.45271e-07
33 89 5.81261e-08
34 89 1.59734e-05
35 89 8.98798e-06
36 89 5.27625e-06
37 89 4.82384e-06
38 89 1.88197e-06
39 89 1.6142e-06
40 89 1.36027e-08
41 89 3.12118e-08
42 89 7.41115e-09
43 89 3.16166e-08
44 89 1.69099e-08
45 89 9.76812e-09
46 89 1.58881e-08
47 89 1.09427e-08
48 89 1.60528e-08
49 89 1.36129e-07
50 89 1.13625e-09
51 89 3.63602e-09
52 89 6.36189e-10
53 89 1.57471e-09
54 89 2.61272e-07
55 89 9.61455e-08
56 89 5.39016e-07
57 89 1.52044e-07
58 89 1.15083e-09
59 89 2.36487e-09
60 89 9.57997e-06
61 89 1.34601e-05
62 89 6.85926e-05
63 89 0.000134139
64 89 9.87473e-08
65 89 7.20412e-09
66 89 4.77631e-06
67 89 1.01727e-06
68 89 8.68097e-06
69 89 2.87432e-05
70 89 0.00105062
71 89 0.00112454
72 89 3.72417e-08
73 89 1.97065e-07
74 89 5.70599e-08
75 89 5.16704e-09
76 89 2.6925e-06
77 89 9.99526e-07
78 89 3.55747e-05
79 89 7.52169e-07
0 90 8.78415e-09
1 90 1.71591e-09
2 90 1.92061e-09
3 90 1.11611e-09
4 90 2.09731e-09
5 90 1.22663e-10
6 90 1.12552e-08
7 90 6.22451e-10
8 90 7.86835e-09
9 90 2.43037e-09
10 90 2.75968e-07
11 90 2.90017e-08
12 90 4.86987e-06
13 90 4.27724e-06
14 90 8.35374e-06
15 90 6.70989e-06
16 90 2.34047e-06
17 90 5.15105e-06
18 90 2.82875e-08
19 90 2.487e-07
20 90 2.01754e-05
21 90 1.74848e-06
22 90 3.77292e-07
23 90 6.72911e-07
24 90 3.27024e-07
25 90 2.06319e-07
26 90 2.54892e-06
27 90 3.01989e-06
28 90 3.18092e-06
29 90 1.98382e-06
30 90 9.50244e-07
31 90 1.38873e-06
32 90 5.41822e-06
33 90 2.78035e-06
34 90 1.73358e-07
35 90 5.90749e-08
36 90 1.34063e-06
37 90 6.79443e-08
38 90 2.26867e-07
39 90 4.15179e-08
40 90 1.22179e-09
41 90 1.66529e-09
42 90 2.38227e-08
43 90 5.62229e-09
44 90 8.55407e-09
45 90 1.75449e-08
46 90 1.83092e-09
47 90 2.56109e-08
48 90 6.61802e-08
49 90 2.08231e-08
50 90 3.54315e-08
51 90 1.20939e-08
52 90 1.10903e-07
53 90 1.23216e-08
54 90 5.73283e-08
55 90 1.38321e-08
56 90 2.04073e-07
57 90 1.15672e-06
58 90 4.27897e-09
59 90 1.00056e-09
60 90 2.84718e-06
61 90 1.14706e-06
62 90 5.07554e-06
63 90 4.51834e-06
64 90 0.000100099
65 90 0.00121774
66 90 7.35761e-06
67 90 4.76995e-05
68 90 2.70966e-05
69 90 6.24039e-05
70 90 3.5595e-06
71 90 4.44774e-07
72 90 3.17839e-07
73 90 2.46147e-08
74 90 7.16298e-08
75 90 1.05613e-06
76 90 9.18386e-07
77 90 1.88118e-06
78 90 0.000332422
79 90 0.000196253
0 91 1.68526e-09
1 91 8.68474e-09
2 91 1.3084e-09
3 91 2.05986e-09
4 91 1.01706e-10
5 91 1.96478e-09
6 91 7.43219e-10
7 91 1.14874e-08
8 91 2.55566e-09
9 91 8.19744e-09
10 91 2.89732e-08
11 91 2.76299e-07
12 91 4.27957e-06
13 91 4.8666e-06
14 91 6.7085e-06
15 91 8.3584e-06
16 91 5.15151e-06
17 91 2.34129e-06
18 91 2.48694e-07
19 91 2.83859e-08
20 91 1.74766e-06
21 91 2.01756e-05
22 91 6.73234e-07
23 91 3.77419e-07
24 91 2.06375e-07
25 91 3.27042e-07
26 91 3.0207e-06
27 91 2.54826e-06
28 91 1.98387e-06
29 91 3.18034e-06
30 91 1.3883e-06
31 91 9.50252e-07
32 91 2.78102e-06
33 91 5.41838e-06
34 91 5.9143e-08
35 91 1.73375e-07
36 91 6.79251e-08
37 91 1.34039e-06
38 91 4.14559e-08
39 91 2.2679e-07
40 91 1.66305e-09
41 91 1.21886e-09
42 91 5.62253e-09
43 91 2.37888e-08
44 91 1.75272e-08
45 91 8.55345e-09
46 91 2.55979e-08
47 91 1.82965e-09
48 91 2.08141e-08
49 91 6.61379e-08
50 91 1.20928e-08
51 91 3.54434e-08
52 91 1.23199e-08
53 91 1.10916e-07
54 91 1.38544e-08
55 91 5.72889e-08
56 91 1.15673e-06
57 91 2.04042e-07
58 91 9.97634e-10
59 91 4.28972e-09
60 91 1.14678e-06
61 91 2.8473e-06
62 91 4.51895e-06
63 91 5.07268e-06
64 91 0.00121762
65 91 0.000100145
66 91 4.77001e-05
67 91 7.35686e-06
68 91 6.2406e-05
69 91 2.70984e-05
70 91 4.44609e-07
71 91 3.55979e-06
72 91 2.46088e-08
73 91 3.1799e-07
74 91 1.05601e-06
75 91 7.16321e-08
76 91 1.88107e-06
77 91 9.1876e-07
78 91 0.000196263
79 91 0.000332417
0 92 1.11949e-08
1 92 2.70978e-09
2 92 8.49871e-09
3 92 7.47133e-09
4 92 7.45728e-09
5 92 5.40724e-09
6 92 5.62679e-09
7 92 1.99999e-10
8 92 2.54168e-08
9 92 7.45657e-09
10 92 5.31458e-06
11 92 1.02908e-08
12 92 3.68735e-06
13 92 3.28185e-06
14 92 3.05719e-07
15 92 4.93664e-06
16 92 1.41962e-06
17 92 1.03383e-05
18 92 1.93174e-06
19 92 2.48352e-06
20 92 8.975e-08
21 92 1.18062e-07
22 92 1.61533e-06
23 92 3.59096e-06
24 92 3.86494e-06
25 92 4.5292e-07
26 92 2.07349e-05
27 92 1.16545e-06
28 92 4.15363e-06
29 92 6.49383e-06
30 92 1.11163e-06
31 92 1.04749e-06
32 92 1.14048e-06
33 92 8.9541e-07
34 92 4.93521e-07
35 92 3.76934e-07
36 92 1.99427e-07
37 92 3.15726e-07
38 92 4.66975e-06
39 92 1.04047e-06
40 92 5.12326e-08
41 92 7.16953e-08
42 92 9.75476e-08
43 92 2.00282e-08
44 92 3.45742e-08
45 92 1.02965e-07
46 92 3.65524e-10
47 92 3.34148e-08
48 92 1.26207e-08
49 92 4.65087e-09
50 92 1.0898e-09
51 92 1.59996e-09
52 92 3.76124e-07
53 92 6.64554e-08
54 92 7.31685e-07
55 92 1.75514e-07
56 92 2.313e-08
57 92 4.18835e-08
58 92 1.53861e-07
59 92 1.35741e-07
60 92 4.36952e-05
61 92 1.87198e-05
62 92 0.000756144
63 92 0.000112433
64 92 1.96635e-06
65 92 4.90518e-05
66 92 1.20067e-05
67 92 5.88839e-05
68 92 0.000136547
69 92 0.000192083
70 92 1.753e-05
71 92 2.90444e-06
72 92 1.55472e-06
73 92 6.73772e-08
74 92 2.02634e-08
75 92 1.19446e-08
76 92 5.65102e-07
77 92 1.53076e-06
78 92 0.000477502
79 92 0.000358754
0 93 2.59373e-09
1 93 1.1031e-08
2 93 7.52765e-09
3 93 8.62091e-09
4 93 5.38379e-09
5 93 7.24192e-09
6 93 2.26678e-10
7 93 5.57958e-09
8 93 7.57274e-09
9 93 2.55356e-08
10 93 1.03178e-08
11 93 5.31239e-06
12 93 3.27948e-06
13 93 3.68881e-06
14 93 4.93789e-06
15 93 3.05626e-07
16 93 1.03382e-05
17 93 1.42021e-06
18 93 2.48545e-06
19 93 1.93255e-06
20 93 1.18258e-07
21 93 8.9823e-08
22 93 3.59028e-06
23 93 1.61483e-06
24 93 4.5334e-07
25 93 3.86516e-06
26 93 1.16584e-06
27 93 2.07344e-05
28 93 6.49384e-06
29 93 4.15223e-06
30 93 1.04747e-06
31 93 1.11164e-06
32 93 8.95611e-07
33 93 1.14064e-06
34 93 3.7668e-07
35 93 4.93561e-07
36 93 3.15722e-07
37 93 1.9947e-07
38 93 1.04047e-06
39 93 4.66941e-06
40 93 7.17059e-08
41 93 5.12515e-08
42 93 2.00295e-08
43 93 9.75517e-08
44 93 1.02993e-07
45 93 3.4564e-08
46 93 3.3404e-08
47 93 3.6826e-10
48 93 4.64935e-09
49 93 1.26369e-08
50 93 1.60272e-09
51 93 1.09159e-09
52 93 6.64469e-08
53 93 3.76149e-07
54 93 1.75479e-07
55 93 7.3174e-07
56 93 4.18464e-08
57 93 2.31157e-08
58 93 1.35737e-07
59 93 1.53924e-07
60 93 1.87156e-05
61 93 4.36941e-05
62 93 0.000112454
63 93 0.000756035
64 93 4.90411e-05
65 93 1.96862e-06
66 93 5.88861e-05
67 93 1.20061e-05
68 93 0.000192103
69 93 0.000136552
70 93 2.90416e-06
71 93 1.75262e-05
72 93 6.73638e-08
73 93 1.55482e-06
74 93 1.19309e-08
75 93 2.02749e-08
76 93 1.53072e-06
77 93 5.65382e-07
78 93 0.000358714
79 93 0.00047747
0 94 4.33668e-10
1 94 6.64638e-10
2 94 2.32476e-09
3 94 8.43616e-10
4 94 1.44492e-09
5 94 2.99633e-09
6 94 1.31276e-08
7 94 5.06407e-09
8 94 1.60455e-09
9 94 8.88999e-10
10 94 1.07244e-05
11 94 1.00526e-06
12 94 4.19718e-06
13 94 6.29904e-08
14 94 4.76698e-07
15 94 3.12094e-06
16 94 2.6586e-05
17 94 1.91594e-05
18 94 4.78543e-07
19 94 1.20669e-06
20 94 1.80274e-07
21 94 1.99572e-08
22 94 8.58436e-09
23 94 3.68696e-07
24 94 5.91621e-07
25 94 1.16603e-07
26 94 3.02878e-06
27 94 2.02991e-06
28 94 4.78897e-07
29 94 2.9907e-08
30 94 8.06956e-08
31 94 4.30353e-08
32 94 2.37413e-09
33 94 2.39285e-09
34 94 1.00483e-06
35 94 9.49269e-07
36 94 2.74998e-07
37 94 1.21826e-08
38 94 1.3345e-06
39 94 7.15291e-07
40 94 1.91464e-08
41 94 1.11393e-08
42 94 1.6798e-07
43 94 1.01205e-08
44 94 2.45165e-08
45 94 6.78242e-08
46 94 7.63387e-10
47 94 8.2364e-10
48 94 5.66095e-08
49 94 4.29296e-09
50 94 8.86685e-08
51 94 3.09034e-08
52 94 3.84579e-07
53 94 1.34899e-07
54 94 2.60511e-08
55 94 8.55599e-08
56 94 3.29534e-08
57 94 7.95821e-08
58 94 9.63188e-08
59 94 3.42531e-08
60 94 8.06746e-05
61 94 4.59692e-05
62 94 0.000457185
63 94 0.000166441
64 94 6.99165e-06
65 94 6.51614e-05
66 94 1.266e-05
67 94 2.1419e-05
68 94 0.000349749
69 94 0.000177891
70 94 9.53263e-06
71 94 2.1214e-06
72 94 1.38898e-06
73 94 7.64809e-08
74 94 4.77003e-08
75 94 6.12893e-08
76 94 2.59737e-08
77 94 7.6458e-08
78 94 0.000128028
79 94 0.000510504
0 95 6.41303e-10
1 95 4.37165e-10
2 95 8.14147e-10
3 95 2.36524e-09
4 95 2.97997e-09
5 95 1.36664e-09
6 95 5.06112e-09
7 95 1.28845e-08
8 95 9.47354e-10
9 95 1.67131e-09
10 95 1.00582e-06
11 95 1.0722e-05
12 95 6.29756e-08
13 95 4.19717e-06
14 95 3.12026e-06
15 95 4.78046e-07
16 95 1.91616e-05
17 95 2.65842e-05
18 95 1.20755e-06
19 95 4.78967e-07
20 95 1.99227e-08
21 95 1.80215e-07
22 95 3.68414e-07
23 95 8.59027e-09
24 95 1.16479e-07
25 95 5.91391e-07
26 95 2.03001e-06
27 95 3.02817e-06
28 95 2.99641e-08
29 95 4.78937e-07
30 95 4.30747e-08
31 95 8.07623e-08
32 95 2.39537e-09
33 95 2.37211e-09
34 95 9.49209e-07
35 95 1.00482e-06
36 95 1.22168e-08
37 95 2.75014e-07
38 95 7.15156e-07
39 95 1.33421e-06
40 95 1.1145e-08
41 95 1.91753e-08
42 95 1.01165e-08
43 95 1.67945e-07
44 95 6.7821e-08
45 95 2.45169e-08
46 95 8.24682e-10
47 95 7.62371e-10
48 95 4.29169e-09
49 95 5.65975e-08
50 95 3.09087e-08
51 95 8.87206e-08
52 95 1.34884e-07
53 95 3.84618e-07
54 95 8.55357e-08
55 95 2.60534e-08
56 95 7.95882e-08
57 95 3.29533e-08
58 95 3.4298e-08
59 95 9.63272e-08
60 95 4.59599e-05
61 95 8.06735e-05
62 95 0.000166457
63 95 0.000457123
64 95 6.51584e-05
65 95 6.99151e-06
66 95 2.14194e-05
67 95 1.266e-05
68 95 0.00017793
69 95 0.00034976
70 95 2.12216e-06
71 95 9.53429e-06
72 95 7.64683e-08
73 95 1.38926e-06
74 95 6.13001e-08
75 95 4.76684e-08
76 95 7.6439e-08
77 95 2.59753e-08
78 95 0.000510463
79 95 0.000128011
0 96 3.76385e-09
1 96 8.84379e-09
2 96 1.01611e-08
3 96 3.82057e-09
4 96 5.98226e-10
5 96 8.92802e-10
6 96 1.94328e-08
7 96 1.49185e-08
8 96 7.48198e-08
9 96 9.63444e-09
10 96 2.97457e-07
11 96 4.27306e-07
12 96 2.05697e-08
13 96 2.25734e-06
14 96 1.4484e-06
15 96 2.30499e-07
16 96 1.25906e-06
17 96 3.20477e-07
18 96 3.55607e-05
19 96 1.89091e-06
20 96 1.05849e-07
21 96 5.75266e-08
22 96 4.88132e-07
23 96 3.43984e-07
24 96 8.81039e-09
25 96 5.58917e-08
26 96 1.52723e-06
27 96 2.07212e-06
28 96 2.18414e-07
29 96 3.33903e-07
30 96 1.06773e-09
31 96 1.81856e-07
32 96 3.55064e-07
33 96 5.18671e-08
34 96 3.3118e-09
35 96 2.60059e-09
36 96 1.52197e-07
37 96 1.39442e-06
38 96 8.97972e-07
39 96 5.87624e-06
40 96 6.50493e-07
41 96 1.30277e-07
42 96 9.72627e-10
43 96 1.31223e-08
44 96 3.87949e-08
45 96 9.16358e-09
46 96 4.27112e-08
47 96 2.68278e-08
48 96 5.88144e-09
49 96 2.17093e-08
50 96 5.90822e-08
51 96 5.51116e-08
52 96 3.1041e-07
53 96 7.61499e-08
54 96 1.74358e-09
55 96 6.04151e-10
56 96 2.90603e-08
57 96 1.68592e-07
58 96 1.75635e-06
59 96 6.53373e-07
60 96 4.39875e-06
61 96 3.33198e-07
62 96 9.8915e-06
63 96 4.9076e-05
64 96 6.46746e-05
65 96 2.30931e-05
66 96 0.000370835
67 96 8.25094e-05
68 96 5.46968e-06
69 96 8.14843e-06
70 96 2.03974e-06
71 96 2.43473e-06
72 96 4.99786e-07
73 96 1.35704e-06
74 96 9.41517e-09
75 96 2.93299e-08
76 96 3.66569e-07
77 96 1.53658e-08
78 96 1.34927e-05
79 96 1.32751e-05
0 97 8.76885e-09
1 97 3.83648e-09
2 97 3.68888e-09
3 97 1.00769e-08
4 97 8.91188e-10
5 97 5.95033e-10
6 97 1.4411e-08
7 97 1.9603e-08
8 97 1.00799e-08
9 97 7.46776e-08
10 97 4.27536e-07
11 97 2.97499e-07
12 97 2.25633e-06
13 97 2.04423e-08
14 97 2.30929e-07
15 97 1.44929e-06
16 97 3.2031e-07
17 97 1.25849e-06
18 97 1.89118e-06
19 97 3.55541e-05
20 97 5.74992e-08
21 97 1.05852e-07
22 97 3.44103e-07
23 97 4.88154e-07
24 97 5.58894e-08
25 97 8.80274e-09
26 97 2.07222e-06
27 97 1.52767e-06
28 97 3.34008e-07
29 97 2.18284e-07
30 97 1.8183e-07
31 97 1.07244e-09
32 97 5.18566e-08
33 97 3.54953e-07
34 97 2.59906e-09
35 97 3.31297e-09
36 97 1.39468e-06
37 97 1.52139e-07
38 97 5.87662e-06
39 97 8.9809e-07
40 97 1.30224e-07
41 97 6.50359e-07
42 97 1.31146e-08
43 97 9.7207e-10
44 97 9.16598e-09
45 97 3.87912e-08
46 97 2.68227e-08
47 97 4.27065e-08
48 97 2.17176e-08
49 97 5.88865e-09
50 97 5.5095e-08
51 97 5.90558e-08
52 97 7.61266e-08
53 97 3.10384e-07
54 97 6.03506e-10
55 97 1.74162e-09
56 97 1.68615e-07
57 97 2.90838e-08
58 97 6.53334e-07
59 97 1.75599e-06
60 97 3.33189e-07
61 97 4.39905e-06
62 97 4.9081e-05
63 97 9.89158e-06
64 97 2.30934e-05
65 97 6.46797e-05
66 97 8.25104e-05
67 97 0.000370759
68 97 8.14836e-06
69 97 5.46981e-06
70 97 2.4345e-06
71 97 2.03981e-06
72 97 1.35676e-06
73 97 4.99669e-07
74 97 2.93468e-08
75 97 9.42573e-09
76 97 1.53632e-08
77 97 3.66423e-07
78 97 1.32769e-05
79 97 1.34982e-05
0 98 5.85299e-09
1 98 1.51257e-09
2 98 1.53185e-09
3 98 7.95482e-09
4 98 1.97821e-08
5 98 8.54065e-09
6 98 1.01958e-08
7 98 9.456e-09
8 98 2.90957e-09
9 98 1.29376e-08
10 98 2.6565e-05
11 98 1.24196e-05
12 98 1.595e-06
13 98 5.64335e-07
14 98 4.63576e-07
15 98 2.0128e-06
16 98 2.50761e-07
17 98 3.33498e-07
18 98 3.26484e-09
19 98 4.2952e-08
20 98 8.38163e-07
21 98 1.76202e-06
22 98 3.53109e-08
23 98 6.00347e-08
24 98 4.67257e-07
25 98 3.36787e-08
26 98 7.76867e-07
27 98 7.43287e-08
28 98 1.01637e-06
29 98 2.63917e-07
30 98 1.73908e-07
31 98 3.8899e-09
32 98 5.84104e-09
33 98 6.155e-08
34 98 3.97646e-07
35 98 2.60816e-06
36 98 9.42612e-08
37 98 2.65907e-08
38 98 3.43021e-08
39 98 7.22058e-09
40 98 3.42521e-09
41 98 3.20486e-08
42 98 3.35938e-07
43 98 8.2433e-08
44 98 3.56563e-08
45 98 3.23379e-07
46 98 8.72501e-08
47 98 2.8254e-07
48 98 1.0441e-06
49 98 2.04886e-07
50 98 1.56296e-09
51 98 4.45913e-09
52 98 3.75297e-09
53 98 2.59125e-09
54 98 2.34797e-08
55 98 1.26104e-08
56 98 1.42854e-07
57 98 5.2423e-08
58 98 1.02826e-09
59 98 1.57102e-09
60 98 8.46614e-05
61 98 0.000584176
62 98 9.93513e-06
63 98 9.03047e-07
64 98 6.07194e-08
65 98 2.36607e-07
66 98 3.24579e-08
67 98 1.12007e-06
68 98 5.33292e-06
69 98 1.68154e-05
70 98 1.42796e-07
71 98 6.35137e-08
72 98 5.64587e-08
73 98 1.51632e-08
74 98 1.25901e-06
75 98 8.81454e-07
76 98 3.94732e-08
77 98 1.86002e-06
78 98 0.000779758
79 98 0.000962353
0 99 1.51937e-09
1 99 5.94379e-09
2 99 7.71963e-09
3 99 1.5097e-09
4 99 8.65278e-09
5 99 1.96849e-08
6 99 9.6144e-09
7 99 1.01921e-08
8 99 1.30719e-08
9 99 3.07903e-09
10 99 1.24199e-05
11 99 2.65617e-05
12 99 5.63769e-07
13 99 1.59323e-06
14 99 2.01379e-06
15 99 4.6395e-07
16 99 3.33451e-07
17 99 2.50801e-07
18 99 4.29836e-08
19 99 3.27117e-09
20 99 1.76247e-06
21 99 8.38219e-07
22 99 6.00016e-08
23 99 3.5332e-08
24 99 3.37075e-08
25 99 4.67255e-07
26 99 7.43889e-08
27 99 7.77e-07
28 99 2.63842e-07
29 99 1.01631e-06
30 99 3.88522e-09
31 99 1.73976e-07
32 99 6.15133e-08
33 99 5.83814e-09
34 99 2.60826e-06
35 99 3.97665e-07
36 99 2.65942e-08
37 99 9.42606e-08
38 99 7.22357e-09
39 99 3.42898e-08
40 99 3.2059e-08
41 99 3.42736e-09
42 99 8.24339e-08
43 99 3.35921e-07
44 99 3.23369e-07
45 99 3.56477e-08
46 99 2.8253e-07
47 99 8.72536e-08
48 99 2.04863e-07
49 99 1.04399e-06
50 99 4.46517e-09
51 99 1.56504e-09
52 99 2.59344e-09
53 99 3.75335e-09
54 99 1.25979e-08
55 99 2.34828e-08
56 99 5.24135e-08
57 99 1.42882e-07
58 99 1.56924e-09
59 99 1.0283e-09
60 99 0.000584114
61 99 8.46375e-05
62 99 9.03086e-07
63 99 9.93367e-06
64 99 2.3656e-07
65 99 6.07655e-08
66 99 1.12007e-06
67 99 3.2432e-08
68 99 1.68171e-05
69 99 5.33359e-06
70 99 6.34886e-08
71 99 1.42773e-07
72 99 1.51523e-08
73 99 5.64882e-08
74 99 8.81302e-07
75 99 1.25887e-06
76 99 1.85994e-06
77 99 3.94093e-08
78 99 0.0009622
79 99 0.000779676
0 100 1.66255e-06
1 100 1.63019e-06
2 100 6.89626e-07
3 100 1.31635e-06
4 100 5.41016e-07
5 100 2.13661e-06
6 100 2.25088e-07
7 100 1.34559e-06
8 100 1.63949e-06
9 100 4.56339e-06
10 100 2.93957e-11
11 100 3.47679e-09
12 100 3.76723e-09
13 100 5.57613e-09
14 100 5.16022e-09
15 100 2.99546e-09
16 100 2.20432e-10
17 100 1.02796e-09
18 100 2.47561e-10
19 100 2.15877e-10
20 100 2.52218e-11
21 100 3.28218e-10
22 100 4.52964e-10
23 100 1.69983e-10
24 100 2.0433e-10
25 100 5.3003e-10
26 100 2.09366e-09
27 100 2.64625e-09
28 100 8.61537e-09
29 100 4.70182e-09
30 100 4.80168e-08
31 100 5.49143e-08
32 100 5.65307e-08
33 100 1.3869e-07
34 100 2.38249e-08
35 100 3.67582e-08
36 100 1.39105e-09
37 100 8.65027e-10
38 100 1.21981e-09
39 100 2.15751e-09
40 100 7.74402e-09
41 100 1.91783e-09
42 100 2.7085e-06
43 100 3.09066e-06
44 100 1.1365e-05
45 100 1.99585e-06
46 100 4.44191e-06
47 100 1.382e-06
48 100 6.8385e-08
49 100 9.51387e-08
50 100 7.77087e-07
51 100 1.01749e-06
52 100 1.86671e-06
53 100 2.32534e-06
54 100 1.17421e-06
55 100 1.75454e-06
56 100 0.000255597
57 100 8.15703e-05
58 100 1.32686e-05
59 100 3.60057e-05
60 100 2.76151e-08
61 100 7.02358e-08
62 100 3.64738e-08
63 100 8.84923e-08
64 100 5.73948e-08
65 100 1.15272e-08
66 100 2.07133e-09
67 100 3.87823e-10
68 100 1.34166e-08
69 100 3.53412e-08
70 100 6.6002e-08
71 100 2.54136e-07
72 100 1.65948e-07
73 100 1.39091e-06
74 100 1.7282e-05
75 100 8.366e-06
76 100 3.85102e-05
77 100 1.42878e-05
78 100 1.07377e-07
79 100 7.72744e-08
0 101 1.61869e-06
1 101 1.66033e-06
2 101 1.34245e-06
3 101 6.98996e-07
4 101 2.13921e-06
5 101 5.36848e-07
6 101 1.36455e-06
7 101 2.18567e-07
8 101 4.5561e-06
9 101 1.65431e-06
10 101 3.46911e-09
11 101 2.5754e-11
12 101 5.61219e-09
13 101 3.80801e-09
14 101 2.98697e-09
15 101 5.10722e-09
16 101 1.02041e-09
17 101 2.25e-10
18 101 2.17865e-10
19 101 2.54373e-10
20 101 3.23126e-10
21 101 2.4732e-11
22 101 1.70337e-10
23 101 4.5224e-10
24 101 5.27767e-10
25 101 2.01853e-10
26 101 2.6352e-09
27 101 2.09841e-09
28 101 4.69269e-09
29 101 8.62339e-09
30 101 5.49419e-08
31 101 4.80599e-08
32 101 1.38813e-07
33 101 5.6551e-08
34 101 3.67763e-08
35 101 2.38257e-08
36 101 8.66257e-10
37 101 1.39183e-09
38 101 2.14963e-09
39 101 1.21704e-09
40 101 1.91712e-09
41 101 7.74783e-09
42 101 3.09092e-06
43 101 2.70833e-06
44 101 1.9957e-06
45 101 1.1366e-05
46 101 1.38186e-06
47 101 4.44215e-06
48 101 9.51676e-08
49 101 6.83606e-08
50 101 1.01759e-06
51 101 7.76975e-07
52 101 2.3252e-06
53 101 1.86688e-06
54 101 1.7548e-06
55 101 1.17418e-06
56 101 8.15914e-05
57 101 0.000255603
58 101 3.60065e-05
59 101 1.32678e-05
60 101 7.01948e-08
61 101 2.76393e-08
62 101 8.85411e-08
63 101 3.65164e-08
64 101 1.15321e-08
65 101 5.74113e-08
66 101 3.89003e-10
67 101 2.0699e-09
68 101 3.53581e-08
69 101 1.34267e-08
70 101 2.54285e-07
71 101 6.60406e-08
72 101 1.391e-06
73 101 1.66011e-07
74 101 8.36526e-06
75 101 1.72813e-05
76 101 1.42846e-05
77 101 3.85171e-05
78 101 7.72909e-08
79 101 1.07434e-07
0 102 1.63494e-07
1 102 4.70042e-09
2 102 5.28417e-07
3 102 2.65839e-06
4 102 9.18344e-07
5 102 7.29663e-08
6 102 6.68252e-07
7 102 3.38499e-06
8 102 4.39152e-08
9 102 1.81132e-08
10 102 9.88711e-10
11 102 8.56805e-10
12 102 4.95678e-09
13 102 2.42311e-10
14 102 2.13661e-09
15 102 2.20735e-09
16 102 1.02592e-10
17 102 1.20104e-10
18 102 1.60586e-09
19 102 7.34317e-09
20 102 3.17433e-10
21 102 5.67972e-11
22 102 1.99197e-12
23 102 1.77423e-10
24 102 7.97123e-09
25 102 4.56054e-09
26 102 3.16718e-09
27 102 5.79025e-09
28 102 8.19294e-09
29 102 1.45447e-10
30 102 1.41441e-08
31 102 6.63192e-09
32 102 1.25125e-08
33 102 9.10888e-08
34 102 5.48181e-10
35 102 1.05362e-09
36 102 6.29675e-09
37 102 1.4435e-09
38 102 1.35964e-08
39 102 8.01715e-09
40 102 1.80639e-09
41 102 5.90061e-09
42 102 4.22547e-07
43 102 2.8883e-07
44 102 6.04841e-07
45 102 1.22907e-06
46 102 2.7759e-08
47 102 5.60115e-07
48 102 1.43433e-06
49 102 1.01761e-06
50 102 3.60072e-08
51 102 3.42486e-08
52 102 1.13406e-07
53 102 4.16598e-06
54 102 5.6538e-05
55 102 0.000228544
56 102 6.66292e-06
57 102 1.20281e-06
58 102 1.07894e-06
59 102 2.83994e-07
60 102 6.9469e-09
61 102 1.1349e-07
62 102 5.0709e-08
63 102 4.28159e-08
64 102 1.09859e-07
65 102 1.23173e-07
66 102 1.17436e-08
67 102 1.60483e-08
68 102 9.11103e-09
69 102 2.7546e-08
70 102 1.7433e-07
71 102 3.05468e-07
72 102 8.25074e-07
73 102 9.77663e-07
74 102 3.9286e-05
75 102 6.61638e-06
76 102 4.71497e-06
77 102 1.87099e-05
78 102 1.50371e-07
79 102 7.80807e-07
0 103 5.35063e-09
1 103 1.62097e-07
2 103 2.65704e-06
3 103 5.2497e-07
4 103 7.3475e-08
5 103 9.18043e-07
6 103 3.39186e-06
7 103 6.73723e-07
8 103 1.99644e-08
9 103 3.95535e-08
10 103 8.62884e-10
11 103 9.92985e-10
12 103 2.35086e-10
13 103 4.94173e-09
14 103 2.19208e-09
15 103 2.12304e-09
16 103 1.14026e-10
17 103 1.03725e-10
18 103 7.31379e-09
19 103 1.61523e-09
20 103 5.7837e-11
21 103 3.13716e-10
22 103 1.80882e-10
23 103 2.03453e-12
24 103 4.55095e-09
25 103 7.96539e-09
26 103 5.81118e-09
27 103 3.16756e-09
28 103 1.43596e-10
29 103 8.19635e-09
30 103 6.64489e-09
31 103 1.41243e-08
32 103 9.10953e-08
33 103 1.25282e-08
34 103 1.0506e-09
35 103 5.46172e-10
36 103 1.4363e-09
37 103 6.3063e-09
38 103 8.02752e-09
39 103 1.35765e-08
40 103 5.90188e-09
41 103 1.80592e-09
42 103 2.88806e-07
43 103 4.22579e-07
44 103 1.22921e-06
45 103 6.04834e-07
46 103 5.60074e-07
47 103 2.7764e-08
48 103 1.0178e-06
49 103 1.43435e-06
50 103 3.42355e-08
51 103 3.60097e-08
52 103 4.16585e-06
53 103 1.1344e-07
54 103 0.000228535
55 103 5.65273e-05
56 103 1.20278e-06
57 103 6.66268e-06
58 103 2.8403e-07
59 103 1.07876e-06
60 103 1.13464e-07
61 103 6.95797e-09
62 103 4.28555e-08
63 103 5.07111e-08
64 103 1.2318e-07
65 103 1.09791e-07
66 103 1.60682e-08
67 103 1.17468e-08
68 103 2.75669e-08
69 103 9.10703e-09
70 103 3.05572e-07
71 103 1.74311e-07
72 103 9.77848e-07
73 103 8.24879e-07
74 103 6.61592e-06
75 103 3.92866e-05
76 103 1.87141e-05
77 103 4.71424e-06
78 103 7.81039e-07
79 103 1.50371e-07
0 104 7.54157e-08
1 104 1.61253e-08
2 104 3.34521e-08
3 104 1.0755e-07
4 104 8.11921e-07
5 104 4.48026e-08
6 104 1.49531e-06
7 104 1.55793e-08
8 104 7.11844e-07
9 104 2.11558e-07
10 104 3.10802e-09
11 104 1.58589e-10
12 104 2.93347e-12
13 104 4.6239e-13
14 104 4.55497e-11
15 104 2.29581e-10
16 104 1.61329e-08
17 104 2.92276e-08
18 104 1.64065e-08
19 104 1.86814e-08
20 104 9.01768e-09
21 104 3.58198e-09
22 104 5.83947e-12
23 104 2.72899e-10
24 104 1.40943e-08
25 104 1.35993e-09
26 104 9.48438e-09
27 104 1.48773e-08
28 104 4.58337e-08
29 104 5.35585e-08
30 104 1.5825e-08
31 104 2.03213e-08
32 104 1.0589e-08
33 104 8.12447e-09
34 104 5.38289e-09
35 104 3.275e-09
36 104 3.02815e-08
37 104 4.37413e-08
38 104 2.48283e-07
39 104 8.8746e-08
40 104 2.54603e-07
41 104 2.63798e-07
42 104 3.45082e-07
43 104 3.48279e-07
44 104 1.77626e-07
45 104 1.31665e-06
46 104 5.71739e-07
47 104 4.96586e-06
48 104 6.54115e-08
49 104 5.16431e-08
50 104 2.09564e-05
51 104 1.66433e-05
52 104 1.92061e-06
53 104 3.72156e-07
54 104 2.76671e-06
55 104 8.3309e-07
56 104 9.96801e-06
57 104 4.64547e-05
58 104 5.78664e-05
59 104 8.05255e-05
60 104 2.87623e-09
61 104 1.16095e-09
62 104 5.5453e-08
63 104 9.8483e-09
64 104 1.50806e-08
65 104 1.1261e-07
66 104 2.35211e-08
67 104 5.66241e-08
68 104 4.50975e-07
69 104 3.07615e-07
70 104 1.7493e-09
71 104 2.60175e-09
72 104 5.9704e-06
73 104 3.32468e-07
74 104 3.82458e-08
75 104 1.56977e-07
76 104 3.26598e-08
77 104 1.19757e-07
78 104 2.25635e-08
79 104 2.1343e-08
0 105 1.5432e-08
1 105 7.63462e-08
2 105 1.06997e-07
3 105 3.41952e-08
4 105 4.43932e-08
5 105 8.10479e-07
6 105 1.49838e-08
7 105 1.501e-06
8 105 2.0997e-07
9 105 7.07053e-07
10 105 1.57971e-10
11 105 3.10362e-09
12 105 7.07265e-13
13 105 2.42615e-12
14 105 2.30982e-10
15 105 4.45559e-11
16 105 2.9236e-08
17 105 1.61464e-08
18 105 1.8687e-08
19 105 1.64016e-08
20 105 3.57419e-09
21 105 9.03041e-09
22 105 2.76602e-10
23 105 6.09227e-12
24 105 1.36085e-09
25 105 1.411e-08
26 105 1.49e-08
27 105 9.46327e-09
28 105 5.35072e-08
29 105 4.58744e-08
30 105 2.0321e-08
31 105 1.58267e-08
32 105 8.12494e-09
33 105 1.05959e-08
34 105 3.27139e-09
35 105 5.37832e-09
36 105 4.36856e-08
37 105 3.03108e-08
38 105 8.87435e-08
39 105 2.48328e-07
40 105 2.63892e-07
41 105 2.54599e-07
42 105 3.48207e-07
43 105 3.45128e-07
44 105 1.31659e-06
45 105 1.77624e-07
46 105 4.9654e-06
47 105 5.71737e-07
48 105 5.1634e-08
49 105 6.54044e-08
50 105 1.66432e-05
51 105 2.09567e-05
52 105 3.72039e-07
53 105 1.92043e-06
54 105 8.32968e-07
55 105 2.76656e-06
56 105 4.64537e-05
57 105 9.96674e-06
58 105 8.05332e-05
59 105 5.78676e-05
60 105 1.16037e-09
61 105 2.87998e-09
62 105 9.84188e-09
63 105 5.54401e-08
64 105 1.12657e-07
65 105 1.50659e-08
66 105 5.66168e-08
67 105 2.35342e-08
68 105 3.07702e-07
69 105 4.5087e-07
70 105 2.60026e-09
71 105 1.74853e-09
72 105 3.32341e-07
73 105 5.97011e-06
74 105 1.57074e-07
75 105 3.82526e-08
76 105 1.19727e-07
77 105 3.27744e-08
78 105 2.13573e-08
79 105 2.25353e-08
0 106 3.38686e-09
1 106 9.0388e-08
2 106 6.59591e-08
3 106 9.14209e-08
4 106 3.58458e-08
5 106 8.23678e-08
6 106 4.43026e-08
7 106 2.3558e-08
8 106 4.716e-07
9 106 1.09613e-06
10 106 2.28537e-11
11 106 7.02336e-09
12 106 1.13268e-09
13 106 2.8467e-09
14 106 1.45013e-09
15 106 4.55768e-10
16 106 5.30214e-08
17 106 2.34442e-08
18 106 2.56386e-09
19 106 9.54688e-10
20 106 1.74908e-09
21 106 8.2855e-10
22 106 6.51718e-09
23 106 2.34936e-10
24 106 4.86241e-10
25 106 8.39057e-10
26 106 2.89081e-09
27 106 2.62042e-08
28 106 1.24512e-08
29 106 2.51813e-08
30 106 2.94283e-09
31 106 3.90041e-09
32 106 5.28549e-09
33 106 4.55159e-09
34 106 8.11957e-09
35 106 1.06172e-08
36 106 4.87377e-09
37 106 1.09313e-07
38 106 2.88947e-08
39 106 4.61261e-08
40 106 5.46884e-07
41 106 2.83829e-07
42 106 1.13385e-06
43 106 9.21098e-06
44 106 1.04247e-05
45 106 1.33887e-06
46 106 3.94198e-06
47 106 1.35462e-07
48 106 7.36716e-09
49 106 1.59405e-07
50 106 8.16518e-06
51 106 3.943e-06
52 106 1.35439e-05
53 106 5.96664e-05
54 106 1.24333e-06
55 106 5.34756e-06
56 106 4.85098e-06
57 106 2.47563e-06
58 106 3.29279e-06
59 106 1.65484e-06
60 106 2.60272e-08
61 106 5.21666e-08
62 106 5.03724e-08
63 106 5.4647e-07
64 106 5.09672e-08
65 106 2.81614e-09
66 106 8.29981e-08
67 106 1.08801e-08
68 106 4.55328e-08
69 106 7.43567e-08
70 106 6.31787e-09
71 106 1.84878e-07
72 106 4.29263e-07
73 106 1.61555e-05
74 106 2.73571e-05
75 106 5.24251e-06
76 106 5.22939e-06
77 106 1.40178e-06
78 106 2.443e-08
79 106 6.93584e-08
0 107 9.20969e-08
1 107 3.7763e-09
2 107 8.94261e-08
3 107 6.59237e-08
4 107 8.41037e-08
5 107 3.61287e-08
6 107 2.39612e-08
7 107 4.2505e-08
8 107 1.09959e-06
9 107 4.71187e-07
10 107 7.03771e-09
11 107 2.31453e-11
12 107 2.87975e-09
13 107 1.12716e-09
14 107 4.55855e-10
15 107 1.45128e-09
16 107 2.33791e-08
17 107 5.30974e-08
18 107 9.52711e-10
19 107 2.56012e-09
20 107 8.29995e-10
21 107 1.74374e-09
22 107 2.34061e-10
23 107 6.51001e-09
24 107 8.35135e-10
25 107 4.84073e-10
26 107 2.61897e-08
27 107 2.89252e-09
28 107 2.51523e-08
29 107 1.2436e-08
30 107 3.91536e-09
31 107 2.93299e-09
32 107 4.55809e-09
33 107 5.27467e-09
34 107 1.06216e-08
35 107 8.10547e-09
36 107 1.09358e-07
37 107 4.86657e-09
38 107 4.61183e-08
39 107 2.88876e-08
40 107 2.83812e-07
41 107 5.46772e-07
42 107 9.21227e-06
43 107 1.1335e-06
44 107 1.3387e-06
45 107 1.04262e-05
46 107 1.35477e-07
47 107 3.94227e-06
48 107 1.59686e-07
49 107 7.34494e-09
50 107 3.94241e-06
51 107 8.16365e-06
52 107 5.96639e-05
53 107 1.3541e-05
54 107 5.34768e-06
55 107 1.24354e-06
56 107 2.47537e-06
57 107 4.85118e-06
58 107 1.6547e-06
59 107 3.29246e-06
60 107 5.21571e-08
61 107 2.60378e-08
62 107 5.46474e-07
63 107 5.03756e-08
64 107 2.81389e-09
65 107 5.10157e-08
66 107 1.08793e-08
67 107 8.29924e-08
68 107 7.43424e-08
69 107 4.55249e-08
70 107 1.84898e-07
71 107 6.31433e-09
72 107 1.61566e-05
73 107 4.29183e-07
74 107 5.24281e-06
75 107 2.73585e-05
76 107 1.4019e-06
77 107 5.22961e-06
78 107 6.93055e-08
79 107 2.44207e-08
0 108 1.54638e-08
1 108 7.12762e-09
2 108 2.32559e-07
3 108 5.85326e-07
4 108 1.22858e-07
5 108 2.27955e-08
6 108 1.1763e-06
7 108 9.75952e-08
8 108 9.20678e-07
9 108 2.2661e-07
10 108 8.21475e-09
11 108 2.48635e-09
12 108 1.98305e-09
13 108 1.11329e-09
14 108 1.78161e-09
15 108 5.48894e-10
16 108 1.86659e-08
17 108 6.525e-09
18 108 9.63075e-08
19 108 3.75133e-08
20 108 1.23046e-08
21 108 7.77259e-09
22 108 3.23786e-08
23 108 3.60429e-09
24 108 5.63099e-08
25 108 2.52983e-08
26 108 4.636e-10
27 108 5.24095e-11
28 108 1.66744e-09
29 108 2.9099e-10
30 108 3.71653e-09
31 108 6.29274e-09
32 108 5.05576e-10
33 108 1.40627e-10
34 108 5.5404e-09
35 108 4.64526e-10
36 108 1.279e-09
37 108 1.0151e-08
38 108 2.62913e-07
39 108 8.27625e-08
40 108 4.10724e-07
41 108 5.40346e-07
42 108 4.7993e-06
43 108 7.56781e-06
44 108 5.2866e-06
45 108 5.14705e-06
46 108 1.10634e-06
47 108 1.40477e-07
48 108 7.02901e-07
49 108 5.00878e-07
50 108 2.12472e-05
51 108 3.76558e-05
52 108 2.14926e-05
53 108 2.92265e-06
54 108 1.06735e-06
55 108 4.77154e-08
56 108 2.05224e-08
57 108 3.77852e-08
58 108 1.60189e-06
59 108 5.15779e-06
60 108 2.22859e-09
61 108 1.09354e-09
62 108 5.93358e-09
63 108 3.05043e-09
64 108 1.58812e-07
65 108 3.86056e-07
66 108 1.12017e-07
67 108 1.92404e-07
68 108 1.37427e-07
69 108 2.69213e-07
70 108 1.61466e-08
71 108 6.09709e-09
72 108 4.79835e-07
73 108 5.23504e-07
74 108 8.74712e-07
75 108 6.18599e-06
76 108 8.19506e-06
77 108 5.67251e-06
78 108 3.82962e-08
79 108 6.38235e-08
0 109 7.04295e-09
1 109 1.55047e-08
2 109 5.83608e-07
3 109 2.32361e-07
4 109 2.20391e-08
5 109 1.23986e-07
6 109 9.80691e-08
7 109 1.19195e-06
8 109 2.25798e-07
9 109 9.08249e-07
10 109 2.49104e-09
11 109 8.18458e-09
12 109 1.10894e-09
13 109 1.99412e-09
14 109 5.5481e-10
15 109 1.786e-09
16 109 6.53633e-09
17 109 1.86351e-08
18 109 3.75267e-08
19 109 9.62043e-08
20 109 7.77665e-09
21 109 1.23038e-08
22 109 3.59983e-09
23 109 3.23853e-08
24 109 2.52831e-08
25 109 5.63434e-08
26 109 5.17403e-11
27 109 4.63913e-10
28 109 2.88401e-10
29 109 1.67167e-09
30 109 6.30713e-09
31 109 3.71923e-09
32 109 1.40739e-10
33 109 5.06208e-10
34 109 4.65999e-10
35 109 5.54785e-09
36 109 1.01514e-08
37 109 1.27681e-09
38 109 8.27621e-08
39 109 2.62971e-07
40 109 5.40395e-07
41 109 4.10654e-07
42 109 7.56894e-06
43 109 4.79839e-06
44 109 5.14601e-06
45 109 5.28777e-06
46 109 1.40506e-07
47 109 1.10626e-06
48 109 5.00987e-07
49 109 7.02729e-07
50 109 3.76557e-05
51 109 2.12463e-05
52 109 2.92279e-06
53 109 2.1492e-05
54 109 4.77205e-08
55 109 1.06728e-06
56 109 3.77804e-08
57 109 2.05274e-08
58 109 5.15799e-06
59 109 1.60139e-06
60 109 1.09478e-09
61 109 2.23169e-09
62 109 3.05531e-09
63 109 5.93489e-09
64 109 3.86096e-07
65 109 1.58831e-07
66 109 1.92448e-07
67 109 1.11974e-07
68 109 2.69281e-07
69 109 1.37394e-07
70 109 6.09445e-09
71 109 1.61533e-08
72 109 5.23577e-07
73 109 4.79879e-07
74 109 6.18628e-06
75 109 8.74716e-07
76 109 5.67191e-06
77 109 8.19642e-06
78 109 6.38222e-08
79 109 3.82831e-08
0 110 8.41076e-08
1 110 3.60395e-09
2 110 4.61159e-08
3 110 2.84428e-08
4 110 9.09506e-08
5 110 1.28298e-07
6 110 1.14337e-07
7 110 5.17169e-09
8 110 4.93309e-08
9 110 5.41256e-08
10 110 3.05628e-09
11 110 5.86318e-10
12 110 1.33798e-08
13 110 1.01736e-08
14 110 1.44361e-08
15 110 5.38844e-08
16 110 9.40787e-09
17 110 2.5723e-08
18 110 1.04392e-08
19 110 2.24154e-08
20 110 1.39168e-09
21 110 1.54271e-09
22 110 1.62621e-08
23 110 2.00208e-08
24 110 2.69246e-08
25 110 1.17702e-09
26 110 2.14968e-08
27 110 3.77462e-09
28 110 2.22179e-08
29 110 1.24195e-08
30 110 2.66147e-08
31 110 1.87492e-08
32 110 1.60593e-10
33 110 7.91291e-10
34 110 1.0888e-09
35 110 3.14643e-09
36 110 1.88913e-08
37 110 9.89552e-09
38 110 2.65686e-08
39 110 3.24218e-09
40 110 2.2227e-07
41 110 3.28949e-07
42 110 1.11612e-05
43 110 7.49312e-06
44 110 1.12166e-05
45 110 0.000122295
46 110 1.93768e-08
47 110 1.1618e-06
48 110 7.04236e-07
49 110 6.91113e-08
50 110 3.17705e-06
51 110 8.72055e-06
52 110 1.5322e-07
53 110 1.40087e-06
54 110 3.41906e-07
55 110 2.69852e-07
56 110 5.7277e-07
57 110 5.60808e-07
58 110 8.95579e-08
59 110 3.80369e-07
60 110 1.64697e-09
61 110 1.20608e-08
62 110 3.57531e-08
63 110 6.30046e-09
64 110 3.38813e-10
65 110 1.47172e-08
66 110 6.38128e-09
67 110 1.07593e-07
68 110 4.63562e-08
69 110 1.72518e-07
70 110 1.14034e-08
71 110 1.74998e-10
72 110 2.12548e-06
73 110 4.31787e-08
74 110 2.65759e-06
75 110 4.21223e-07
76 110 4.45313e-05
77 110 0.000156675
78 110 1.94457e-07
79 110 1.62382e-07
0 111 3.17568e-09
1 111 8.32907e-08
2 111 2.92729e-08
3 111 4.54262e-08
4 111 1.2933e-07
5 111 9.06979e-08
6 111 5.17361e-09
7 111 1.14916e-07
8 111 5.41497e-08
9 111 4.7934e-08
10 111 5.93192e-10
11 111 3.05414e-09
12 111 1.01904e-08
13 111 1.3408e-08
14 111 5.38775e-08
15 111 1.44611e-08
16 111 2.58159e-08
17 111 9.42712e-09
18 111 2.24414e-08
19 111 1.04308e-08
20 111 1.546e-09
21 111 1.39126e-09
22 111 2.00406e-08
23 111 1.62868e-08
24 111 1.18224e-09
25 111 2.69216e-08
26 111 3.782e-09
27 111 2.14986e-08
28 111 1.2426e-08
29 111 2.22307e-08
30 111 1.87354e-08
31 111 2.66032e-08
32 111 7.95778e-10
33 111 1.61556e-10
34 111 3.14649e-09
35 111 1.08612e-09
36 111 9.90016e-09
37 111 1.89093e-08
38 111 3.24281e-09
39 111 2.65596e-08
40 111 3.28886e-07
41 111 2.22249e-07
42 111 7.49346e-06
43 111 1.11599e-05
44 111 0.000122279
45 111 1.12192e-05
46 111 1.1616e-06
47 111 1.93781e-08
48 111 6.90769e-08
49 111 7.04339e-07
50 111 8.72128e-06
51 111 3.17747e-06
52 111 1.40093e-06
53 111 1.53264e-07
54 111 2.69704e-07
55 111 3.4183e-07
56 111 5.60769e-07
57 111 5.72938e-07
58 111 3.8045e-07
59 111 8.9608e-08
60 111 1.20601e-08
61 111 1.64531e-09
62 111 6.29624e-09
63 111 3.57673e-08
64 111 1.46903e-08
65 111 3.38839e-10
66 111 1.07585e-07
67 111 6.38023e-09
68 111 1.72532e-07
69 111 4.63656e-08
70 111 1.77337e-10
71 111 1.14095e-08
72 111 4.31386e-08
73 111 2.126e-06
74 111 4.21273e-07
75 111 2.65724e-06
76 111 0.000156653
77 111 4.45362e-05
78 111 1.62457e-07
79 111 1.94415e-07
0 112 1.22367e-08
1 112 7.67894e-09
2 112 1.35099e-07
3 112 4.09449e-07
4 112 3.27632e-07
5 112 9.99966e-08
6 112 1.43272e-07
7 112 2.23851e-08
8 112 3.42279e-07
9 112 4.96731e-07
10 112 1.12491e-08
11 112 1.51081e-08
12 112 4.84295e-09
13 112 3.69556e-08
14 112 1.25189e-08
15 112 1.32291e-09
16 112 8.43843e-09
17 112 9.24695e-09
18 112 1.82409e-09
19 112 3.68738e-10
20 112 3.02222e-10
21 112 2.64765e-11
22 112 2.90942e-08
23 112 6.43638e-09
24 112 2.37243e-08
25 112 2.39494e-08
26 112 1.64529e-08
27 112 6.16556e-09
28 112 1.0089e-10
29 112 2.17745e-09
30 112 1.88575e-08
31 112 1.68368e-08
32 112 1.48148e-08
33 112 3.75481e-08
34 112 1.41236e-09
35 112 2.33314e-09
36 112 3.66151e-08
37 112 1.98606e-08
38 112 8.71114e-08
39 112 5.34993e-08
40 112 5.92776e-08
41 112 3.40809e-08
42 112 4.25306e-05
43 112 8.99658e-05
44 112 5.63822e-06
45 112 5.2881e-06
46 112 6.50564e-08
47 112 1.41711e-07
48 112 1.5961e-07
49 112 6.036e-07
50 112 1.56858e-06
51 112 3.47879e-07
52 112 1.13818e-05
53 112 1.23216e-05
54 112 1.19453e-06
55 112 5.36398e-08
56 112 2.18955e-08
57 112 5.5017e-08
58 112 5.91346e-08
59 112 3.16533e-08
60 112 1.22789e-08
61 112 1.57449e-09
62 112 6.23335e-08
63 112 7.17718e-08
64 112 8.35399e-09
65 112 3.01084e-09
66 112 4.03951e-08
67 112 3.47477e-08
68 112 4.25243e-09
69 112 1.93489e-08
70 112 3.33742e-08
71 112 1.52808e-08
72 112 2.84087e-06
73 112 3.42332e-06
74 112 3.37419e-05
75 112 8.11581e-05
76 112 2.60852e-06
77 112 1.47044e-06
78 112 6.11408e-07
79 112 6.94526e-08
0 113 8.22185e-09
1 113 1.26199e-08
2 113 4.0948e-07
3 113 1.35934e-07
4 113 1.00939e-07
5 113 3.27231e-07
6 113 2.23599e-08
7 113 1.45755e-07
8 113 4.92967e-07
9 113 3.42249e-07
10 113 1.5084e-08
11 113 1.12238e-08
12 113 3.6953e-08
13 113 4.83304e-09
14 113 1.33544e-09
15 113 1.25328e-08
16 113 9.25525e-09
17 113 8.43107e-09
18 113 3.6852e-10
19 113 1.81084e-09
20 113 2.55926e-11
21 113 3.0013e-10
22 113 6.44006e-09
23 113 2.91225e-08
24 113 2.39496e-08
25 113 2.37512e-08
26 113 6.16433e-09
27 113 1.6431e-08
28 113 2.1737e-09
29 113 1.01301e-10
30 113 1.68303e-08
31 113 1.88626e-08
32 113 3.75482e-08
33 113 1.48023e-08
34 113 2.33585e-09
35 113 1.4106e-09
36 113 1.98497e-08
37 113 3.66503e-08
38 113 5.34566e-08
39 113 8.71397e-08
40 113 3.40854e-08
41 113 5.9275e-08
42 113 8.99768e-05
43 113 4.25265e-05
44 113 5.28793e-06
45 113 5.63881e-06
46 113 1.4175e-07
47 113 6.50503e-08
48 113 6.03576e-07
49 113 1.59658e-07
50 113 3.47805e-07
51 113 1.56863e-06
52 113 1.23209e-05
53 113 1.1381e-05
54 113 5.37604e-08
55 113 1.19465e-06
56 113 5.50423e-08
57 113 2.1903e-08
58 113 3.16612e-08
59 113 5.91314e-08
60 113 1.57376e-09
61 113 1.22894e-08
62 113 7.17913e-08
63 113 6.23603e-08
64 113 3.015e-09
65 113 8.34999e-09
66 113 3.47286e-08
67 113 4.03698e-08
68 113 1.93555e-08
69 113 4.24976e-09
70 113 1.52911e-08
71 113 3.33588e-08
72 113 3.42408e-06
73 113 2.84069e-06
74 113 8.11609e-05
75 113 3.37449e-05
76 113 1.4697e-06
77 113 2.60979e-06
78 113 6.9417e-08
79 113 6.1144e-07
0 114 8.61101e-08
1 114 2.82912e-07
2 114 9.75759e-09
3 114 8.86495e-09
4 114 1.01986e-07
5 114 2.58044e-07
6 114 1.83225e-07
7 114 5.51717e-07
8 114 4.91518e-08
9 114 4.06404e-08
10 114 1.9357e-09
11 114 1.03322e-08
12 114 4.64673e-09
13 114 2.29342e-08
14 114 3.01474e-08
15 114 5.49393e-09
16 114 6.04018e-11
17 114 9.74439e-11
18 114 1.8709e-08
19 114 1.79081e-09
20 114 1.36851e-07
21 114 2.92178e-07
22 114 2.15541e-08
23 114 1.30534e-08
24 114 2.74274e-09
25 114 3.10292e-08
26 114 2.02155e-08
27 114 4.08191e-08
28 114 2.71651e-09
29 114 1.95321e-08
30 114 2.60255e-10
31 114 3.76332e-09
32 114 7.22452e-09
33 114 2.0183e-09
34 114 1.35306e-07
35 114 6.63459e-08
36 114 9.41489e-09
37 114 3.38384e-08
38 114 6.7016e-10
39 114 1.45688e-08
40 114 6.94418e-06
41 114 3.85638e-06
42 114 1.36545e-06
43 114 5.94876e-06
44 114 1.24986e-05
45 114 4.64931e-07
46 114 0.00011429
47 114 2.1251e-05
48 114 7.2568e-08
49 114 2.24383e-06
50 114 4.68303e-06
51 114 3.90024e-06
52 114 1.427e-06
53 114 9.46254e-07
54 114 2.80603e-12
55 114 5.28963e-12
56 114 3.73592e-09
57 114 4.18334e-09
58 114 1.87947e-06
59 114 1.51255e-06
60 114 4.16664e-07
61 114 2.52516e-07
62 114 2.14156e-08
63 114 1.46076e-07
64 114 3.16129e-07
65 114 1.46371e-08
66 114 4.96926e-08
67 114 2.59018e-09
68 114 9.96356e-09
69 114 8.03774e-09
70 114 4.55272e-08
71 114 1.96946e-07
72 114 4.1305e-07
73 114 1.46555e-05
74 114 2.74263e-06
75 114 3.54028e-06
76 114 0.000172176
77 114 7.4791e-06
78 114 2.12116e-07
79 114 8.97008e-08
0 115 2.85062e-07
1 115 8.59457e-08
2 115 8.58806e-09
3 115 9.64866e-09
4 115 2.59364e-07
5 115 1.02394e-07
6 115 5.5381e-07
7 115 1.82026e-07
8 115 4.00321e-08
9 115 5.07373e-08
10 115 1.03632e-08
11 115 1.93616e-09
12 115 2.29023e-08
13 115 4.6539e-09
14 115 5.47702e-09
15 115 3.02327e-08
16 115 9.49908e-11
17 115 6.00355e-11
18 115 1.79026e-09
19 115 1.87201e-08
20 115 2.92291e-07
21 115 1.36934e-07
22 115 1.30644e-08
23 115 2.15879e-08
24 115 3.10556e-08
25 115 2.74029e-09
26 115 4.08299e-08
27 115 2.01922e-08
28 115 1.95194e-08
29 115 2.7153e-09
30 115 3.7627e-09
31 115 2.60022e-10
32 115 2.01431e-09
33 115 7.23319e-09
34 115 6.63536e-08
35 115 1.35287e-07
36 115 3.38206e-08
37 115 9.3897e-09
38 115 1.45702e-08
39 115 6.6938e-10
40 115 3.85596e-06
41 115 6.94279e-06
42 115 5.9499e-06
43 115 1.36549e-06
44 115 4.64874e-07
45 115 1.25e-05
46 115 2.12529e-05
47 115 0.0001143
48 115 2.24332e-06
49 115 7.25922e-08
50 115 3.89927e-06
51 115 4.68175e-06
52 115 9.46466e-07
53 115 1.42719e-06
54 115 4.99362e-12
55 115 2.81931e-12
56 115 4.17878e-09
57 115 3.74598e-09
58 115 1.5126e-06
59 115 1.87952e-06
60 115 2.52491e-07
61 115 4.16638e-07
62 115 1.4607e-07
63 115 2.14013e-08
64 115 1.4651e-08
65 115 3.16193e-07
66 115 2.59216e-09
67 115 4.96682e-08
68 115 8.03727e-09
69 115 9.93529e-09
70 115 1.96962e-07
71 115 4.55348e-08
72 115 1.46524e-05
73 115 4.12777e-07
74 115 3.54102e-06
75 115 2.74286e-06
76 115 7.47843e-06
77 115 0.0001722
78 115 8.9675e-08
79 115 2.12221e-07
0 116 1.98292e-07
1 116 2.637e-07
2 116 1.23706e-08
3 116 3.24372e-08
4 116 2.55137e-07
5 116 2.98677e-07
6 116 7.93536e-08
7 116 1.16978e-07
8 116 2.16332e-07
9 116 5.08145e-07
10 116 1.77544e-10
11 116 3.17003e-12
12 116 6.33323e-08
13 116 4.36906e-10
14 116 2.25502e-08
15 116 4.05389e-08
16 116 3.6655e-10
17 116 2.46548e-10
18 116 3.65793e-10
19 116 9.16659e-09
20 116 6.50271e-09
21 116 4.23122e-09
22 116 7.94148e-09
23 116 2.35293e-08
24 116 1.30391e-07
25 116 7.4705e-08
26 116 6.9879e-08
27 116 6.79667e-08
28 116 5.02709e-08
29 116 8.58043e-09
30 116 3.43657e-09
31 116 2.37008e-09
32 116 1.50502e-08
33 116 4.4535e-08
34 116 1.84936e-08
35 116 3.20107e-07
36 116 4.77736e-09
37 116 6.03987e-09
38 116 1.20763e-08
39 116 8.66461e-09
40 116 2.96374e-06
41 116 3.61879e-06
42 116 1.71393e-05
43 116 5.52161e-06
44 116 5.93976e-07
45 116 8.89189e-06
46 116 7.28959e-08
47 116 1.4013e-06
48 116 5.81911e-05
49 116 1.30678e-05
50 116 4.93838e-07
51 116 2.44412e-07
52 116 8.01419e-07
53 116 2.42944e-06
54 116 4.55629e-07
55 116 3.14633e-06
56 116 1.27778e-07
57 116 1.09996e-07
58 116 9.42481e-08
59 116 4.8101e-08
60 116 5.56351e-09
61 116 1.37679e-07
62 116 5.49017e-07
63 116 3.16471e-07
64 116 6.02334e-08
65 116 1.58891e-07
66 116 4.93822e-09
67 116 9.89046e-09
68 116 2.78768e-08
69 116 2.50648e-08
70 116 1.50536e-07
71 116 2.52528e-07
72 116 1.51088e-05
73 116 8.04989e-06
74 116 0.000149891
75 116 2.59874e-05
76 116 1.16433e-06
77 116 4.04638e-06
78 116 6.22084e-09
79 116 1.11592e-07
0 117 2.6583e-07
1 117 1.96312e-07
2 117 3.14093e-08
3 117 1.21204e-08
4 117 2.99361e-07
5 117 2.55505e-07
6 117 1.19143e-07
7 117 7.89028e-08
8 117 5.03985e-07
9 117 2.16943e-07
10 117 3.01831e-12
11 117 1.76887e-10
12 117 4.38996e-10
13 117 6.31974e-08
14 117 4.05227e-08
15 117 2.25563e-08
16 117 2.46669e-10
17 117 3.63001e-10
18 117 9.17973e-09
19 117 3.60323e-10
20 117 4.24133e-09
21 117 6.49362e-09
22 117 2.35186e-08
23 117 7.95948e-09
24 117 7.4692e-08
25 117 1.30316e-07
26 117 6.79461e-08
27 117 6.98563e-08
28 117 8.59129e-09
29 117 5.02808e-08
30 117 2.36493e-09
31 117 3.42827e-09
32 117 4.45397e-08
33 117 1.50447e-08
34 117 3.20144e-07
35 117 1.84922e-08
36 117 6.03082e-09
37 117 4.78254e-09
38 117 8.66218e-09
39 117 1.20695e-08
40 117 3.61943e-06
41 117 2.96382e-06
42 117 5.522e-06
43 117 1.71362e-05
44 117 8.89056e-06
45 117 5.94206e-07
46 117 1.40146e-06
47 117 7.28815e-08
48 117 1.30697e-05
49 117 5.81812e-05
50 117 2.44511e-07
51 117 4.93987e-07
52 117 2.42989e-06
53 117 8.01801e-07
54 117 3.1464e-06
55 117 4.55426e-07
56 117 1.09975e-07
57 117 1.27769e-07
58 117 4.816e-08
59 117 9.42592e-08
60 117 1.37708e-07
61 117 5.56865e-09
62 117 3.16466e-07
63 117 5.48802e-07
64 117 1.58876e-07
65 117 6.02069e-08
66 117 9.90016e-09
67 117 4.93885e-09
68 117 2.50666e-08
69 117 2.78927e-08
70 117 2.52432e-07
71 117 1.50468e-07
72 117 8.04996e-06
73 117 1.51101e-05
74 117 2.59789e-05
75 117 0.000149881
76 117 4.04569e-06
77 117 1.16476e-06
78 117 1.11515e-07
79 117 6.20283e-09
0 118 7.97426e-08
1 118 8.71669e-09
2 118 5.92601e-09
3 118 7.60641e-09
4 118 5.75867e-09
5 118 2.83847e-10
6 118 4.30535e-08
7 118 1.92067e-09
8 118 8.36044e-08
9 118 3.67006e-08
10 118 1.22237e-09
11 118 5.27808e-12
12 118 1.55339e-09
13 118 4.04762e-10
14 118 1.93887e-09
15 118 2.41735e-09
16 118 2.36971e-08
17 118 5.77415e-08
18 118 5.28853e-08
19 118 7.61669e-08
20 118 6.09862e-09
21 118 1.19794e-09
22 118 1.06433e-09
23 118 5.03082e-09
24 118 7.17433e-10
25 118 4.76464e-11
26 118 3.9822e-08
27 118 4.43644e-09
28 118 1.84975e-08
29 118 1.6247e-08
30 118 5.72303e-10
31 118 5.02837e-10
32 118 6.95635e-09
33 118 3.3433e-09
34 118 3.09817e-11
35 118 2.20057e-10
36 118 3.59088e-09
37 118 1.27298e-09
38 118 4.50541e-08
39 118 4.44922e-09
40 118 2.25729e-05
41 118 5.09967e-05
42 118 2.29128e-06
43 118 1.57547e-07
44 118 3.50142e-07
45 118 2.36974e-06
46 118 6.26573e-08
47 118 5.95927e-06
48 118 2.91127e-06
49 118 5.95375e-07
50 118 8.99073e-06
51 118 1.32573e-05
52 118 3.60123e-07
53 118 6.63179e-08
54 118 2.09604e-08
55 118 6.52277e-09
56 118 1.08588e-08
57 118 3.96185e-08
58 118 7.19679e-08
59 118 1.47754e-07
60 118 1.5993e-07
61 118 7.7504e-08
62 118 1.37536e-08
63 118 1.04526e-09
64 118 9.40871e-10
65 118 1.70282e-08
66 118 4.43304e-09
67 118 7.38607e-09
68 118 1.54125e-07
69 118 1.5422e-07
70 118 1.35e-08
71 118 3.42413e-10
72 118 0.000252208
73 118 1.78601e-05
74 118 6.62637e-07
75 118 1.77472e-06
76 118 2.46876e-06
77 118 7.02427e-06
78 118 2.42852e-10
79 118 1.85748e-09
0 119 8.85563e-09
1 119 7.88969e-08
2 119 7.5845e-09
3 119 5.91715e-09
4 119 3.29354e-10
5 119 5.98644e-09
6 119 1.79434e-09
7 119 4.359e-08
8 119 3.62097e-08
9 119 8.27897e-08
10 119 5.62285e-12
11 119 1.23627e-09
12 119 4.09504e-10
13 119 1.56395e-09
14 119 2.4306e-09
15 119 1.94832e-09
16 119 5.76926e-08
17 119 2.37141e-08
18 119 7.6208e-08
19 119 5.28428e-08
20 119 1.19347e-09
21 119 6.10038e-09
22 119 5.0389e-09
23 119 1.06228e-09
24 119 4.78834e-11
25 119 7.16368e-10
26 119 4.44663e-09
27 119 3.98499e-08
28 119 1.62284e-08
29 119 1.84733e-08
30 119 5.04318e-10
31 119 5.72511e-10
32 119 3.34145e-09
33 119 6.96129e-09
34 119 2.20059e-10
35 119 3.21914e-11
36 119 1.27516e-09
37 119 3.59009e-09
38 119 4.45528e-09
39 119 4.50384e-08
40 119 5.10016e-05
41 119 2.25722e-05
42 119 1.57575e-07
43 119 2.29103e-06
44 119 2.36942e-06
45 119 3.50208e-07
46 119 5.95919e-06
47 119 6.26818e-08
48 119 5.95517e-07
49 119 2.91053e-06
50 119 1.32581e-05
51 119 8.99061e-06
52 119 6.63566e-08
53 119 3.6017e-07
54 119 6.51278e-09
55 119 2.09496e-08
56 119 3.96069e-08
57 119 1.08601e-08
58 119 1.47731e-07
59 119 7.20002e-08
60 119 7.75041e-08
61 119 1.59886e-07
62 119 1.04945e-09
63 119 1.37636e-08
64 119 1.70135e-08
65 119 9.44871e-10
66 119 7.39446e-09
67 119 4.43527e-09
68 119 1.54219e-07
69 119 1.54073e-07
70 119 3.43758e-10
71 119 1.35087e-08
72 119 1.78545e-05
73 119 0.000252235
74 119 1.77449e-06
75 119 6.62351e-07
76 119 7.02322e-06
77 119 2.46892e-06
78 119 1.86189e-09
79 119 2.40318e-10
0 120 5.10716e-09
1 120 9.69908e-09
2 120 1.18823e-09
3 120 4.08493e-10
4 120 3.41273e-10
5 120 2.37039e-10
6 120 1.55693e-09
7 120 9.13513e-10
8 120 1.02358e-09
9 120 5.25455e-10
10 120 1.4626e-07
11 120 1.55004e-07
12 120 1.3588e-07
13 120 3.25989e-07
14 120 3.62159e-07
15 120 5.39322e-09
16 120 5.25012e-08
17 120 4.35569e-08
18 120 1.28063e-08
19 120 8.98518e-10
20 120 2.82502e-07
21 120 2.14102e-07
22 120 1.24884e-06
23 120 1.41944e-06
24 120 2.64729e-07
25 120 1.94165e-06
26 120 3.27409e-07
27 120 2.8059e-07
28 120 4.16061e-08
29 120 6.78275e-07
30 120 3.56959e-08
31 120 7.67581e-06
32 120 4.92079e-05
33 120 1.67581e-06
34 120 4.4172e-07
35 120 8.42645e-08
36 120 5.1735e-06
37 120 9.10372e-06
38 120 5.19077e-08
39 120 2.58472e-06
40 120 3.20775e-10
41 120 1.37539e-10
42 120 2.93135e-11
43 120 1.07111e-10
44 120 3.32462e-10
45 120 6.2307e-11
46 120 1.79194e-08
47 120 1.51408e-08
48 120 5.83618e-09
49 120 1.64898e-08
50 120 9.81639e-10
51 120 2.70127e-10
52 120 8.9346e-10
53 120 9.38162e-10
54 120 6.75725e-09
55 120 7.34919e-09
56 120 3.03976e-09
57 120 1.70545e-08
58 120 1.71258e-08
59 120 2.36342e-09
60 120 1.0089e-06
61 120 3.89392e-08
62 120 4.75364e-07
63 120 2.09513e-06
64 120 5.48471e-06
65 120 2.74823e-06
66 120 2.91394e-07
67 120 9.26317e-08
68 120 3.40768e-07
69 120 2.30473e-07
70 120 4.24168e-06
71 120 4.57371e-06
72 120 4.36117e-09
73 120 9.16234e-09
74 120 8.20969e-09
75 120 1.95273e-08
76 120 9.6121e-09
77 120 7.26476e-10
78 120 4.94092e-07
79 120 2.72161e-07
0 121 9.58656e-09
1 121 4.96585e-09
2 121 3.61926e-10
3 121 1.25148e-09
4 121 2.15892e-10
5 121 3.45398e-10
6 121 8.16584e-10
7 121 1.5375e-09
8 121 4.7929e-10
9 121 9.80395e-10
10 121 1.55005e-07
11 121 1.46162e-07
12 121 3.2555e-07
13 121 1.35323e-07
14 121 5.48024e-09
15 121 3.62677e-07
16 121 4.35461e-08
17 121 5.24374e-08
18 121 8.97584e-10
19 121 1.28278e-08
20 121 2.14114e-07
21 121 2.82532e-07
22 121 1.41938e-06
23 121 1.24911e-06
24 121 1.94227e-06
25 121 2.64505e-07
26 121 2.80473e-07
27 121 3.27507e-07
28 121 6.78532e-07
29 121 4.16895e-08
30 121 7.6763e-06
31 121 3.57979e-08
32 121 1.67684e-06
33 121 4.92134e-05
34 121 8.43482e-08
35 121 4.41874e-07
36 121 9.10408e-06
37 121 5.17272e-06
38 121 2.58533e-06
39 121 5.19414e-08
40 121 1.3634e-10
41 121 3.22014e-10
42 121 1.0781e-10
43 121 2.92225e-11
44 121 6.03517e-11
45 121 3.36104e-10
46 121 1.5113e-08
47 121 1.79243e-08
48 121 1.64838e-08
49 121 5.83763e-09
50 121 2.7098e-10
51 121 9.81517e-10
52 121 9.4628e-10
53 121 8.83532e-10
54 121 7.37002e-09
55 121 6.75378e-09
56 121 1.70781e-08
57 121 3.02662e-09
58 121 2.36122e-09
59 121 1.71009e-08
60 121 3.8969e-08
61 121 1.00887e-06
62 121 2.0952e-06
63 121 4.75399e-07
64 121 2.74822e-06
65 121 5.48446e-06
66 121 9.26403e-08
67 121 2.91459e-07
68 121 2.30489e-07
69 121 3.40892e-07
70 121 4.57424e-06
71 121 4.24171e-06
72 121 9.14737e-09
73 121 4.36326e-09
74 121 1.95096e-08
75 121 8.22363e-09
76 121 7.15706e-10
77 121 9.60584e-09
78 121 2.72086e-07
79 121 4.93871e-07
0 122 4.87146e-09
1 122 3.58261e-09
2 122 2.90993e-10
3 122 5.86092e-09
4 122 4.99592e-10
5 122 9.56826e-10
6 122 7.28385e-10
7 122 6.56864e-09
8 122 2.4811e-09
9 122 2.73683e-08
10 122 3.78731e-08
11 122 2.59281e-08
12 122 2.83162e-07
13 122 2.62185e-07
14 122 3.20185e-07
15 122 2.82458e-07
16 122 1.27305e-07
17 122 1.95582e-07
18 122 2.07597e-07
19 122 1.83854e-07
20 122 2.26542e-08
21 122 2.43543e-07
22 122 5.98729e-07
23 122 4.78565e-08
24 122 7.83051e-08
25 122 8.91849e-08
26 122 9.40546e-08
27 122 3.18612e-07
28 122 3.88486e-07
29 122 3.23526e-07
30 122 1.88548e-05
31 122 1.0384e-05
32 122 1.45251e-06
33 122 2.64998e-06
34 122 7.57856e-07
35 122 3.07141e-07
36 122 4.73917e-06
37 122 1.21183e-06
38 122 1.12088e-05
39 122 4.27418e-06
40 122 3.62044e-10
41 122 1.36896e-10
42 122 8.56765e-09
43 122 2.01586e-08
44 122 5.06394e-09
45 122 9.34655e-09
46 122 6.0842e-08
47 122 1.903e-08
48 122 9.27451e-09
49 122 2.4031e-08
50 122 1.99251e-09
51 122 1.26225e-08
52 122 5.66786e-09
53 122 1.24837e-08
54 122 4.20788e-08
55 122 6.54405e-08
56 122 1.90421e-07
57 122 1.72359e-08
58 122 1.08549e-09
59 122 1.58733e-08
60 122 1.31437e-07
61 122 4.80026e-07
62 122 4.8367e-07
63 122 2.21254e-07
64 122 1.70344e-06
65 122 9.35351e-07
66 122 2.77975e-08
67 122 5.12399e-08
68 122 2.58896e-08
69 122 4.44736e-07
70 122 1.05021e-06
71 122 1.86103e-06
72 122 6.39564e-10
73 122 1.74426e-09
74 122 2.76327e-08
75 122 2.46023e-08
76 122 5.62708e-09
77 122 7.21809e-09
78 122 9.26926e-08
79 122 6.59291e-09
0 123 3.37669e-09
1 123 4.50088e-09
2 123 5.72136e-09
3 123 3.57376e-10
4 123 1.14514e-09
5 123 4.26338e-10
6 123 6.26042e-09
7 123 6.2572e-10
8 123 2.74627e-08
9 123 2.531e-09
10 123 2.59952e-08
11 123 3.78186e-08
12 123 2.61284e-07
13 123 2.83739e-07
14 123 2.83055e-07
15 123 3.20532e-07
16 123 1.95053e-07
17 123 1.27221e-07
18 123 1.84142e-07
19 123 2.07707e-07
20 123 2.43416e-07
21 123 2.27016e-08
22 123 4.7737e-08
23 123 5.9843e-07
24 123 8.94485e-08
25 123 7.83315e-08
26 123 3.18677e-07
27 123 9.38492e-08
28 123 3.23616e-07
29 123 3.88403e-07
30 123 1.03858e-05
31 123 1.88513e-05
32 123 2.64942e-06
33 123 1.4526e-06
34 123 3.06961e-07
35 123 7.5777e-07
36 123 1.2116e-06
37 123 4.74059e-06
38 123 4.27452e-06
39 123 1.12084e-05
40 123 1.39229e-10
41 123 3.62916e-10
42 123 2.01708e-08
43 123 8.58118e-09
44 123 9.35371e-09
45 123 5.06152e-09
46 123 1.9028e-08
47 123 6.08782e-08
48 123 2.40359e-08
49 123 9.25442e-09
50 123 1.26252e-08
51 123 1.99418e-09
52 123 1.25102e-08
53 123 5.66898e-09
54 123 6.54726e-08
55 123 4.20867e-08
56 123 1.72197e-08
57 123 1.90352e-07
58 123 1.58637e-08
59 123 1.07981e-09
60 123 4.79992e-07
61 123 1.31392e-07
62 123 2.21272e-07
63 123 4.83535e-07
64 123 9.35454e-07
65 123 1.70345e-06
66 123 5.12405e-08
67 123 2.77915e-08
68 123 4.44599e-07
69 123 2.58973e-08
70 123 1.8605e-06
71 123 1.05023e-06
72 123 1.75025e-09
73 123 6.38094e-10
74 123 2.46022e-08
75 123 2.76191e-08
76 123 7.19677e-09
77 123 5.61633e-09
78 123 6.58203e-09
79 123 9.27341e-08
0 124 8.84498e-09
1 124 5.13305e-09
2 124 2.46713e-10
3 124 1.68494e-09
4 124 1.57224e-09
5 124 7.53193e-09
6 124 6.74858e-09
7 124 2.82539e-08
8 124 5.75538e-09
9 124 9.78066e-08
10 124 1.55265e-07
11 124 1.99449e-07
12 124 6.882e-08
13 124 6.16566e-08
14 124 8.79333e-09
15 124 4.75465e-08
16 124 1.87678e-07
17 124 5.51012e-07
18 124 7.47654e-09
19 124 5.47738e-08
20 124 1.2377e-08
21 124 3.27026e-09
22 124 2.19809e-07
23 124 3.40187e-08
24 124 1.68587e-07
25 124 1.87656e-07
26 124 1.57972e-06
27 124 3.81156e-06
28 124 3.52651e-06
29 124 4.2188e-07
30 124 5.68434e-06
31 124 2.21893e-06
32 124 6.47753e-07
33 124 2.41145e-05
34 124 1.07249e-08
35 124 8.36576e-08
36 124 7.73255e-06
37 124 5.28726e-06
38 124 6.55996e-06
39 124 7.05592e-07
40 124 1.62374e-10
41 124 1.70551e-10
42 124 5.48776e-10
43 124 6.99655e-10
44 124 1.6357e-09
45 124 1.7863e-09
46 124 6.27324e-09
47 124 4.4412e-09
48 124 2.14666e-09
49 124 2.33606e-09
50 124 4.056e-09
51 124 2.54555e-08
52 124 3.07503e-09
53 124 1.38116e-08
54 124 1.1514e-08
55 124 4.28697e-09
56 124 4.18292e-09
57 124 1.56641e-10
58 124 6.74509e-09
59 124 1.81456e-07
60 124 1.72632e-08
61 124 5.20678e-09
62 124 1.45417e-06
63 124 3.66069e-07
64 124 2.72339e-06
65 124 2.19908e-06
66 124 8.42751e-07
67 124 1.28469e-06
68 124 1.15631e-07
69 124 3.96998e-08
70 124 1.8326e-06
71 124 1.9203e-06
72 124 1.91953e-09
73 124 2.80349e-09
74 124 9.88583e-09
75 124 1.77486e-09
76 124 5.54943e-09
77 124 1.05249e-08
78 124 1.66634e-06
79 124 6.38694e-07
0 125 5.3999e-09
1 125 9.01819e-09
2 125 1.60717e-09
3 125 3.03827e-10
4 125 7.49264e-09
5 125 1.67487e-09
6 125 2.85196e-08
7 125 7.09477e-09
8 125 9.87711e-08
9 125 5.51032e-09
10 125 1.9985e-07
11 125 1.55335e-07
12 125 6.15194e-08
13 125 6.92133e-08
14 125 4.75052e-08
15 125 8.86912e-09
16 125 5.51368e-07
17 125 1.87776e-07
18 125 5.4682e-08
19 125 7.49977e-09
20 125 3.25577e-09
21 125 1.24439e-08
22 125 3.39843e-08
23 125 2.19841e-07
24 125 1.87777e-07
25 125 1.68567e-07
26 125 3.81042e-06
27 125 1.5799e-06
28 125 4.21735e-07
29 125 3.52585e-06
30 125 2.22013e-06
31 125 5.68404e-06
32 125 2.41148e-05
33 125 6.48516e-07
34 125 8.37173e-08
35 125 1.06918e-08
36 125 5.2884e-06
37 125 7.73469e-06
38 125 7.05063e-07
39 125 6.56004e-06
40 125 1.69181e-10
41 125 1.64789e-10
42 125 7.10285e-10
43 125 5.4863e-10
44 125 1.78745e-09
45 125 1.62962e-09
46 125 4.45782e-09
47 125 6.26115e-09
48 125 2.33541e-09
49 125 2.15461e-09
50 125 2.54619e-08
51 125 4.0468e-09
52 125 1.37741e-08
53 125 3.08179e-09
54 125 4.28861e-09
55 125 1.15113e-08
56 125 1.58989e-10
57 125 4.18377e-09
58 125 1.81478e-07
59 125 6.74637e-09
60 125 5.17837e-09
61 125 1.72574e-08
62 125 3.66043e-07
63 125 1.45397e-06
64 125 2.19983e-06
65 125 2.72368e-06
66 125 1.28468e-06
67 125 8.42963e-07
68 125 3.96993e-08
69 125 1.1564e-07
70 125 1.91985e-06
71 125 1.83261e-06
72 125 2.79886e-09
73 125 1.91829e-09
74 125 1.77281e-09
75 125 9.87563e-09
76 125 1.05324e-08
77 125 5.53629e-09
78 125 6.38564e-07
79 125 1.66567e-06
0 126 1.00079e-11
1 126 6.68089e-11
2 126 4.26106e-09
3 126 7.33167e-09
4 126 4.23478e-10
5 126 3.22044e-09
6 126 6.47833e-09
7 126 4.57389e-09
8 126 4.91369e-08
9 126 2.24913e-08
10 126 9.11582e-09
11 126 4.87646e-08
12 126 8.03972e-08
13 126 1.18238e-07
14 126 2.18378e-07
15 126 5.19715e-08
16 126 2.73846e-08
17 126 8.56245e-08
18 126 5.66665e-08
19 126 1.48716e-09
20 126 8.60354e-08
21 126 6.69926e-08
22 126 6.20615e-07
23 126 7.16829e-08
24 126 1.13714e-06
25 126 3.26125e-06
26 126 8.36656e-07
27 126 8.01869e-07
28 126 1.06724e-07
29 126 2.39963e-06
30 126 2.06927e-07
31 126 3.95944e-06
32 126 1.79363e-06
33 126 1.25711e-06
34 126 5.88706e-08
35 126 4.2289e-08
36 126 4.4791e-06
37 126 1.13946e-05
38 126 5.33299e-06
39 126 9.09208e-06
40 126 1.6589e-08
41 126 1.56851e-08
42 126 1.39221e-10
43 126 4.06019e-10
44 126 2.29964e-09
45 126 6.30552e-10
46 126 8.68325e-09
47 126 4.36983e-09
48 126 2.44111e-09
49 126 7.6529e-09
50 126 2.12578e-08
51 126 3.78065e-08
52 126 4.66658e-08
53 126 7.90528e-09
54 126 5.11086e-10
55 126 9.14788e-10
56 126 8.63026e-09
57 126 6.77806e-09
58 126 1.60682e-09
59 126 1.94194e-09
60 126 1.09383e-08
61 126 6.1663e-10
62 126 2.68338e-09
63 126 7.66705e-08
64 126 7.16134e-07
65 126 1.34919e-07
66 126 2.41567e-06
67 126 4.31021e-07
68 126 2.2716e-06
69 126 4.31225e-06
70 126 1.59467e-06
71 126 2.3293e-06
72 126 6.93269e-11
73 126 2.92182e-09
74 126 3.31604e-09
75 126 8.34865e-10
76 126 4.71545e-09
77 126 8.41964e-10
78 126 5.06878e-07
79 126 1.04225e-07
0 127 9.37847e-11
1 127 1.83902e-12
2 127 7.18442e-09
3 127 4.3845e-09
4 127 3.23646e-09
5 127 4.2998e-10
6 127 4.46977e-09
7 127 6.63353e-09
8 127 2.29327e-08
9 127 4.96555e-08
10 127 4.88008e-08
11 127 9.04758e-09
12 127 1.18336e-07
13 127 8.00982e-08
14 127 5.20969e-08
15 127 2.18462e-07
16 127 8.58019e-08
17 127 2.73136e-08
18 127 1.47836e-09
19 127 5.66517e-08
20 127 6.6957e-08
21 127 8.60672e-08
22 127 7.16774e-08
23 127 6.20795e-07
24 127 3.26041e-06
25 127 1.13832e-06
26 127 8.01727e-07
27 127 8.37338e-07
28 127 2.39903e-06
29 127 1.06685e-07
30 127 3.96014e-06
31 127 2.07137e-07
32 127 1.25656e-06
33 127 1.7927e-06
34 127 4.21553e-08
35 127 5.8746e-08
36 127 1.13934e-05
37 127 4.47799e-06
38 127 9.08964e-06
39 127 5.33248e-06
40 127 1.57248e-08
41 127 1.65962e-08
42 127 4.11902e-10
43 127 1.35894e-10
44 127 6.37262e-10
45 127 2.30374e-09
46 127 4.35372e-09
47 127 8.74197e-09
48 127 7.64798e-09
49 127 2.44659e-09
50 127 3.78006e-08
51 127 2.12445e-08
52 127 7.89914e-09
53 127 4.65196e-08
54 127 9.10711e-10
55 127 5.10555e-10
56 127 6.80216e-09
57 127 8.62521e-09
58 127 1.95617e-09
59 127 1.59651e-09
60 127 6.22022e-10
61 127 1.09726e-08
62 127 7.66434e-08
63 127 2.69286e-09
64 127 1.34897e-07
65 127 7.1615e-07
66 127 4.31101e-07
67 127 2.41582e-06
68 127 4.31212e-06
69 127 2.27278e-06
70 127 2.32977e-06
71 127 1.5952e-06
72 127 2.94627e-09
73 127 6.70988e-11
74 127 8.34923e-10
75 127 3.31634e-09
76 127 8.48999e-10
77 127 4.74366e-09
78 127 1.04234e-07
79 127 5.06958e-07
0 128 5.3153e-10
1 128 7.71791e-11
2 128 5.20196e-10
3 128 1.15844e-09
4 128 8.45842e-10
5 128 1.88114e-10
6 128 6.91996e-09
7 128 6.51665e-09
8 128 7.68235e-09
9 128 2.03298e-08
10 128 2.0788e-07
11 128 6.88068e-08
12 128 5.16836e-07
13 128 2.12421e-07
14 128 7.34601e-08
15 128 1.71827e-06
16 128 1.11261e-07
17 128 4.04863e-08
18 128 7.49478e-09
19 128 2.28477e-08
20 128 2.13745e-07
21 128 6.46554e-07
22 128 2.77036e-06
23 128 1.45382e-05
24 128 2.6996e-05
25 128 9.47098e-06
26 128 1.58839e-06
27 128 1.08854e-06
28 128 3.27203e-07
29 128 3.07847e-07
30 128 1.59903e-07
31 128 7.64441e-08
32 128 2.43754e-07
33 128 2.18748e-07
34 128 9.73555e-11
35 128 3.48019e-09
36 128 1.12579e-08
37 128 5.98219e-09
38 128 2.04731e-06
39 128 1.21758e-06
40 128 6.74496e-12
41 128 1.33038e-11
42 128 1.03693e-08
43 128 2.22513e-09
44 128 3.8512e-09
45 128 5.25347e-08
46 128 1.91973e-09
47 128 5.08851e-09
48 128 2.64329e-09
49 128 2.76773e-10
50 128 2.46552e-10
51 128 1.2738e-09
52 128 4.98246e-10
53 128 3.09051e-09
54 128 3.0349e-09
55 128 1.20547e-08
56 128 3.14622e-09
57 128 3.08828e-09
58 128 4.80697e-09
59 128 3.34059e-09
60 128 2.90658e-07
61 128 7.62399e-07
62 128 4.68751e-07
63 128 1.30311e-07
64 128 3.94529e-09
65 128 4.40967e-07
66 128 2.02533e-08
67 128 8.85412e-08
68 128 1.4724e-07
69 128 2.72197e-07
70 128 1.06518e-05
71 128 1.0845e-05
72 128 4.05973e-09
73 128 1.84018e-09
74 128 6.45774e-08
75 128 2.22519e-08
76 128 8.70882e-09
77 128 6.81445e-08
78 128 1.14185e-06
79 128 1.05035e-05
0 129 1.06245e-10
1 129 5.74799e-10
2 129 9.14271e-10
3 129 6.96479e-10
4 129 1.628e-10
5 129 1.07088e-09
6 129 6.43995e-09
7 129 7.30172e-09
8 129 2.1021e-08
9 129 7.97561e-09
10 129 6.89671e-08
11 129 2.07869e-07
12 129 2.12927e-07
13 129 5.17367e-07
14 129 1.71787e-06
15 129 7.39448e-08
16 129 4.0539e-08
17 129 1.1134e-07
18 129 2.28973e-08
19 129 7.50254e-09
20 129 6.4669e-07
21 129 2.13942e-07
22 129 1.45375e-05
23 129 2.76753e-06
24 129 9.47159e-06
25 129 2.69911e-05
26 129 1.08842e-06
27 129 1.58796e-06
28 129 3.07903e-07
29 129 3.27315e-07
30 129 7.63321e-08
31 129 1.59873e-07
32 129 2.18758e-07
33 129 2.44198e-07
34 129 3.48894e-09
35 129 8.48998e-11
36 129 5.99105e-09
37 129 1.12234e-08
38 129 1.21665e-06
39 129 2.04784e-06
40 129 1.22797e-11
41 129 6.42693e-12
42 129 2.21019e-09
43 129 1.04092e-08
44 129 5.24456e-08
45 129 3.85242e-09
46 129 5.07416e-09
47 129 1.9412e-09
48 129 2.72527e-10
49 129 2.63457e-09
50 129 1.28158e-09
51 129 2.53135e-10
52 129 3.08427e-09
53 129 4.84403e-10
54 129 1.20195e-08
55 129 3.04062e-09
56 129 3.10043e-09
57 129 3.13613e-09
58 129 3.32051e-09
59 129 4.81646e-09
60 129 7.62357e-07
61 129 2.90644e-07
62 129 1.30267e-07
63 129 4.68838e-07
64 129 4.41079e-07
65 129 3.92539e-09
66 129 8.83847e-08
67 129 2.02679e-08
68 129 2.72588e-07
69 129 1.47456e-07
70 129 1.08439e-05
71 129 1.06488e-05
72 129 1.82625e-09
73 129 4.06419e-09
74 129 2.22792e-08
75 129 6.45151e-08
76 129 6.79982e-08
77 129 8.70936e-09
78 129 1.05029e-05
79 129 1.14101e-06
0 130 5.44749e-09
1 130 1.35111e-08
2 130 1.87333e-10
3 130 8.17442e-11
4 130 7.68284e-09
5 130 1.87873e-09
6 130 2.28125e-09
7 130 2.16688e-09
8 130 3.22379e-09
9 130 3.69676e-09
10 130 1.09787e-07
11 130 1.03825e-07
12 130 1.83403e-06
13 130 2.47287e-07
14 130 3.71734e-07
15 130 3.16166e-07
16 130 2.01203e-07
17 130 1.36982e-07
18 130 1.9355e-07
19 130 1.4768e-06
20 130 5.03302e-08
21 130 2.20648e-07
22 130 4.19907e-08
23 130 8.02051e-08
24 130 2.28497e-06
25 130 2.08271e-06
26 130 2.0372e-06
27 130 4.74606e-06
28 130 1.01063e-06
29 130 1.21317e-06
30 130 2.72643e-08
31 130 3.92795e-08
32 130 1.80511e-07
33 130 5.67489e-08
34 130 4.73936e-07
35 130 1.65255e-06
36 130 8.41205e-07
37 130 1.05008e-06
38 130 3.90735e-08
39 130 3.893e-09
40 130 4.49509e-08
41 130 2.62009e-08
42 130 5.70602e-08
43 130 3.93634e-08
44 130 1.28405e-08
45 130 2.33372e-08
46 130 1.14036e-07
47 130 1.23287e-07
48 130 1.86805e-08
49 130 2.56879e-09
50 130 4.92962e-08
51 130 7.24061e-09
52 130 1.45135e-09
53 130 1.94946e-09
54 130 7.02053e-11
55 130 2.69126e-10
56 130 8.20698e-09
57 130 8.92603e-09
58 130 4.02027e-08
59 130 1.5649e-08
60 130 6.66311e-09
61 130 3.06849e-09
62 130 5.41235e-07
63 130 5.31486e-07
64 130 3.704e-08
65 130 1.1061e-07
66 130 6.40108e-07
67 130 7.56905e-07
68 130 6.57105e-07
69 130 1.28757e-07
70 130 1.40446e-06
71 130 3.06977e-06
72 130 2.01126e-07
73 130 1.2015e-07
74 130 1.538e-07
75 130 1.57231e-08
76 130 2.74839e-08
77 130 8.53065e-08
78 130 2.05042e-08
79 130 2.44603e-07
0 131 1.3995e-08
1 131 5.3866e-09
2 131 5.52739e-11
3 131 1.93036e-10
4 131 1.85828e-09
5 131 7.52942e-09
6 131 2.0101e-09
7 131 2.29337e-09
8 131 3.84413e-09
9 131 3.12718e-09
10 131 1.0394e-07
11 131 1.09479e-07
12 131 2.47648e-07
13 131 1.8338e-06
14 131 3.15587e-07
15 131 3.7084e-07
16 131 1.36972e-07
17 131 2.01034e-07
18 131 1.47738e-06
19 131 1.93555e-07
20 131 2.20795e-07
21 131 5.02739e-08
22 131 8.03145e-08
23 131 4.19854e-08
24 131 2.08289e-06
25 131 2.2849e-06
26 131 4.74673e-06
27 131 2.03742e-06
28 131 1.21357e-06
29 131 1.01061e-06
30 131 3.93157e-08
31 131 2.72506e-08
32 131 5.68959e-08
33 131 1.80531e-07
34 131 1.65356e-06
35 131 4.74166e-07
36 131 1.04958e-06
37 131 8.41681e-07
38 131 3.87939e-09
39 131 3.90801e-08
40 131 2.6254e-08
41 131 4.49344e-08
42 131 3.93223e-08
43 131 5.69444e-08
44 131 2.3354e-08
45 131 1.28091e-08
46 131 1.23237e-07
47 131 1.13856e-07
48 131 2.55231e-09
49 131 1.86885e-08
50 131 7.20562e-09
51 131 4.9364e-08
52 131 1.91374e-09
53 131 1.46072e-09
54 131 2.69052e-10
55 131 7.0355e-11
56 131 8.91659e-09
57 131 8.19594e-09
58 131 1.5624e-08
59 131 4.02237e-08
60 131 3.06584e-09
61 131 6.70702e-09
62 131 5.31566e-07
63 131 5.41286e-07
64 131 1.10674e-07
65 131 3.70636e-08
66 131 7.57377e-07
67 131 6.40271e-07
68 131 1.28857e-07
69 131 6.56801e-07
70 131 3.06984e-06
71 131 1.40501e-06
72 131 1.2022e-07
73 131 2.01112e-07
74 131 1.57627e-08
75 131 1.53677e-07
76 131 8.53131e-08
77 131 2.74459e-08
78 131 2.44765e-07
79 131 2.06219e-08
0 132 1.4914e-08
1 132 1.48837e-08
2 132 2.89604e-10
3 132 6.25729e-10
4 132 1.63087e-09
5 132 1.86822e-09
6 132 2.6202e-09
7 132 2.04993e-10
8 132 3.27388e-09
9 132 6.63918e-09
10 132 1.2572e-08
11 132 3.79176e-09
12 132 2.73714e-06
13 132 2.60898e-07
14 132 3.75638e-07
15 132 2.61025e-06
16 132 5.1274e-07
17 132 2.2043e-07
18 132 3.67708e-08
19 132 2.28429e-07
20 132 7.20339e-07
21 132 4.62504e-07
22 132 8.17622e-07
23 132 8.71651e-07
24 132 1.59598e-07
25 132 5.64467e-08
26 132 3.4873e-06
27 132 4.55124e-07
28 132 4.9837e-06
29 132 1.82812e-07
30 132 2.07388e-07
31 132 2.76115e-09
32 132 9.39598e-08
33 132 2.20762e-07
34 132 2.21278e-07
35 132 4.40061e-06
36 132 6.34578e-07
37 132 6.10506e-07
38 132 1.51918e-06
39 132 8.75586e-07
40 132 7.69139e-09
41 132 1.59225e-08
42 132 8.59697e-09
43 132 1.11336e-09
44 132 2.91637e-09
45 132 7.62595e-09
46 132 5.88315e-08
47 132 7.77867e-08
48 132 1.19735e-08
49 132 4.46983e-10
50 132 3.59391e-10
51 132 3.94407e-10
52 132 1.14094e-08
53 132 7.49855e-08
54 132 3.22192e-09
55 132 1.59145e-08
56 132 2.60664e-08
57 132 1.11859e-08
58 132 1.09065e-09
59 132 2.99103e-09
60 132 1.1614e-07
61 132 1.02877e-06
62 132 5.84329e-06
63 132 2.41244e-06
64 132 8.14547e-07
65 132 1.61884e-06
66 132 5.45614e-08
67 132 1.80646e-07
68 132 1.98154e-08
69 132 1.54839e-08
70 132 1.58733e-06
71 132 2.11695e-06
72 132 5.01766e-08
73 132 2.83185e-08
74 132 7.34033e-09
75 132 1.46432e-09
76 132 7.08278e-10
77 132 6.53272e-09
78 132 4.17667e-08
79 132 4.76028e-08
0 133 1.4957e-08
1 133 1.43337e-08
2 133 6.30524e-10
3 133 3.37732e-10
4 133 1.86253e-09
5 133 1.61355e-09
6 133 2.18083e-10
7 133 2.70296e-09
8 133 6.59947e-09
9 133 3.19824e-09
10 133 3.80526e-09
11 133 1.26331e-08
12 133 2.61719e-07
13 133 2.7379e-06
14 133 2.60949e-06
15 133 3.74853e-07
16 133 2.20272e-07
17 133 5.12094e-07
18 133 2.28528e-07
19 133 3.67463e-08
20 133 4.62671e-07
21 133 7.20347e-07
22 133 8.71312e-07
23 133 8.17215e-07
24 133 5.67218e-08
25 133 1.59749e-07
26 133 4.55203e-07
27 133 3.48606e-06
28 133 1.83144e-07
29 133 4.98254e-06
30 133 2.76554e-09
31 133 2.07672e-07
32 133 2.20434e-07
33 133 9.39455e-08
34 133 4.40064e-06
35 133 2.21301e-07
36 133 6.105e-07
37 133 6.34852e-07
38 133 8.75807e-07
39 133 1.5201e-06
40 133 1.59127e-08
41 133 7.67418e-09
42 133 1.10254e-09
43 133 8.61017e-09
44 133 7.55744e-09
45 133 2.90533e-09
46 133 7.76977e-08
47 133 5.89036e-08
48 133 4.45633e-10
49 133 1.19676e-08
50 133 3.78295e-10
51 133 3.57772e-10
52 133 7.47372e-08
53 133 1.13368e-08
54 133 1.5949e-08
55 133 3.20034e-09
56 133 1.11049e-08
57 133 2.59636e-08
58 133 2.96242e-09
59 133 1.10682e-09
60 133 1.02951e-06
61 133 1.16086e-07
62 133 2.41305e-06
63 133 5.84222e-06
64 133 1.61877e-06
65 133 8.15549e-07
66 133 1.80634e-07
67 133 5.45477e-08
68 133 1.54601e-08
69 133 1.99345e-08
70 133 2.11754e-06
71 133 1.58656e-06
72 133 2.82842e-08
73 133 5.01323e-08
74 133 1.47403e-09
75 133 7.33625e-09
76 133 6.49306e-09
77 133 7.04997e-10
78 133 4.78327e-08
79 133 4.18175e-08
0 134 6.94869e-11
1 134 4.4264e-11
2 134 5.7453e-12
3 134 1.00424e-10
4 134 1.39709e-09
5 134 1.86596e-09
6 134 1.59639e-09
7 134 1.03132e-09
8 134 3.47936e-11
9 134 8.77843e-10
10 134 1.93055e-07
11 134 1.24444e-08
12 134 5.61896e-06
13 134 3.39111e-08
14 134 1.234e-06
15 134 1.11087e-05
16 134 1.64309e-08
17 134 1.43093e-08
18 134 4.01483e-08
19 134 1.18622e-07
20 134 1.29883e-07
21 134 5.68288e-07
22 134 9.17793e-07
23 134 3.83548e-07
24 134 6.52593e-07
25 134 1.34419e-07
26 134 1.28482e-06
27 134 3.54105e-07
28 134 2.0105e-06
29 134 4.20093e-07
30 134 5.14209e-07
31 134 3.49634e-08
32 134 2.15172e-07
33 134 1.66708e-07
34 134 2.39295e-07
35 134 1.84223e-07
36 134 6.80644e-08
37 134 1.13502e-09
38 134 1.08551e-07
39 134 3.63756e-08
40 134 7.04298e-09
41 134 3.85455e-08
42 134 2.92496e-09
43 134 1.234e-10
44 134 2.93358e-10
45 134 5.47148e-09
46 134 1.85988e-09
47 134 4.70326e-09
48 134 3.56221e-09
49 134 8.74117e-10
50 134 4.65244e-10
51 134 2.91847e-10
52 134 5.17971e-09
53 134 4.13866e-08
54 134 5.60796e-10
55 134 6.91086e-10
56 134 7.40075e-09
57 134 1.22331e-09
58 134 1.15995e-09
59 134 8.01881e-09
60 134 2.69461e-08
61 134 6.23009e-07
62 134 1.14087e-06
63 134 5.2645e-07
64 134 3.87232e-06
65 134 6.5786e-06
66 134 5.98951e-07
67 134 1.49079e-06
68 134 1.10361e-07
69 134 2.00512e-07
70 134 5.15512e-07
71 134 4.4292e-07
72 134 1.40239e-07
73 134 9.10547e-08
74 134 7.04103e-08
75 134 1.47484e-08
76 134 4.01843e-09
77 134 2.14016e-08
78 134 1.10241e-07
79 134 7.38469e-07
0 135 2.49895e-11
1 135 4.85819e-11
2 135 1.07958e-10
3 135 9.27392e-12
4 135 1.89182e-09
5 135 1.44003e-09
6 135 1.01541e-09
7 135 1.62898e-09
8 135 8.61574e-10
9 135 3.85421e-11
10 135 1.25353e-08
11 135 1.93331e-07
12 135 3.35838e-08
13 135 5.62343e-06
14 135 1.11033e-05
15 135 1.23289e-06
16 135 1.43893e-08
17 135 1.64742e-08
18 135 1.18826e-07
19 135 4.02413e-08
20 135 5.68863e-07
21 135 1.29732e-07
22 135 3.8329e-07
23 135 9.1757e-07
24 135 1.34195e-07
25 135 6.52917e-07
26 135 3.53657e-07
27 135 1.28602e-06
28 135 4.20262e-07
29 135 2.01243e-06
30 135 3.48503e-08
31 135 5.13593e-07
32 135 1.66612e-07
33 135 2.14869e-07
34 135 1.84031e-07
35 135 2.39045e-07
36 135 1.18113e-09
37 135 6.8167e-08
38 135 3.64323e-08
39 135 1.08597e-07
40 135 3.87536e-08
41 135 7.03025e-09
42 135 1.29015e-10
43 135 2.91826e-09
44 135 5.50665e-09
45 135 2.94249e-10
46 135 4.75061e-09
47 135 1.88307e-09
48 135 8.95566e-10
49 135 3.55853e-09
50 135 2.85969e-10
51 135 4.57015e-10
52 135 4.13434e-08
53 135 5.24206e-09
54 135 6.95662e-10
55 135 5.58018e-10
56 135 1.22879e-09
57 135 7.40755e-09
58 135 8.046e-09
59 135 1.17108e-09
60 135 6.23254e-07
61 135 2.67796e-08
62 135 5.24977e-07
63 135 1.14033e-06
64 135 6.57853e-06
65 135 3.87166e-06
66 135 1.49045e-06
67 135 5.99387e-07
68 135 2.00878e-07
69 135 1.10548e-07
70 135 4.43266e-07
71 135 5.14737e-07
72 135 9.12443e-08
73 135 1.40459e-07
74 135 1.46779e-08
75 135 7.03274e-08
76 135 2.14215e-08
77 135 4.0707e-09
78 135 7.3739e-07
79 135 1.10471e-07
0 136 1.62222e-09
1 136 2.88716e-09
2 136 3.00258e-09
3 136 7.70243e-10
4 136 2.39135e-09
5 136 4.34585e-09
6 136 1.69154e-09
7 136 8.08992e-09
8 136 2.19458e-11
9 136 7.56566e-09
10 136 6.63115e-07
11 136 1.34657e-06
12 136 7.55124e-06
13 136 8.38286e-06
14 136 7.60414e-07
15 136 2.51065e-06
16 136 1.59224e-06
17 136 7.60492e-07
18 136 1.19011e-07
19 136 3.76347e-07
20 136 2.62064e-07
21 136 1.85274e-08
22 136 6.0364e-07
23 136 1.13299e-06
24 136 1.36694e-06
25 136 1.02086e-06
26 136 2.34063e-07
27 136 5.81364e-07
28 136 6.21713e-08
29 136 4.90547e-08
30 136 1.7755e-08
31 136 2.25115e-08
32 136 1.20341e-07
33 136 1.65513e-06
34 136 2.68578e-07
35 136 5.12009e-06
36 136 3.70482e-08
37 136 6.98883e-08
38 136 2.67645e-07
39 136 2.06857e-08
40 136 1.28571e-09
41 136 7.56677e-10
42 136 1.28787e-08
43 136 5.3707e-09
44 136 1.33353e-08
45 136 2.28276e-08
46 136 1.89388e-08
47 136 1.24924e-08
48 136 7.91987e-10
49 136 2.08768e-10
50 136 7.81312e-09
51 136 2.20017e-08
52 136 2.49844e-09
53 136 5.8781e-09
54 136 2.59523e-09
55 136 3.97261e-09
56 136 5.77605e-09
57 136 1.68426e-09
58 136 6.44708e-11
59 136 6.49547e-10
60 136 2.28156e-08
61 136 8.37495e-07
62 136 5.49479e-06
63 136 3.9432e-06
64 136 1.99594e-07
65 136 6.59786e-07
66 136 2.645e-07
67 136 7.88845e-07
68 136 4.86105e-07
69 136 9.34905e-07
70 136 4.95028e-07
71 136 5.26608e-07
72 136 2.37553e-08
73 136 1.02204e-08
74 136 1.56457e-07
75 136 1.17629e-08
76 136 7.41927e-09
77 136 3.12215e-08
78 136 2.49446e-06
79 136 4.75002e-06
0 137 3.02306e-09
1 137 1.68065e-09
2 137 8.50215e-10
3 137 2.92984e-09
4 137 4.34976e-09
5 137 2.37285e-09
6 137 7.98584e-09
7 137 1.75099e-09
8 137 7.36819e-09
9 137 5.31102e-11
10 137 1.34634e-06
11 137 6.62238e-07
12 137 8.38494e-06
13 137 7.55195e-06
14 137 2.50707e-06
15 137 7.5919e-07
16 137 7.61271e-07
17 137 1.59261e-06
18 137 3.75833e-07
19 137 1.19128e-07
20 137 1.85096e-08
21 137 2.62726e-07
22 137 1.13244e-06
23 137 6.03397e-07
24 137 1.02032e-06
25 137 1.36708e-06
26 137 5.82319e-07
27 137 2.33922e-07
28 137 4.90517e-08
29 137 6.21688e-08
30 137 2.2557e-08
31 137 1.77566e-08
32 137 1.65484e-06
33 137 1.20352e-07
34 137 5.11964e-06
35 137 2.68692e-07
36 137 6.97723e-08
37 137 3.69983e-08
38 137 2.07374e-08
39 137 2.67411e-07
40 137 7.55977e-10
41 137 1.3065e-09
42 137 5.35697e-09
43 137 1.28261e-08
44 137 2.29012e-08
45 137 1.33007e-08
46 137 1.25084e-08
47 137 1.89358e-08
48 137 2.06375e-10
49 137 7.83243e-10
50 137 2.19268e-08
51 137 7.84926e-09
52 137 5.94258e-09
53 137 2.49541e-09
54 137 3.94389e-09
55 137 2.61792e-09
56 137 1.69172e-09
57 137 5.7872e-09
58 137 6.43854e-10
59 137 6.28697e-11
60 137 8.36468e-07
61 137 2.28555e-08
62 137 3.94454e-06
63 137 5.49418e-06
64 137 6.59957e-07
65 137 1.99114e-07
66 137 7.89042e-07
67 137 2.64849e-07
68 137 9.34546e-07
69 137 4.85527e-07
70 137 5.25878e-07
71 137 4.95055e-07
72 137 1.02519e-08
73 137 2.37083e-08
74 137 1.17702e-08
75 137 1.56498e-07
76 137 3.11743e-08
77 137 7.42074e-09
78 137 4.748e-06
79 137 2.49417e-06
0 138 1.19259e-08
1 138 7.76396e-09
2 138 1.07989e-08
3 138 1.47546e-08
4 138 3.96057e-08
5 138 4.10364e-08
6 138 4.90793e-08
7 138 3.34811e-08
8 138 1.05486e-08
9 138 1.34905e-08
10 138 1.18046e-06
11 138 2.5651e-07
12 138 3.9785e-06
13 138 9.87083e-08
14 138 1.34995e-07
15 138 2.98013e-06
16 138 1.18436e-07
17 138 1.06221e-07
18 138 8.95668e-08
19 138 5.66956e-07
20 138 1.18734e-08
21 138 5.66757e-08
22 138 3.10112e-07
23 138 3.51624e-06
24 138 1.80852e-06
25 138 7.49857e-07
26 138 1.26423e-06
27 138 1.70501e-08
28 138 6.86773e-07
29 138 4.27574e-07
30 138 1.84743e-07
31 138 4.67073e-08
32 138 4.91983e-09
33 138 6.71365e-09
34 138 7.18811e-06
35 138 1.699e-05
36 138 1.77751e-07
37 138 1.77417e-08
38 138 6.31105e-08
39 138 4.77949e-08
40 138 2.1244e-10
41 138 5.43784e-10
42 138 5.19676e-09
43 138 1.30207e-09
44 138 7.63053e-10
45 138 1.08976e-08
46 138 1.00172e-08
47 138 1.68303e-08
48 138 6.47927e-10
49 138 2.96389e-10
50 138 3.37525e-08
51 138 1.18233e-08
52 138 4.54639e-09
53 138 2.86745e-09
54 138 3.22623e-08
55 138 5.72445e-08
56 138 2.9957e-08
57 138 5.19285e-08
58 138 1.33284e-09
59 138 7.56904e-10
60 138 6.18606e-07
61 138 6.00947e-07
62 138 1.71582e-06
63 138 5.12982e-07
64 138 2.69559e-08
65 138 6.03488e-07
66 138 2.55041e-09
67 138 6.56664e-08
68 138 7.53141e-08
69 138 3.13088e-08
70 138 1.50102e-05
71 138 9.99286e-06
72 138 1.88965e-08
73 138 5.74518e-09
74 138 2.01906e-09
75 138 3.99426e-10
76 138 1.22643e-09
77 138 7.81155e-09
78 138 6.39489e-08
79 138 9.76496e-08
0 139 8.05645e-09
1 139 1.18946e-08
2 139 1.43008e-08
3 139 1.09902e-08
4 139 4.10546e-08
5 139 3.84354e-08
6 139 3.40424e-08
7 139 4.86666e-08
8 139 1.33298e-08
9 139 1.0302e-08
10 139 2.56198e-07
11 139 1.17928e-06
12 139 9.93291e-08
13 139 3.97596e-06
14 139 2.97992e-06
15 139 1.35372e-07
16 139 1.06165e-07
17 139 1.18393e-07
18 139 5.66262e-07
19 139 8.92294e-08
20 139 5.67327e-08
21 139 1.18508e-08
22 139 3.51709e-06
23 139 3.10117e-07
24 139 7.49101e-07
25 139 1.80798e-06
26 139 1.71352e-08
27 139 1.26373e-06
28 139 4.28172e-07
29 139 6.8634e-07
30 139 4.64856e-08
31 139 1.84384e-07
32 139 6.67896e-09
33 139 4.98979e-09
34 139 1.69853e-05
35 139 7.18628e-06
36 139 1.78054e-08
37 139 1.77561e-07
38 139 4.77361e-08
39 139 6.29324e-08
40 139 5.41787e-10
41 139 2.06964e-10
42 139 1.30711e-09
43 139 5.15949e-09
44 139 1.09514e-08
45 139 7.53994e-10
46 139 1.68472e-08
47 139 1.00791e-08
48 139 3.01276e-10
49 139 6.4622e-10
50 139 1.18817e-08
51 139 3.38519e-08
52 139 2.87489e-09
53 139 4.55316e-09
54 139 5.72586e-08
55 139 3.23011e-08
56 139 5.19155e-08
57 139 2.9931e-08
58 139 7.59635e-10
59 139 1.34911e-09
60 139 6.00075e-07
61 139 6.18495e-07
62 139 5.12895e-07
63 139 1.7162e-06
64 139 6.03764e-07
65 139 2.69221e-08
66 139 6.55585e-08
67 139 2.49208e-09
68 139 3.13279e-08
69 139 7.56613e-08
70 139 9.99025e-06
71 139 1.50082e-05
72 139 5.66864e-09
73 139 1.89055e-08
74 139 3.88282e-10
75 139 2.02903e-09
76 139 7.86717e-09
77 139 1.23494e-09
78 139 9.73349e-08
79 139 6.37945e-08
0 140 1.65212e-09
1 140 1.72348e-10
2 140 8.79343e-09
3 140 4.64202e-08
4 140 1.12252e-08
5 140 1.30051e-10
6 140 1.55224e-09
7 140 5.55108e-09
8 140 2.22566e-09
9 140 3.83195e-09
10 140 9.54287e-07
11 140 2.2829e-07
12 140 1.62132e-07
13 140 3.67715e-09
14 140 3.67358e-08
15 140 1.13711e-07
16 140 1.89678e-07
17 140 3.16675e-06
18 140 1.20515e-09
19 140 8.80429e-09
20 140 1.22212e-07
21 140 1.30473e-06
22 140 3.57773e-06
23 140 8.71906e-07
24 140 4.06515e-06
25 140 7.12503e-07
26 140 8.40215e-07
27 140 2.98446e-09
28 140 5.79982e-08
29 140 2.71513e-08
30 140 1.07891e-08
31 140 1.25352e-08
32 140 1.66736e-08
33 140 1.09711e-08
34 140 4.83781e-07
35 140 4.17816e-07
36 140 3.24013e-08
37 140 3.30875e-08
38 140 9.28394e-08
39 140 2.7112e-09
40 140 3.15878e-10
41 140 8.9381e-09
42 140 3.08602e-08
43 140 1.31249e-08
44 140 4.69316e-09
45 140 7.60147e-09
46 140 3.004e-08
47 140 1.27699e-07
48 140 4.59421e-09
49 140 2.80315e-09
50 140 7.83413e-09
51 140 5.11121e-08
52 140 2.0666e-08
53 140 9.93721e-09
54 140 8.31605e-08
55 140 1.43358e-08
56 140 1.63308e-09
57 140 1.53397e-10
58 140 7.04692e-11
59 140 4.67473e-09
60 140 2.22681e-06
61 140 2.39002e-06
62 140 6.8094e-06
63 140 6.31376e-07
64 140 3.06517e-08
65 140 3.44435e-08
66 140 8.3963e-07
67 140 3.28856e-06
68 140 8.49512e-08
69 140 4.68339e-06
70 140 9.95949e-07
71 140 1.07255e-07
72 140 1.09165e-07
73 140 2.32902e-08
74 140 6.91706e-08
75 140 3.08405e-07
76 140 1.43892e-09
77 140 4.44139e-09
78 140 6.07917e-07
79 140 1.32393e-07
0 141 1.56505e-10
1 141 1.63722e-09
2 141 4.73893e-08
3 141 8.77457e-09
4 141 1.28374e-10
5 141 1.13111e-08
6 141 5.67404e-09
7 141 1.51006e-09
8 141 3.83998e-09
9 141 2.22982e-09
10 141 2.28487e-07
11 141 9.54357e-07
12 141 3.71228e-09
13 141 1.61823e-07
14 141 1.14021e-07
15 141 3.67756e-08
16 141 3.16547e-06
17 141 1.88976e-07
18 141 8.6587e-09
19 141 1.22478e-09
20 141 1.30692e-06
21 141 1.22733e-07
22 141 8.71785e-07
23 141 3.57717e-06
24 141 7.12142e-07
25 141 4.06175e-06
26 141 3.06578e-09
27 141 8.39841e-07
28 141 2.72276e-08
29 141 5.82142e-08
30 141 1.26832e-08
31 141 1.07723e-08
32 141 1.10443e-08
33 141 1.65372e-08
34 141 4.17769e-07
35 141 4.85165e-07
36 141 3.3021e-08
37 141 3.22972e-08
38 141 2.72832e-09
39 141 9.27561e-08
40 141 8.97943e-09
41 141 3.16586e-10
42 141 1.31052e-08
43 141 3.08071e-08
44 141 7.67756e-09
45 141 4.66133e-09
46 141 1.27704e-07
47 141 3.01221e-08
48 141 2.82944e-09
49 141 4.60782e-09
50 141 5.0886e-08
51 141 7.78651e-09
52 141 9.81025e-09
53 141 2.07272e-08
54 141 1.42826e-08
55 141 8.32187e-08
56 141 1.58399e-10
57 141 1.62771e-09
58 141 4.63435e-09
59 141 7.55051e-11
60 141 2.3911e-06
61 141 2.22745e-06
62 141 6.31203e-07
63 141 6.80827e-06
64 141 3.47192e-08
65 141 3.07494e-08
66 141 3.29167e-06
67 141 8.40779e-07
68 141 4.68025e-06
69 141 8.45961e-08
70 141 1.0705e-07
71 141 9.96089e-07
72 141 2.32213e-08
73 141 1.09401e-07
74 141 3.08009e-07
75 141 6.92499e-08
76 141 4.40379e-09
77 141 1.40278e-09
78 141 1.3223e-07
79 141 6.07072e-07
0 142 2.90762e-08
1 142 1.11091e-08
2 142 2.03692e-09
3 142 5.47653e-09
4 142 2.32523e-10
5 142 1.77282e-09
6 142 7.9005e-09
7 142 1.21602e-09
8 142 3.33869e-10
9 142 4.28156e-10
10 142 4.34164e-09
11 142 2.3387e-09
12 142 4.44034e-08
13 142 2.21373e-07
14 142 5.80537e-08
15 142 4.78972e-08
16 142 1.36518e-07
17 142 1.46901e-06
18 142 1.62316e-05
19 142 3.50951e-06
20 142 5.97528e-06
21 142 1.39661e-06
22 142 2.52249e-08
23 142 1.05679e-07
24 142 5.42826e-07
25 142 5.04074e-07
26 142 1.84985e-07
27 142 1.73284e-07
28 142 7.67571e-09
29 142 6.33141e-08
30 142 4.28818e-08
31 142 3.36134e-07
32 142 3.1644e-09
33 142 3.25313e-10
34 142 3.49048e-07
35 142 9.25956e-09
36 142 3.09044e-07
37 142 1.24802e-07
38 142 4.79086e-08
39 142 4.77397e-08
40 142 9.33381e-09
41 142 2.24333e-09
42 142 4.23329e-09
43 142 5.21734e-09
44 142 4.74969e-09
45 142 3.99375e-09
46 142 1.93179e-10
47 142 5.67321e-10
48 142 8.82821e-09
49 142 9.51245e-09
50 142 5.73199e-09
51 142 2.48176e-09
52 142 1.84169e-11
53 142 2.20352e-10
54 142 1.3637e-08
55 142 4.54967e-10
56 142 1.28189e-09
57 142 4.28788e-09
58 142 2.44064e-08
59 142 1.36628e-08
60 142 5.75827e-08
61 142 5.77036e-09
62 142 3.84834e-08
63 142 6.26686e-08
64 142 1.65051e-06
65 142 2.67313e-06
66 142 7.68887e-06
67 142 8.01937e-06
68 142 1.33049e-05
69 142 5.26e-06
70 142 3.23219e-08
71 142 3.53285e-08
72 142 3.9406e-08
73 142 2.9898e-08
74 142 3.49183e-09
75 142 1.59033e-10
76 142 3.09936e-08
77 142 1.25165e-08
78 142 3.68655e-09
79 142 2.36947e-08
0 143 1.10992e-08
1 143 2.89464e-08
2 143 5.63293e-09
3 143 2.04344e-09
4 143 1.80612e-09
5 143 2.32891e-10
6 143 1.16177e-09
7 143 7.98545e-09
8 143 4.56565e-10
9 143 3.2682e-10
10 143 2.32351e-09
11 143 4.46416e-09
12 143 2.21583e-07
13 143 4.4115e-08
14 143 4.84302e-08
15 143 5.81514e-08
16 143 1.46585e-06
17 143 1.36114e-07
18 143 3.51189e-06
19 143 1.62186e-05
20 143 1.39485e-06
21 143 5.97809e-06
22 143 1.05399e-07
23 143 2.52095e-08
24 143 5.03061e-07
25 143 5.42589e-07
26 143 1.73704e-07
27 143 1.84749e-07
28 143 6.31055e-08
29 143 7.58714e-09
30 143 3.35917e-07
31 143 4.27731e-08
32 143 3.19661e-10
33 143 3.09797e-09
34 143 9.23568e-09
35 143 3.49994e-07
36 143 1.24231e-07
37 143 3.08534e-07
38 143 4.76992e-08
39 143 4.8137e-08
40 143 2.2504e-09
41 143 9.2895e-09
42 143 5.30164e-09
43 143 4.18853e-09
44 143 3.94397e-09
45 143 4.81894e-09
46 143 5.83027e-10
47 143 1.80043e-10
48 143 9.4587e-09
49 143 8.96233e-09
50 143 2.53572e-09
51 143 5.68514e-09
52 143 2.40757e-10
53 143 2.09479e-11
54 143 4.64067e-10
55 143 1.36888e-08
56 143 4.25482e-09
57 143 1.33721e-09
58 143 1.36821e-08
59 143 2.42715e-08
60 143 5.72538e-09
61 143 5.80629e-08
62 143 6.27502e-08
63 143 3.8735e-08
64 143 2.67117e-06
65 143 1.65338e-06
66 143 8.02298e-06
67 143 7.68706e-06
68 143 5.26057e-06
69 143 1.32919e-05
70 143 3.52383e-08
71 143 3.21563e-08
72 143 3.00521e-08
73 143 3.92993e-08
74 143 1.63395e-10
75 143 3.53866e-09
76 143 1.24891e-08
77 143 3.12303e-08
78 143 2.40185e-08
79 143 3.54001e-09
