0 -0.241727781178653 8.82049e-05
1 -0.241727602708832 7.12446e-05
2 -0.241558313803552 7.80988e-05
3 -0.241558009548422 4.04327e-05
4 -0.241500580007477 4.97985e-05
5 -0.241500504138551 3.63344e-05
6 -0.241435494000632 8.15684e-05
7 -0.241435197984253 4.05974e-05
8 -0.241390287367732 8.43985e-05
9 -0.241389894752285 3.0574e-05
10 -0.239935778285207 1.64888e-05
11 -0.239935768907423 9.7518e-06
12 -0.239850209838972 2.48764e-05
13 -0.239850184395728 1.20823e-05
14 -0.239823111889642 1.67387e-05
15 -0.239823100538645 7.95579e-06
16 -0.239547360176581 1.40779e-05
17 -0.239547353982192 8.92229e-06
18 -0.239489150975158 1.36687e-05
19 -0.239489144216816 7.09634e-06
20 -0.239213704919168 1.10065e-05
21 -0.239213700370302 5.8762e-06
22 -0.239170905114031 1.26721e-05
23 -0.239170899567993 7.16539e-06
24 -0.239122344169688 9.56262e-06
25 -0.239122341488106 6.35002e-06
26 -0.238991487241341 7.98259e-06
27 -0.238991485042067 4.30797e-06
28 -0.238956677314659 1.03998e-05
29 -0.238956673652866 5.91589e-06
30 -0.238842655029249 7.84796e-06
31 -0.238842653326158 5.14702e-06
32 -0.238757781034741 5.51737e-06
33 -0.238757780338002 3.96989e-06
34 -0.238402359059332 5.39908e-06
35 -0.238402358425599 3.85182e-06
36 -0.238116812444471 5.94807e-06
37 -0.238116811616866 4.29748e-06
38 -0.238082975380514 5.39726e-06
39 -0.238082974452333 2.986e-06
40 -0.23688931727414 2.12285e-06
41 -0.236889317153759 1.30049e-06
42 -0.236659533152918 2.25777e-06
43 -0.23665953298167 1.07802e-06
44 -0.236585593654332 1.32335e-06
45 -0.236585593619935 9.93117e-07
46 -0.236071512838351 1.48034e-06
47 -0.236071512778938 8.69239e-07
48 -0.235993614419646 1.23113e-06
49 -0.23599361440569 1.08063e-06
50 -0.235736725114588 1.1188e-06
51 -0.235736725078312 6.0348e-07
52 -0.23566219476302 7.59886e-07
53 -0.235662194754989 6.04634e-07
54 -0.23547024968153 7.70217e-07
55 -0.235470249665594 4.31716e-07
56 -0.235389687645669 9.63674e-07
57 -0.23538968762103 5.53466e-07
58 -0.23489853477352 6.91521e-07
59 -0.234898534761199 3.94476e-07
60 -0.233687193179126 3.60295e-07
61 -0.233687193178619 3.29683e-07
62 -0.233152417058027 3.50732e-07
63 -0.233152417057209 3.28618e-07
64 -0.233001552941977 3.26107e-07
65 -0.233001552941496 2.99278e-07
66 -0.232653852559714 3.40808e-07
67 -0.232653852559039 2.78464e-07
68 -0.232590009799531 3.48937e-07
69 -0.232590009798764 3.16683e-07
70 -0.232167478143162 3.13046e-07
71 -0.232167478142839 2.88764e-07
72 -0.230465515445026 2.71538e-07
73 -0.230465515444989 2.70103e-07
74 -0.230033648784982 2.7764e-07
75 -0.230033648784982 2.47781e-07
76 -0.229847631878749 2.83012e-07
77 -0.229847631878744 2.88692e-07
78 -0.227880570639921 2.83624e-07
79 -0.227880570639964 2.34309e-07
80 -0.159431576355575 9.93857e-08
81 -0.159431576355566 4.46258e-08
82 -0.158032928075069 7.94632e-08
83 -0.158032928075046 2.56071e-08
84 -0.157574605382005 3.21002e-08
85 -0.157574605381889 6.51393e-08
86 -0.15677505361411 7.94632e-08
87 -0.156775053613904 8.45403e-08
88 -0.156022708429415 5.1282e-08
89 -0.156022708428879 1.50033e-07
90 -0.155285232957792 1.2227e-07
91 -0.155285232956507 1.80456e-07
92 -0.155123125319088 1.07179e-07
93 -0.155123125318623 1.57512e-07
94 -0.154941873568273 1.50575e-07
95 -0.154941873566969 2.18645e-07
96 -0.154685894332616 1.50851e-07
97 -0.154685894331503 2.23983e-07
98 -0.153822946843703 2.49121e-07
99 -0.153822946837562 4.51936e-07
100 -0.153276101805185 5.03083e-07
101 -0.153276101790473 7.62459e-07
102 -0.153077516258466 5.3273e-07
103 -0.153077516243029 7.77431e-07
104 -0.152811516572384 5.87696e-07
105 -0.152811516560966 7.60543e-07
106 -0.152289719401686 8.92714e-07
107 -0.152289719369976 1.22153e-06
108 -0.152203960935539 8.69317e-07
109 -0.15220396077635 2.00133e-06
110 -0.151937987554067 1.2615e-06
111 -0.151937987424937 2.04286e-06
112 -0.151913811617628 1.12508e-06
113 -0.151913811520773 1.79297e-06
114 -0.151457481068476 2.00944e-06
115 -0.151457480908583 2.65779e-06
116 -0.151345939536977 2.17807e-06
117 -0.151345939127454 3.53637e-06
118 -0.150986411586255 2.78047e-06
119 -0.150986411367239 3.49385e-06
120 -0.15031176188532 5.15836e-06
121 -0.150311760695455 7.01551e-06
122 -0.150078143645085 5.08211e-06
123 -0.150078141300743 8.2081e-06
124 -0.14993531458795 6.14858e-06
125 -0.149935312801894 8.28637e-06
126 -0.149692628841251 9.12084e-06
127 -0.149692621704337 1.44407e-05
128 -0.149635244383908 8.82682e-06
129 -0.149635232787324 1.67032e-05
130 -0.14933352636187 1.07146e-05
131 -0.149333518652688 1.53684e-05
132 -0.149239673294436 1.39267e-05
133 -0.149239662051782 1.91437e-05
134 -0.149126932338665 1.49359e-05
135 -0.149126915283948 2.24881e-05
136 -0.149076590196134 1.39546e-05
137 -0.149076575753277 2.05054e-05
138 -0.148875363038236 1.56996e-05
139 -0.148875345127986 2.35663e-05
140 -0.148599548429252 1.98248e-05
141 -0.148599509986947 3.15184e-05
142 -0.148367259694481 2.7346e-05
143 -0.148367175345568 4.55943e-05
