0 80 8.7163e-07
1 80 1.32502e-06
2 80 1.50175e-06
3 80 8.2498e-07
4 80 6.52186e-08
5 80 6.81679e-08
6 80 2.33244e-08
7 80 1.31311e-07
8 80 2.00513e-07
9 80 1.32862e-07
10 80 3.45092e-09
11 80 6.43244e-08
12 80 4.38477e-08
13 80 2.74124e-09
14 80 1.44124e-07
15 80 3.13445e-07
16 80 5.15365e-07
17 80 9.25754e-08
18 80 1.57571e-07
19 80 3.52989e-08
20 80 2.56923e-09
21 80 2.24481e-09
22 80 2.05659e-07
23 80 1.58958e-07
24 80 1.48722e-07
25 80 1.67628e-08
26 80 1.67014e-07
27 80 2.05921e-07
28 80 6.26556e-07
29 80 1.38689e-07
30 80 4.34016e-13
31 80 1.44772e-12
32 80 1.19349e-07
33 80 4.14734e-08
34 80 4.04121e-07
35 80 2.74486e-07
36 80 2.49627e-07
37 80 5.874e-07
38 80 1.5451e-07
39 80 3.23517e-08
40 80 3.8936e-07
41 80 1.369e-06
42 80 0.000183039
43 80 3.70501e-05
44 80 9.31356e-05
45 80 0.000774773
46 80 0.00028721
47 80 5.08449e-05
48 80 8.65164e-07
49 80 3.98031e-07
50 80 3.73687e-07
51 80 2.17547e-05
52 80 1.78914e-07
53 80 3.98549e-06
54 80 0.000209747
55 80 0.000474591
56 80 0.000308376
57 80 0.000270195
58 80 3.15698e-06
59 80 5.64822e-05
60 80 8.40093e-07
61 80 3.31407e-08
62 80 4.46746e-08
63 80 1.14941e-07
64 80 1.486e-05
65 80 2.04789e-05
66 80 7.1782e-06
67 80 7.2079e-06
68 80 1.33903e-05
69 80 1.65104e-05
70 80 5.68679e-07
71 80 1.45006e-05
72 80 3.31789e-06
73 80 1.48223e-06
74 80 0.00130053
75 80 0.00319241
76 80 0.000922855
77 80 0.157355
78 80 3.36871e-06
79 80 6.46383e-05
0 81 1.32502e-06
1 81 8.7163e-07
2 81 8.2498e-07
3 81 1.50175e-06
4 81 6.81679e-08
5 81 6.52186e-08
6 81 1.31311e-07
7 81 2.33244e-08
8 81 1.32862e-07
9 81 2.00513e-07
10 81 6.43244e-08
11 81 3.45092e-09
12 81 2.74124e-09
13 81 4.38477e-08
14 81 3.13445e-07
15 81 1.44124e-07
16 81 9.25754e-08
17 81 5.15364e-07
18 81 3.52989e-08
19 81 1.57571e-07
20 81 2.24481e-09
21 81 2.56923e-09
22 81 1.58958e-07
23 81 2.05659e-07
24 81 1.67628e-08
25 81 1.48722e-07
26 81 2.05921e-07
27 81 1.67014e-07
28 81 1.38689e-07
29 81 6.26556e-07
30 81 1.44772e-12
31 81 4.34022e-13
32 81 4.14734e-08
33 81 1.19349e-07
34 81 2.74486e-07
35 81 4.04121e-07
36 81 5.874e-07
37 81 2.49627e-07
38 81 3.23517e-08
39 81 1.5451e-07
40 81 1.369e-06
41 81 3.8936e-07
42 81 3.70501e-05
43 81 0.000183039
44 81 0.000774773
45 81 9.31356e-05
46 81 5.08449e-05
47 81 0.00028721
48 81 3.98031e-07
49 81 8.65164e-07
50 81 2.17547e-05
51 81 3.73687e-07
52 81 3.98549e-06
53 81 1.78914e-07
54 81 0.000474591
55 81 0.000209747
56 81 0.000270195
57 81 0.000308376
58 81 5.64822e-05
59 81 3.15698e-06
60 81 3.31407e-08
61 81 8.40093e-07
62 81 1.14941e-07
63 81 4.46746e-08
64 81 2.04789e-05
65 81 1.486e-05
66 81 7.2079e-06
67 81 7.1782e-06
68 81 1.65104e-05
69 81 1.33903e-05
70 81 1.45006e-05
71 81 5.68679e-07
72 81 1.48223e-06
73 81 3.31789e-06
74 81 0.00319241
75 81 0.00130053
76 81 0.157355
77 81 0.000922855
78 81 6.46383e-05
79 81 3.36871e-06
0 82 3.69144e-08
1 82 3.871e-08
2 82 9.50588e-08
3 82 5.20385e-09
4 82 1.47379e-08
5 82 9.56353e-09
6 82 7.92704e-11
7 82 9.56478e-10
8 82 1.39197e-05
9 82 3.61379e-05
10 82 8.9088e-08
11 82 1.35277e-08
12 82 7.22834e-06
13 82 3.43104e-06
14 82 1.22971e-06
15 82 1.12347e-06
16 82 2.91866e-05
17 82 1.48825e-05
18 82 7.28398e-07
19 82 1.79008e-06
20 82 2.29081e-05
21 82 1.12114e-06
22 82 8.75467e-06
23 82 2.83144e-06
24 82 9.23921e-06
25 82 7.85572e-06
26 82 1.9437e-05
27 82 2.91805e-06
28 82 2.24473e-05
29 82 6.9677e-06
30 82 2.86492e-07
31 82 1.13232e-07
32 82 4.39478e-07
33 82 2.02709e-08
34 82 1.23051e-05
35 82 3.68358e-05
36 82 3.40834e-05
37 82 3.65624e-05
38 82 1.1646e-05
39 82 7.30527e-07
40 82 1.06592e-09
41 82 4.24822e-08
42 82 2.43016e-07
43 82 1.18993e-08
44 82 3.13031e-07
45 82 1.56544e-06
46 82 8.05573e-07
47 82 7.45518e-08
48 82 1.63044e-06
49 82 1.05866e-06
50 82 2.25291e-07
51 82 1.52166e-07
52 82 5.45064e-09
53 82 1.73749e-10
54 82 7.99422e-08
55 82 6.51849e-07
56 82 9.82296e-07
57 82 5.54892e-07
58 82 3.53375e-08
59 82 1.95135e-08
60 82 0.00012357
61 82 6.03185e-05
62 82 2.94145e-05
63 82 1.92246e-05
64 82 0.000411177
65 82 0.000883628
66 82 0.000184411
67 82 2.52356e-05
68 82 0.000216465
69 82 0.000672802
70 82 0.000528568
71 82 0.000244637
72 82 1.44961e-08
73 82 1.7444e-07
74 82 2.12486e-07
75 82 6.53588e-08
76 82 1.38189e-05
77 82 2.55005e-05
78 82 0.110549
79 82 0.0642827
0 83 3.871e-08
1 83 3.69144e-08
2 83 5.20385e-09
3 83 9.50588e-08
4 83 9.56354e-09
5 83 1.4738e-08
6 83 9.56479e-10
7 83 7.92704e-11
8 83 3.61379e-05
9 83 1.39197e-05
10 83 1.35277e-08
11 83 8.90881e-08
12 83 3.43104e-06
13 83 7.22834e-06
14 83 1.12347e-06
15 83 1.22971e-06
16 83 1.48825e-05
17 83 2.91866e-05
18 83 1.79008e-06
19 83 7.28398e-07
20 83 1.12114e-06
21 83 2.29081e-05
22 83 2.83144e-06
23 83 8.75467e-06
24 83 7.85572e-06
25 83 9.23921e-06
26 83 2.91805e-06
27 83 1.9437e-05
28 83 6.9677e-06
29 83 2.24473e-05
30 83 1.13232e-07
31 83 2.86492e-07
32 83 2.02709e-08
33 83 4.39478e-07
34 83 3.68358e-05
35 83 1.23051e-05
36 83 3.65624e-05
37 83 3.40834e-05
38 83 7.30527e-07
39 83 1.1646e-05
40 83 4.24822e-08
41 83 1.06592e-09
42 83 1.18993e-08
43 83 2.43016e-07
44 83 1.56544e-06
45 83 3.13031e-07
46 83 7.45518e-08
47 83 8.05573e-07
48 83 1.05866e-06
49 83 1.63044e-06
50 83 1.52166e-07
51 83 2.25291e-07
52 83 1.73749e-10
53 83 5.45064e-09
54 83 6.51849e-07
55 83 7.99422e-08
56 83 5.54892e-07
57 83 9.82296e-07
58 83 1.95135e-08
59 83 3.53375e-08
60 83 6.03185e-05
61 83 0.00012357
62 83 1.92246e-05
63 83 2.94145e-05
64 83 0.000883628
65 83 0.000411177
66 83 2.52356e-05
67 83 0.000184411
68 83 0.000672802
69 83 0.000216465
70 83 0.000244637
71 83 0.000528568
72 83 1.7444e-07
73 83 1.44961e-08
74 83 6.53588e-08
75 83 2.12486e-07
76 83 2.55005e-05
77 83 1.38189e-05
78 83 0.0642827
79 83 0.110549
0 84 2.57776e-08
1 84 3.98696e-08
2 84 3.56752e-07
3 84 3.52739e-08
4 84 1.59465e-08
5 84 3.85432e-10
6 84 6.12736e-09
7 84 1.65178e-08
8 84 8.34838e-06
9 84 1.26484e-05
10 84 9.40289e-09
11 84 5.49343e-08
12 84 7.91162e-07
13 84 2.13474e-06
14 84 7.23995e-07
15 84 9.25572e-06
16 84 2.74575e-05
17 84 1.9368e-06
18 84 4.32971e-06
19 84 1.61929e-06
20 84 8.45098e-07
21 84 8.65316e-07
22 84 2.37433e-05
23 84 2.86623e-06
24 84 1.01107e-05
25 84 9.70122e-07
26 84 1.43972e-06
27 84 1.22643e-05
28 84 8.37756e-06
29 84 5.53031e-06
30 84 2.90845e-07
31 84 1.00798e-06
32 84 4.56333e-07
33 84 6.51333e-08
34 84 6.31447e-06
35 84 3.07728e-05
36 84 1.54397e-05
37 84 4.76624e-05
38 84 9.42421e-06
39 84 5.67139e-07
40 84 7.91908e-09
41 84 1.46271e-08
42 84 4.85497e-08
43 84 7.98991e-09
44 84 1.21338e-06
45 84 2.91111e-06
46 84 2.3582e-07
47 84 1.05071e-07
48 84 5.30589e-07
49 84 1.89188e-06
50 84 4.89836e-08
51 84 1.14872e-07
52 84 1.98542e-08
53 84 1.62329e-07
54 84 4.22001e-07
55 84 2.58196e-07
56 84 7.82737e-07
57 84 6.45748e-07
58 84 7.69735e-08
59 84 6.81785e-08
60 84 1.68282e-05
61 84 4.16341e-06
62 84 7.58003e-07
63 84 1.1912e-06
64 84 9.88539e-05
65 84 0.000622829
66 84 7.35717e-05
67 84 0.000122208
68 84 0.000532147
69 84 0.000738827
70 84 0.000134288
71 84 0.000209122
72 84 1.50638e-06
73 84 1.42882e-06
74 84 3.83201e-06
75 84 2.59232e-06
76 84 7.007e-06
77 84 4.66578e-05
78 84 0.0430596
79 84 0.0892204
0 85 3.98696e-08
1 85 2.57776e-08
2 85 3.52739e-08
3 85 3.56752e-07
4 85 3.85433e-10
5 85 1.59465e-08
6 85 1.65178e-08
7 85 6.12736e-09
8 85 1.26484e-05
9 85 8.34838e-06
10 85 5.49343e-08
11 85 9.4029e-09
12 85 2.13474e-06
13 85 7.91162e-07
14 85 9.25572e-06
15 85 7.23995e-07
16 85 1.9368e-06
17 85 2.74575e-05
18 85 1.61929e-06
19 85 4.32971e-06
20 85 8.65316e-07
21 85 8.45098e-07
22 85 2.86623e-06
23 85 2.37433e-05
24 85 9.70122e-07
25 85 1.01107e-05
26 85 1.22643e-05
27 85 1.43972e-06
28 85 5.53031e-06
29 85 8.37756e-06
30 85 1.00798e-06
31 85 2.90845e-07
32 85 6.51333e-08
33 85 4.56333e-07
34 85 3.07728e-05
35 85 6.31447e-06
36 85 4.76624e-05
37 85 1.54397e-05
38 85 5.67139e-07
39 85 9.42421e-06
40 85 1.46271e-08
41 85 7.91908e-09
42 85 7.98991e-09
43 85 4.85497e-08
44 85 2.91111e-06
45 85 1.21338e-06
46 85 1.05071e-07
47 85 2.3582e-07
48 85 1.89188e-06
49 85 5.30589e-07
50 85 1.14872e-07
51 85 4.89836e-08
52 85 1.62329e-07
53 85 1.98542e-08
54 85 2.58196e-07
55 85 4.22001e-07
56 85 6.45748e-07
57 85 7.82737e-07
58 85 6.81785e-08
59 85 7.69735e-08
60 85 4.16341e-06
61 85 1.68282e-05
62 85 1.1912e-06
63 85 7.58003e-07
64 85 0.000622829
65 85 9.88539e-05
66 85 0.000122208
67 85 7.35717e-05
68 85 0.000738827
69 85 0.000532147
70 85 0.000209122
71 85 0.000134288
72 85 1.42882e-06
73 85 1.50638e-06
74 85 2.59232e-06
75 85 3.83201e-06
76 85 4.66578e-05
77 85 7.007e-06
78 85 0.0892204
79 85 0.0430596
0 86 5.26729e-09
1 86 2.40423e-08
2 86 5.40035e-10
3 86 3.84303e-10
4 86 3.49669e-09
5 86 3.53551e-09
6 86 9.18655e-10
7 86 1.37351e-09
8 86 5.04012e-08
9 86 1.26846e-07
10 86 3.54583e-05
11 86 1.82431e-05
12 86 4.51676e-06
13 86 1.08356e-06
14 86 1.59116e-06
15 86 1.74874e-06
16 86 4.45142e-07
17 86 2.32677e-06
18 86 3.32562e-06
19 86 2.79122e-06
20 86 1.2649e-05
21 86 1.79861e-05
22 86 4.1357e-07
23 86 3.4275e-06
24 86 8.14712e-06
25 86 1.94247e-06
26 86 4.57961e-07
27 86 4.05294e-06
28 86 5.75383e-06
29 86 1.3278e-06
30 86 3.21647e-06
31 86 2.87333e-06
32 86 3.92659e-07
33 86 4.54455e-05
34 86 8.68784e-07
35 86 3.02293e-06
36 86 3.81908e-07
37 86 2.56125e-07
38 86 3.60213e-06
39 86 2.13177e-06
40 86 3.91092e-07
41 86 1.03614e-06
42 86 4.19128e-09
43 86 1.46919e-07
44 86 2.99871e-07
45 86 1.35496e-08
46 86 1.95565e-09
47 86 4.85752e-07
48 86 1.87481e-07
49 86 1.86451e-07
50 86 1.64486e-07
51 86 2.34291e-07
52 86 2.83183e-07
53 86 2.19613e-06
54 86 2.6658e-08
55 86 2.81435e-08
56 86 1.09543e-08
57 86 3.86489e-08
58 86 3.10815e-06
59 86 4.68169e-07
60 86 6.61467e-05
61 86 6.16028e-05
62 86 0.000482839
63 86 0.00057477
64 86 5.76504e-06
65 86 8.57717e-05
66 86 1.77281e-05
67 86 5.62913e-05
68 86 1.86536e-05
69 86 9.07114e-05
70 86 0.000138921
71 86 0.000201397
72 86 6.47188e-06
73 86 1.44487e-06
74 86 1.1267e-06
75 86 1.12336e-05
76 86 5.04334e-08
77 86 2.30609e-07
78 86 0.00140558
79 86 0.000749421
0 87 2.40423e-08
1 87 5.26729e-09
2 87 3.84302e-10
3 87 5.40034e-10
4 87 3.53551e-09
5 87 3.49668e-09
6 87 1.37351e-09
7 87 9.18657e-10
8 87 1.26846e-07
9 87 5.04012e-08
10 87 1.82431e-05
11 87 3.54583e-05
12 87 1.08356e-06
13 87 4.51676e-06
14 87 1.74874e-06
15 87 1.59116e-06
16 87 2.32677e-06
17 87 4.45142e-07
18 87 2.79122e-06
19 87 3.32562e-06
20 87 1.79861e-05
21 87 1.2649e-05
22 87 3.4275e-06
23 87 4.1357e-07
24 87 1.94247e-06
25 87 8.14712e-06
26 87 4.05294e-06
27 87 4.57961e-07
28 87 1.3278e-06
29 87 5.75383e-06
30 87 2.87333e-06
31 87 3.21647e-06
32 87 4.54455e-05
33 87 3.92659e-07
34 87 3.02293e-06
35 87 8.68784e-07
36 87 2.56125e-07
37 87 3.81908e-07
38 87 2.13177e-06
39 87 3.60213e-06
40 87 1.03614e-06
41 87 3.91092e-07
42 87 1.46919e-07
43 87 4.19128e-09
44 87 1.35496e-08
45 87 2.99871e-07
46 87 4.85752e-07
47 87 1.95565e-09
48 87 1.86451e-07
49 87 1.87481e-07
50 87 2.34291e-07
51 87 1.64486e-07
52 87 2.19613e-06
53 87 2.83183e-07
54 87 2.81435e-08
55 87 2.6658e-08
56 87 3.86489e-08
57 87 1.09543e-08
58 87 4.68169e-07
59 87 3.10815e-06
60 87 6.16028e-05
61 87 6.61467e-05
62 87 0.00057477
63 87 0.000482839
64 87 8.57717e-05
65 87 5.76504e-06
66 87 5.62913e-05
67 87 1.77281e-05
68 87 9.07114e-05
69 87 1.86536e-05
70 87 0.000201397
71 87 0.000138921
72 87 1.44487e-06
73 87 6.47188e-06
74 87 1.12336e-05
75 87 1.1267e-06
76 87 2.30609e-07
77 87 5.04334e-08
78 87 0.000749421
79 87 0.00140558
0 88 1.37118e-06
1 88 1.07438e-06
2 88 5.65069e-07
3 88 1.46234e-07
4 88 1.22082e-06
5 88 1.74706e-06
6 88 4.54209e-06
7 88 3.53456e-06
8 88 1.04279e-07
9 88 1.0018e-07
10 88 2.46148e-08
11 88 2.3922e-08
12 88 1.95075e-08
13 88 1.43059e-07
14 88 8.80709e-08
15 88 1.59463e-08
16 88 6.35961e-08
17 88 4.54632e-08
18 88 3.34273e-08
19 88 1.38559e-07
20 88 8.95805e-09
21 88 4.85621e-09
22 88 6.51001e-08
23 88 2.30863e-07
24 88 6.67714e-09
25 88 9.24845e-08
26 88 1.63204e-07
27 88 1.68065e-08
28 88 1.12395e-08
29 88 1.60202e-07
30 88 1.72356e-08
31 88 5.81331e-09
32 88 2.68476e-08
33 88 2.48296e-09
34 88 1.66358e-09
35 88 3.92616e-10
36 88 1.68336e-07
37 88 6.33851e-09
38 88 6.69652e-08
39 88 1.45317e-07
40 88 1.10523e-07
41 88 3.63719e-08
42 88 3.45067e-06
43 88 1.11667e-06
44 88 3.85021e-06
45 88 2.47996e-05
46 88 7.04416e-08
47 88 9.24876e-08
48 88 0.000210402
49 88 9.24944e-06
50 88 3.27374e-06
51 88 5.45335e-06
52 88 5.11312e-07
53 88 4.13758e-07
54 88 2.64927e-05
55 88 1.50586e-05
56 88 5.62378e-05
57 88 2.25834e-06
58 88 1.12302e-08
59 88 7.64235e-10
60 88 6.47177e-07
61 88 4.76648e-07
62 88 1.62321e-07
63 88 5.74011e-08
64 88 2.40969e-06
65 88 7.37535e-07
66 88 4.37639e-07
67 88 1.07613e-08
68 88 3.63528e-07
69 88 3.92756e-06
70 88 2.08388e-07
71 88 2.67723e-07
72 88 4.58449e-05
73 88 0.000294887
74 88 0.000165846
75 88 8.5093e-06
76 88 0.000247472
77 88 0.000238419
78 88 1.07105e-05
79 88 7.02412e-06
0 89 1.07438e-06
1 89 1.37118e-06
2 89 1.46234e-07
3 89 5.65069e-07
4 89 1.74706e-06
5 89 1.22082e-06
6 89 3.53456e-06
7 89 4.54209e-06
8 89 1.0018e-07
9 89 1.04279e-07
10 89 2.3922e-08
11 89 2.46148e-08
12 89 1.43059e-07
13 89 1.95075e-08
14 89 1.59463e-08
15 89 8.80709e-08
16 89 4.54632e-08
17 89 6.35961e-08
18 89 1.38559e-07
19 89 3.34273e-08
20 89 4.85621e-09
21 89 8.95805e-09
22 89 2.30863e-07
23 89 6.51001e-08
24 89 9.24845e-08
25 89 6.67714e-09
26 89 1.68065e-08
27 89 1.63204e-07
28 89 1.60202e-07
29 89 1.12395e-08
30 89 5.81331e-09
31 89 1.72356e-08
32 89 2.48296e-09
33 89 2.68476e-08
34 89 3.92617e-10
35 89 1.66358e-09
36 89 6.33851e-09
37 89 1.68336e-07
38 89 1.45317e-07
39 89 6.69652e-08
40 89 3.63719e-08
41 89 1.10523e-07
42 89 1.11667e-06
43 89 3.45067e-06
44 89 2.47996e-05
45 89 3.85021e-06
46 89 9.24876e-08
47 89 7.04416e-08
48 89 9.24944e-06
49 89 0.000210402
50 89 5.45335e-06
51 89 3.27374e-06
52 89 4.13758e-07
53 89 5.11312e-07
54 89 1.50586e-05
55 89 2.64927e-05
56 89 2.25834e-06
57 89 5.62378e-05
58 89 7.64235e-10
59 89 1.12302e-08
60 89 4.76648e-07
61 89 6.47177e-07
62 89 5.74011e-08
63 89 1.62321e-07
64 89 7.37535e-07
65 89 2.40969e-06
66 89 1.07613e-08
67 89 4.37639e-07
68 89 3.92756e-06
69 89 3.63528e-07
70 89 2.67723e-07
71 89 2.08388e-07
72 89 0.000294887
73 89 4.58449e-05
74 89 8.5093e-06
75 89 0.000165846
76 89 0.000238419
77 89 0.000247472
78 89 7.02412e-06
79 89 1.07105e-05
0 90 2.27359e-06
1 90 1.577e-06
2 90 5.90796e-07
3 90 1.10449e-06
4 90 3.84416e-07
5 90 5.28416e-06
6 90 1.19622e-06
7 90 5.60836e-07
8 90 3.80295e-09
9 90 8.86906e-09
10 90 3.33953e-08
11 90 2.87129e-09
12 90 2.56706e-10
13 90 4.38156e-09
14 90 1.80426e-08
15 90 4.66535e-09
16 90 8.44272e-09
17 90 1.95895e-08
18 90 7.20231e-09
19 90 8.75227e-08
20 90 1.78668e-07
21 90 8.81931e-08
22 90 1.2251e-07
23 90 7.61759e-08
24 90 6.40211e-09
25 90 1.72043e-08
26 90 1.3807e-08
27 90 6.97424e-09
28 90 1.94694e-09
29 90 2.23412e-08
30 90 5.22369e-09
31 90 5.22975e-10
32 90 7.04811e-08
33 90 4.1657e-08
34 90 6.75669e-10
35 90 4.03617e-11
36 90 1.93462e-08
37 90 8.74002e-09
38 90 1.9598e-08
39 90 4.68469e-08
40 90 4.98819e-06
41 90 2.80198e-06
42 90 4.30889e-05
43 90 8.32834e-05
44 90 5.08306e-06
45 90 1.82532e-06
46 90 1.54126e-06
47 90 4.03974e-06
48 90 2.04612e-05
49 90 2.00237e-05
50 90 7.79095e-05
51 90 2.19138e-05
52 90 1.70008e-07
53 90 1.3963e-08
54 90 6.1286e-07
55 90 1.6529e-06
56 90 3.94348e-06
57 90 1.27218e-06
58 90 3.38669e-07
59 90 1.16825e-07
60 90 1.49722e-09
61 90 2.20091e-09
62 90 1.34818e-06
63 90 3.00771e-08
64 90 1.98413e-08
65 90 6.18942e-09
66 90 1.79443e-08
67 90 6.09251e-09
68 90 5.57319e-09
69 90 5.35165e-08
70 90 1.96247e-07
71 90 1.07174e-07
72 90 0.000407737
73 90 0.000156981
74 90 0.000946925
75 90 0.000770906
76 90 0.00056323
77 90 1.25033e-05
78 90 5.51316e-06
79 90 9.79239e-07
0 91 1.577e-06
1 91 2.27359e-06
2 91 1.10449e-06
3 91 5.90796e-07
4 91 5.28416e-06
5 91 3.84416e-07
6 91 5.60836e-07
7 91 1.19622e-06
8 91 8.86906e-09
9 91 3.80295e-09
10 91 2.87129e-09
11 91 3.33953e-08
12 91 4.38156e-09
13 91 2.56706e-10
14 91 4.66535e-09
15 91 1.80426e-08
16 91 1.95895e-08
17 91 8.44272e-09
18 91 8.75227e-08
19 91 7.20231e-09
20 91 8.81931e-08
21 91 1.78668e-07
22 91 7.61759e-08
23 91 1.2251e-07
24 91 1.72043e-08
25 91 6.40211e-09
26 91 6.97424e-09
27 91 1.3807e-08
28 91 2.23412e-08
29 91 1.94694e-09
30 91 5.22975e-10
31 91 5.22369e-09
32 91 4.1657e-08
33 91 7.04811e-08
34 91 4.03617e-11
35 91 6.75669e-10
36 91 8.74002e-09
37 91 1.93462e-08
38 91 4.68469e-08
39 91 1.9598e-08
40 91 2.80198e-06
41 91 4.98819e-06
42 91 8.32834e-05
43 91 4.30889e-05
44 91 1.82532e-06
45 91 5.08306e-06
46 91 4.03974e-06
47 91 1.54126e-06
48 91 2.00237e-05
49 91 2.04612e-05
50 91 2.19138e-05
51 91 7.79095e-05
52 91 1.3963e-08
53 91 1.70008e-07
54 91 1.6529e-06
55 91 6.1286e-07
56 91 1.27218e-06
57 91 3.94348e-06
58 91 1.16825e-07
59 91 3.38669e-07
60 91 2.20091e-09
61 91 1.49722e-09
62 91 3.00771e-08
63 91 1.34818e-06
64 91 6.18942e-09
65 91 1.98413e-08
66 91 6.09252e-09
67 91 1.79443e-08
68 91 5.35165e-08
69 91 5.57319e-09
70 91 1.07174e-07
71 91 1.96247e-07
72 91 0.000156981
73 91 0.000407737
74 91 0.000770906
75 91 0.000946925
76 91 1.25033e-05
77 91 0.00056323
78 91 9.79239e-07
79 91 5.51316e-06
0 92 1.38405e-08
1 92 2.27451e-10
2 92 2.02168e-06
3 92 2.96861e-08
4 92 1.31709e-08
5 92 5.34149e-08
6 92 3.61756e-07
7 92 3.24609e-07
8 92 4.6608e-08
9 92 4.98534e-08
10 92 2.12662e-08
11 92 3.65134e-08
12 92 5.01673e-10
13 92 4.79996e-09
14 92 1.40813e-08
15 92 1.85842e-08
16 92 5.89669e-09
17 92 7.63322e-09
18 92 1.20844e-09
19 92 1.18552e-09
20 92 2.0783e-08
21 92 1.66235e-08
22 92 3.42278e-08
23 92 1.19437e-08
24 92 6.51656e-08
25 92 1.92019e-08
26 92 2.36531e-08
27 92 7.21421e-09
28 92 2.94553e-08
29 92 5.24361e-08
30 92 2.15723e-08
31 92 2.7276e-08
32 92 7.09011e-09
33 92 1.75841e-08
34 92 1.74149e-09
35 92 1.64967e-08
36 92 2.57986e-09
37 92 1.67344e-09
38 92 2.84382e-07
39 92 7.30259e-10
40 92 8.08956e-08
41 92 7.82292e-06
42 92 7.04176e-06
43 92 1.58834e-06
44 92 4.87612e-06
45 92 1.31476e-05
46 92 2.61355e-09
47 92 1.00232e-06
48 92 1.30741e-05
49 92 5.43103e-06
50 92 1.2724e-05
51 92 4.30023e-05
52 92 3.47104e-06
53 92 3.17416e-06
54 92 6.50485e-05
55 92 1.91252e-05
56 92 5.9443e-06
57 92 5.88096e-05
58 92 4.74942e-08
59 92 7.5091e-09
60 92 2.37142e-07
61 92 4.65129e-08
62 92 3.36027e-07
63 92 5.47271e-07
64 92 7.12336e-08
65 92 1.79718e-08
66 92 1.55303e-09
67 92 5.37128e-09
68 92 3.60715e-09
69 92 2.13024e-08
70 92 5.18815e-07
71 92 9.99955e-08
72 92 3.59443e-06
73 92 1.12089e-05
74 92 0.00216046
75 92 0.00132205
76 92 1.67673e-05
77 92 3.59306e-05
78 92 4.32969e-06
79 92 3.94484e-06
0 93 2.2745e-10
1 93 1.38405e-08
2 93 2.96861e-08
3 93 2.02168e-06
4 93 5.34149e-08
5 93 1.31709e-08
6 93 3.24609e-07
7 93 3.61756e-07
8 93 4.98534e-08
9 93 4.6608e-08
10 93 3.65134e-08
11 93 2.12662e-08
12 93 4.79996e-09
13 93 5.01673e-10
14 93 1.85842e-08
15 93 1.40813e-08
16 93 7.63322e-09
17 93 5.89669e-09
18 93 1.18552e-09
19 93 1.20844e-09
20 93 1.66235e-08
21 93 2.0783e-08
22 93 1.19437e-08
23 93 3.42278e-08
24 93 1.92019e-08
25 93 6.51656e-08
26 93 7.21421e-09
27 93 2.36531e-08
28 93 5.24361e-08
29 93 2.94553e-08
30 93 2.7276e-08
31 93 2.15723e-08
32 93 1.75841e-08
33 93 7.09011e-09
34 93 1.64967e-08
35 93 1.74149e-09
36 93 1.67344e-09
37 93 2.57986e-09
38 93 7.30259e-10
39 93 2.84382e-07
40 93 7.82292e-06
41 93 8.08956e-08
42 93 1.58834e-06
43 93 7.04176e-06
44 93 1.31476e-05
45 93 4.87612e-06
46 93 1.00232e-06
47 93 2.61355e-09
48 93 5.43103e-06
49 93 1.30741e-05
50 93 4.30023e-05
51 93 1.2724e-05
52 93 3.17416e-06
53 93 3.47104e-06
54 93 1.91252e-05
55 93 6.50485e-05
56 93 5.88096e-05
57 93 5.9443e-06
58 93 7.5091e-09
59 93 4.74942e-08
60 93 4.65129e-08
61 93 2.37142e-07
62 93 5.47271e-07
63 93 3.36027e-07
64 93 1.79718e-08
65 93 7.12336e-08
66 93 5.37128e-09
67 93 1.55303e-09
68 93 2.13024e-08
69 93 3.60715e-09
70 93 9.99955e-08
71 93 5.18815e-07
72 93 1.12089e-05
73 93 3.59443e-06
74 93 0.00132205
75 93 0.00216046
76 93 3.59306e-05
77 93 1.67673e-05
78 93 3.94484e-06
79 93 4.32969e-06
0 94 7.6905e-07
1 94 2.80573e-07
2 94 5.6491e-07
3 94 1.9333e-06
4 94 2.14989e-08
5 94 3.36807e-06
6 94 1.09732e-06
7 94 1.19161e-06
8 94 7.11275e-08
9 94 6.12574e-08
10 94 2.4832e-10
11 94 1.3963e-10
12 94 3.37467e-08
13 94 2.89951e-08
14 94 2.84937e-07
15 94 9.38814e-09
16 94 2.39428e-08
17 94 4.08167e-08
18 94 4.33402e-08
19 94 3.17198e-07
20 94 1.60289e-08
21 94 8.74136e-09
22 94 4.05259e-08
23 94 6.23978e-08
24 94 6.15444e-11
25 94 2.12212e-09
26 94 1.50513e-07
27 94 9.63069e-09
28 94 4.41844e-09
29 94 1.30801e-07
30 94 4.73035e-08
31 94 5.14612e-09
32 94 2.64666e-08
33 94 2.56904e-09
34 94 3.89028e-08
35 94 2.82155e-09
36 94 4.63478e-08
37 94 6.6028e-09
38 94 2.58332e-08
39 94 3.60042e-08
40 94 2.10866e-07
41 94 3.25356e-07
42 94 6.8685e-06
43 94 2.18152e-06
44 94 4.13137e-05
45 94 0.000121294
46 94 3.19443e-05
47 94 8.05033e-06
48 94 3.46584e-06
49 94 1.76781e-07
50 94 1.98475e-06
51 94 2.18183e-07
52 94 3.54001e-06
53 94 4.23009e-07
54 94 1.08853e-05
55 94 4.98283e-05
56 94 2.24973e-05
57 94 2.1026e-05
58 94 1.65797e-06
59 94 2.48566e-06
60 94 2.35189e-07
61 94 2.9428e-07
62 94 5.7903e-07
63 94 1.15331e-07
64 94 5.98641e-07
65 94 1.40256e-07
66 94 1.04434e-06
67 94 2.01834e-07
68 94 3.39151e-07
69 94 1.04188e-06
70 94 3.36235e-07
71 94 2.19879e-07
72 94 2.62433e-06
73 94 6.16186e-06
74 94 2.3189e-05
75 94 1.45793e-06
76 94 1.96351e-05
77 94 1.13965e-05
78 94 2.15932e-06
79 94 2.43119e-07
0 95 2.80573e-07
1 95 7.6905e-07
2 95 1.9333e-06
3 95 5.6491e-07
4 95 3.36807e-06
5 95 2.14989e-08
6 95 1.19161e-06
7 95 1.09732e-06
8 95 6.12574e-08
9 95 7.11275e-08
10 95 1.39631e-10
11 95 2.4832e-10
12 95 2.89951e-08
13 95 3.37467e-08
14 95 9.38814e-09
15 95 2.84937e-07
16 95 4.08167e-08
17 95 2.39428e-08
18 95 3.17198e-07
19 95 4.33402e-08
20 95 8.74136e-09
21 95 1.60289e-08
22 95 6.23978e-08
23 95 4.05259e-08
24 95 2.12212e-09
25 95 6.15444e-11
26 95 9.63069e-09
27 95 1.50513e-07
28 95 1.30801e-07
29 95 4.41844e-09
30 95 5.14612e-09
31 95 4.73035e-08
32 95 2.56904e-09
33 95 2.64666e-08
34 95 2.82155e-09
35 95 3.89028e-08
36 95 6.6028e-09
37 95 4.63478e-08
38 95 3.60042e-08
39 95 2.58332e-08
40 95 3.25356e-07
41 95 2.10866e-07
42 95 2.18152e-06
43 95 6.8685e-06
44 95 0.000121294
45 95 4.13137e-05
46 95 8.05033e-06
47 95 3.19443e-05
48 95 1.76781e-07
49 95 3.46584e-06
50 95 2.18183e-07
51 95 1.98475e-06
52 95 4.23009e-07
53 95 3.54001e-06
54 95 4.98283e-05
55 95 1.08853e-05
56 95 2.1026e-05
57 95 2.24973e-05
58 95 2.48566e-06
59 95 1.65797e-06
60 95 2.9428e-07
61 95 2.35189e-07
62 95 1.15331e-07
63 95 5.7903e-07
64 95 1.40256e-07
65 95 5.98641e-07
66 95 2.01834e-07
67 95 1.04434e-06
68 95 1.04188e-06
69 95 3.39151e-07
70 95 2.19879e-07
71 95 3.36235e-07
72 95 6.16186e-06
73 95 2.62433e-06
74 95 1.45793e-06
75 95 2.3189e-05
76 95 1.13965e-05
77 95 1.96351e-05
78 95 2.43119e-07
79 95 2.15932e-06
0 96 2.17156e-10
1 96 3.30789e-07
2 96 1.21063e-07
3 96 2.34604e-11
4 96 8.68946e-08
5 96 1.46322e-07
6 96 2.33688e-08
7 96 9.61517e-07
8 96 3.84969e-09
9 96 1.5046e-08
10 96 1.75202e-07
11 96 2.66989e-07
12 96 2.39326e-08
13 96 1.20914e-08
14 96 1.54589e-08
15 96 1.55678e-08
16 96 1.77179e-08
17 96 4.47472e-09
18 96 7.27399e-08
19 96 7.1727e-08
20 96 1.18888e-07
21 96 1.8965e-08
22 96 4.14622e-08
23 96 2.19349e-08
24 96 2.90705e-07
25 96 1.10069e-07
26 96 5.7204e-09
27 96 3.86304e-08
28 96 1.54527e-08
29 96 7.12642e-09
30 96 4.66734e-08
31 96 6.52843e-08
32 96 9.83679e-08
33 96 5.11762e-08
34 96 2.39049e-09
35 96 3.35858e-10
36 96 1.0218e-09
37 96 9.70862e-10
38 96 2.0184e-08
39 96 5.20568e-09
40 96 1.07809e-06
41 96 6.95226e-05
42 96 1.74069e-05
43 96 7.13982e-06
44 96 4.33408e-07
45 96 3.25483e-06
46 96 1.02954e-06
47 96 1.78853e-07
48 96 3.26449e-06
49 96 2.07314e-06
50 96 2.5079e-09
51 96 2.66955e-08
52 96 5.32064e-05
53 96 8.15701e-05
54 96 1.60866e-07
55 96 3.35711e-06
56 96 1.06413e-06
57 96 2.08926e-07
58 96 2.57612e-08
59 96 3.21604e-07
60 96 2.05187e-07
61 96 2.49727e-08
62 96 5.59909e-07
63 96 9.18611e-07
64 96 8.59492e-08
65 96 1.45013e-07
66 96 1.60713e-07
67 96 6.61523e-08
68 96 1.32104e-07
69 96 3.75857e-08
70 96 7.02964e-08
71 96 3.81346e-08
72 96 5.12413e-06
73 96 2.78932e-05
74 96 0.000217173
75 96 0.00012094
76 96 1.32857e-06
77 96 6.81902e-06
78 96 2.23048e-07
79 96 1.02429e-07
0 97 3.30789e-07
1 97 2.17157e-10
2 97 2.34603e-11
3 97 1.21063e-07
4 97 1.46322e-07
5 97 8.68946e-08
6 97 9.61517e-07
7 97 2.33688e-08
8 97 1.5046e-08
9 97 3.84969e-09
10 97 2.66989e-07
11 97 1.75202e-07
12 97 1.20914e-08
13 97 2.39326e-08
14 97 1.55678e-08
15 97 1.54589e-08
16 97 4.47472e-09
17 97 1.77179e-08
18 97 7.1727e-08
19 97 7.27399e-08
20 97 1.8965e-08
21 97 1.18888e-07
22 97 2.19349e-08
23 97 4.14622e-08
24 97 1.10069e-07
25 97 2.90705e-07
26 97 3.86304e-08
27 97 5.7204e-09
28 97 7.12642e-09
29 97 1.54527e-08
30 97 6.52843e-08
31 97 4.66734e-08
32 97 5.11762e-08
33 97 9.83679e-08
34 97 3.35858e-10
35 97 2.39049e-09
36 97 9.70862e-10
37 97 1.0218e-09
38 97 5.20568e-09
39 97 2.0184e-08
40 97 6.95226e-05
41 97 1.07809e-06
42 97 7.13982e-06
43 97 1.74069e-05
44 97 3.25483e-06
45 97 4.33408e-07
46 97 1.78853e-07
47 97 1.02954e-06
48 97 2.07314e-06
49 97 3.26449e-06
50 97 2.66955e-08
51 97 2.5079e-09
52 97 8.15701e-05
53 97 5.32064e-05
54 97 3.35711e-06
55 97 1.60866e-07
56 97 2.08926e-07
57 97 1.06413e-06
58 97 3.21604e-07
59 97 2.57612e-08
60 97 2.49727e-08
61 97 2.05187e-07
62 97 9.18611e-07
63 97 5.59909e-07
64 97 1.45013e-07
65 97 8.59492e-08
66 97 6.61523e-08
67 97 1.60713e-07
68 97 3.75857e-08
69 97 1.32104e-07
70 97 3.81346e-08
71 97 7.02964e-08
72 97 2.78932e-05
73 97 5.12413e-06
74 97 0.00012094
75 97 0.000217173
76 97 6.81902e-06
77 97 1.32857e-06
78 97 1.02429e-07
79 97 2.23048e-07
0 98 2.32178e-07
1 98 1.29312e-06
2 98 1.79697e-06
3 98 1.35072e-07
4 98 5.46918e-07
5 98 3.18184e-07
6 98 2.49056e-07
7 98 3.92159e-08
8 98 3.74523e-09
9 98 9.42721e-09
10 98 1.11334e-08
11 98 1.51123e-07
12 98 1.26538e-09
13 98 1.10722e-09
14 98 3.43498e-09
15 98 1.09559e-08
16 98 2.09678e-08
17 98 1.87193e-09
18 98 3.92847e-07
19 98 1.58576e-07
20 98 2.70354e-08
21 98 4.16208e-08
22 98 3.67761e-08
23 98 9.78485e-08
24 98 2.38185e-09
25 98 9.76228e-10
26 98 2.35956e-09
27 98 6.74926e-08
28 98 9.96221e-09
29 98 7.65473e-09
30 98 1.43595e-08
31 98 4.17193e-08
32 98 5.82848e-07
33 98 5.53618e-07
34 98 8.50703e-09
35 98 3.01619e-08
36 98 1.41888e-08
37 98 8.4675e-09
38 98 1.70521e-10
39 98 3.02885e-10
40 98 9.58251e-08
41 98 2.30067e-07
42 98 6.47563e-06
43 98 3.36768e-06
44 98 1.45755e-06
45 98 7.85957e-06
46 98 1.30151e-07
47 98 7.15671e-08
48 98 9.43801e-09
49 98 1.28063e-06
50 98 1.65619e-06
51 98 1.45386e-05
52 98 1.97502e-08
53 98 3.17912e-08
54 98 1.88516e-07
55 98 5.92837e-07
56 98 1.09766e-07
57 98 4.23144e-07
58 98 3.56185e-05
59 98 0.000140392
60 98 3.74968e-07
61 98 6.65623e-08
62 98 3.75926e-08
63 98 1.57331e-07
64 98 4.61826e-09
65 98 8.30619e-08
66 98 1.08388e-08
67 98 4.62408e-08
68 98 2.45789e-08
69 98 1.08913e-08
70 98 1.95129e-07
71 98 1.06047e-07
72 98 0.000394263
73 98 0.000942073
74 98 1.61974e-05
75 98 1.23535e-05
76 98 2.45983e-06
77 98 4.93853e-05
78 98 1.27471e-06
79 98 3.56199e-06
0 99 1.29312e-06
1 99 2.32178e-07
2 99 1.35072e-07
3 99 1.79697e-06
4 99 3.18184e-07
5 99 5.46918e-07
6 99 3.92159e-08
7 99 2.49055e-07
8 99 9.42721e-09
9 99 3.74523e-09
10 99 1.51123e-07
11 99 1.11334e-08
12 99 1.10722e-09
13 99 1.26538e-09
14 99 1.09559e-08
15 99 3.43498e-09
16 99 1.87193e-09
17 99 2.09678e-08
18 99 1.58576e-07
19 99 3.92847e-07
20 99 4.16208e-08
21 99 2.70354e-08
22 99 9.78485e-08
23 99 3.67761e-08
24 99 9.76228e-10
25 99 2.38185e-09
26 99 6.74926e-08
27 99 2.35956e-09
28 99 7.65473e-09
29 99 9.96221e-09
30 99 4.17193e-08
31 99 1.43595e-08
32 99 5.53618e-07
33 99 5.82848e-07
34 99 3.01619e-08
35 99 8.50703e-09
36 99 8.4675e-09
37 99 1.41888e-08
38 99 3.02885e-10
39 99 1.70521e-10
40 99 2.30067e-07
41 99 9.58251e-08
42 99 3.36768e-06
43 99 6.47563e-06
44 99 7.85957e-06
45 99 1.45755e-06
46 99 7.15671e-08
47 99 1.30151e-07
48 99 1.28063e-06
49 99 9.43801e-09
50 99 1.45386e-05
51 99 1.65619e-06
52 99 3.17912e-08
53 99 1.97502e-08
54 99 5.92837e-07
55 99 1.88516e-07
56 99 4.23144e-07
57 99 1.09766e-07
58 99 0.000140392
59 99 3.56185e-05
60 99 6.65623e-08
61 99 3.74968e-07
62 99 1.57331e-07
63 99 3.75926e-08
64 99 8.30619e-08
65 99 4.61826e-09
66 99 4.62408e-08
67 99 1.08388e-08
68 99 1.08913e-08
69 99 2.45789e-08
70 99 1.06047e-07
71 99 1.95129e-07
72 99 0.000942073
73 99 0.000394263
74 99 1.23535e-05
75 99 1.61974e-05
76 99 4.93853e-05
77 99 2.45983e-06
78 99 3.56199e-06
79 99 1.27471e-06
0 100 1.06471e-08
1 100 2.74423e-08
2 100 2.46521e-10
3 100 2.98428e-09
4 100 1.036e-08
5 100 2.58759e-08
6 100 6.8141e-09
7 100 3.56986e-08
8 100 6.031e-06
9 100 2.96903e-07
10 100 2.37978e-08
11 100 1.65026e-08
12 100 2.82768e-07
13 100 1.33434e-06
14 100 7.94413e-07
15 100 2.54456e-06
16 100 5.85103e-07
17 100 1.94387e-06
18 100 3.68027e-07
19 100 2.18909e-07
20 100 2.20647e-06
21 100 3.57126e-06
22 100 1.40608e-06
23 100 6.09564e-07
24 100 2.51554e-07
25 100 3.90315e-08
26 100 4.09957e-06
27 100 1.8814e-06
28 100 2.90165e-05
29 100 1.7413e-06
30 100 7.32846e-07
31 100 1.18791e-06
32 100 1.05289e-06
33 100 1.67894e-07
34 100 3.82415e-07
35 100 2.19091e-06
36 100 3.80218e-07
37 100 6.46812e-07
38 100 1.48183e-08
39 100 3.1096e-07
40 100 1.76902e-08
41 100 3.06089e-09
42 100 8.63552e-09
43 100 5.85283e-08
44 100 7.16086e-10
45 100 4.81435e-08
46 100 1.89431e-08
47 100 1.09887e-09
48 100 3.94539e-08
49 100 3.12602e-08
50 100 5.93823e-08
51 100 1.00179e-07
52 100 3.53298e-08
53 100 1.62089e-08
54 100 1.14706e-07
55 100 7.25714e-08
56 100 6.04554e-08
57 100 2.53727e-08
58 100 1.66455e-07
59 100 3.32734e-08
60 100 1.31528e-06
61 100 2.30239e-06
62 100 1.03993e-05
63 100 1.01698e-05
64 100 3.6471e-05
65 100 9.2339e-06
66 100 9.59555e-06
67 100 4.16163e-05
68 100 3.05487e-05
69 100 1.70642e-05
70 100 2.56098e-05
71 100 3.64568e-05
72 100 8.6673e-07
73 100 2.10502e-07
74 100 4.8468e-08
75 100 7.29697e-08
76 100 4.83554e-08
77 100 4.26623e-08
78 100 6.64235e-05
79 100 5.90048e-05
0 101 2.74423e-08
1 101 1.06471e-08
2 101 2.98428e-09
3 101 2.46521e-10
4 101 2.58759e-08
5 101 1.036e-08
6 101 3.56986e-08
7 101 6.8141e-09
8 101 2.96903e-07
9 101 6.031e-06
10 101 1.65026e-08
11 101 2.37978e-08
12 101 1.33434e-06
13 101 2.82768e-07
14 101 2.54456e-06
15 101 7.94413e-07
16 101 1.94387e-06
17 101 5.85103e-07
18 101 2.18909e-07
19 101 3.68027e-07
20 101 3.57126e-06
21 101 2.20647e-06
22 101 6.09564e-07
23 101 1.40608e-06
24 101 3.90315e-08
25 101 2.51554e-07
26 101 1.8814e-06
27 101 4.09957e-06
28 101 1.7413e-06
29 101 2.90165e-05
30 101 1.18791e-06
31 101 7.32846e-07
32 101 1.67894e-07
33 101 1.05289e-06
34 101 2.19091e-06
35 101 3.82415e-07
36 101 6.46812e-07
37 101 3.80218e-07
38 101 3.1096e-07
39 101 1.48183e-08
40 101 3.06089e-09
41 101 1.76902e-08
42 101 5.85283e-08
43 101 8.63552e-09
44 101 4.81435e-08
45 101 7.16086e-10
46 101 1.09887e-09
47 101 1.89431e-08
48 101 3.12602e-08
49 101 3.94539e-08
50 101 1.00179e-07
51 101 5.93823e-08
52 101 1.62089e-08
53 101 3.53298e-08
54 101 7.25714e-08
55 101 1.14706e-07
56 101 2.53727e-08
57 101 6.04554e-08
58 101 3.32734e-08
59 101 1.66455e-07
60 101 2.30239e-06
61 101 1.31528e-06
62 101 1.01698e-05
63 101 1.03993e-05
64 101 9.2339e-06
65 101 3.6471e-05
66 101 4.16163e-05
67 101 9.59555e-06
68 101 1.70642e-05
69 101 3.05487e-05
70 101 3.64568e-05
71 101 2.56098e-05
72 101 2.10502e-07
73 101 8.6673e-07
74 101 7.29697e-08
75 101 4.8468e-08
76 101 4.26623e-08
77 101 4.83554e-08
78 101 5.90048e-05
79 101 6.64235e-05
0 102 1.10824e-08
1 102 2.29983e-08
2 102 6.27977e-10
3 102 1.22028e-09
4 102 1.2419e-08
5 102 3.02509e-10
6 102 7.80991e-10
7 102 4.91465e-09
8 102 1.39156e-06
9 102 2.73573e-06
10 102 9.47487e-08
11 102 1.27244e-06
12 102 8.64507e-07
13 102 1.0265e-08
14 102 4.80269e-07
15 102 4.89053e-06
16 102 1.16327e-05
17 102 2.28881e-06
18 102 1.52498e-06
19 102 4.62984e-07
20 102 1.22467e-07
21 102 7.19166e-08
22 102 8.93878e-07
23 102 2.37187e-06
24 102 4.45418e-06
25 102 9.85616e-07
26 102 2.78076e-06
27 102 2.0461e-06
28 102 3.57064e-07
29 102 4.91539e-08
30 102 9.63138e-09
31 102 4.34114e-08
32 102 6.24725e-06
33 102 1.57239e-06
34 102 5.3242e-10
35 102 8.80182e-07
36 102 2.1705e-07
37 102 3.93392e-06
38 102 1.36497e-07
39 102 2.27599e-07
40 102 1.97367e-08
41 102 8.60479e-08
42 102 1.71734e-10
43 102 4.66375e-11
44 102 2.89604e-08
45 102 5.55089e-08
46 102 1.12163e-07
47 102 1.58644e-08
48 102 6.58651e-08
49 102 2.9362e-08
50 102 7.08131e-08
51 102 8.12519e-08
52 102 2.5523e-08
53 102 4.24337e-08
54 102 1.36583e-07
55 102 3.46177e-07
56 102 2.47188e-08
57 102 2.76501e-08
58 102 1.57825e-08
59 102 5.38606e-07
60 102 6.03389e-06
61 102 2.29678e-06
62 102 7.56734e-06
63 102 2.54069e-05
64 102 1.0599e-05
65 102 5.84387e-05
66 102 2.9343e-05
67 102 2.83658e-05
68 102 6.86126e-05
69 102 3.49232e-06
70 102 1.49124e-05
71 102 1.20333e-05
72 102 2.08427e-07
73 102 2.60052e-06
74 102 3.91821e-07
75 102 1.43698e-07
76 102 1.90146e-09
77 102 1.03612e-07
78 102 3.22324e-05
79 102 0.000113527
0 103 2.29983e-08
1 103 1.10824e-08
2 103 1.22028e-09
3 103 6.27978e-10
4 103 3.02508e-10
5 103 1.2419e-08
6 103 4.91465e-09
7 103 7.80992e-10
8 103 2.73573e-06
9 103 1.39156e-06
10 103 1.27244e-06
11 103 9.47487e-08
12 103 1.0265e-08
13 103 8.64507e-07
14 103 4.89053e-06
15 103 4.80269e-07
16 103 2.28881e-06
17 103 1.16327e-05
18 103 4.62984e-07
19 103 1.52498e-06
20 103 7.19166e-08
21 103 1.22467e-07
22 103 2.37187e-06
23 103 8.93878e-07
24 103 9.85616e-07
25 103 4.45418e-06
26 103 2.0461e-06
27 103 2.78076e-06
28 103 4.91539e-08
29 103 3.57064e-07
30 103 4.34114e-08
31 103 9.63138e-09
32 103 1.57239e-06
33 103 6.24725e-06
34 103 8.80182e-07
35 103 5.3242e-10
36 103 3.93392e-06
37 103 2.1705e-07
38 103 2.27599e-07
39 103 1.36497e-07
40 103 8.60479e-08
41 103 1.97367e-08
42 103 4.66375e-11
43 103 1.71734e-10
44 103 5.55089e-08
45 103 2.89604e-08
46 103 1.58644e-08
47 103 1.12163e-07
48 103 2.9362e-08
49 103 6.58651e-08
50 103 8.12519e-08
51 103 7.08131e-08
52 103 4.24337e-08
53 103 2.5523e-08
54 103 3.46177e-07
55 103 1.36583e-07
56 103 2.76501e-08
57 103 2.47188e-08
58 103 5.38606e-07
59 103 1.57825e-08
60 103 2.29678e-06
61 103 6.03389e-06
62 103 2.54069e-05
63 103 7.56734e-06
64 103 5.84387e-05
65 103 1.0599e-05
66 103 2.83658e-05
67 103 2.9343e-05
68 103 3.49232e-06
69 103 6.86126e-05
70 103 1.20333e-05
71 103 1.49124e-05
72 103 2.60052e-06
73 103 2.08427e-07
74 103 1.43698e-07
75 103 3.91821e-07
76 103 1.03612e-07
77 103 1.90146e-09
78 103 0.000113527
79 103 3.22324e-05
0 104 2.4948e-08
1 104 1.63393e-08
2 104 9.16851e-09
3 104 6.62479e-09
4 104 4.23494e-09
5 104 1.86338e-08
6 104 1.64979e-08
7 104 4.06309e-08
8 104 1.24394e-07
9 104 1.96375e-07
10 104 4.42084e-06
11 104 5.28345e-08
12 104 4.4177e-07
13 104 6.45902e-07
14 104 2.47433e-06
15 104 5.93868e-07
16 104 1.52858e-06
17 104 8.78043e-06
18 104 2.40153e-08
19 104 4.56344e-07
20 104 1.71657e-06
21 104 3.90995e-07
22 104 3.46132e-07
23 104 1.93155e-07
24 104 6.73847e-08
25 104 1.26298e-06
26 104 1.51814e-07
27 104 9.97629e-08
28 104 1.72169e-07
29 104 5.85232e-07
30 104 7.56734e-07
31 104 2.19873e-08
32 104 1.36476e-05
33 104 1.72704e-05
34 104 3.73476e-06
35 104 1.25383e-06
36 104 2.05047e-06
37 104 1.00742e-07
38 104 2.15261e-07
39 104 3.12519e-07
40 104 1.03593e-07
41 104 1.0557e-07
42 104 6.83565e-09
43 104 6.8746e-09
44 104 8.81456e-08
45 104 3.32548e-08
46 104 2.19079e-08
47 104 4.84931e-08
48 104 1.17201e-08
49 104 1.25261e-08
50 104 1.74845e-08
51 104 7.06726e-09
52 104 8.09104e-08
53 104 2.15066e-08
54 104 1.30075e-08
55 104 1.78011e-08
56 104 9.47634e-08
57 104 1.28161e-08
58 104 4.89802e-07
59 104 4.59926e-08
60 104 2.09918e-06
61 104 2.26849e-05
62 104 8.4807e-05
63 104 3.15951e-06
64 104 2.66235e-06
65 104 1.27705e-06
66 104 6.73301e-05
67 104 2.92394e-05
68 104 5.31354e-08
69 104 1.76937e-06
70 104 7.61621e-06
71 104 2.62286e-06
72 104 3.71338e-06
73 104 1.15721e-06
74 104 5.91661e-08
75 104 4.11555e-08
76 104 4.44929e-08
77 104 1.06916e-09
78 104 0.000518504
79 104 2.69876e-06
0 105 1.63393e-08
1 105 2.4948e-08
2 105 6.62479e-09
3 105 9.16852e-09
4 105 1.86338e-08
5 105 4.23494e-09
6 105 4.06309e-08
7 105 1.64979e-08
8 105 1.96375e-07
9 105 1.24394e-07
10 105 5.28345e-08
11 105 4.42084e-06
12 105 6.45902e-07
13 105 4.4177e-07
14 105 5.93868e-07
15 105 2.47433e-06
16 105 8.78043e-06
17 105 1.52858e-06
18 105 4.56344e-07
19 105 2.40153e-08
20 105 3.90995e-07
21 105 1.71657e-06
22 105 1.93155e-07
23 105 3.46132e-07
24 105 1.26298e-06
25 105 6.73847e-08
26 105 9.97629e-08
27 105 1.51814e-07
28 105 5.85232e-07
29 105 1.72169e-07
30 105 2.19873e-08
31 105 7.56734e-07
32 105 1.72704e-05
33 105 1.36476e-05
34 105 1.25383e-06
35 105 3.73476e-06
36 105 1.00742e-07
37 105 2.05047e-06
38 105 3.12519e-07
39 105 2.15261e-07
40 105 1.0557e-07
41 105 1.03593e-07
42 105 6.8746e-09
43 105 6.83565e-09
44 105 3.32548e-08
45 105 8.81456e-08
46 105 4.84931e-08
47 105 2.19079e-08
48 105 1.25261e-08
49 105 1.17201e-08
50 105 7.06726e-09
51 105 1.74845e-08
52 105 2.15066e-08
53 105 8.09104e-08
54 105 1.78011e-08
55 105 1.30075e-08
56 105 1.28161e-08
57 105 9.47634e-08
58 105 4.59926e-08
59 105 4.89802e-07
60 105 2.26849e-05
61 105 2.09918e-06
62 105 3.15951e-06
63 105 8.4807e-05
64 105 1.27705e-06
65 105 2.66235e-06
66 105 2.92394e-05
67 105 6.73301e-05
68 105 1.76937e-06
69 105 5.31354e-08
70 105 2.62286e-06
71 105 7.61621e-06
72 105 1.15721e-06
73 105 3.71338e-06
74 105 4.11555e-08
75 105 5.91661e-08
76 105 1.06916e-09
77 105 4.44929e-08
78 105 2.69876e-06
79 105 0.000518504
0 106 3.9862e-09
1 106 3.69825e-09
2 106 2.31426e-08
3 106 3.06461e-08
4 106 6.99408e-08
5 106 3.98837e-08
6 106 5.57542e-09
7 106 2.36554e-08
8 106 4.37474e-06
9 106 4.73122e-06
10 106 3.39797e-07
11 106 3.16352e-07
12 106 4.46166e-07
13 106 8.43768e-07
14 106 6.20862e-07
15 106 6.64202e-08
16 106 1.54064e-06
17 106 2.61159e-06
18 106 5.32468e-08
19 106 1.66055e-07
20 106 4.8235e-06
21 106 2.63545e-07
22 106 9.97957e-07
23 106 1.12126e-06
24 106 1.26861e-07
25 106 1.93962e-07
26 106 2.15432e-06
27 106 2.94193e-07
28 106 5.25355e-07
29 106 1.74987e-06
30 106 5.96314e-08
31 106 1.65149e-08
32 106 6.08003e-07
33 106 2.5378e-07
34 106 1.17258e-06
35 106 1.76866e-07
36 106 1.18322e-05
37 106 5.67527e-07
38 106 7.93634e-08
39 106 4.99578e-08
40 106 2.4228e-08
41 106 2.55566e-08
42 106 1.38598e-08
43 106 1.29313e-08
44 106 1.89126e-08
45 106 2.70433e-08
46 106 1.27352e-08
47 106 1.00155e-09
48 106 1.22596e-07
49 106 9.17067e-08
50 106 3.57508e-09
51 106 9.5727e-10
52 106 2.24429e-07
53 106 2.95072e-08
54 106 3.44747e-07
55 106 1.8821e-07
56 106 9.05625e-08
57 106 5.05087e-08
58 106 2.48283e-08
59 106 4.46221e-08
60 106 2.41199e-05
61 106 1.25915e-05
62 106 4.06535e-07
63 106 6.59209e-08
64 106 4.84758e-05
65 106 1.97284e-05
66 106 0.000116422
67 106 1.79872e-05
68 106 7.67861e-06
69 106 6.66281e-05
70 106 2.97247e-06
71 106 2.60032e-06
72 106 5.39265e-07
73 106 7.37974e-07
74 106 6.17953e-07
75 106 7.19518e-08
76 106 2.74482e-08
77 106 8.15207e-09
78 106 0.000255659
79 106 0.00010286
0 107 3.69825e-09
1 107 3.9862e-09
2 107 3.06461e-08
3 107 2.31426e-08
4 107 3.98837e-08
5 107 6.99408e-08
6 107 2.36554e-08
7 107 5.57542e-09
8 107 4.73122e-06
9 107 4.37474e-06
10 107 3.16352e-07
11 107 3.39797e-07
12 107 8.43768e-07
13 107 4.46166e-07
14 107 6.64201e-08
15 107 6.20862e-07
16 107 2.61159e-06
17 107 1.54064e-06
18 107 1.66055e-07
19 107 5.32468e-08
20 107 2.63545e-07
21 107 4.8235e-06
22 107 1.12126e-06
23 107 9.97957e-07
24 107 1.93962e-07
25 107 1.26861e-07
26 107 2.94193e-07
27 107 2.15432e-06
28 107 1.74987e-06
29 107 5.25355e-07
30 107 1.65149e-08
31 107 5.96314e-08
32 107 2.5378e-07
33 107 6.08003e-07
34 107 1.76866e-07
35 107 1.17258e-06
36 107 5.67527e-07
37 107 1.18322e-05
38 107 4.99578e-08
39 107 7.93634e-08
40 107 2.55566e-08
41 107 2.4228e-08
42 107 1.29313e-08
43 107 1.38598e-08
44 107 2.70433e-08
45 107 1.89126e-08
46 107 1.00155e-09
47 107 1.27352e-08
48 107 9.17067e-08
49 107 1.22596e-07
50 107 9.5727e-10
51 107 3.57508e-09
52 107 2.95072e-08
53 107 2.24429e-07
54 107 1.8821e-07
55 107 3.44747e-07
56 107 5.05087e-08
57 107 9.05625e-08
58 107 4.46221e-08
59 107 2.48283e-08
60 107 1.25915e-05
61 107 2.41199e-05
62 107 6.59209e-08
63 107 4.06535e-07
64 107 1.97284e-05
65 107 4.84758e-05
66 107 1.79872e-05
67 107 0.000116422
68 107 6.66281e-05
69 107 7.67861e-06
70 107 2.60032e-06
71 107 2.97247e-06
72 107 7.37974e-07
73 107 5.39265e-07
74 107 7.19518e-08
75 107 6.17953e-07
76 107 8.15208e-09
77 107 2.74482e-08
78 107 0.00010286
79 107 0.000255659
0 108 2.27825e-09
1 108 4.5105e-09
2 108 1.73397e-09
3 108 9.71595e-09
4 108 4.13196e-09
5 108 4.17502e-09
6 108 4.15888e-08
7 108 2.1439e-08
8 108 1.54175e-06
9 108 6.49929e-06
10 108 1.52278e-07
11 108 2.94842e-08
12 108 4.06986e-06
13 108 8.30325e-07
14 108 1.83641e-06
15 108 1.27787e-06
16 108 3.90579e-07
17 108 2.50206e-06
18 108 3.26814e-07
19 108 4.28139e-07
20 108 5.49273e-06
21 108 2.61848e-06
22 108 1.4814e-06
23 108 2.69916e-08
24 108 2.28967e-06
25 108 1.35315e-06
26 108 7.80666e-07
27 108 4.13029e-07
28 108 7.23828e-07
29 108 7.59855e-08
30 108 1.07832e-07
31 108 6.43797e-08
32 108 9.03559e-08
33 108 3.24993e-08
34 108 7.52433e-07
35 108 3.60148e-07
36 108 2.94474e-07
37 108 2.29822e-07
38 108 1.05769e-10
39 108 3.43929e-08
40 108 1.35954e-09
41 108 7.22009e-08
42 108 2.7665e-09
43 108 4.20046e-08
44 108 9.14071e-09
45 108 2.46465e-08
46 108 6.32626e-11
47 108 1.86009e-09
48 108 3.6032e-10
49 108 2.19611e-10
50 108 7.08291e-08
51 108 9.9425e-09
52 108 3.20423e-08
53 108 1.00777e-07
54 108 1.0398e-08
55 108 2.30713e-08
56 108 3.03467e-07
57 108 8.13993e-08
58 108 2.32899e-07
59 108 4.4596e-08
60 108 4.60436e-05
61 108 4.27192e-05
62 108 7.43827e-06
63 108 5.83839e-06
64 108 3.3132e-06
65 108 3.14737e-05
66 108 2.15322e-05
67 108 4.74323e-05
68 108 1.19288e-06
69 108 3.176e-07
70 108 9.38009e-06
71 108 1.46197e-05
72 108 5.7471e-07
73 108 2.4356e-08
74 108 6.37096e-07
75 108 4.59421e-07
76 108 3.86588e-08
77 108 2.04201e-08
78 108 0.000158905
79 108 5.5154e-05
0 109 4.51049e-09
1 109 2.27825e-09
2 109 9.71596e-09
3 109 1.73397e-09
4 109 4.17502e-09
5 109 4.13196e-09
6 109 2.1439e-08
7 109 4.15888e-08
8 109 6.49929e-06
9 109 1.54175e-06
10 109 2.94842e-08
11 109 1.52278e-07
12 109 8.30325e-07
13 109 4.06986e-06
14 109 1.27787e-06
15 109 1.83641e-06
16 109 2.50206e-06
17 109 3.90579e-07
18 109 4.28139e-07
19 109 3.26814e-07
20 109 2.61848e-06
21 109 5.49273e-06
22 109 2.69916e-08
23 109 1.4814e-06
24 109 1.35315e-06
25 109 2.28967e-06
26 109 4.13029e-07
27 109 7.80666e-07
28 109 7.59855e-08
29 109 7.23828e-07
30 109 6.43797e-08
31 109 1.07832e-07
32 109 3.24993e-08
33 109 9.03559e-08
34 109 3.60148e-07
35 109 7.52433e-07
36 109 2.29822e-07
37 109 2.94474e-07
38 109 3.43929e-08
39 109 1.05769e-10
40 109 7.22009e-08
41 109 1.35954e-09
42 109 4.20046e-08
43 109 2.7665e-09
44 109 2.46465e-08
45 109 9.14071e-09
46 109 1.86009e-09
47 109 6.32627e-11
48 109 2.19611e-10
49 109 3.6032e-10
50 109 9.9425e-09
51 109 7.08291e-08
52 109 1.00777e-07
53 109 3.20423e-08
54 109 2.30713e-08
55 109 1.0398e-08
56 109 8.13993e-08
57 109 3.03467e-07
58 109 4.4596e-08
59 109 2.32899e-07
60 109 4.27192e-05
61 109 4.60436e-05
62 109 5.83839e-06
63 109 7.43827e-06
64 109 3.14737e-05
65 109 3.3132e-06
66 109 4.74323e-05
67 109 2.15322e-05
68 109 3.176e-07
69 109 1.19288e-06
70 109 1.46197e-05
71 109 9.38009e-06
72 109 2.4356e-08
73 109 5.7471e-07
74 109 4.59421e-07
75 109 6.37096e-07
76 109 2.04201e-08
77 109 3.86588e-08
78 109 5.5154e-05
79 109 0.000158905
0 110 1.0111e-08
1 110 7.55209e-09
2 110 3.45876e-08
3 110 3.73468e-08
4 110 9.93589e-09
5 110 3.90283e-10
6 110 5.11541e-08
7 110 1.28167e-08
8 110 9.3398e-07
9 110 8.24207e-08
10 110 1.31666e-07
11 110 2.68421e-07
12 110 3.47164e-06
13 110 1.68074e-06
14 110 2.5359e-08
15 110 8.93075e-07
16 110 8.15585e-07
17 110 1.09583e-06
18 110 1.94012e-06
19 110 4.69376e-07
20 110 2.08795e-07
21 110 8.2677e-07
22 110 7.02612e-06
23 110 1.14668e-05
24 110 3.19525e-06
25 110 1.44672e-07
26 110 1.41564e-07
27 110 2.6697e-07
28 110 1.50073e-06
29 110 1.15482e-06
30 110 4.67068e-08
31 110 2.69146e-07
32 110 3.85793e-07
33 110 1.64239e-07
34 110 1.22368e-06
35 110 4.37509e-06
36 110 4.41848e-06
37 110 1.56397e-05
38 110 3.73627e-08
39 110 2.58835e-08
40 110 2.9295e-07
41 110 5.46728e-08
42 110 8.46303e-08
43 110 2.32533e-07
44 110 9.19449e-08
45 110 3.46172e-08
46 110 2.78441e-10
47 110 6.13782e-10
48 110 1.1446e-07
49 110 1.76696e-07
50 110 1.00064e-07
51 110 1.56234e-07
52 110 3.85772e-08
53 110 1.4699e-07
54 110 1.83312e-07
55 110 5.53267e-08
56 110 3.14812e-08
57 110 3.73255e-07
58 110 2.3263e-07
59 110 1.00847e-07
60 110 3.37939e-06
61 110 4.34137e-06
62 110 2.95677e-06
63 110 7.02107e-06
64 110 8.5224e-06
65 110 2.6025e-05
66 110 5.04891e-06
67 110 1.04254e-05
68 110 0.000103223
69 110 4.79477e-07
70 110 1.67296e-05
71 110 3.43036e-05
72 110 1.0332e-07
73 110 1.23072e-07
74 110 4.77563e-07
75 110 1.52001e-06
76 110 7.14454e-08
77 110 1.88624e-07
78 110 5.8593e-06
79 110 3.08204e-05
0 111 7.55208e-09
1 111 1.0111e-08
2 111 3.73468e-08
3 111 3.45876e-08
4 111 3.90284e-10
5 111 9.93589e-09
6 111 1.28167e-08
7 111 5.11541e-08
8 111 8.24207e-08
9 111 9.3398e-07
10 111 2.68421e-07
11 111 1.31666e-07
12 111 1.68074e-06
13 111 3.47164e-06
14 111 8.93075e-07
15 111 2.5359e-08
16 111 1.09583e-06
17 111 8.15585e-07
18 111 4.69376e-07
19 111 1.94012e-06
20 111 8.2677e-07
21 111 2.08795e-07
22 111 1.14668e-05
23 111 7.02612e-06
24 111 1.44672e-07
25 111 3.19525e-06
26 111 2.6697e-07
27 111 1.41564e-07
28 111 1.15482e-06
29 111 1.50073e-06
30 111 2.69146e-07
31 111 4.67068e-08
32 111 1.64239e-07
33 111 3.85793e-07
34 111 4.37509e-06
35 111 1.22368e-06
36 111 1.56397e-05
37 111 4.41848e-06
38 111 2.58835e-08
39 111 3.73627e-08
40 111 5.46728e-08
41 111 2.9295e-07
42 111 2.32533e-07
43 111 8.46303e-08
44 111 3.46172e-08
45 111 9.19449e-08
46 111 6.13782e-10
47 111 2.78441e-10
48 111 1.76696e-07
49 111 1.1446e-07
50 111 1.56234e-07
51 111 1.00064e-07
52 111 1.4699e-07
53 111 3.85772e-08
54 111 5.53267e-08
55 111 1.83312e-07
56 111 3.73255e-07
57 111 3.14812e-08
58 111 1.00847e-07
59 111 2.3263e-07
60 111 4.34137e-06
61 111 3.37939e-06
62 111 7.02107e-06
63 111 2.95677e-06
64 111 2.6025e-05
65 111 8.5224e-06
66 111 1.04254e-05
67 111 5.04891e-06
68 111 4.79477e-07
69 111 0.000103223
70 111 3.43036e-05
71 111 1.67296e-05
72 111 1.23072e-07
73 111 1.0332e-07
74 111 1.52001e-06
75 111 4.77563e-07
76 111 1.88624e-07
77 111 7.14454e-08
78 111 3.08204e-05
79 111 5.8593e-06
0 112 1.96236e-09
1 112 4.1212e-10
2 112 1.64899e-07
3 112 2.95726e-07
4 112 4.09819e-06
5 112 8.79661e-08
6 112 7.80288e-07
7 112 1.21524e-06
8 112 1.39653e-08
9 112 1.75235e-08
10 112 7.73976e-10
11 112 2.63894e-08
12 112 8.00084e-10
13 112 7.92476e-11
14 112 3.80722e-10
15 112 2.03149e-09
16 112 7.32681e-08
17 112 1.05337e-07
18 112 1.16762e-08
19 112 3.2362e-09
20 112 3.02729e-09
21 112 4.60857e-08
22 112 4.0002e-07
23 112 3.6771e-08
24 112 4.17504e-08
25 112 2.43983e-08
26 112 1.00883e-07
27 112 7.83146e-08
28 112 8.45519e-08
29 112 5.78012e-08
30 112 2.25914e-09
31 112 1.08993e-08
32 112 7.54182e-09
33 112 5.55445e-08
34 112 1.01674e-07
35 112 6.44801e-08
36 112 1.70607e-08
37 112 7.61018e-07
38 112 2.57888e-08
39 112 1.03782e-08
40 112 3.22565e-09
41 112 1.70877e-08
42 112 1.69183e-07
43 112 5.47317e-07
44 112 5.27205e-07
45 112 1.48471e-07
46 112 2.4338e-07
47 112 4.40167e-07
48 112 1.14003e-07
49 112 3.56156e-06
50 112 3.2374e-07
51 112 4.19184e-07
52 112 1.26821e-07
53 112 4.43999e-07
54 112 1.86032e-05
55 112 1.39332e-05
56 112 1.29965e-05
57 112 7.58032e-06
58 112 2.20922e-07
59 112 1.98364e-07
60 112 1.6201e-07
61 112 8.71352e-08
62 112 2.15959e-08
63 112 1.42617e-07
64 112 1.16431e-07
65 112 1.73299e-07
66 112 6.66986e-08
67 112 7.15025e-07
68 112 5.03335e-07
69 112 3.05533e-07
70 112 1.51774e-07
71 112 5.75649e-07
72 112 1.24379e-05
73 112 5.28698e-06
74 112 1.07943e-06
75 112 7.70994e-07
76 112 2.30657e-05
77 112 5.4127e-05
78 112 1.34803e-06
79 112 2.1743e-06
0 113 4.1212e-10
1 113 1.96236e-09
2 113 2.95726e-07
3 113 1.64899e-07
4 113 8.79661e-08
5 113 4.09819e-06
6 113 1.21524e-06
7 113 7.80288e-07
8 113 1.75235e-08
9 113 1.39653e-08
10 113 2.63894e-08
11 113 7.73976e-10
12 113 7.92475e-11
13 113 8.00084e-10
14 113 2.03149e-09
15 113 3.80722e-10
16 113 1.05337e-07
17 113 7.32681e-08
18 113 3.2362e-09
19 113 1.16762e-08
20 113 4.60857e-08
21 113 3.02729e-09
22 113 3.6771e-08
23 113 4.0002e-07
24 113 2.43983e-08
25 113 4.17504e-08
26 113 7.83146e-08
27 113 1.00883e-07
28 113 5.78012e-08
29 113 8.45519e-08
30 113 1.08993e-08
31 113 2.25914e-09
32 113 5.55445e-08
33 113 7.54182e-09
34 113 6.44801e-08
35 113 1.01674e-07
36 113 7.61018e-07
37 113 1.70607e-08
38 113 1.03782e-08
39 113 2.57888e-08
40 113 1.70877e-08
41 113 3.22565e-09
42 113 5.47317e-07
43 113 1.69183e-07
44 113 1.48471e-07
45 113 5.27205e-07
46 113 4.40167e-07
47 113 2.4338e-07
48 113 3.56156e-06
49 113 1.14003e-07
50 113 4.19184e-07
51 113 3.2374e-07
52 113 4.43999e-07
53 113 1.26821e-07
54 113 1.39332e-05
55 113 1.86032e-05
56 113 7.58032e-06
57 113 1.29965e-05
58 113 1.98364e-07
59 113 2.20922e-07
60 113 8.71352e-08
61 113 1.6201e-07
62 113 1.42617e-07
63 113 2.15959e-08
64 113 1.73299e-07
65 113 1.16431e-07
66 113 7.15025e-07
67 113 6.66986e-08
68 113 3.05533e-07
69 113 5.03335e-07
70 113 5.75649e-07
71 113 1.51774e-07
72 113 5.28698e-06
73 113 1.24379e-05
74 113 7.70994e-07
75 113 1.07943e-06
76 113 5.4127e-05
77 113 2.30657e-05
78 113 2.1743e-06
79 113 1.34803e-06
0 114 6.56611e-08
1 114 7.25154e-08
2 114 2.25721e-07
3 114 1.26577e-07
4 114 2.39535e-06
5 114 6.5717e-07
6 114 2.0943e-06
7 114 2.48032e-06
8 114 7.85644e-08
9 114 3.91935e-08
10 114 1.05206e-08
11 114 4.18669e-08
12 114 4.9644e-08
13 114 2.58811e-08
14 114 3.96959e-09
15 114 6.65962e-08
16 114 4.41699e-10
17 114 1.83062e-10
18 114 1.61497e-08
19 114 4.29337e-10
20 114 1.96019e-07
21 114 4.46264e-07
22 114 3.59354e-08
23 114 1.97557e-08
24 114 8.75807e-08
25 114 2.01463e-08
26 114 5.29291e-08
27 114 1.07311e-07
28 114 6.29822e-08
29 114 4.15062e-08
30 114 2.05646e-10
31 114 4.20194e-09
32 114 2.93564e-09
33 114 6.07146e-09
34 114 2.76715e-08
35 114 2.10347e-07
36 114 9.2329e-08
37 114 3.3593e-07
38 114 1.92561e-07
39 114 1.08973e-07
40 114 1.26929e-07
41 114 1.29808e-07
42 114 1.03965e-06
43 114 1.60524e-06
44 114 4.34275e-06
45 114 3.64631e-06
46 114 2.91492e-07
47 114 4.0003e-07
48 114 8.24721e-07
49 114 2.73314e-06
50 114 2.73655e-07
51 114 2.13091e-06
52 114 9.61716e-08
53 114 1.25947e-06
54 114 1.09342e-05
55 114 2.5947e-06
56 114 2.06689e-06
57 114 1.55235e-05
58 114 7.05529e-09
59 114 2.92884e-08
60 114 2.98594e-07
61 114 1.11627e-07
62 114 3.05804e-08
63 114 4.01433e-07
64 114 4.4899e-07
65 114 6.97031e-07
66 114 1.49715e-06
67 114 8.03568e-06
68 114 1.02725e-06
69 114 2.96295e-07
70 114 4.22583e-07
71 114 3.04236e-06
72 114 7.16839e-07
73 114 1.1066e-06
74 114 8.0297e-06
75 114 3.65717e-05
76 114 7.30179e-07
77 114 2.21333e-06
78 114 2.18881e-06
79 114 2.51456e-05
0 115 7.25154e-08
1 115 6.56611e-08
2 115 1.26577e-07
3 115 2.25721e-07
4 115 6.5717e-07
5 115 2.39535e-06
6 115 2.48032e-06
7 115 2.0943e-06
8 115 3.91935e-08
9 115 7.85644e-08
10 115 4.18669e-08
11 115 1.05206e-08
12 115 2.58811e-08
13 115 4.9644e-08
14 115 6.65962e-08
15 115 3.96959e-09
16 115 1.83062e-10
17 115 4.41699e-10
18 115 4.29337e-10
19 115 1.61497e-08
20 115 4.46264e-07
21 115 1.96019e-07
22 115 1.97557e-08
23 115 3.59354e-08
24 115 2.01463e-08
25 115 8.75807e-08
26 115 1.07311e-07
27 115 5.29291e-08
28 115 4.15062e-08
29 115 6.29823e-08
30 115 4.20194e-09
31 115 2.05646e-10
32 115 6.07146e-09
33 115 2.93564e-09
34 115 2.10347e-07
35 115 2.76715e-08
36 115 3.3593e-07
37 115 9.2329e-08
38 115 1.08973e-07
39 115 1.92561e-07
40 115 1.29808e-07
41 115 1.26929e-07
42 115 1.60524e-06
43 115 1.03965e-06
44 115 3.64631e-06
45 115 4.34275e-06
46 115 4.0003e-07
47 115 2.91492e-07
48 115 2.73314e-06
49 115 8.24722e-07
50 115 2.13091e-06
51 115 2.73655e-07
52 115 1.25947e-06
53 115 9.61716e-08
54 115 2.5947e-06
55 115 1.09342e-05
56 115 1.55235e-05
57 115 2.06689e-06
58 115 2.92884e-08
59 115 7.05529e-09
60 115 1.11627e-07
61 115 2.98594e-07
62 115 4.01433e-07
63 115 3.05804e-08
64 115 6.97031e-07
65 115 4.4899e-07
66 115 8.03568e-06
67 115 1.49715e-06
68 115 2.96295e-07
69 115 1.02725e-06
70 115 3.04236e-06
71 115 4.22583e-07
72 115 1.1066e-06
73 115 7.16839e-07
74 115 3.65717e-05
75 115 8.0297e-06
76 115 2.21333e-06
77 115 7.30179e-07
78 115 2.51456e-05
79 115 2.18881e-06
0 116 1.29952e-08
1 116 3.43865e-08
2 116 3.81467e-08
3 116 1.2157e-08
4 116 2.49565e-09
5 116 2.10296e-08
6 116 1.18126e-07
7 116 2.64892e-07
8 116 1.57669e-08
9 116 4.25614e-07
10 116 4.46331e-06
11 116 9.12924e-07
12 116 4.72315e-07
13 116 5.25372e-07
14 116 9.90123e-07
15 116 4.1482e-07
16 116 1.49404e-07
17 116 3.5746e-07
18 116 5.08014e-08
19 116 6.29302e-07
20 116 5.06606e-06
21 116 3.72837e-07
22 116 1.58251e-07
23 116 5.86735e-07
24 116 2.30258e-08
25 116 5.58783e-08
26 116 6.24549e-07
27 116 2.74149e-07
28 116 1.62932e-07
29 116 1.38862e-06
30 116 1.20508e-07
31 116 5.63448e-09
32 116 1.17763e-06
33 116 1.7221e-06
34 116 3.67514e-07
35 116 2.59667e-07
36 116 3.20034e-07
37 116 8.06126e-08
38 116 1.1168e-05
39 116 3.8084e-06
40 116 1.12498e-08
41 116 4.71274e-08
42 116 1.49851e-08
43 116 2.45787e-08
44 116 3.66106e-07
45 116 3.4916e-07
46 116 3.52856e-08
47 116 9.50309e-08
48 116 5.64178e-08
49 116 7.11156e-08
50 116 1.02409e-07
51 116 9.07317e-08
52 116 3.59884e-08
53 116 1.66935e-08
54 116 6.68989e-08
55 116 5.07531e-08
56 116 3.46634e-07
57 116 3.22805e-07
58 116 5.83274e-07
59 116 1.59784e-07
60 116 3.95406e-07
61 116 5.35814e-07
62 116 4.13674e-06
63 116 6.96378e-07
64 116 4.35475e-07
65 116 1.26896e-06
66 116 6.6717e-05
67 116 1.33613e-05
68 116 3.27839e-06
69 116 8.04257e-06
70 116 5.76716e-05
71 116 7.08121e-06
72 116 6.18232e-07
73 116 1.73644e-07
74 116 8.48493e-07
75 116 5.70668e-07
76 116 3.72112e-07
77 116 4.94254e-09
78 116 0.000310168
79 116 2.76329e-05
0 117 3.43865e-08
1 117 1.29952e-08
2 117 1.2157e-08
3 117 3.81467e-08
4 117 2.10296e-08
5 117 2.49565e-09
6 117 2.64892e-07
7 117 1.18126e-07
8 117 4.25614e-07
9 117 1.57669e-08
10 117 9.12924e-07
11 117 4.46331e-06
12 117 5.25372e-07
13 117 4.72315e-07
14 117 4.1482e-07
15 117 9.90123e-07
16 117 3.5746e-07
17 117 1.49404e-07
18 117 6.29302e-07
19 117 5.08014e-08
20 117 3.72837e-07
21 117 5.06606e-06
22 117 5.86735e-07
23 117 1.58251e-07
24 117 5.58783e-08
25 117 2.30258e-08
26 117 2.74149e-07
27 117 6.24549e-07
28 117 1.38862e-06
29 117 1.62932e-07
30 117 5.63448e-09
31 117 1.20508e-07
32 117 1.7221e-06
33 117 1.17763e-06
34 117 2.59667e-07
35 117 3.67514e-07
36 117 8.06126e-08
37 117 3.20034e-07
38 117 3.8084e-06
39 117 1.1168e-05
40 117 4.71274e-08
41 117 1.12498e-08
42 117 2.45787e-08
43 117 1.49851e-08
44 117 3.4916e-07
45 117 3.66106e-07
46 117 9.50309e-08
47 117 3.52856e-08
48 117 7.11156e-08
49 117 5.64178e-08
50 117 9.07317e-08
51 117 1.02409e-07
52 117 1.66935e-08
53 117 3.59884e-08
54 117 5.07531e-08
55 117 6.68989e-08
56 117 3.22805e-07
57 117 3.46634e-07
58 117 1.59784e-07
59 117 5.83274e-07
60 117 5.35814e-07
61 117 3.95406e-07
62 117 6.96378e-07
63 117 4.13674e-06
64 117 1.26896e-06
65 117 4.35475e-07
66 117 1.33613e-05
67 117 6.6717e-05
68 117 8.04257e-06
69 117 3.27839e-06
70 117 7.08121e-06
71 117 5.76716e-05
72 117 1.73644e-07
73 117 6.18232e-07
74 117 5.70668e-07
75 117 8.48493e-07
76 117 4.94254e-09
77 117 3.72112e-07
78 117 2.76329e-05
79 117 0.000310168
0 118 5.30829e-09
1 118 2.63939e-09
2 118 3.85086e-09
3 118 3.50254e-09
4 118 4.30542e-08
5 118 1.95987e-09
6 118 2.04628e-09
7 118 3.26867e-08
8 118 4.86681e-07
9 118 1.6434e-06
10 118 4.6473e-07
11 118 3.92805e-07
12 118 6.86995e-06
13 118 5.1112e-07
14 118 1.45415e-06
15 118 9.18742e-07
16 118 9.99557e-08
17 118 1.06205e-07
18 118 8.81248e-07
19 118 4.87555e-07
20 118 1.93503e-08
21 118 4.49009e-08
22 118 4.18843e-07
23 118 8.35505e-09
24 118 1.23815e-05
25 118 1.79622e-06
26 118 7.64972e-07
27 118 6.61891e-06
28 118 9.72148e-07
29 118 4.63885e-06
30 118 1.02157e-06
31 118 2.1843e-06
32 118 7.45983e-07
33 118 6.97527e-07
34 118 1.12696e-06
35 118 2.90242e-07
36 118 3.29456e-06
37 118 1.37931e-05
38 118 1.8907e-07
39 118 3.55671e-07
40 118 3.1697e-10
41 118 4.63183e-09
42 118 3.22088e-08
43 118 2.81383e-09
44 118 1.5209e-12
45 118 3.93575e-12
46 118 9.18414e-09
47 118 2.04427e-09
48 118 3.93296e-09
49 118 9.20291e-10
50 118 1.76226e-08
51 118 1.65309e-08
52 118 3.64389e-08
53 118 1.39307e-07
54 118 7.37018e-08
55 118 1.52129e-08
56 118 2.58857e-08
57 118 6.17469e-08
58 118 3.3384e-09
59 118 7.313e-08
60 118 9.57783e-06
61 118 5.29752e-06
62 118 1.48201e-07
63 118 2.78239e-07
64 118 1.3804e-06
65 118 6.44363e-06
66 118 2.78552e-07
67 118 1.94085e-06
68 118 2.53609e-05
69 118 2.73501e-05
70 118 3.96999e-07
71 118 5.37827e-06
72 118 8.86338e-09
73 118 4.08439e-07
74 118 5.72598e-08
75 118 3.83313e-08
76 118 3.32033e-09
77 118 4.66273e-09
78 118 1.31269e-06
79 118 5.85621e-06
0 119 2.63939e-09
1 119 5.3083e-09
2 119 3.50254e-09
3 119 3.85086e-09
4 119 1.95987e-09
5 119 4.30542e-08
6 119 3.26867e-08
7 119 2.04628e-09
8 119 1.6434e-06
9 119 4.86681e-07
10 119 3.92805e-07
11 119 4.6473e-07
12 119 5.1112e-07
13 119 6.86995e-06
14 119 9.18742e-07
15 119 1.45415e-06
16 119 1.06205e-07
17 119 9.99557e-08
18 119 4.87555e-07
19 119 8.81248e-07
20 119 4.49009e-08
21 119 1.93503e-08
22 119 8.35505e-09
23 119 4.18843e-07
24 119 1.79622e-06
25 119 1.23815e-05
26 119 6.61891e-06
27 119 7.64972e-07
28 119 4.63885e-06
29 119 9.72148e-07
30 119 2.1843e-06
31 119 1.02157e-06
32 119 6.97527e-07
33 119 7.45983e-07
34 119 2.90242e-07
35 119 1.12696e-06
36 119 1.37931e-05
37 119 3.29456e-06
38 119 3.55671e-07
39 119 1.8907e-07
40 119 4.63183e-09
41 119 3.1697e-10
42 119 2.81383e-09
43 119 3.22088e-08
44 119 3.93575e-12
45 119 1.5209e-12
46 119 2.04427e-09
47 119 9.18414e-09
48 119 9.20291e-10
49 119 3.93296e-09
50 119 1.65309e-08
51 119 1.76226e-08
52 119 1.39307e-07
53 119 3.64389e-08
54 119 1.52129e-08
55 119 7.37018e-08
56 119 6.17469e-08
57 119 2.58857e-08
58 119 7.313e-08
59 119 3.3384e-09
60 119 5.29752e-06
61 119 9.57783e-06
62 119 2.78239e-07
63 119 1.48201e-07
64 119 6.44363e-06
65 119 1.3804e-06
66 119 1.94085e-06
67 119 2.78552e-07
68 119 2.73501e-05
69 119 2.53609e-05
70 119 5.37827e-06
71 119 3.96999e-07
72 119 4.08439e-07
73 119 8.86338e-09
74 119 3.83313e-08
75 119 5.72598e-08
76 119 4.66273e-09
77 119 3.32033e-09
78 119 5.85621e-06
79 119 1.31269e-06
0 120 1.33063e-08
1 120 2.90563e-09
2 120 9.76272e-09
3 120 6.59867e-09
4 120 1.40476e-08
5 120 1.98988e-08
6 120 9.00683e-09
7 120 6.11889e-08
8 120 2.16768e-08
9 120 4.48726e-09
10 120 1.99685e-06
11 120 2.3901e-06
12 120 9.74825e-08
13 120 1.42208e-07
14 120 2.99247e-07
15 120 4.78373e-07
16 120 2.26298e-08
17 120 4.71903e-09
18 120 4.31929e-08
19 120 9.83591e-09
20 120 6.83134e-08
21 120 1.49403e-06
22 120 1.61778e-07
23 120 6.10927e-07
24 120 5.28455e-07
25 120 2.12824e-07
26 120 1.50631e-08
27 120 6.24298e-08
28 120 3.61714e-07
29 120 1.90266e-08
30 120 3.89196e-08
31 120 1.18473e-07
32 120 9.55322e-07
33 120 1.46203e-06
34 120 6.62428e-07
35 120 2.32582e-06
36 120 7.21634e-08
37 120 1.42874e-06
38 120 2.63402e-06
39 120 1.17591e-05
40 120 3.04296e-09
41 120 3.55075e-09
42 120 3.8194e-08
43 120 4.1732e-07
44 120 3.75123e-09
45 120 3.03814e-08
46 120 1.66632e-08
47 120 1.08041e-08
48 120 3.23915e-09
49 120 3.33122e-08
50 120 3.60857e-08
51 120 3.60076e-08
52 120 1.34582e-09
53 120 6.35796e-09
54 120 4.74246e-08
55 120 1.32618e-08
56 120 2.6048e-09
57 120 1.21308e-07
58 120 2.42105e-08
59 120 1.10051e-08
60 120 9.16516e-08
61 120 1.37488e-07
62 120 1.4547e-07
63 120 6.45461e-07
64 120 4.55908e-07
65 120 2.03943e-07
66 120 1.67472e-06
67 120 2.61807e-05
68 120 1.10698e-05
69 120 3.83396e-06
70 120 9.28845e-07
71 120 3.78588e-05
72 120 2.20498e-07
73 120 3.69142e-08
74 120 2.45998e-08
75 120 8.99732e-07
76 120 1.05073e-07
77 120 1.13162e-07
78 120 5.08694e-05
79 120 0.000106618
0 121 2.90564e-09
1 121 1.33063e-08
2 121 6.59867e-09
3 121 9.76272e-09
4 121 1.98988e-08
5 121 1.40476e-08
6 121 6.11889e-08
7 121 9.00683e-09
8 121 4.48726e-09
9 121 2.16768e-08
10 121 2.3901e-06
11 121 1.99685e-06
12 121 1.42208e-07
13 121 9.74825e-08
14 121 4.78373e-07
15 121 2.99247e-07
16 121 4.71903e-09
17 121 2.26298e-08
18 121 9.83591e-09
19 121 4.31929e-08
20 121 1.49403e-06
21 121 6.83134e-08
22 121 6.10927e-07
23 121 1.61778e-07
24 121 2.12824e-07
25 121 5.28455e-07
26 121 6.24298e-08
27 121 1.50631e-08
28 121 1.90266e-08
29 121 3.61714e-07
30 121 1.18473e-07
31 121 3.89196e-08
32 121 1.46203e-06
33 121 9.55322e-07
34 121 2.32582e-06
35 121 6.62428e-07
36 121 1.42874e-06
37 121 7.21634e-08
38 121 1.17591e-05
39 121 2.63402e-06
40 121 3.55075e-09
41 121 3.04296e-09
42 121 4.1732e-07
43 121 3.8194e-08
44 121 3.03814e-08
45 121 3.75123e-09
46 121 1.08041e-08
47 121 1.66632e-08
48 121 3.33122e-08
49 121 3.23915e-09
50 121 3.60076e-08
51 121 3.60857e-08
52 121 6.35797e-09
53 121 1.34582e-09
54 121 1.32618e-08
55 121 4.74246e-08
56 121 1.21308e-07
57 121 2.6048e-09
58 121 1.10051e-08
59 121 2.42105e-08
60 121 1.37488e-07
61 121 9.16516e-08
62 121 6.45461e-07
63 121 1.4547e-07
64 121 2.03943e-07
65 121 4.55908e-07
66 121 2.61807e-05
67 121 1.67472e-06
68 121 3.83396e-06
69 121 1.10698e-05
70 121 3.78588e-05
71 121 9.28845e-07
72 121 3.69142e-08
73 121 2.20498e-07
74 121 8.99732e-07
75 121 2.45998e-08
76 121 1.13162e-07
77 121 1.05073e-07
78 121 0.000106618
79 121 5.08694e-05
0 122 3.40338e-09
1 122 4.46871e-10
2 122 1.26348e-08
3 122 6.68226e-08
4 122 7.94979e-08
5 122 1.72984e-07
6 122 2.34801e-07
7 122 1.21293e-07
8 122 5.26285e-08
9 122 5.17304e-08
10 122 2.5262e-08
11 122 1.45947e-07
12 122 1.14342e-07
13 122 4.53354e-07
14 122 1.83739e-07
15 122 2.64367e-07
16 122 1.20506e-07
17 122 3.49717e-07
18 122 2.74323e-07
19 122 1.37885e-07
20 122 7.87542e-09
21 122 2.32751e-07
22 122 1.53037e-07
23 122 5.37935e-07
24 122 4.48237e-07
25 122 4.81208e-07
26 122 3.12774e-07
27 122 9.41244e-08
28 122 1.9502e-08
29 122 5.40667e-08
30 122 2.93105e-07
31 122 4.22826e-07
32 122 4.16844e-10
33 122 1.1512e-07
34 122 5.40449e-06
35 122 1.93603e-06
36 122 3.64294e-06
37 122 1.79009e-06
38 122 2.0644e-08
39 122 3.29763e-08
40 122 1.17742e-07
41 122 6.25439e-09
42 122 4.9251e-08
43 122 5.66586e-08
44 122 2.41702e-07
45 122 9.19382e-09
46 122 2.75466e-08
47 122 1.60674e-08
48 122 4.04632e-08
49 122 6.41303e-09
50 122 1.27494e-07
51 122 2.96419e-08
52 122 5.22756e-10
53 122 2.54992e-10
54 122 2.21476e-07
55 122 2.08848e-09
56 122 7.52013e-08
57 122 1.01873e-07
58 122 3.98136e-08
59 122 9.04079e-08
60 122 6.40188e-07
61 122 1.84994e-06
62 122 9.56742e-07
63 122 1.09179e-06
64 122 6.78648e-07
65 122 1.38529e-06
66 122 1.3137e-07
67 122 1.22327e-06
68 122 2.62745e-07
69 122 1.12481e-07
70 122 1.83886e-07
71 122 7.41129e-08
72 122 7.30969e-08
73 122 2.2555e-08
74 122 5.41784e-08
75 122 5.31522e-07
76 122 1.63791e-07
77 122 7.60901e-08
78 122 3.04155e-08
79 122 1.62451e-07
0 123 4.46871e-10
1 123 3.40338e-09
2 123 6.68226e-08
3 123 1.26348e-08
4 123 1.72985e-07
5 123 7.94979e-08
6 123 1.21293e-07
7 123 2.34801e-07
8 123 5.17304e-08
9 123 5.26285e-08
10 123 1.45947e-07
11 123 2.5262e-08
12 123 4.53354e-07
13 123 1.14342e-07
14 123 2.64367e-07
15 123 1.83739e-07
16 123 3.49717e-07
17 123 1.20506e-07
18 123 1.37885e-07
19 123 2.74323e-07
20 123 2.32751e-07
21 123 7.87542e-09
22 123 5.37935e-07
23 123 1.53037e-07
24 123 4.81208e-07
25 123 4.48237e-07
26 123 9.41244e-08
27 123 3.12774e-07
28 123 5.40667e-08
29 123 1.9502e-08
30 123 4.22826e-07
31 123 2.93105e-07
32 123 1.1512e-07
33 123 4.16845e-10
34 123 1.93603e-06
35 123 5.40449e-06
36 123 1.79009e-06
37 123 3.64294e-06
38 123 3.29763e-08
39 123 2.0644e-08
40 123 6.25439e-09
41 123 1.17742e-07
42 123 5.66586e-08
43 123 4.9251e-08
44 123 9.19382e-09
45 123 2.41702e-07
46 123 1.60674e-08
47 123 2.75466e-08
48 123 6.41303e-09
49 123 4.04632e-08
50 123 2.96419e-08
51 123 1.27494e-07
52 123 2.54992e-10
53 123 5.22756e-10
54 123 2.08848e-09
55 123 2.21476e-07
56 123 1.01873e-07
57 123 7.52013e-08
58 123 9.04079e-08
59 123 3.98136e-08
60 123 1.84994e-06
61 123 6.40188e-07
62 123 1.09179e-06
63 123 9.56742e-07
64 123 1.38529e-06
65 123 6.78648e-07
66 123 1.22327e-06
67 123 1.3137e-07
68 123 1.12481e-07
69 123 2.62745e-07
70 123 7.41129e-08
71 123 1.83886e-07
72 123 2.2555e-08
73 123 7.30969e-08
74 123 5.31522e-07
75 123 5.41784e-08
76 123 7.60901e-08
77 123 1.63791e-07
78 123 1.62451e-07
79 123 3.04156e-08
0 124 1.4645e-08
1 124 1.8249e-08
2 124 3.56056e-08
3 124 9.47e-10
4 124 2.27495e-07
5 124 1.82329e-08
6 124 3.70392e-07
7 124 9.58583e-08
8 124 1.37355e-07
9 124 5.07148e-08
10 124 4.41083e-07
11 124 5.92641e-07
12 124 4.46905e-09
13 124 2.30122e-09
14 124 1.20696e-08
15 124 4.25619e-09
16 124 1.95546e-07
17 124 5.59752e-07
18 124 9.40048e-08
19 124 7.16856e-08
20 124 2.32629e-07
21 124 1.31228e-07
22 124 3.36039e-08
23 124 6.60512e-09
24 124 3.58422e-08
25 124 5.39245e-08
26 124 1.10734e-07
27 124 7.26951e-07
28 124 6.13412e-08
29 124 2.91135e-08
30 124 9.24478e-08
31 124 1.03339e-07
32 124 6.19551e-08
33 124 4.45703e-07
34 124 1.52381e-06
35 124 3.79615e-06
36 124 1.81911e-06
37 124 3.07736e-06
38 124 2.61273e-06
39 124 3.36917e-07
40 124 8.34279e-10
41 124 2.06109e-08
42 124 5.00961e-09
43 124 3.31511e-08
44 124 8.01321e-08
45 124 1.42634e-07
46 124 4.42397e-09
47 124 5.6822e-08
48 124 5.54438e-08
49 124 2.12633e-07
50 124 7.56451e-09
51 124 7.48779e-08
52 124 2.2442e-08
53 124 1.21444e-07
54 124 2.88905e-08
55 124 3.00795e-08
56 124 2.88445e-08
57 124 1.53726e-07
58 124 1.05256e-08
59 124 1.96775e-08
60 124 2.78144e-07
61 124 4.27885e-08
62 124 5.55114e-07
63 124 8.36382e-07
64 124 7.13093e-07
65 124 1.9676e-07
66 124 4.82501e-06
67 124 5.96003e-06
68 124 2.10778e-07
69 124 8.44241e-07
70 124 4.23064e-06
71 124 3.2895e-06
72 124 1.61026e-07
73 124 1.92721e-07
74 124 1.64385e-07
75 124 1.56575e-07
76 124 4.26748e-07
77 124 6.04881e-07
78 124 1.66642e-05
79 124 1.37135e-05
0 125 1.8249e-08
1 125 1.4645e-08
2 125 9.46999e-10
3 125 3.56056e-08
4 125 1.82329e-08
5 125 2.27495e-07
6 125 9.58583e-08
7 125 3.70392e-07
8 125 5.07148e-08
9 125 1.37355e-07
10 125 5.92641e-07
11 125 4.41083e-07
12 125 2.30122e-09
13 125 4.46905e-09
14 125 4.25619e-09
15 125 1.20696e-08
16 125 5.59752e-07
17 125 1.95546e-07
18 125 7.16856e-08
19 125 9.40048e-08
20 125 1.31228e-07
21 125 2.32629e-07
22 125 6.60512e-09
23 125 3.36039e-08
24 125 5.39245e-08
25 125 3.58422e-08
26 125 7.26951e-07
27 125 1.10734e-07
28 125 2.91135e-08
29 125 6.13412e-08
30 125 1.03339e-07
31 125 9.24478e-08
32 125 4.45703e-07
33 125 6.19551e-08
34 125 3.79615e-06
35 125 1.52381e-06
36 125 3.07736e-06
37 125 1.81911e-06
38 125 3.36917e-07
39 125 2.61273e-06
40 125 2.06109e-08
41 125 8.34279e-10
42 125 3.31511e-08
43 125 5.0096e-09
44 125 1.42634e-07
45 125 8.01321e-08
46 125 5.6822e-08
47 125 4.42397e-09
48 125 2.12633e-07
49 125 5.54438e-08
50 125 7.48779e-08
51 125 7.56451e-09
52 125 1.21444e-07
53 125 2.2442e-08
54 125 3.00795e-08
55 125 2.88905e-08
56 125 1.53726e-07
57 125 2.88445e-08
58 125 1.96775e-08
59 125 1.05256e-08
60 125 4.27885e-08
61 125 2.78144e-07
62 125 8.36382e-07
63 125 5.55114e-07
64 125 1.9676e-07
65 125 7.13093e-07
66 125 5.96003e-06
67 125 4.82501e-06
68 125 8.44241e-07
69 125 2.10778e-07
70 125 3.2895e-06
71 125 4.23064e-06
72 125 1.92721e-07
73 125 1.61026e-07
74 125 1.56575e-07
75 125 1.64385e-07
76 125 6.04881e-07
77 125 4.26748e-07
78 125 1.37135e-05
79 125 1.66642e-05
0 126 1.77351e-06
1 126 6.24205e-07
2 126 1.21512e-06
3 126 7.97618e-06
4 126 4.92918e-08
5 126 1.61045e-07
6 126 9.13042e-07
7 126 6.96859e-08
8 126 3.77447e-07
9 126 1.48862e-07
10 126 3.85609e-09
11 126 6.67494e-09
12 126 5.50739e-09
13 126 9.35039e-08
14 126 1.13934e-08
15 126 1.57293e-08
16 126 5.7945e-09
17 126 5.79412e-09
18 126 1.35532e-07
19 126 2.69227e-07
20 126 1.48386e-07
21 126 4.59791e-08
22 126 3.67802e-07
23 126 6.61653e-08
24 126 4.48932e-09
25 126 2.6626e-09
26 126 4.10368e-08
27 126 5.29128e-08
28 126 1.1913e-08
29 126 5.47248e-08
30 126 7.68369e-07
31 126 5.10584e-07
32 126 1.62594e-08
33 126 1.84587e-07
34 126 5.51393e-08
35 126 1.273e-07
36 126 4.36225e-08
37 126 9.54787e-08
38 126 1.48016e-08
39 126 3.43276e-07
40 126 8.72008e-08
41 126 1.46092e-08
42 126 8.14369e-07
43 126 2.62103e-06
44 126 2.86223e-06
45 126 2.13765e-07
46 126 1.66738e-08
47 126 1.82761e-08
48 126 2.96123e-07
49 126 1.05214e-07
50 126 4.90912e-06
51 126 6.20006e-07
52 126 8.14454e-08
53 126 6.58274e-08
54 126 3.1478e-07
55 126 1.99418e-07
56 126 5.29806e-08
57 126 2.23412e-07
58 126 4.32294e-06
59 126 6.68001e-07
60 126 5.90616e-06
61 126 2.19679e-06
62 126 2.2932e-06
63 126 1.20449e-06
64 126 2.02522e-06
65 126 2.96442e-07
66 126 6.57464e-07
67 126 5.45452e-07
68 126 1.34736e-07
69 126 6.92525e-08
70 126 3.98766e-07
71 126 9.76017e-07
72 126 6.50691e-06
73 126 1.6815e-06
74 126 6.02521e-08
75 126 2.96786e-07
76 126 1.01535e-06
77 126 6.43405e-08
78 126 2.33609e-06
79 126 1.34409e-06
0 127 6.24205e-07
1 127 1.77351e-06
2 127 7.97618e-06
3 127 1.21512e-06
4 127 1.61045e-07
5 127 4.92918e-08
6 127 6.96859e-08
7 127 9.13042e-07
8 127 1.48862e-07
9 127 3.77447e-07
10 127 6.67494e-09
11 127 3.85609e-09
12 127 9.35039e-08
13 127 5.50739e-09
14 127 1.57293e-08
15 127 1.13934e-08
16 127 5.79412e-09
17 127 5.7945e-09
18 127 2.69227e-07
19 127 1.35532e-07
20 127 4.59791e-08
21 127 1.48386e-07
22 127 6.61653e-08
23 127 3.67802e-07
24 127 2.6626e-09
25 127 4.48932e-09
26 127 5.29128e-08
27 127 4.10368e-08
28 127 5.47248e-08
29 127 1.1913e-08
30 127 5.10584e-07
31 127 7.68369e-07
32 127 1.84587e-07
33 127 1.62594e-08
34 127 1.273e-07
35 127 5.51393e-08
36 127 9.54787e-08
37 127 4.36225e-08
38 127 3.43276e-07
39 127 1.48016e-08
40 127 1.46092e-08
41 127 8.72008e-08
42 127 2.62103e-06
43 127 8.14369e-07
44 127 2.13765e-07
45 127 2.86223e-06
46 127 1.82761e-08
47 127 1.66738e-08
48 127 1.05214e-07
49 127 2.96123e-07
50 127 6.20006e-07
51 127 4.90912e-06
52 127 6.58274e-08
53 127 8.14454e-08
54 127 1.99418e-07
55 127 3.1478e-07
56 127 2.23412e-07
57 127 5.29806e-08
58 127 6.68001e-07
59 127 4.32294e-06
60 127 2.19679e-06
61 127 5.90615e-06
62 127 1.20449e-06
63 127 2.2932e-06
64 127 2.96442e-07
65 127 2.02522e-06
66 127 5.45452e-07
67 127 6.57464e-07
68 127 6.92525e-08
69 127 1.34736e-07
70 127 9.76017e-07
71 127 3.98766e-07
72 127 1.6815e-06
73 127 6.50691e-06
74 127 2.96786e-07
75 127 6.02521e-08
76 127 6.43405e-08
77 127 1.01535e-06
78 127 1.34409e-06
79 127 2.33609e-06
0 128 2.10377e-07
1 128 3.88751e-08
2 128 3.05269e-07
3 128 4.75831e-07
4 128 2.80131e-08
5 128 4.92438e-08
6 128 6.392e-08
7 128 9.66307e-08
8 128 2.06468e-06
9 128 3.4873e-06
10 128 2.4793e-08
11 128 4.74816e-08
12 128 7.30521e-07
13 128 9.4415e-08
14 128 2.48709e-10
15 128 1.48372e-09
16 128 1.33921e-07
17 128 8.55709e-08
18 128 2.80578e-06
19 128 7.99468e-07
20 128 1.55462e-06
21 128 2.36563e-06
22 128 2.16903e-06
23 128 2.71381e-07
24 128 3.73024e-08
25 128 3.2614e-09
26 128 5.43234e-08
27 128 3.2362e-07
28 128 7.54425e-07
29 128 1.92323e-06
30 128 2.50112e-06
31 128 1.10771e-05
32 128 4.08148e-07
33 128 1.51624e-06
34 128 3.55555e-07
35 128 6.07747e-07
36 128 1.19843e-07
37 128 1.57501e-06
38 128 5.77108e-08
39 128 6.97453e-08
40 128 2.1564e-08
41 128 7.92162e-08
42 128 4.74748e-08
43 128 1.21414e-07
44 128 5.90366e-08
45 128 6.58557e-07
46 128 5.65779e-09
47 128 2.49897e-09
48 128 7.58728e-08
49 128 1.33263e-07
50 128 2.23897e-07
51 128 1.13224e-07
52 128 6.7108e-11
53 128 7.17959e-09
54 128 5.11e-08
55 128 3.57629e-08
56 128 6.59057e-09
57 128 1.2606e-07
58 128 1.00176e-07
59 128 1.23179e-06
60 128 5.52798e-05
61 128 2.56189e-05
62 128 4.86525e-06
63 128 1.9406e-05
64 128 2.98946e-06
65 128 2.18184e-05
66 128 1.95073e-08
67 128 7.85574e-07
68 128 1.01602e-06
69 128 8.42395e-07
70 128 1.88366e-07
71 128 1.59109e-07
72 128 1.2938e-07
73 128 1.13963e-06
74 128 2.75912e-07
75 128 1.93262e-07
76 128 1.19932e-07
77 128 4.26889e-07
78 128 8.86714e-07
79 128 1.44441e-06
0 129 3.88751e-08
1 129 2.10377e-07
2 129 4.75831e-07
3 129 3.05269e-07
4 129 4.92438e-08
5 129 2.80131e-08
6 129 9.66307e-08
7 129 6.392e-08
8 129 3.4873e-06
9 129 2.06468e-06
10 129 4.74816e-08
11 129 2.4793e-08
12 129 9.4415e-08
13 129 7.30521e-07
14 129 1.48372e-09
15 129 2.48709e-10
16 129 8.55709e-08
17 129 1.33921e-07
18 129 7.99468e-07
19 129 2.80578e-06
20 129 2.36563e-06
21 129 1.55462e-06
22 129 2.71381e-07
23 129 2.16903e-06
24 129 3.2614e-09
25 129 3.73024e-08
26 129 3.2362e-07
27 129 5.43234e-08
28 129 1.92323e-06
29 129 7.54425e-07
30 129 1.10771e-05
31 129 2.50112e-06
32 129 1.51624e-06
33 129 4.08148e-07
34 129 6.07747e-07
35 129 3.55555e-07
36 129 1.57501e-06
37 129 1.19843e-07
38 129 6.97453e-08
39 129 5.77108e-08
40 129 7.92162e-08
41 129 2.1564e-08
42 129 1.21414e-07
43 129 4.74748e-08
44 129 6.58557e-07
45 129 5.90366e-08
46 129 2.49897e-09
47 129 5.65779e-09
48 129 1.33263e-07
49 129 7.58728e-08
50 129 1.13224e-07
51 129 2.23897e-07
52 129 7.17959e-09
53 129 6.7108e-11
54 129 3.57629e-08
55 129 5.11e-08
56 129 1.2606e-07
57 129 6.59057e-09
58 129 1.23179e-06
59 129 1.00176e-07
60 129 2.56189e-05
61 129 5.52798e-05
62 129 1.9406e-05
63 129 4.86525e-06
64 129 2.18184e-05
65 129 2.98946e-06
66 129 7.85574e-07
67 129 1.95073e-08
68 129 8.42395e-07
69 129 1.01602e-06
70 129 1.59109e-07
71 129 1.88366e-07
72 129 1.13963e-06
73 129 1.2938e-07
74 129 1.93262e-07
75 129 2.75912e-07
76 129 4.26889e-07
77 129 1.19932e-07
78 129 1.44441e-06
79 129 8.86714e-07
0 130 3.37859e-09
1 130 9.59383e-10
2 130 1.51002e-07
3 130 3.21663e-07
4 130 1.26066e-07
5 130 1.28233e-07
6 130 1.82964e-06
7 130 9.27407e-07
8 130 4.75505e-09
9 130 2.42753e-09
10 130 5.18884e-09
11 130 3.56131e-08
12 130 4.0194e-10
13 130 5.02141e-11
14 130 1.91778e-10
15 130 7.39411e-09
16 130 5.69851e-09
17 130 3.4432e-10
18 130 8.56738e-08
19 130 1.35839e-08
20 130 1.33545e-08
21 130 1.27025e-07
22 130 1.12821e-09
23 130 1.10864e-09
24 130 1.84673e-08
25 130 1.16711e-08
26 130 5.82375e-10
27 130 3.56919e-09
28 130 9.28488e-09
29 130 2.40926e-10
30 130 1.69691e-09
31 130 1.2437e-08
32 130 4.09283e-08
33 130 5.15272e-08
34 130 5.56195e-08
35 130 4.1781e-08
36 130 1.71196e-11
37 130 3.84697e-09
38 130 4.61827e-08
39 130 2.43003e-07
40 130 3.24142e-08
41 130 7.70978e-08
42 130 1.10105e-06
43 130 1.1519e-06
44 130 7.0741e-07
45 130 3.85388e-06
46 130 1.37606e-06
47 130 2.16665e-06
48 130 1.23854e-07
49 130 5.72202e-07
50 130 2.49734e-06
51 130 3.02073e-06
52 130 3.5347e-08
53 130 4.35893e-07
54 130 1.30863e-06
55 130 2.67908e-06
56 130 1.61769e-06
57 130 2.14997e-05
58 130 1.31602e-08
59 130 5.97187e-07
60 130 8.33737e-08
61 130 9.51087e-08
62 130 1.17216e-08
63 130 5.76002e-08
64 130 5.58754e-08
65 130 3.19729e-08
66 130 1.82858e-09
67 130 4.06521e-09
68 130 1.04477e-08
69 130 4.33196e-09
70 130 1.08149e-08
71 130 9.06521e-08
72 130 2.00353e-07
73 130 5.12277e-08
74 130 2.81878e-06
75 130 7.04404e-06
76 130 6.27757e-08
77 130 8.60151e-06
78 130 3.65964e-08
79 130 1.22538e-07
0 131 9.59384e-10
1 131 3.37859e-09
2 131 3.21663e-07
3 131 1.51002e-07
4 131 1.28233e-07
5 131 1.26066e-07
6 131 9.27407e-07
7 131 1.82964e-06
8 131 2.42753e-09
9 131 4.75505e-09
10 131 3.56131e-08
11 131 5.18884e-09
12 131 5.02141e-11
13 131 4.01941e-10
14 131 7.39411e-09
15 131 1.91778e-10
16 131 3.4432e-10
17 131 5.69851e-09
18 131 1.35839e-08
19 131 8.56738e-08
20 131 1.27025e-07
21 131 1.33545e-08
22 131 1.10865e-09
23 131 1.12821e-09
24 131 1.16711e-08
25 131 1.84673e-08
26 131 3.56919e-09
27 131 5.82375e-10
28 131 2.40926e-10
29 131 9.28488e-09
30 131 1.2437e-08
31 131 1.69691e-09
32 131 5.15272e-08
33 131 4.09283e-08
34 131 4.1781e-08
35 131 5.56195e-08
36 131 3.84697e-09
37 131 1.71197e-11
38 131 2.43003e-07
39 131 4.61827e-08
40 131 7.70978e-08
41 131 3.24142e-08
42 131 1.1519e-06
43 131 1.10105e-06
44 131 3.85388e-06
45 131 7.0741e-07
46 131 2.16665e-06
47 131 1.37606e-06
48 131 5.72202e-07
49 131 1.23854e-07
50 131 3.02073e-06
51 131 2.49734e-06
52 131 4.35893e-07
53 131 3.5347e-08
54 131 2.67908e-06
55 131 1.30863e-06
56 131 2.14997e-05
57 131 1.61769e-06
58 131 5.97187e-07
59 131 1.31602e-08
60 131 9.51087e-08
61 131 8.33737e-08
62 131 5.76002e-08
63 131 1.17216e-08
64 131 3.19729e-08
65 131 5.58754e-08
66 131 4.06521e-09
67 131 1.82858e-09
68 131 4.33196e-09
69 131 1.04477e-08
70 131 9.06521e-08
71 131 1.08149e-08
72 131 5.12277e-08
73 131 2.00353e-07
74 131 7.04404e-06
75 131 2.81878e-06
76 131 8.60151e-06
77 131 6.27757e-08
78 131 1.22538e-07
79 131 3.65964e-08
0 132 7.6344e-09
1 132 4.77216e-09
2 132 3.91856e-09
3 132 1.77104e-09
4 132 2.84945e-09
5 132 3.32776e-09
6 132 8.88171e-08
7 132 2.05612e-07
8 132 9.99275e-11
9 132 5.04777e-09
10 132 2.06448e-07
11 132 4.14003e-09
12 132 2.94968e-09
13 132 2.13725e-08
14 132 1.03422e-07
15 132 3.53803e-08
16 132 1.37468e-09
17 132 2.17737e-08
18 132 1.57372e-09
19 132 1.08309e-08
20 132 3.20008e-08
21 132 2.9675e-08
22 132 2.52188e-08
23 132 6.75082e-08
24 132 3.75278e-09
25 132 6.61082e-09
26 132 1.83898e-08
27 132 7.84294e-09
28 132 1.08656e-08
29 132 3.27651e-08
30 132 3.00847e-09
31 132 2.74183e-10
32 132 2.56493e-07
33 132 3.7795e-07
34 132 5.72968e-08
35 132 1.77483e-09
36 132 6.3921e-09
37 132 1.13151e-11
38 132 3.9874e-07
39 132 6.22806e-07
40 132 1.89796e-06
41 132 1.23412e-06
42 132 9.48872e-07
43 132 2.99727e-06
44 132 2.29356e-06
45 132 7.37042e-07
46 132 9.72531e-08
47 132 2.88292e-07
48 132 8.00187e-08
49 132 1.41277e-07
50 132 3.35254e-07
51 132 3.96888e-07
52 132 6.45166e-07
53 132 4.41907e-07
54 132 3.19131e-07
55 132 7.64242e-07
56 132 9.25016e-07
57 132 8.05575e-07
58 132 7.6334e-07
59 132 8.90432e-08
60 132 4.62465e-09
61 132 2.85389e-07
62 132 1.16159e-07
63 132 6.00362e-09
64 132 4.6023e-08
65 132 1.09722e-07
66 132 1.00763e-07
67 132 7.46118e-08
68 132 1.67812e-09
69 132 5.56476e-09
70 132 3.29036e-09
71 132 9.78276e-10
72 132 2.78375e-07
73 132 1.30759e-07
74 132 3.47342e-06
75 132 3.1546e-06
76 132 2.11221e-06
77 132 3.54768e-09
78 132 2.49181e-07
79 132 9.60716e-09
0 133 4.77216e-09
1 133 7.6344e-09
2 133 1.77104e-09
3 133 3.91856e-09
4 133 3.32776e-09
5 133 2.84945e-09
6 133 2.05612e-07
7 133 8.88171e-08
8 133 5.04777e-09
9 133 9.99274e-11
10 133 4.14003e-09
11 133 2.06448e-07
12 133 2.13725e-08
13 133 2.94968e-09
14 133 3.53803e-08
15 133 1.03422e-07
16 133 2.17737e-08
17 133 1.37468e-09
18 133 1.08309e-08
19 133 1.57372e-09
20 133 2.9675e-08
21 133 3.20008e-08
22 133 6.75082e-08
23 133 2.52188e-08
24 133 6.61082e-09
25 133 3.75278e-09
26 133 7.84294e-09
27 133 1.83898e-08
28 133 3.27651e-08
29 133 1.08656e-08
30 133 2.74183e-10
31 133 3.00846e-09
32 133 3.7795e-07
33 133 2.56493e-07
34 133 1.77483e-09
35 133 5.72968e-08
36 133 1.13152e-11
37 133 6.3921e-09
38 133 6.22806e-07
39 133 3.9874e-07
40 133 1.23412e-06
41 133 1.89796e-06
42 133 2.99727e-06
43 133 9.48872e-07
44 133 7.37042e-07
45 133 2.29356e-06
46 133 2.88292e-07
47 133 9.72531e-08
48 133 1.41277e-07
49 133 8.00187e-08
50 133 3.96888e-07
51 133 3.35254e-07
52 133 4.41907e-07
53 133 6.45166e-07
54 133 7.64242e-07
55 133 3.19131e-07
56 133 8.05575e-07
57 133 9.25016e-07
58 133 8.90432e-08
59 133 7.6334e-07
60 133 2.85389e-07
61 133 4.62465e-09
62 133 6.00362e-09
63 133 1.16159e-07
64 133 1.09722e-07
65 133 4.6023e-08
66 133 7.46118e-08
67 133 1.00763e-07
68 133 5.56476e-09
69 133 1.67812e-09
70 133 9.78276e-10
71 133 3.29036e-09
72 133 1.30759e-07
73 133 2.78375e-07
74 133 3.1546e-06
75 133 3.47342e-06
76 133 3.54768e-09
77 133 2.11221e-06
78 133 9.60716e-09
79 133 2.49181e-07
0 134 2.30761e-08
1 134 2.37954e-08
2 134 3.68878e-07
3 134 6.09826e-08
4 134 5.56766e-07
5 134 3.66535e-10
6 134 6.6693e-08
7 134 4.39273e-08
8 134 7.06145e-09
9 134 2.14213e-10
10 134 3.85137e-10
11 134 2.53077e-08
12 134 2.63743e-09
13 134 4.39703e-09
14 134 5.44349e-09
15 134 2.24462e-08
16 134 1.03394e-08
17 134 3.96398e-11
18 134 7.22628e-08
19 134 1.58982e-08
20 134 6.54881e-09
21 134 5.57003e-09
22 134 3.47349e-08
23 134 3.15031e-08
24 134 9.16885e-10
25 134 6.70499e-10
26 134 1.61223e-10
27 134 2.50839e-08
28 134 4.31594e-09
29 134 7.19312e-09
30 134 2.67394e-09
31 134 1.13108e-08
32 134 1.32306e-07
33 134 8.10142e-08
34 134 3.29808e-09
35 134 2.04915e-09
36 134 3.00736e-09
37 134 2.98429e-09
38 134 4.87762e-07
39 134 1.18107e-07
40 134 7.10321e-07
41 134 1.6033e-06
42 134 5.37791e-06
43 134 1.23898e-06
44 134 1.76489e-07
45 134 8.61191e-07
46 134 2.96825e-08
47 134 1.82992e-07
48 134 5.38514e-07
49 134 2.17761e-07
50 134 3.04418e-07
51 134 2.57149e-06
52 134 1.7279e-06
53 134 2.81186e-06
54 134 2.29264e-06
55 134 6.17919e-07
56 134 1.04277e-07
57 134 1.20366e-07
58 134 7.68456e-08
59 134 3.57144e-07
60 134 6.51982e-08
61 134 9.03675e-09
62 134 2.89035e-10
63 134 2.98769e-09
64 134 1.75478e-09
65 134 1.08878e-08
66 134 3.02156e-08
67 134 4.03109e-08
68 134 7.01646e-08
69 134 7.63643e-10
70 134 2.87772e-07
71 134 2.74218e-07
72 134 1.48124e-07
73 134 6.5769e-07
74 134 1.97513e-06
75 134 1.04784e-06
76 134 3.04665e-07
77 134 4.22142e-07
78 134 2.78267e-09
79 134 4.52041e-08
0 135 2.37954e-08
1 135 2.30761e-08
2 135 6.09826e-08
3 135 3.68878e-07
4 135 3.66535e-10
5 135 5.56766e-07
6 135 4.39272e-08
7 135 6.6693e-08
8 135 2.14213e-10
9 135 7.06145e-09
10 135 2.53077e-08
11 135 3.85137e-10
12 135 4.39703e-09
13 135 2.63743e-09
14 135 2.24462e-08
15 135 5.44349e-09
16 135 3.96398e-11
17 135 1.03394e-08
18 135 1.58982e-08
19 135 7.22628e-08
20 135 5.57003e-09
21 135 6.54881e-09
22 135 3.15031e-08
23 135 3.47349e-08
24 135 6.70499e-10
25 135 9.16885e-10
26 135 2.50839e-08
27 135 1.61223e-10
28 135 7.19312e-09
29 135 4.31594e-09
30 135 1.13108e-08
31 135 2.67394e-09
32 135 8.10142e-08
33 135 1.32306e-07
34 135 2.04915e-09
35 135 3.29808e-09
36 135 2.98429e-09
37 135 3.00736e-09
38 135 1.18107e-07
39 135 4.87762e-07
40 135 1.6033e-06
41 135 7.10321e-07
42 135 1.23898e-06
43 135 5.37791e-06
44 135 8.61191e-07
45 135 1.76489e-07
46 135 1.82992e-07
47 135 2.96825e-08
48 135 2.17761e-07
49 135 5.38514e-07
50 135 2.57149e-06
51 135 3.04418e-07
52 135 2.81186e-06
53 135 1.7279e-06
54 135 6.17919e-07
55 135 2.29264e-06
56 135 1.20366e-07
57 135 1.04277e-07
58 135 3.57144e-07
59 135 7.68456e-08
60 135 9.03675e-09
61 135 6.51982e-08
62 135 2.98769e-09
63 135 2.89035e-10
64 135 1.08878e-08
65 135 1.75478e-09
66 135 4.03109e-08
67 135 3.02156e-08
68 135 7.63643e-10
69 135 7.01646e-08
70 135 2.74218e-07
71 135 2.87772e-07
72 135 6.5769e-07
73 135 1.48124e-07
74 135 1.04784e-06
75 135 1.97513e-06
76 135 4.22142e-07
77 135 3.04665e-07
78 135 4.52041e-08
79 135 2.78267e-09
0 136 2.71214e-08
1 136 2.7705e-08
2 136 1.97798e-07
3 136 5.43229e-08
4 136 1.59217e-06
5 136 1.32371e-06
6 136 4.02204e-07
7 136 3.35279e-07
8 136 5.54131e-09
9 136 2.97407e-09
10 136 8.18563e-10
11 136 1.38292e-08
12 136 1.49649e-08
13 136 6.48924e-09
14 136 1.2599e-09
15 136 1.52226e-08
16 136 1.39068e-09
17 136 1.11681e-09
18 136 1.16551e-07
19 136 1.28448e-08
20 136 3.93241e-10
21 136 1.6561e-08
22 136 1.04506e-08
23 136 2.97733e-08
24 136 9.58573e-10
25 136 4.38266e-10
26 136 3.77057e-09
27 136 1.10284e-08
28 136 5.93105e-09
29 136 7.35449e-09
30 136 2.35335e-10
31 136 3.88903e-09
32 136 8.96762e-09
33 136 1.42498e-08
34 136 2.07938e-09
35 136 7.19996e-09
36 136 9.32285e-09
37 136 6.12377e-08
38 136 4.54367e-08
39 136 9.33227e-08
40 136 3.42509e-07
41 136 5.4064e-08
42 136 1.71148e-06
43 136 7.90257e-06
44 136 1.88771e-06
45 136 1.31976e-06
46 136 1.2831e-06
47 136 1.83875e-06
48 136 5.22654e-07
49 136 7.13227e-06
50 136 7.46445e-08
51 136 6.81468e-08
52 136 2.01449e-08
53 136 1.1988e-06
54 136 1.77711e-05
55 136 1.08526e-05
56 136 9.98973e-07
57 136 8.83676e-06
58 136 9.58983e-08
59 136 7.21535e-07
60 136 2.76173e-08
61 136 1.05902e-08
62 136 9.16497e-11
63 136 2.35846e-09
64 136 1.04905e-08
65 136 3.09977e-09
66 136 2.91263e-09
67 136 4.39561e-08
68 136 8.19011e-08
69 136 2.40462e-08
70 136 7.51958e-10
71 136 2.18113e-08
72 136 2.21249e-06
73 136 7.76076e-07
74 136 3.4796e-06
75 136 5.71153e-05
76 136 3.86955e-06
77 136 6.79274e-06
78 136 9.7618e-08
79 136 3.04153e-07
0 137 2.7705e-08
1 137 2.71214e-08
2 137 5.43229e-08
3 137 1.97798e-07
4 137 1.32371e-06
5 137 1.59217e-06
6 137 3.35279e-07
7 137 4.02204e-07
8 137 2.97408e-09
9 137 5.5413e-09
10 137 1.38292e-08
11 137 8.18564e-10
12 137 6.48924e-09
13 137 1.49649e-08
14 137 1.52226e-08
15 137 1.2599e-09
16 137 1.11681e-09
17 137 1.39068e-09
18 137 1.28448e-08
19 137 1.16551e-07
20 137 1.6561e-08
21 137 3.93241e-10
22 137 2.97733e-08
23 137 1.04506e-08
24 137 4.38266e-10
25 137 9.58573e-10
26 137 1.10284e-08
27 137 3.77057e-09
28 137 7.35449e-09
29 137 5.93105e-09
30 137 3.88903e-09
31 137 2.35335e-10
32 137 1.42498e-08
33 137 8.96762e-09
34 137 7.19996e-09
35 137 2.07938e-09
36 137 6.12377e-08
37 137 9.32285e-09
38 137 9.33227e-08
39 137 4.54367e-08
40 137 5.4064e-08
41 137 3.42509e-07
42 137 7.90257e-06
43 137 1.71148e-06
44 137 1.31976e-06
45 137 1.88771e-06
46 137 1.83875e-06
47 137 1.28311e-06
48 137 7.13227e-06
49 137 5.22654e-07
50 137 6.81468e-08
51 137 7.46445e-08
52 137 1.1988e-06
53 137 2.01449e-08
54 137 1.08526e-05
55 137 1.77711e-05
56 137 8.83676e-06
57 137 9.98973e-07
58 137 7.21535e-07
59 137 9.58983e-08
60 137 1.05902e-08
61 137 2.76173e-08
62 137 2.35846e-09
63 137 9.16496e-11
64 137 3.09977e-09
65 137 1.04905e-08
66 137 4.39561e-08
67 137 2.91263e-09
68 137 2.40462e-08
69 137 8.19011e-08
70 137 2.18113e-08
71 137 7.51958e-10
72 137 7.76076e-07
73 137 2.21249e-06
74 137 5.71153e-05
75 137 3.4796e-06
76 137 6.79274e-06
77 137 3.86955e-06
78 137 3.04153e-07
79 137 9.7618e-08
0 138 4.40179e-08
1 138 5.86917e-09
2 138 2.09861e-08
3 138 1.35323e-07
4 138 1.35113e-07
5 138 1.41461e-08
6 138 7.48613e-08
7 138 1.17123e-07
8 138 3.84627e-09
9 138 9.26515e-10
10 138 2.56882e-08
11 138 8.63369e-08
12 138 1.89785e-08
13 138 2.79819e-08
14 138 1.79138e-10
15 138 4.13262e-09
16 138 1.23872e-07
17 138 1.37722e-08
18 138 1.75598e-06
19 138 4.82993e-07
20 138 6.83236e-08
21 138 1.57021e-07
22 138 1.14898e-07
23 138 2.29202e-07
24 138 1.47941e-07
25 138 1.35517e-07
26 138 2.46508e-07
27 138 1.32288e-07
28 138 2.70796e-07
29 138 5.66182e-08
30 138 2.78206e-08
31 138 7.8001e-08
32 138 6.10197e-09
33 138 6.77471e-09
34 138 3.29416e-08
35 138 2.11579e-08
36 138 7.63742e-09
37 138 7.25155e-09
38 138 1.88334e-09
39 138 6.8775e-09
40 138 2.41783e-08
41 138 1.27799e-07
42 138 1.29423e-07
43 138 1.97283e-07
44 138 8.15706e-07
45 138 1.48734e-06
46 138 3.65731e-06
47 138 2.25384e-06
48 138 2.60412e-07
49 138 1.60659e-07
50 138 1.12448e-06
51 138 5.2673e-07
52 138 3.16723e-07
53 138 3.32595e-07
54 138 3.72177e-07
55 138 5.85279e-08
56 138 4.03127e-08
57 138 2.73595e-07
58 138 2.23144e-06
59 138 1.22807e-05
60 138 3.60365e-08
61 138 2.84686e-08
62 138 3.38792e-08
63 138 9.32672e-08
64 138 3.2682e-08
65 138 4.11416e-09
66 138 1.19401e-10
67 138 7.23352e-09
68 138 1.23799e-08
69 138 1.64632e-08
70 138 4.27052e-08
71 138 6.73803e-08
72 138 5.50281e-07
73 138 1.30544e-06
74 138 2.25473e-06
75 138 9.88696e-07
76 138 3.62453e-07
77 138 3.22331e-07
78 138 1.95458e-09
79 138 1.06549e-08
0 139 5.86917e-09
1 139 4.40179e-08
2 139 1.35323e-07
3 139 2.09861e-08
4 139 1.41461e-08
5 139 1.35113e-07
6 139 1.17123e-07
7 139 7.48613e-08
8 139 9.26515e-10
9 139 3.84627e-09
10 139 8.63369e-08
11 139 2.56882e-08
12 139 2.7982e-08
13 139 1.89785e-08
14 139 4.13262e-09
15 139 1.79138e-10
16 139 1.37722e-08
17 139 1.23872e-07
18 139 4.82993e-07
19 139 1.75598e-06
20 139 1.57021e-07
21 139 6.83236e-08
22 139 2.29202e-07
23 139 1.14898e-07
24 139 1.35517e-07
25 139 1.47941e-07
26 139 1.32288e-07
27 139 2.46508e-07
28 139 5.66182e-08
29 139 2.70796e-07
30 139 7.8001e-08
31 139 2.78206e-08
32 139 6.77471e-09
33 139 6.10198e-09
34 139 2.11579e-08
35 139 3.29416e-08
36 139 7.25155e-09
37 139 7.63742e-09
38 139 6.8775e-09
39 139 1.88334e-09
40 139 1.27799e-07
41 139 2.41783e-08
42 139 1.97283e-07
43 139 1.29423e-07
44 139 1.48734e-06
45 139 8.15706e-07
46 139 2.25384e-06
47 139 3.65731e-06
48 139 1.60659e-07
49 139 2.60412e-07
50 139 5.2673e-07
51 139 1.12448e-06
52 139 3.32595e-07
53 139 3.16723e-07
54 139 5.85279e-08
55 139 3.72177e-07
56 139 2.73595e-07
57 139 4.03127e-08
58 139 1.22807e-05
59 139 2.23144e-06
60 139 2.84686e-08
61 139 3.60365e-08
62 139 9.32672e-08
63 139 3.38792e-08
64 139 4.11416e-09
65 139 3.2682e-08
66 139 7.23352e-09
67 139 1.19401e-10
68 139 1.64632e-08
69 139 1.23799e-08
70 139 6.73803e-08
71 139 4.27052e-08
72 139 1.30544e-06
73 139 5.50282e-07
74 139 9.88696e-07
75 139 2.25473e-06
76 139 3.22331e-07
77 139 3.62453e-07
78 139 1.06549e-08
79 139 1.95458e-09
