972
  I -29.01633810349794  23.45298297695474 -29.3191
  I -35.51643810349794  28.54378297695474 -28.7486
  I -29.27783810349795  17.66958297695474 -35.8164
  I -35.43813810349794  17.48828297695474 -29.531
  I -28.20483810349794  23.36758297695474 -5.94722
  I -35.17043810349794  28.44658297695474 -5.95956
  I -35.22423810349794  18.18478297695474 -17.7587
  I -28.22163810349794  23.28618297695474 -17.797
  I -35.17223810349794  28.64188297695474 -17.678
  I -28.84093810349794  29.01128297695474 -23.6257
  I -28.76233810349794  17.36658297695474 -11.8874
  I -35.23213810349794  18.33098297695474 -5.69155
  I -28.22163810349794  23.28618297695474  17.797
  I -35.17223810349794  28.64188297695474  17.678
  I -35.23213810349794  18.33098297695474  5.69155
  I -28.20483810349794  23.36758297695474  5.94722
  I -35.17043810349794  28.44658297695474  5.95956
  I -28.67673810349794  28.98638297695474 -3.435751911597192e-16
  I -28.76233810349794  17.36658297695474  11.8874
  I -35.22423810349794  18.18478297695474  17.7587
  I -35.43813810349794  17.48828297695474  29.531
  I -29.01633810349794  23.45298297695474  29.3191
  I -35.51643810349794  28.54378297695474  28.7486
  I -28.84093810349794  29.01128297695474  23.6257
  I -29.27783810349795  17.66958297695474  35.8164
  I -17.60733810349794  35.46638297695474 -29.4805
  I -17.58203810349794  29.35878297695474 -35.7939
  I -28.78463810349794  28.73258297695474 -35.7595
 Pb -29.52743810349794  29.51338297695474 -29.6912
 Pb -29.13893810349795  29.25358297695474 -17.7166
  I -28.72983810349794  35.51968297695474 -28.852
  I -23.44823810349794  29.04268297695474 -29.4149
  I -16.75163810349794  35.15758297695474 -6.02479
  I -29.62913810349794  35.34828297695474 -17.6022
  I -23.25223810349794  29.80308297695474 -17.7779
  I -16.77633810349795  35.05478297695474 -17.5745
  I -17.38323810349794  28.49978297695474 -11.891
  I -28.65403810349794  28.89888297695474 -11.8295
 Pb -29.15373810349794  29.31858297695474 -5.92191
 Pb -29.15373810349794  29.31858297695474  5.92191
  I -30.01903810349794  35.34508297695474 -5.79283
  I -23.28383810349795  30.00978297695474 -5.93163
  I -16.77633810349795  35.05478297695474  17.5745
  I -30.01903810349794  35.34508297695474  5.79283
  I -23.28383810349795  30.00978297695474  5.93163
  I -16.75163810349794  35.15758297695474  6.02479
  I -17.38323810349794  28.49978297695474  11.891
  I -28.65403810349794  28.89888297695474  11.8295
 Pb -29.13893810349795  29.25358297695474  17.7166
 Pb -29.52743810349794  29.51338297695474  29.6912
  I -29.62913810349794  35.34828297695474  17.6022
  I -23.25223810349794  29.80308297695474  17.7779
  I -28.72983810349794  35.51968297695474  28.852
  I -23.44823810349794  29.04268297695474  29.4149
  I -17.60733810349794  35.46638297695474  29.4805
  I -17.58203810349794  29.35878297695474  35.7939
  I -28.78463810349794  28.73258297695474  35.7595
  I -29.04993810349794  0.09804597695473967 -29.3133
  I -35.48423810349794  6.13394297695474 -29.6079
  I -29.48233810349794 -5.65917702304526 -35.7597
  I -35.41753810349794 -5.817087023045261 -29.3546
  I -27.95693810349794  0.1583339769547397 -5.97231
  I -35.12333810349794  5.081162976954739 -6.23415
  I -34.95963810349794 -5.11699702304526 -17.6305
  I -27.70903810349795  0.04860277695473967 -17.8896
  I -34.99053810349794  4.982912976954739 -17.3861
  I -29.06943810349794  5.998222976954739 -23.7416
  I -28.60193810349794 -5.830837023045261 -11.8373
  I -34.93683810349794 -5.166087023045261 -5.75084
  I -27.70903810349795  0.04860277695473967  17.8896
  I -34.99053810349794  4.982912976954739  17.3861
  I -34.93683810349794 -5.166087023045261  5.75084
  I -27.95693810349794  0.1583339769547397  5.97231
  I -35.12333810349794  5.081162976954739  6.23415
  I -29.07163810349794  6.089462976954739 -3.435751911597192e-16
  I -28.60193810349794 -5.830837023045261  11.8373
  I -34.95963810349794 -5.11699702304526  17.6305
  I -35.41753810349794 -5.817087023045261  29.3546
  I -29.04993810349794  0.09804597695473967  29.3133
  I -35.48423810349794  6.13394297695474  29.6079
  I -29.06943810349794  5.998222976954739  23.7416
  I -29.48233810349794 -5.65917702304526  35.7597
  I -17.51503810349794  11.74818297695474 -29.7245
  I -23.43343810349795  17.56188297695474 -29.663
  I -17.89013810349794  5.886412976954739 -36.0704
  I -29.33003810349794  5.828542976954739 -35.796
 Pb -29.43133810349794  5.937112976954739 -29.7069
 Pb -29.40253810349794  17.62518297695474 -29.7197
 Pb -28.94923810349794  5.84056297695474 -17.7839
 Pb -29.15863810349794  17.42938297695474 -17.7915
  I -28.97893810349795  11.77278297695474 -29.5468
  I -23.45183810349794  5.931312976954739 -29.5714
  I -16.20173810349795  11.74998297695474 -6.24659
  I -23.29633810349794  16.45638297695474 -6.07311
  I -30.00463810349794  11.63028297695474 -17.7779
  I -23.13283810349795  7.300472976954739 -18.2092
  I -15.95833810349794  11.61728297695474 -18.0469
  I -23.22693810349794  16.25098297695474 -17.9125
  I -28.89293810349794  17.45788297695474 -23.7408
  I -17.56923810349794  17.48148297695474 -23.9283
  I -17.76733810349794  5.828982976954739 -11.9935
  I -28.32103810349794  5.797102976954739 -11.8825
 Pb -29.14503810349795  5.928342976954739 -5.96859
 Pb -29.23363810349795  17.54608297695474 -5.95806
 Pb -29.14503810349795  5.928342976954739  5.96859
 Pb -29.23363810349795  17.54608297695474  5.95806
  I -29.91863810349794  11.73138297695474 -5.94179
  I -23.22483810349794  7.07132297695474 -5.65157
  I -15.95833810349794  11.61728297695474  18.0469
  I -23.22693810349794  16.25098297695474  17.9125
  I -29.91863810349794  11.73138297695474  5.94179
  I -23.22483810349794  7.07132297695474  5.65157
  I -16.20173810349795  11.74998297695474  6.24659
  I -23.29633810349794  16.45638297695474  6.07311
  I -28.67693810349794  17.55578297695474 -3.435751911597192e-16
  I -17.72313810349794  17.40558297695474 -3.435751911597192e-16
  I -17.76733810349794  5.828982976954739  11.9935
  I -28.32103810349794  5.797102976954739  11.8825
 Pb -28.94923810349794  5.84056297695474  17.7839
 Pb -29.15863810349794  17.42938297695474  17.7915
 Pb -29.43133810349794  5.937112976954739  29.7069
 Pb -29.40253810349794  17.62518297695474  29.7197
  I -30.00463810349794  11.63028297695474  17.7779
  I -23.13283810349795  7.300472976954739  18.2092
  I -28.97893810349795  11.77278297695474  29.5468
  I -23.45183810349794  5.931312976954739  29.5714
  I -17.51503810349794  11.74818297695474  29.7245
  I -23.43343810349795  17.56188297695474  29.663
  I -28.89293810349794  17.45788297695474  23.7408
  I -17.56923810349794  17.48148297695474  23.9283
  I -17.89013810349794  5.886412976954739  36.0704
  I -29.33003810349794  5.828542976954739  35.796
  I -5.918138103497943  23.43548297695474 -29.8446
  I -11.75023810349794  29.03698297695474 -29.417
  I -5.949528103497943  17.54048297695474 -36.0411
  I -17.58553810349795  17.66178297695474 -36.0099
 Pb -17.58383810349794  17.60278297695474 -29.9673
 Pb -17.61063810349794  29.42158297695474 -29.712
 Pb -17.36473810349795  17.37198297695474 -17.9445
 Pb -17.41063810349794  29.00358297695474 -17.7928
  I -17.55043810349794  23.45338297695474 -29.6281
  I -11.73753810349794  17.56958297695474 -29.6215
  I -4.807128103497942  23.16028297695474 -6.14908
  I -11.70693810349794  27.97888297695474 -6.01804
  I -18.72643810349794  23.16128297695474 -18.0133
  I -11.62403810349794  18.91318297695474 -18.1296
  I -4.497858103497943  23.13238297695474 -17.8455
  I -11.61613810349794  27.84098297695474 -17.9275
  I -17.53143810349794  28.91018297695474 -23.7384
  I -5.837368103497942  28.80798297695474 -23.7953
  I -6.181018103497943  17.12838297695474 -12.0061
  I -17.32203810349795  17.56508297695474 -11.9867
 Pb -17.49573810349795  17.49688297695474 -6.015
 Pb -17.47623810349794  29.15098297695474 -5.96377
 Pb -17.49573810349795  17.49688297695474  6.015
 Pb -17.47623810349794  29.15098297695474  5.96377
  I -18.67233810349794  23.27688297695474 -5.83746
  I -11.73783810349794  18.73648297695474 -5.76155
  I -4.497858103497943  23.13238297695474  17.8455
  I -11.61613810349794  27.84098297695474  17.9275
  I -18.67233810349794  23.27688297695474  5.83746
  I -11.73783810349794  18.73648297695474  5.76155
  I -4.807128103497942  23.16028297695474  6.14908
  I -11.70693810349794  27.97888297695474  6.01804
  I -17.49333810349794  28.81508297695474 -3.435751911597192e-16
  I -6.094128103497942  28.53958297695474 -3.435751911597192e-16
  I -6.181018103497943  17.12838297695474  12.0061
  I -17.32203810349795  17.56508297695474  11.9867
 Pb -17.36473810349795  17.37198297695474  17.9445
 Pb -17.41063810349794  29.00358297695474  17.7928
 Pb -17.58383810349794  17.60278297695474  29.9673
 Pb -17.61063810349794  29.42158297695474  29.712
  I -18.72643810349794  23.16128297695474  18.0133
  I -11.62403810349794  18.91318297695474  18.1296
  I -17.55043810349794  23.45338297695474  29.6281
  I -11.73753810349794  17.56958297695474  29.6215
  I -5.918138103497943  23.43548297695474  29.8446
  I -11.75023810349794  29.03698297695474  29.417
  I -17.53143810349794  28.91018297695474  23.7384
  I -5.837368103497942  28.80798297695474  23.7953
  I -5.949528103497943  17.54048297695474  36.0411
  I -17.58553810349795  17.66178297695474  36.0099
  I  5.565301896502057  35.46698297695474 -29.6071
  I  5.904581896502058  29.27948297695474 -35.7589
  I -6.017458103497942  29.38808297695474 -35.8789
 Pb -5.914128103497942  29.39108297695474 -29.774
 Pb -5.815938103497943  29.02598297695474 -17.8209
  I -5.814538103497942  35.42978297695474 -29.5861
  I -0.07505660349794267  28.94838297695474 -29.5623
  I  6.469571896502058  35.03118297695474 -6.22338
  I -6.657988103497942  35.07318297695474 -17.7808
  I -0.03239030349794268  29.98788297695474 -17.8427
  I  6.617001896502058  34.95878297695474 -17.3256
  I  5.732061896502057  28.23198297695474 -11.8442
  I -5.720148103497943  28.72438297695474 -11.9
 Pb -5.932118103497943  29.08608297695474 -5.95891
 Pb -5.932118103497943  29.08608297695474  5.95891
  I -6.641788103497943  35.08368297695474 -5.71399
  I -0.1254331034979426  29.72678297695474 -5.78489
  I  6.617001896502058  34.95878297695474  17.3256
  I -6.641788103497943  35.08368297695474  5.71399
  I -0.1254331034979426  29.72678297695474  5.78489
  I  6.469571896502058  35.03118297695474  6.22338
  I  5.732061896502057  28.23198297695474  11.8442
  I -5.720148103497943  28.72438297695474  11.9
 Pb -5.815938103497943  29.02598297695474  17.8209
 Pb -5.914128103497942  29.39108297695474  29.774
  I -6.657988103497942  35.07318297695474  17.7808
  I -0.03239030349794268  29.98788297695474  17.8427
  I -5.814538103497942  35.42978297695474  29.5861
  I -0.07505660349794267  28.94838297695474  29.5623
  I  5.565301896502057  35.46698297695474  29.6071
  I  5.904581896502058  29.27948297695474  35.7589
  I -6.017458103497942  29.38808297695474  35.8789
  I -29.02383810349794 -23.25611702304526 -29.1056
  I -35.44763810349794 -17.23871702304526 -29.3552
  I -28.80933810349794 -28.48741702304526 -35.5921
  I -35.51863810349794 -28.32231702304526 -28.5288
  I -28.16293810349794 -23.13991702304526 -5.8731
  I -35.02373810349794 -17.89991702304526 -6.12126
  I -35.03503810349794 -28.58701702304526 -17.4358
  I -28.06403810349794 -23.19881702304526 -17.6297
  I -35.05663810349794 -18.00511702304526 -17.2941
  I -29.03043810349794 -17.26941702304526 -23.5721
  I -28.49393810349794 -28.82931702304526 -11.7266
  I -34.96133810349794 -28.47401702304526 -5.87342
  I -28.06403810349794 -23.19881702304526  17.6297
  I -35.05663810349794 -18.00511702304526  17.2941
  I -34.96133810349794 -28.47401702304526  5.87342
  I -28.16293810349794 -23.13991702304526  5.8731
  I -35.02373810349794 -17.89991702304526  6.12126
  I -28.87083810349795 -17.21631702304526 -3.435751911597192e-16
  I -28.49393810349794 -28.82931702304526  11.7266
  I -35.03503810349794 -28.58701702304526  17.4358
  I -35.51863810349794 -28.32231702304526  28.5288
  I -29.02383810349794 -23.25611702304526  29.1056
  I -35.44763810349794 -17.23871702304526  29.3552
  I -29.03043810349794 -17.26941702304526  23.5721
  I -28.80933810349794 -28.48741702304526  35.5921
  I -17.53433810349794 -11.60541702304526 -29.5699
  I -23.43023810349795 -5.725167023045261 -29.8216
  I -17.73253810349794 -17.56511702304526 -35.8402
  I -29.23303810349794 -17.45841702304526 -35.6159
 Pb -29.40123810349795 -17.42581702304526 -29.5344
 Pb -29.38043810349794 -5.741627023045261 -29.6598
 Pb -28.99623810349794 -17.35391702304526 -17.6404
 Pb -28.88043810349794 -5.749427023045261 -17.7403
  I -28.94983810349794 -11.57521702304526 -29.4017
  I -23.41663810349795 -17.39441702304526 -29.3229
  I -16.06503810349794 -11.32951702304526 -6.29895
  I -22.98293810349794 -6.69073702304526 -6.19394
  I -29.77693810349794 -11.55341702304526 -17.7029
  I -23.09273810349794 -16.17761702304526 -18.0308
  I -15.84573810349794 -11.46411702304526 -17.7657
  I -23.00373810349794 -7.123807023045261 -17.6715
  I -28.69433810349794 -5.79567702304526 -23.6904
  I -17.72383810349794 -5.807447023045261 -23.8724
  I -17.55073810349795 -17.37011702304526 -11.8674
  I -28.28633810349794 -17.30871702304526 -11.766
 Pb -29.00133810349794 -17.30301702304526 -5.8978
 Pb -28.91273810349794 -5.640447023045261 -5.91443
 Pb -29.00133810349794 -17.30301702304526  5.8978
 Pb -28.91273810349794 -5.640447023045261  5.91443
  I -29.41933810349794 -11.47481702304526 -5.77686
  I -23.01003810349794 -16.42511702304526 -5.55982
  I -15.84573810349794 -11.46411702304526  17.7657
  I -23.00373810349794 -7.123807023045261  17.6715
  I -29.41933810349794 -11.47481702304526  5.77686
  I -23.01003810349794 -16.42511702304526  5.55982
  I -16.06503810349794 -11.32951702304526  6.29895
  I -22.98293810349794 -6.69073702304526  6.19394
  I -28.35903810349794 -5.466367023045261 -3.435751911597192e-16
  I -17.63013810349794 -5.803517023045261 -3.435751911597192e-16
  I -17.55073810349795 -17.37011702304526  11.8674
  I -28.28633810349794 -17.30871702304526  11.766
 Pb -28.99623810349794 -17.35391702304526  17.6404
 Pb -28.88043810349794 -5.749427023045261  17.7403
 Pb -29.40123810349795 -17.42581702304526  29.5344
 Pb -29.38043810349794 -5.741627023045261  29.6598
  I -29.77693810349794 -11.55341702304526  17.7029
  I -23.09273810349794 -16.17761702304526  18.0308
  I -28.94983810349794 -11.57521702304526  29.4017
  I -23.41663810349795 -17.39441702304526  29.3229
  I -17.53433810349794 -11.60541702304526  29.5699
  I -23.43023810349795 -5.725167023045261  29.8216
  I -28.69433810349794 -5.79567702304526  23.6904
  I -17.72383810349794 -5.807447023045261  23.8724
  I -17.73253810349794 -17.56511702304526  35.8402
  I -29.23303810349794 -17.45841702304526  35.6159
  I -5.864398103497942  0.05015237695473967 -29.9478
  I -11.74043810349794  5.866232976954739 -29.9775
  I -6.189148103497942 -6.106777023045261 -35.9927
  I -17.46653810349794 -5.859717023045261 -35.9551
 Pb -17.56273810349795 -5.76808702304526 -29.9178
 Pb -17.59783810349795  5.907312976954739 -30.0357
 Pb -17.22793810349794 -5.647627023045261 -17.8888
 Pb -17.36083810349794  5.81524297695474 -17.9606
  I -17.57233810349794  0.07021177695473967 -29.6423
  I -11.71683810349794 -5.732457023045261 -29.3992
  I -4.444378103497942  0.1392569769547397 -6.54503
  I -11.68203810349794  4.553452976954739 -6.44758
  I -18.91873810349794  0.07703937695473967 -18.1216
  I -11.47863810349794 -4.23547702304526 -18.4157
  I -4.305618103497943  0.02412327695473966 -17.6406
  I -11.59633810349794  4.329752976954739 -17.8172
  I -17.30813810349795  5.918932976954739 -23.9765
  I -6.125648103497943  5.592102976954739 -23.9924
  I -6.111588103497942 -6.214717023045261 -11.9649
  I -16.84163810349795 -5.230157023045261 -11.9423
 Pb -17.19683810349795 -5.519697023045261 -5.99382
 Pb -17.41033810349795  5.987302976954739 -6.02158
 Pb -17.19683810349795 -5.519697023045261  5.99382
 Pb -17.41033810349795  5.987302976954739  6.02158
  I -18.59513810349794  0.2181509769547397 -5.56158
  I -11.42103810349794 -4.321007023045261 -5.48671
  I -4.305618103497943  0.02412327695473966  17.6406
  I -11.59633810349794  4.329752976954739  17.8172
  I -18.59513810349794  0.2181509769547397  5.56158
  I -11.42103810349794 -4.321007023045261  5.48671
  I -4.444378103497942  0.1392569769547397  6.54503
  I -11.68203810349794  4.553452976954739  6.44758
  I -17.20523810349794  6.460602976954739 -3.435751911597192e-16
  I -6.538778103497942  5.654272976954739 -3.435751911597192e-16
  I -6.111588103497942 -6.214717023045261  11.9649
  I -16.84163810349795 -5.230157023045261  11.9423
 Pb -17.22793810349794 -5.647627023045261  17.8888
 Pb -17.36083810349794  5.81524297695474  17.9606
 Pb -17.56273810349795 -5.76808702304526  29.9178
 Pb -17.59783810349795  5.907312976954739  30.0357
  I -18.91873810349794  0.07703937695473967  18.1216
  I -11.47863810349794 -4.23547702304526  18.4157
  I -17.57233810349794  0.07021177695473967  29.6423
  I -11.71683810349794 -5.732457023045261  29.3992
  I -5.864398103497942  0.05015237695473967  29.9478
  I -11.74043810349794  5.866232976954739  29.9775
  I -17.30813810349795  5.918932976954739  23.9765
  I -6.125648103497943  5.592102976954739  23.9924
  I -6.189148103497942 -6.106777023045261  35.9927
  I -17.46653810349794 -5.859717023045261  35.9551
  I  5.796411896502057  11.72788297695474 -29.8823
  I -0.06053590349794268  17.52228297695474 -29.7356
  I  5.694591896502057  5.697722976954739 -35.9842
  I -5.674378103497943  6.116822976954739 -36.0783
 Pb -5.882288103497943  5.89438297695474 -30.0521
 Pb -5.902618103497942  17.57178297695474 -30.0041
 Pb -5.793058103497942  5.816032976954739 -18.0013
 Pb -5.869878103497943  17.31778297695474 -17.9721
  I -5.932858103497942  11.72798297695474 -29.5587
  I -0.04747790349794268  5.95038297695474 -29.4746
  I  6.925481896502058  11.49208297695474 -6.46196
  I -0.2294851034979427  16.10388297695474 -6.32735
  I -7.380748103497942  11.57678297695474 -18.3736
  I -0.03392480349794268  7.29732297695474 -18.4409
  I  7.214571896502058  11.51858297695474 -17.7018
  I -0.07840140349794268  15.89498297695474 -17.9017
  I -5.788388103497942  17.67998297695474 -23.9578
  I  5.652981896502058  17.26588297695474 -23.9054
  I  5.154661896502057  5.307662976954739 -11.9803
  I -5.567798103497942  6.289222976954739 -12.0255
 Pb -5.931198103497942  5.867832976954739 -6.03282
 Pb -5.990518103497942  17.38178297695474 -6.02908
 Pb -5.931198103497942  5.867832976954739  6.03282
 Pb -5.990518103497942  17.38178297695474  6.02908
  I -7.296178103497942  11.63048297695474 -5.65478
  I -0.1672711034979427  7.173652976954739 -5.50481
  I  7.214571896502058  11.51858297695474  17.7018
  I -0.07840140349794268  15.89498297695474  17.9017
  I -7.296178103497942  11.63048297695474  5.65478
  I -0.1672711034979427  7.173652976954739  5.50481
  I  6.925481896502058  11.49208297695474  6.46196
  I -0.2294851034979427  16.10388297695474  6.32735
  I -5.877038103497942  17.75038297695474 -3.435751911597192e-16
  I  5.049821896502058  16.95218297695474 -3.435751911597192e-16
  I  5.154661896502057  5.307662976954739  11.9803
  I -5.567798103497942  6.289222976954739  12.0255
 Pb -5.793058103497942  5.816032976954739  18.0013
 Pb -5.869878103497943  17.31778297695474  17.9721
 Pb -5.882288103497943  5.89438297695474  30.0521
 Pb -5.902618103497942  17.57178297695474  30.0041
  I -7.380748103497942  11.57678297695474  18.3736
  I -0.03392480349794268  7.29732297695474  18.4409
  I -5.932858103497942  11.72798297695474  29.5587
  I -0.04747790349794268  5.95038297695474  29.4746
  I  5.796411896502057  11.72788297695474  29.8823
  I -0.06053590349794268  17.52228297695474  29.7356
  I -5.788388103497942  17.67998297695474  23.9578
  I  5.652981896502058  17.26588297695474  23.9054
  I  5.694591896502057  5.697722976954739  35.9842
  I -5.674378103497943  6.116822976954739  36.0783
  I  17.37916189650205  23.42618297695474 -29.6073
  I  11.60156189650206  29.05528297695474 -29.2396
  I  17.48926189650206  17.48478297695474 -35.8334
  I  5.926481896502057  17.85178297695474 -35.9948
 Pb  5.779891896502058  17.58218297695474 -29.9612
 Pb  5.764661896502058  29.41588297695474 -29.6693
 Pb  5.726261896502058  17.28958297695474 -17.9076
 Pb  5.737921896502058  28.92398297695474 -17.7409
  I  5.773641896502058  23.43568297695474 -29.5034
  I  11.61086189650206  17.55238297695474 -29.4854
  I  18.14426189650206  22.91858297695474 -6.07415
  I  11.44876189650206  27.93318297695474 -5.93448
  I  4.346541896502058  23.08738297695474 -18.1801
  I  11.49226189650206  18.80008297695474 -18.0703
  I  18.60106189650206  22.98698297695474 -17.6085
  I  11.53356189650206  27.70298297695474 -17.7881
  I  5.668021896502058  29.07138297695474 -23.7032
  I  17.39876189650206  28.71028297695474 -23.5802
  I  16.91286189650205  16.78878297695474 -11.8705
  I  5.830651896502058  17.64708297695474 -11.9439
 Pb  5.556811896502057  17.23878297695474 -5.98017
 Pb  5.669141896502057  29.04268297695474 -5.94595
 Pb  5.556811896502057  17.23878297695474  5.98017
 Pb  5.669141896502057  29.04268297695474  5.94595
  I  4.620741896502057  23.08588297695474 -5.60206
  I  11.35876189650206  18.35128297695474 -5.50156
  I  18.60106189650206  22.98698297695474  17.6085
  I  11.53356189650206  27.70298297695474  17.7881
  I  4.620741896502057  23.08588297695474  5.60206
  I  11.35876189650206  18.35128297695474  5.50156
  I  18.14426189650206  22.91858297695474  6.07415
  I  11.44876189650206  27.93318297695474  5.93448
  I  5.604191896502058  28.97178297695474 -3.435751911597192e-16
  I  17.14326189650206  28.34988297695474 -3.435751911597192e-16
  I  16.91286189650205  16.78878297695474  11.8705
  I  5.830651896502058  17.64708297695474  11.9439
 Pb  5.726261896502058  17.28958297695474  17.9076
 Pb  5.737921896502058  28.92398297695474  17.7409
 Pb  5.779891896502058  17.58218297695474  29.9612
 Pb  5.764661896502058  29.41588297695474  29.6693
  I  4.346541896502058  23.08738297695474  18.1801
  I  11.49226189650206  18.80008297695474  18.0703
  I  5.773641896502058  23.43568297695474  29.5034
  I  11.61086189650206  17.55238297695474  29.4854
  I  17.37916189650205  23.42618297695474  29.6073
  I  11.60156189650206  29.05528297695474  29.2396
  I  5.668021896502058  29.07138297695474  23.7032
  I  17.39876189650206  28.71028297695474  23.5802
  I  17.48926189650206  17.48478297695474  35.8334
  I  5.926481896502057  17.85178297695474  35.9948
  I  28.55536189650206  35.48758297695474 -28.6135
  I  28.63716189650206  28.73668297695474 -35.5877
  I  17.43856189650205  29.41868297695474 -35.6359
 Pb  17.46266189650206  29.38508297695474 -29.5506
 Pb  17.32986189650206  28.86008297695474 -17.662
  I  17.44216189650206  35.42278297695474 -29.2212
  I  23.29906189650206  29.00188297695474 -29.2354
  I  29.45036189650206  35.07958297695474 -5.8533
  I  16.83806189650205  34.93138297695474 -17.4564
  I  23.17306189650206  29.59308297695474 -17.6313
  I  29.45066189650206  35.20528297695474 -17.3673
  I  28.60616189650205  28.64128297695474 -11.7192
  I  17.33746189650206  28.46718297695474 -11.7819
 Pb  17.25236189650206  28.85938297695474 -5.88429
 Pb  17.25236189650206  28.85938297695474  5.88429
  I  16.84946189650206  34.89118297695474 -5.82499
  I  23.10446189650206  29.32418297695474 -5.8227
  I  29.45066189650206  35.20528297695474  17.3673
  I  16.84946189650206  34.89118297695474  5.82499
  I  23.10446189650206  29.32418297695474  5.8227
  I  29.45036189650206  35.07958297695474  5.8533
  I  28.60616189650205  28.64128297695474  11.7192
  I  17.33746189650206  28.46718297695474  11.7819
 Pb  17.32986189650206  28.86008297695474  17.662
 Pb  17.46266189650206  29.38508297695474  29.5506
  I  16.83806189650205  34.93138297695474  17.4564
  I  23.17306189650206  29.59308297695474  17.6313
  I  17.44216189650206  35.42278297695474  29.2212
  I  23.29906189650206  29.00188297695474  29.2354
  I  28.55536189650206  35.48758297695474  28.6135
  I  28.63716189650206  28.73668297695474  35.5877
  I  17.43856189650205  29.41868297695474  35.6359
  I -17.66493810349795 -35.32391702304526 -29.3832
  I -23.44933810349794 -28.86141702304526 -29.2683
 Pb -29.53543810349795 -29.30761702304526 -29.5313
 Pb -29.00003810349794 -29.17151702304526 -17.5908
  I -28.75553810349794 -35.32351702304526 -28.7473
  I -16.69513810349794 -34.92991702304526 -5.91813
  I -23.00903810349794 -29.42851702304526 -5.93905
  I -29.47003810349795 -35.26741702304526 -17.5921
  I -16.62533810349795 -34.97901702304526 -17.3707
  I -23.10733810349794 -29.70781702304526 -17.5834
  I -28.79933810349794 -28.85021702304526 -23.4706
  I -17.51473810349794 -28.86821702304526 -23.5974
 Pb -28.92373810349794 -29.10311702304526 -5.85753
 Pb -28.92373810349794 -29.10311702304526  5.85753
  I -29.35763810349794 -35.17011702304526 -5.73069
  I -16.62533810349795 -34.97901702304526  17.3707
  I -23.10733810349794 -29.70781702304526  17.5834
  I -29.35763810349794 -35.17011702304526  5.73069
  I -16.69513810349794 -34.92991702304526  5.91813
  I -23.00903810349794 -29.42851702304526  5.93905
  I -28.49003810349794 -28.69091702304526 -3.435751911597192e-16
  I -17.28263810349794 -28.61141702304526 -3.435751911597192e-16
 Pb -29.00003810349794 -29.17151702304526  17.5908
 Pb -29.53543810349795 -29.30761702304526  29.5313
  I -29.47003810349795 -35.26741702304526  17.5921
  I -28.75553810349794 -35.32351702304526  28.7473
  I -17.66493810349795 -35.32391702304526  29.3832
  I -23.44933810349794 -28.86141702304526  29.2683
  I -28.79933810349794 -28.85021702304526  23.4706
  I -17.51473810349794 -28.86821702304526  23.5974
  I -5.918778103497942 -23.33511702304526 -29.7343
  I -11.72473810349794 -17.42401702304526 -29.6581
  I -6.064218103497942 -29.29491702304526 -35.7406
  I -17.57463810349794 -29.15581702304526 -35.6421
 Pb -17.60983810349794 -29.27301702304526 -29.5686
 Pb -17.57463810349794 -17.45631702304526 -29.7982
 Pb -17.27413810349794 -28.93421702304526 -17.6692
 Pb -17.24543810349794 -17.24481702304526 -17.8018
  I -17.54653810349794 -23.30311702304526 -29.3968
  I -11.74713810349794 -28.89541702304526 -29.2348
  I -4.535598103497942 -23.03121702304526 -6.31422
  I -11.35483810349794 -18.35381702304526 -6.37365
  I -18.51653810349794 -23.06391702304526 -17.9427
  I -11.47293810349794 -27.84941702304526 -17.8806
  I -4.473268103497943 -23.14691702304526 -17.5596
  I -11.47743810349794 -18.69241702304526 -17.5517
  I -17.26253810349795 -17.28771702304526 -23.7631
  I -6.074268103497943 -17.75941702304526 -23.7958
  I -5.612738103497942 -28.93301702304526 -11.8257
  I -17.03203810349794 -28.34681702304526 -11.7837
 Pb -17.15933810349794 -28.89351702304526 -5.89232
 Pb -17.13353810349794 -17.13311702304526 -5.92747
 Pb -17.15933810349794 -28.89351702304526  5.89232
 Pb -17.13353810349794 -17.13311702304526  5.92747
  I -18.12403810349794 -22.96341702304526 -5.64104
  I -11.36473810349794 -27.88141702304526 -5.78576
  I -4.473268103497943 -23.14691702304526  17.5596
  I -11.47743810349794 -18.69241702304526  17.5517
  I -18.12403810349794 -22.96341702304526  5.64104
  I -11.36473810349794 -27.88141702304526  5.78576
  I -4.535598103497942 -23.03121702304526  6.31422
  I -11.35483810349794 -18.35381702304526  6.37365
  I -16.75043810349795 -16.75331702304526 -3.435751911597192e-16
  I -5.968798103497942 -17.66701702304526 -3.435751911597192e-16
  I -5.612738103497942 -28.93301702304526  11.8257
  I -17.03203810349794 -28.34681702304526  11.7837
 Pb -17.27413810349794 -28.93421702304526  17.6692
 Pb -17.24543810349794 -17.24481702304526  17.8018
 Pb -17.60983810349794 -29.27301702304526  29.5686
 Pb -17.57463810349794 -17.45631702304526  29.7982
  I -18.51653810349794 -23.06391702304526  17.9427
  I -11.47293810349794 -27.84941702304526  17.8806
  I -17.54653810349794 -23.30311702304526  29.3968
  I -11.74713810349794 -28.89541702304526  29.2348
  I -5.918778103497942 -23.33511702304526  29.7343
  I -11.72473810349794 -17.42401702304526  29.6581
  I -17.26253810349795 -17.28771702304526  23.7631
  I -6.074268103497943 -17.75941702304526  23.7958
  I -6.064218103497942 -29.29491702304526  35.7406
  I -17.57463810349794 -29.15581702304526  35.6421
  I  5.782631896502058 -11.66751702304526 -29.8225
  I -0.03369610349794268 -5.80287702304526 -29.9533
  I  5.642791896502057 -17.82861702304526 -35.8666
  I -5.754618103497942 -17.43421702304526 -35.8629
 Pb -5.872668103497943 -17.47221702304526 -29.8257
 Pb -5.882668103497942 -5.798697023045261 -29.9684
 Pb -5.680808103497943 -17.30091702304526 -17.8575
 Pb -5.728918103497942 -5.79351702304526 -17.9451
  I -5.931588103497942 -11.63101702304526 -29.3567
  I -0.03520600349794267 -17.42871702304526 -29.2609
  I  7.272001896502058 -11.57771702304526 -6.51778
  I  0.07874639650205732 -7.11075702304526 -6.55775
  I -7.179458103497942 -11.56401702304526 -18.3772
  I  0.1134628965020573 -16.06911702304526 -18.3416
  I  7.246301896502057 -11.63051702304526 -17.5436
  I  0.06300879650205733 -7.25593702304526 -17.5463
  I -5.457838103497942 -5.495977023045261 -23.9207
  I  5.455961896502058 -6.194367023045261 -23.8665
  I  5.707081896502058 -17.89961702304526 -11.9125
  I -5.136788103497943 -16.90361702304526 -11.915
 Pb -5.547698103497942 -17.18721702304526 -5.94438
 Pb -5.652838103497943 -5.64632702304526 -5.97881
 Pb -5.547698103497942 -17.18721702304526  5.94438
 Pb -5.652838103497943 -5.64632702304526  5.97881
  I -6.922678103497942 -11.43011702304526 -5.42525
  I  0.2648558965020573 -16.07661702304526 -5.46978
  I  7.246301896502057 -11.63051702304526  17.5436
  I  0.06300879650205733 -7.25593702304526  17.5463
  I -6.922678103497942 -11.43011702304526  5.42525
  I  0.2648558965020573 -16.07661702304526  5.46978
  I  7.272001896502058 -11.57771702304526  6.51778
  I  0.07874639650205732 -7.11075702304526  6.55775
  I -5.208488103497943 -5.03821702304526 -3.435751911597192e-16
  I  5.253281896502058 -6.331487023045261 -3.435751911597192e-16
  I  5.707081896502058 -17.89961702304526  11.9125
  I -5.136788103497943 -16.90361702304526  11.915
 Pb -5.680808103497943 -17.30091702304526  17.8575
 Pb -5.728918103497942 -5.79351702304526  17.9451
 Pb -5.872668103497943 -17.47221702304526  29.8257
 Pb -5.882668103497942 -5.798697023045261  29.9684
  I -7.179458103497942 -11.56401702304526  18.3772
  I  0.1134628965020573 -16.06911702304526  18.3416
  I -5.931588103497942 -11.63101702304526  29.3567
  I -0.03520600349794267 -17.42871702304526  29.2609
  I  5.782631896502058 -11.66751702304526  29.8225
  I -0.03369610349794268 -5.80287702304526  29.9533
  I -5.457838103497942 -5.495977023045261  23.9207
  I  5.455961896502058 -6.194367023045261  23.8665
  I  5.642791896502057 -17.82861702304526  35.8666
  I -5.754618103497942 -17.43421702304526  35.8629
  I  17.45816189650206  0.03323167695473967 -29.7617
  I  11.64546189650206  5.879112976954739 -29.8256
  I  17.35366189650206 -6.080947023045261 -35.8288
  I  6.157231896502058 -5.65507702304526 -35.925
 Pb  5.821471896502057 -5.80536702304526 -29.8996
 Pb  5.789571896502058  5.86859297695474 -29.956
 Pb  5.863671896502058 -5.814567023045261 -17.917
 Pb  5.709121896502058  5.71403297695474 -17.9352
  I  5.732351896502058  0.03429187695473967 -29.3599
  I  11.65756189650206 -5.754837023045261 -29.2123
  I  18.56356189650205 -0.2687310230452604 -6.46154
  I  11.34026189650206  4.32878297695474 -6.52438
  I  4.339521896502058 -0.06880782304526033 -18.4364
  I  11.64206189650206 -4.488097023045261 -18.4601
  I  18.68026189650206 -0.09475002304526033 -17.5125
  I  11.51566189650206  4.278802976954739 -17.5495
  I  6.086051896502058  6.11308297695474 -23.9056
  I  17.19836189650206  5.51290297695474 -23.823
  I  17.07396189650206 -6.574807023045261 -11.9307
  I  6.461061896502057 -5.428577023045261 -11.9512
 Pb  5.843011896502057 -5.814287023045261 -5.96677
 Pb  5.580581896502058  5.732982976954739 -6.00442
 Pb  5.843011896502057 -5.814287023045261  5.96677
 Pb  5.580581896502058  5.732982976954739  6.00442
  I  4.374351896502057 -0.06237332304526033 -5.38633
  I  11.62996189650206 -4.585147023045261 -5.36356
  I  18.68026189650206 -0.09475002304526033  17.5125
  I  11.51566189650206  4.278802976954739  17.5495
  I  4.374351896502057 -0.06237332304526033  5.38633
  I  11.62996189650206 -4.585147023045261  5.36356
  I  18.56356189650205 -0.2687310230452604  6.46154
  I  11.34026189650206  4.32878297695474  6.52438
  I  5.929771896502058  6.370842976954739 -3.435751911597192e-16
  I  16.61206189650206  4.904362976954739 -3.435751911597192e-16
  I  17.07396189650206 -6.574807023045261  11.9307
  I  6.461061896502057 -5.428577023045261  11.9512
 Pb  5.863671896502058 -5.814567023045261  17.917
 Pb  5.709121896502058  5.71403297695474  17.9352
 Pb  5.821471896502057 -5.80536702304526  29.8996
 Pb  5.789571896502058  5.86859297695474  29.956
  I  4.339521896502058 -0.06880782304526033  18.4364
  I  11.64206189650206 -4.488097023045261  18.4601
  I  5.732351896502058  0.03429187695473967  29.3599
  I  11.65756189650206 -5.754837023045261  29.2123
  I  17.45816189650206  0.03323167695473967  29.7617
  I  11.64546189650206  5.879112976954739  29.8256
  I  6.086051896502058  6.11308297695474  23.9056
  I  17.19836189650206  5.51290297695474  23.823
  I  17.35366189650206 -6.080947023045261  35.8288
  I  6.157231896502058 -5.65507702304526  35.925
  I  28.87846189650206  11.74548297695474 -29.359
  I  23.30136189650205  17.54038297695474 -29.5077
  I  29.21806189650206  5.84994297695474 -35.6399
  I  17.80906189650205  6.120702976954739 -35.8931
 Pb  17.50586189650205  5.879102976954739 -29.8607
 Pb  17.45476189650206  17.56248297695474 -29.7936
 Pb  17.31366189650205  5.692302976954739 -17.8588
 Pb  17.22586189650206  17.21238297695474 -17.8076
  I  17.39946189650206  11.71068297695474 -29.3002
  I  23.36466189650206  5.90693297695474 -29.3274
  I  29.39576189650206  11.38268297695474 -6.02675
  I  23.01356189650205  16.37388297695474 -6.12974
  I  15.91316189650206  11.45538297695474 -18.2849
  I  23.12546189650206  6.95641297695474 -18.174
  I  29.85376189650206  11.48228297695474 -17.5099
  I  23.09176189650206  16.08648297695474 -17.6451
  I  17.49766189650206  17.66038297695474 -23.7629
  I  28.69216189650206  17.38608297695474 -23.5798
  I  28.27866189650205  5.362482976954739 -11.7982
  I  17.67546189650206  5.929212976954739 -11.8954
 Pb  17.13226189650205  5.47067297695474 -5.91596
 Pb  17.12876189650206  17.08048297695474 -5.93578
 Pb  17.13226189650205  5.47067297695474  5.91596
 Pb  17.12876189650206  17.08048297695474  5.93578
  I  15.99206189650206  11.28428297695474 -5.53868
  I  22.92496189650205  6.63814297695474 -5.50271
  I  29.85376189650206  11.48228297695474  17.5099
  I  23.09176189650206  16.08648297695474  17.6451
  I  15.99206189650206  11.28428297695474  5.53868
  I  22.92496189650205  6.63814297695474  5.50271
  I  29.39576189650206  11.38268297695474  6.02675
  I  23.01356189650205  16.37388297695474  6.12974
  I  17.49656189650205  17.33308297695474 -3.435751911597192e-16
  I  28.36616189650206  17.15418297695474 -3.435751911597192e-16
  I  28.27866189650205  5.362482976954739  11.7982
  I  17.67546189650206  5.929212976954739  11.8954
 Pb  17.31366189650205  5.692302976954739  17.8588
 Pb  17.22586189650206  17.21238297695474  17.8076
 Pb  17.50586189650205  5.879102976954739  29.8607
 Pb  17.45476189650206  17.56248297695474  29.7936
  I  15.91316189650206  11.45538297695474  18.2849
  I  23.12546189650206  6.95641297695474  18.174
  I  17.39946189650206  11.71068297695474  29.3002
  I  23.36466189650206  5.90693297695474  29.3274
  I  28.87846189650206  11.74548297695474  29.359
  I  23.30136189650205  17.54038297695474  29.5077
  I  17.49766189650206  17.66038297695474  23.7629
  I  28.69216189650206  17.38608297695474  23.5798
  I  29.21806189650206  5.84994297695474  35.6399
  I  17.80906189650205  6.120702976954739  35.8931
  I  35.37276189650206  28.52428297695474 -28.5783
  I  29.16496189650206  17.65488297695474 -35.6465
 Pb  29.26306189650206  17.59658297695474 -29.5542
 Pb  29.37776189650205  29.48748297695474 -29.5251
 Pb  29.03116189650206  17.28578297695474 -17.6689
 Pb  29.06256189650206  29.10538297695474 -17.5846
  I  28.87016189650205  23.42068297695474 -29.1632
  I  35.29776189650206  17.51598297695474 -29.308
  I  35.05716189650206  28.36668297695474 -5.82779
  I  28.14846189650206  23.13858297695474 -17.6671
  I  35.10946189650206  17.98118297695474 -17.7453
  I  35.09246189650206  28.54108297695474 -17.5347
  I  28.72226189650205  28.93778297695474 -23.4715
  I  28.72736189650206  17.22278297695474 -11.782
 Pb  29.00816189650206  17.21198297695474 -5.88149
 Pb  29.02216189650206  29.01428297695474 -5.85898
 Pb  29.00816189650206  17.21198297695474  5.88149
 Pb  29.02216189650206  29.01428297695474  5.85898
  I  28.24466189650206  23.05338297695474 -5.82476
  I  35.03746189650206  17.73338297695474 -5.69055
  I  35.09246189650206  28.54108297695474  17.5347
  I  28.24466189650206  23.05338297695474  5.82476
  I  35.03746189650206  17.73338297695474  5.69055
  I  35.05716189650206  28.36668297695474  5.82779
  I  28.58046189650205  28.70228297695474 -3.435751911597192e-16
  I  28.72736189650206  17.22278297695474  11.782
 Pb  29.03116189650206  17.28578297695474  17.6689
 Pb  29.06256189650206  29.10538297695474  17.5846
 Pb  29.26306189650206  17.59658297695474  29.5542
 Pb  29.37776189650205  29.48748297695474  29.5251
  I  28.14846189650206  23.13858297695474  17.6671
  I  35.10946189650206  17.98118297695474  17.7453
  I  28.87016189650205  23.42068297695474  29.1632
  I  35.29776189650206  17.51598297695474  29.308
  I  35.37276189650206  28.52428297695474  28.5783
  I  28.72226189650205  28.93778297695474  23.4715
  I  29.16496189650206  17.65488297695474  35.6465
  I  5.592581896502058 -35.44091702304526 -29.6496
  I -0.06329300349794267 -28.88311702304526 -29.4195
 Pb -5.911068103497942 -29.27621702304526 -29.6398
 Pb -5.687038103497942 -29.08671702304526 -17.7389
  I -5.874488103497942 -35.31421702304526 -29.4045
  I  6.698071896502058 -35.07921702304526 -6.15348
  I  0.2165978965020573 -29.70061702304526 -6.15068
  I -6.428738103497943 -35.12041702304526 -17.8779
  I  6.707501896502057 -35.21281702304526 -17.3743
  I  0.1274768965020573 -29.89131702304526 -17.5805
  I -5.748708103497942 -28.66371702304526 -23.6669
  I  5.714831896502058 -29.31121702304526 -23.669
 Pb -5.579048103497942 -28.98461702304526 -5.87905
 Pb -5.579048103497942 -28.98461702304526  5.87905
  I -6.345438103497942 -34.98131702304526 -5.56587
  I  6.707501896502057 -35.21281702304526  17.3743
  I  0.1274768965020573 -29.89131702304526  17.5805
  I -6.345438103497942 -34.98131702304526  5.56587
  I  6.698071896502058 -35.07921702304526  6.15348
  I  0.2165978965020573 -29.70061702304526  6.15068
  I -5.528718103497942 -28.18001702304526 -3.435751911597192e-16
  I  5.748451896502058 -28.95361702304526 -3.435751911597192e-16
 Pb -5.687038103497942 -29.08671702304526  17.7389
 Pb -5.911068103497942 -29.27621702304526  29.6398
  I -6.428738103497943 -35.12041702304526  17.8779
  I -5.874488103497942 -35.31421702304526  29.4045
  I  5.592581896502058 -35.44091702304526  29.6496
  I -0.06329300349794267 -28.88311702304526  29.4195
  I -5.748708103497942 -28.66371702304526  23.6669
  I  5.714831896502058 -29.31121702304526  23.669
  I  17.39256189650206 -23.38861702304526 -29.7277
  I  11.65896189650206 -17.44381702304526 -29.6736
  I  17.38486189650206 -29.36101702304526 -35.7459
  I  5.842921896502058 -29.14661702304526 -35.6954
 Pb  5.785051896502058 -29.37241702304526 -29.622
 Pb  5.802531896502058 -17.52871702304526 -29.8358
 Pb  5.938371896502058 -29.18401702304526 -17.7441
 Pb  5.865731896502058 -17.43531702304526 -17.8717
  I  5.797751896502057 -23.39101702304526 -29.2772
  I  11.63656189650206 -29.01241702304526 -29.215
  I  18.89996189650206 -23.37291702304526 -6.27246
  I  11.80346189650206 -18.81891702304526 -6.39433
  I  4.800811896502058 -23.27711702304526 -18.245
  I  11.74816189650206 -28.19831702304526 -17.9551
  I  18.37616189650205 -23.34151702304526 -17.6078
  I  11.68326189650206 -18.64711702304526 -17.5831
  I  6.138921896502057 -17.23401702304526 -23.8102
  I  17.28756189650205 -17.91721702304526 -23.7716
  I  17.63376189650205 -29.07871702304526 -11.8728
  I  6.258691896502057 -28.49011702304526 -11.8515
 Pb  6.041491896502057 -29.05831702304526 -5.9145
 Pb  6.056531896502058 -17.35331702304526 -5.91999
 Pb  6.041491896502057 -29.05831702304526  5.9145
 Pb  6.056531896502058 -17.35331702304526  5.91999
  I  4.862431896502057 -23.14371702304526 -5.55362
  I  11.84166189650206 -27.96721702304526 -5.83442
  I  18.37616189650205 -23.34151702304526  17.6078
  I  11.68326189650206 -18.64711702304526  17.5831
  I  4.862431896502057 -23.14371702304526  5.55362
  I  11.84166189650206 -27.96721702304526  5.83442
  I  18.89996189650206 -23.37291702304526  6.27246
  I  11.80346189650206 -18.81891702304526  6.39433
  I  6.625381896502057 -16.90621702304526 -3.435751911597192e-16
  I  17.32476189650206 -18.05031702304526 -3.435751911597192e-16
  I  17.63376189650205 -29.07871702304526  11.8728
  I  6.258691896502057 -28.49011702304526  11.8515
 Pb  5.938371896502058 -29.18401702304526  17.7441
 Pb  5.865731896502058 -17.43531702304526  17.8717
 Pb  5.785051896502058 -29.37241702304526  29.622
 Pb  5.802531896502058 -17.52871702304526  29.8358
  I  4.800811896502058 -23.27711702304526  18.245
  I  11.74816189650206 -28.19831702304526  17.9551
  I  5.797751896502057 -23.39101702304526  29.2772
  I  11.63656189650206 -29.01241702304526  29.215
  I  17.39256189650206 -23.38861702304526  29.7277
  I  11.65896189650206 -17.44381702304526  29.6736
  I  6.138921896502057 -17.23401702304526  23.8102
  I  17.28756189650205 -17.91721702304526  23.7716
  I  17.38486189650206 -29.36101702304526  35.7459
  I  5.842921896502058 -29.14661702304526  35.6954
  I  28.88966189650206 -11.63331702304526 -29.3868
  I  23.38146189650206 -5.745387023045261 -29.8254
  I  29.09506189650206 -17.47151702304526 -35.683
  I  17.67816189650205 -17.33401702304526 -35.8031
 Pb  17.52106189650205 -17.51401702304526 -29.7664
 Pb  17.50676189650206 -5.82673702304526 -29.794
 Pb  17.49416189650206 -17.48751702304526 -17.869
 Pb  17.36516189650206 -5.900647023045261 -17.8804
  I  17.45936189650206 -11.66521702304526 -29.1105
  I  23.37886189650206 -17.48661702304526 -29.2103
  I  30.04406189650206 -11.82601702304526 -6.1446
  I  23.18376189650206 -7.242427023045261 -6.36541
  I  16.31426189650206 -11.72301702304526 -18.4064
  I  23.37576189650206 -16.82891702304526 -18.1554
  I  29.62816189650206 -11.74871702304526 -17.73
  I  23.20946189650206 -6.965317023045261 -17.5183
  I  17.93646189650206 -5.502987023045261 -23.7911
  I  28.68976189650206 -5.919227023045261 -23.6745
  I  28.75566189650205 -17.69511702304526 -11.8684
  I  17.95976189650206 -17.33541702304526 -11.9245
 Pb  17.57286189650205 -17.59471702304526 -5.92539
 Pb  17.37056189650206 -6.05125702304526 -5.93433
 Pb  17.57286189650205 -17.59471702304526  5.92539
 Pb  17.37056189650206 -6.05125702304526  5.93433
  I  16.17966189650205 -11.84431702304526 -5.53777
  I  23.37736189650206 -16.45101702304526 -5.74386
  I  29.62816189650206 -11.74871702304526  17.73
  I  23.20946189650206 -6.965317023045261  17.5183
  I  16.17966189650205 -11.84431702304526  5.53777
  I  23.37736189650206 -16.45101702304526  5.74386
  I  30.04406189650206 -11.82601702304526  6.1446
  I  23.18376189650206 -7.242427023045261  6.36541
  I  17.95656189650206 -5.706537023045261 -3.435751911597192e-16
  I  28.28546189650206 -6.11582702304526 -3.435751911597192e-16
  I  28.75566189650205 -17.69511702304526  11.8684
  I  17.95976189650206 -17.33541702304526  11.9245
 Pb  17.49416189650206 -17.48751702304526  17.869
 Pb  17.36516189650206 -5.900647023045261  17.8804
 Pb  17.52106189650205 -17.51401702304526  29.7664
 Pb  17.50676189650206 -5.82673702304526  29.794
  I  16.31426189650206 -11.72301702304526  18.4064
  I  23.37576189650206 -16.82891702304526  18.1554
  I  17.45936189650206 -11.66521702304526  29.1105
  I  23.37886189650206 -17.48661702304526  29.2103
  I  28.88966189650206 -11.63331702304526  29.3868
  I  23.38146189650206 -5.745387023045261  29.8254
  I  17.93646189650206 -5.502987023045261  23.7911
  I  28.68976189650206 -5.919227023045261  23.6745
  I  29.09506189650206 -17.47151702304526  35.683
  I  17.67816189650205 -17.33401702304526  35.8031
  I  35.41506189650206  6.131752976954739 -29.4733
  I  29.45786189650206 -5.583417023045261 -35.7306
 Pb  29.31446189650206 -5.779437023045261 -29.6409
 Pb  29.34996189650206  5.908822976954739 -29.5633
 Pb  29.15856189650206 -5.895827023045261 -17.7625
 Pb  29.00166189650206  5.68555297695474 -17.6756
  I  28.97426189650206  0.06695197695473967 -29.1625
  I  35.35936189650206 -5.843237023045261 -29.3159
  I  34.89636189650206  5.062942976954739 -5.99801
  I  27.95706189650205 -0.1213370230452603 -17.9295
  I  35.20326189650206 -5.50527702304526 -17.8318
  I  35.03656189650206  4.89893297695474 -17.2466
  I  29.14286189650205  5.955652976954739 -23.6059
  I  29.07016189650206 -6.047707023045261 -11.8461
 Pb  29.08296189650206 -6.045587023045261 -5.8782
 Pb  28.85126189650206  5.539852976954739 -5.89844
 Pb  29.08296189650206 -6.045587023045261  5.8782
 Pb  28.85126189650206  5.539852976954739  5.89844
  I  27.85696189650206 -0.2672220230452604 -5.77833
  I  35.07336189650206 -5.157717023045261 -5.59395
  I  35.03656189650206  4.89893297695474  17.2466
  I  27.85696189650206 -0.2672220230452604  5.77833
  I  35.07336189650206 -5.157717023045261  5.59395
  I  34.89636189650206  5.062942976954739  5.99801
  I  28.73446189650205  5.776412976954739 -3.435751911597192e-16
  I  29.07016189650206 -6.047707023045261  11.8461
 Pb  29.15856189650206 -5.895827023045261  17.7625
 Pb  29.00166189650206  5.68555297695474  17.6756
 Pb  29.31446189650206 -5.779437023045261  29.6409
 Pb  29.34996189650206  5.908822976954739  29.5633
  I  27.95706189650205 -0.1213370230452603  17.9295
  I  35.20326189650206 -5.50527702304526  17.8318
  I  28.97426189650206  0.06695197695473967  29.1625
  I  35.35936189650206 -5.843237023045261  29.3159
  I  35.41506189650206  6.131752976954739  29.4733
  I  29.14286189650205  5.955652976954739  23.6059
  I  29.45786189650206 -5.583417023045261  35.7306
  I  28.61996189650205 -35.43441702304526 -28.9172
  I  23.37566189650206 -28.89581702304526 -29.3431
 Pb  17.51406189650206 -29.32801702304526 -29.6681
 Pb  17.54656189650206 -29.28381702304526 -17.7927
  I  17.50016189650206 -35.37401702304526 -29.3656
  I  30.25816189650206 -35.43731702304526 -5.98308
  I  23.39846189650206 -30.32061702304526 -6.08029
  I  17.25566189650205 -35.31161702304526 -17.837
  I  29.63626189650206 -35.43591702304526 -17.5676
  I  23.42836189650206 -29.55061702304526 -17.8061
  I  17.54986189650205 -28.78181702304526 -23.6959
  I  28.92816189650205 -29.03011702304526 -23.6533
 Pb  17.61566189650205 -29.23031702304526 -5.89965
 Pb  17.61566189650205 -29.23031702304526  5.89965
  I  16.68536189650206 -35.22341702304526 -5.70189
  I  29.63626189650206 -35.43591702304526  17.5676
  I  23.42836189650206 -29.55061702304526  17.8061
  I  16.68536189650206 -35.22341702304526  5.70189
  I  30.25816189650206 -35.43731702304526  5.98308
  I  23.39846189650206 -30.32061702304526  6.08029
  I  17.62566189650206 -28.47461702304526 -3.435751911597192e-16
  I  28.63036189650206 -29.04921702304526 -3.435751911597192e-16
 Pb  17.54656189650206 -29.28381702304526  17.7927
 Pb  17.51406189650206 -29.32801702304526  29.6681
  I  17.25566189650205 -35.31161702304526  17.837
  I  17.50016189650206 -35.37401702304526  29.3656
  I  28.61996189650205 -35.43441702304526  28.9172
  I  23.37566189650206 -28.89581702304526  29.3431
  I  17.54986189650205 -28.78181702304526  23.6959
  I  28.92816189650205 -29.03011702304526  23.6533
  I  35.42466189650206 -17.33941702304526 -29.5659
  I  28.63906189650206 -28.53811702304526 -35.7506
 Pb  29.45426189650206 -29.40751702304526 -29.7194
 Pb  29.35736189650206 -17.49651702304526 -29.622
 Pb  29.36186189650206 -29.38181702304526 -17.7644
 Pb  29.36136189650206 -17.58521702304526 -17.7623
  I  29.00796189650206 -23.34531702304526 -29.2023
  I  35.47596189650206 -28.53561702304526 -28.8429
  I  35.30226189650206 -18.49791702304526 -6.07581
  I  28.64096189650206 -23.41941702304526 -17.8163
  I  35.38936189650206 -28.81741702304526 -17.8053
  I  35.39896189650206 -18.01831702304526 -17.4992
  I  29.27116189650205 -17.39681702304526 -23.6688
  I  28.90796189650206 -29.04241702304526 -11.8568
 Pb  29.23646189650206 -29.41791702304526 -5.90991
 Pb  29.30176189650206 -17.64281702304526 -5.92089
 Pb  29.23646189650206 -29.41791702304526  5.90991
 Pb  29.30176189650206 -17.64281702304526  5.92089
  I  28.20596189650206 -23.47281702304526 -5.91704
  I  35.25496189650206 -28.50011702304526 -5.94504
  I  35.39896189650206 -18.01831702304526  17.4992
  I  28.20596189650206 -23.47281702304526  5.91704
  I  35.25496189650206 -28.50011702304526  5.94504
  I  35.30226189650206 -18.49791702304526  6.07581
  I  29.01626189650205 -17.36991702304526 -3.435751911597192e-16
  I  28.90796189650206 -29.04241702304526  11.8568
 Pb  29.36186189650206 -29.38181702304526  17.7644
 Pb  29.36136189650206 -17.58521702304526  17.7623
 Pb  29.45426189650206 -29.40751702304526  29.7194
 Pb  29.35736189650206 -17.49651702304526  29.622
  I  28.64096189650206 -23.41941702304526  17.8163
  I  35.38936189650206 -28.81741702304526  17.8053
  I  29.00796189650206 -23.34531702304526  29.2023
  I  35.47596189650206 -28.53561702304526  28.8429
  I  35.42466189650206 -17.33941702304526  29.5659
  I  29.27116189650205 -17.39681702304526  23.6688
  I  28.63906189650206 -28.53811702304526  35.7506
