0 8 0.00019529 0.073232879893 0.00000000 0.00001076 0.00005920 -0.00004639 -0.00003184 0.00005231 -0.00016916
0 9 0.00043112 0.073232879893 0.00000001 0.00006041 0.00000453 0.00005839 -0.00002730 0.00024883 0.00034077
0 10 0.75001300 0.075557908460 0.02833520 -0.12747716 -0.28216376 -0.09101752 -0.32600839 -0.56101370 0.19326317
0 11 0.35936419 0.075557908460 0.00650516 -0.13648442 0.15921751 0.08630149 -0.11624759 -0.11249274 -0.22704261
0 12 0.61297181 0.075663738222 0.01895298 -0.50528761 -0.00587272 0.04044896 -0.04209358 0.03824717 -0.33987284
0 13 0.59491395 0.075663738222 0.01785274 0.15611859 -0.15021928 -0.54497978 0.07615672 0.00844633 -0.06410631
0 14 3.03898382 0.076398925748 0.47038425 0.36871160 2.29175599 -1.23991565 0.84788731 -1.07812209 -0.65473504
0 15 2.92096989 0.076398925748 0.43456041 1.05484989 0.32758869 -0.02046357 -2.08599824 1.68342135 0.35542599
1 8 0.00043112 0.073232879893 0.00000001 -0.00000774 -0.00006009 0.00002415 -0.00005977 -0.00035356 -0.00023030
1 9 0.00019529 0.073232879893 0.00000000 0.00005969 0.00000759 -0.00003427 -0.00004463 -0.00016613 0.00006125
1 10 0.35936419 0.075557908460 0.00650516 0.09959305 -0.18455199 -0.07750757 0.12228666 -0.25229390 -0.02346800
1 11 0.75001300 0.075557908460 0.02833520 0.30911956 0.01766111 0.33694895 -0.03211018 0.02106505 0.59299518
1 12 0.59491395 0.075663738222 0.01785274 0.01011766 0.21641737 -0.34344284 -0.42994165 -0.03793404 0.05236381
1 13 0.61297181 0.075663738222 0.01895298 0.37100519 0.34308192 -0.00044014 -0.05837632 0.20585964 -0.27312672
1 14 2.92096989 0.076398925748 0.43456041 -1.03430195 -0.38761079 1.29458439 -1.63580520 -1.54805650 -0.75083696
1 15 3.03898382 0.076398925748 0.47038425 1.69586805 -1.58496855 -0.46014389 -1.42988507 -1.25318477 -0.14336369
2 8 0.00003930 0.072907043072 0.00000000 -0.00000680 -0.00001841 0.00001332 -0.00003123 -0.00000233 0.00000110
2 9 0.00002809 0.072907043072 0.00000000 0.00001599 -0.00002223 0.00000376 0.00000207 -0.00000320 0.00000327
2 10 0.81969295 0.075232071640 0.03369878 0.23013572 0.35468261 -0.19156976 -0.34752568 0.45615337 0.35719093
2 11 2.04844332 0.075232071640 0.21045520 0.08647744 0.09684478 -0.05627480 -0.14097947 -1.91384429 -0.70243912
2 12 2.37821066 0.075337901402 0.28406839 -0.55673782 0.52594389 1.72953563 -0.28165072 -1.19740999 -0.75159875
2 13 3.06812141 0.075337901402 0.47278898 -2.02940859 0.51593173 -0.52122921 1.28127776 0.55559514 1.67530464
2 14 0.81683600 0.076073088927 0.03383838 -0.42098329 0.23513935 -0.14202849 -0.62399911 -0.14092029 0.07278796
2 15 0.57403190 0.076073088927 0.01671136 -0.18157884 -0.39259426 -0.04391933 0.08703705 -0.19335796 0.30906283
3 8 0.00002809 0.072907043072 0.00000000 -0.00001618 -0.00002209 -0.00000374 0.00000210 0.00000322 0.00000324
3 9 0.00003930 0.072907043072 0.00000000 -0.00000664 0.00001846 0.00001359 0.00003112 -0.00000234 -0.00000108
3 10 2.04844332 0.075232071640 0.21045520 0.05133662 -0.11925524 -0.00870611 0.15154626 -1.59266832 1.27264619
3 11 0.81969295 0.075232071640 0.03369878 -0.10589740 0.40932620 0.07158618 -0.39031845 -0.31947496 0.48331874
3 12 3.06812141 0.075337901402 0.47278898 -1.81817354 1.03871544 -1.26502202 -0.55952828 -0.76419021 -1.59102009
3 13 2.37821066 0.075337901402 0.28406839 0.76583454 -0.00845234 -1.43971990 0.99891302 0.33916481 -1.37246442
3 14 0.57403190 0.076073088927 0.01671136 -0.18152034 -0.39262131 0.09476045 0.02290878 0.36071330 0.05284934
3 15 0.81683599 0.076073088927 0.03383838 -0.45181684 0.16846065 0.38344742 0.51236223 -0.14672887 0.06022669
4 8 0.00005395 0.072774818842 0.00000000 0.00002164 -0.00000036 0.00003006 -0.00003743 0.00001021 -0.00000568
4 9 0.00005766 0.072774818842 0.00000000 -0.00001545 -0.00004853 0.00002598 0.00000595 -0.00000436 -0.00000134
4 10 2.32686893 0.075099847410 0.27107636 -0.68549232 -1.06445250 0.58848063 1.63397269 0.76568891 -0.45706068
4 11 3.23533141 0.075099847410 0.52406523 -1.01696504 1.64284144 -0.90565929 1.21930634 -1.79972369 -1.09008778
4 12 0.68653125 0.075205677172 0.02363088 -0.27377493 -0.02463617 0.32408927 0.01309896 0.42394003 0.33291877
4 13 2.16070192 0.075205677172 0.23407179 -0.28375019 0.01425509 0.25632022 0.00397164 -0.52476482 -2.06078175
4 14 0.27298165 0.075940864697 0.00377269 -0.14905775 -0.09730548 -0.14535041 -0.11113580 -0.08799679 0.04013813
4 15 0.35786569 0.075940864697 0.00648372 -0.11638971 -0.21860538 -0.11843290 -0.21479039 -0.04676629 0.06621653
5 8 0.00005766 0.072774818842 0.00000000 -0.00004901 -0.00001386 0.00000680 0.00002577 -0.00000149 -0.00000432
5 9 0.00005395 0.072774818842 0.00000000 -0.00000035 -0.00002165 0.00003643 -0.00003127 0.00000535 -0.00001039
5 10 3.23533141 0.075099847410 0.52406523 -1.19958822 1.51463988 -0.83906556 1.26605517 1.63671504 1.32229370
5 11 2.32686893 0.075099847410 0.27107635 -1.23403342 -0.28305541 1.73671338 -0.00168548 -0.16972061 0.87543069
5 12 2.16070192 0.075205677172 0.23407179 0.19200247 0.20940972 -0.18527354 -0.17717094 1.82076583 -1.09864070
5 13 0.68653125 0.075205677172 0.02363088 -0.21221171 -0.17471646 0.23993058 0.21826304 0.53560881 0.06068996
5 14 0.35786569 0.075940864697 0.00648372 -0.22798531 0.09673456 -0.22717404 0.09248360 0.00529429 -0.08089304
5 15 0.27298165 0.075940864697 0.00377269 0.17708333 0.01811253 0.18290057 0.00502888 0.04316181 0.08655382
6 8 3.77201182 0.070671583492 0.67034697 2.68923193 -0.25405523 0.33561339 1.61151721 -0.55529674 -1.97827758
6 9 3.35375543 0.070671583492 0.52992736 0.36446466 -0.20374358 -0.41576656 -2.14199694 1.64742774 -1.89691821
6 10 0.00015443 0.072996612059 0.00000000 -0.00001855 -0.00012830 -0.00002259 -0.00001052 -0.00003202 -0.00007346
6 11 0.00019827 0.072996612059 0.00000000 0.00007460 -0.00000534 0.00012571 -0.00007873 0.00009635 -0.00004932
6 12 0.00011332 0.073102441822 0.00000000 -0.00001354 -0.00005054 0.00004992 0.00005822 0.00006491 0.00000314
6 13 0.00014463 0.073102441822 0.00000000 -0.00010922 -0.00001032 0.00009012 0.00001487 -0.00002196 -0.00000762
6 14 0.00059638 0.073837629347 0.00000002 -0.00004945 0.00002107 -0.00004497 -0.00004032 -0.00057915 -0.00011709
6 15 0.00256985 0.073837629347 0.00000033 -0.00004484 0.00002073 0.00002712 0.00002916 0.00028981 -0.00255266
7 8 3.35375543 0.070671583492 0.52992736 0.32687709 -0.25980242 1.82369382 1.19797894 2.38040026 -0.80374838
7 9 3.77201182 0.070671583492 0.67034697 -1.25617364 2.39134695 1.36338105 0.92239697 -1.61925464 -1.26489172
7 10 0.00019827 0.072996612059 0.00000000 -0.00001096 0.00007398 -0.00008800 0.00011941 -0.00005646 0.00009235
7 11 0.00015443 0.072996612059 0.00000000 0.00012654 0.00002819 0.00000878 0.00002332 0.00007084 0.00003747
7 12 0.00014463 0.073102441822 0.00000000 -0.00004911 -0.00009809 0.00004645 0.00007865 -0.00001504 -0.00001772
7 13 0.00011332 0.073102441822 0.00000000 0.00005202 -0.00000565 -0.00007233 -0.00002548 -0.00002640 -0.00005939
7 14 0.00256984 0.073837629347 0.00000033 0.00000174 0.00004938 -0.00003826 -0.00001104 0.00214704 -0.00141077
7 15 0.00059638 0.073837629347 0.00000002 -0.00000352 -0.00005364 -0.00005628 -0.00002193 -0.00036588 -0.00046396
