0 -0.244097667253002 2.54469e-06
1 -0.244097667028703 1.54731e-06
2 -0.243970391544123 2.61982e-06
3 -0.243970391362668 1.86076e-06
4 -0.243762024121528 2.32672e-06
5 -0.243762023994512 1.7426e-06
6 -0.243735747643469 2.0977e-06
7 -0.243735747537766 1.59719e-06
8 -0.243647549778441 2.09795e-06
9 -0.243647549675644 1.57241e-06
10 -0.243490538211317 1.93696e-06
11 -0.243490538100927 1.19938e-06
12 -0.243380900000345 1.71464e-06
13 -0.243380899907758 1.03507e-06
14 -0.242906052628517 1.19363e-06
15 -0.242906052597862 8.84535e-07
16 -0.242450159991796 9.82132e-07
17 -0.242450159959184 5.29385e-07
18 -0.242326710492263 7.4516e-07
19 -0.242326710475262 4.49782e-07
20 -0.242176038459749 6.32773e-07
21 -0.242176038449992 4.35564e-07
22 -0.241912881117085 4.90311e-07
23 -0.241912881109994 2.92501e-07
24 -0.241726468253594 5.71938e-07
25 -0.241726468244023 3.42848e-07
26 -0.241719114795521 4.48375e-07
27 -0.241719114790083 3.06007e-07
28 -0.241685500069523 4.11843e-07
29 -0.241685500065378 2.71461e-07
30 -0.241541691986321 4.08748e-07
31 -0.241541691982897 2.93117e-07
32 -0.241420003253758 3.99788e-07
33 -0.241420003251639 3.3699e-07
34 -0.24106285523158 3.48011e-07
35 -0.241062855228654 2.26539e-07
36 -0.240434987087731 2.21631e-07
37 -0.240434987086532 1.29745e-07
38 -0.240400871165595 1.60079e-07
39 -0.24040087116509 1.15514e-07
40 -0.240001900914509 1.03741e-07
41 -0.240001900914367 1.07712e-07
42 -0.239966059822911 1.05334e-07
43 -0.23996605982252 1.51871e-07
44 -0.239869810705601 1.04839e-07
45 -0.239869810705377 1.22113e-07
46 -0.239702593402182 1.41855e-08
47 -0.239702593401965 1.67224e-07
48 -0.239502077903801 1.06481e-07
49 -0.239502077903641 1.24477e-07
50 -0.239137689918227 5.831e-08
51 -0.239137689918027 9.53048e-08
52 -0.238882685842949 1.2143e-07
53 -0.238882685842845 6.15519e-08
54 -0.238350432876246 8.62869e-08
55 -0.238350432876204 8.59243e-08
56 -0.237985198515844 6.00107e-08
57 -0.237985198515792 2.23517e-08
58 -0.237862925468258 5.56928e-08
59 -0.237862925468193 1.23047e-07
60 -0.237814865412386 2.81253e-08
61 -0.237814865412364 1.54454e-07
62 -0.237228784558998 6.55376e-08
63 -0.237228784558988 3.3939e-08
64 -0.237103257015537 1.93572e-08
65 -0.237103257015525 5.36623e-08
66 -0.236283805777085 7.57527e-08
67 -0.236283805777081 5.9779e-08
68 -0.236261728655532 3.77157e-08
69 -0.236261728655526 1.20857e-07
70 -0.236124065317858 9.25343e-08
71 -0.236124065317851 6.17208e-08
72 -0.235695702199034 3.2583e-08
73 -0.235695702199031 6.42545e-08
74 -0.235111556985492 1.21487e-07
75 -0.235111556985488 6.6796e-08
76 -0.235023548672897 1.05564e-07
77 -0.235023548672894 8.62467e-08
78 -0.233964224492173 4.49357e-08
79 -0.23396422449217 7.1269e-08
80 -0.233928273902153 1.11261e-07
81 -0.23392827390215 4.38415e-08
82 -0.233089158041828 1.10667e-07
83 -0.233089158041822 2.69923e-08
84 -0.232966498668221 1.00133e-07
85 -0.23296649866822 2.8493e-08
86 -0.232633294712511 4.09782e-08
87 -0.232633294712508 6.08147e-08
88 -0.230951143644572 8.24207e-08
89 -0.230951143644566 7.00414e-08
90 -0.230625306824037 7.63912e-08
91 -0.230625306824033 1.08001e-07
92 -0.230493082593959 5.37914e-08
93 -0.230493082593956 1.20742e-07
94 -0.228389847243618 5.20208e-08
95 -0.228389847243613 5.48137e-08
96 -0.157718263751865 5.90197e-08
97 -0.157718263751861 5.10446e-08
98 -0.155393235184279 6.62484e-08
99 -0.155393235184276 9.31323e-09
100 -0.155287405422109 7.33324e-08
101 -0.155287405422106 7.8009e-08
102 -0.154552217896666 7.31903e-08
103 -0.154552217896663 6.83111e-08
104 -0.152944740555838 9.56682e-08
105 -0.152944740555836 3.67843e-08
106 -0.152408151479962 7.0535e-08
107 -0.152408151479957 4.396e-08
108 -0.152372721300301 3.42443e-08
109 -0.152372721300299 4.05099e-08
110 -0.152110226458608 8.6888e-08
111 -0.152110226458607 7.15847e-08
112 -0.152002504554019 4.43529e-08
113 -0.152002504554018 8.10625e-08
114 -0.150621899221337 5.0084e-08
115 -0.150621899221332 7.45756e-08
116 -0.150061788709298 6.94444e-08
117 -0.150061788709277 5.84586e-08
118 -0.149808094170799 4.86075e-08
119 -0.149808094170778 5.18873e-08
120 -0.149568589347804 2.86751e-08
121 -0.149568589347784 4.28813e-08
122 -0.149545420547062 4.93161e-08
123 -0.149545420547004 6.06433e-08
124 -0.149491448975326 3.81274e-08
125 -0.149491448975303 8.02236e-08
126 -0.148987937410107 3.52429e-08
127 -0.148987937410031 7.04612e-08
128 -0.148948685438396 4.41569e-08
129 -0.148948685438329 8.10411e-08
130 -0.148052040102437 9.47938e-08
131 -0.148052040102153 1.3159e-07
132 -0.147923977623031 9.64807e-08
133 -0.147923977622593 1.46653e-07
134 -0.147209921103552 2.1638e-07
135 -0.147209921100565 3.17934e-07
136 -0.147175006442581 1.9966e-07
137 -0.147175006440765 2.88452e-07
138 -0.147113460661659 2.36769e-07
139 -0.147113460658609 3.46447e-07
140 -0.147095033242516 2.0698e-07
141 -0.147095033239426 3.24827e-07
142 -0.146974847293033 2.56626e-07
143 -0.14697484728565 4.71886e-07
