575 
I -22.5539 29.6283 -22.8411
I -22.7287 22.884 -29.8499
I -29.5487 22.8636 -22.9925
I -22.6423 29.2664 -0.0453686
I -29.4637 23.7824 -11.7345
I -22.7306 29.2883 -11.7433
I -23.005 22.7735 -5.93051
I -29.4435 23.827 -0.0437207
I -22.582 29.6772 22.7497
I -29.478 23.8075 11.6471
I -22.7449 29.3134 11.6523
I -23.0972 22.9895 17.6404
I -29.5769 22.9129 22.9071
I -23.1554 5.84047 -23.4079
I -29.5487 11.7437 -23.5602
I -23.4491 0.102418 -29.8917
I -29.5531 -0.119416 -23.6205
I -22.0527 5.76297 -0.019776
I -29.177 10.9352 -0.0297178
I -29.1817 0.786616 -11.5808
I -21.9216 5.76937 -12.0247
I -29.18 10.8753 -11.5609
I -22.9846 11.6643 -17.7962
I -22.6433 -0.00785748 -5.95196
I -29.1388 0.601767 -0.0186025
I -23.1841 5.89068 23.3667
I -29.5776 11.7942 23.4986
I -29.1959 0.811439 11.5431
I -21.9363 5.79515 11.9853
I -29.1942 10.9 11.5016
I -22.6569 11.5037 5.89965
I -23.0511 -0.0567825 17.7941
I -29.5822 -0.0687426 23.5844
I -23.4766 11.6863 29.8042
I -11.6193 17.5204 -23.632
I -17.4808 23.1227 -23.3693
I -11.6564 11.7408 -30.0637
I -23.4398 11.6223 -29.8583
Pb -23.5027 11.7051 -23.7752
Pb -23.5339 23.6348 -23.7881
Pb -23.1414 11.551 -11.8596
Pb -23.3731 23.2606 -11.8186
I -23.0747 17.5485 -23.502
I -17.5347 11.6125 -23.7242
I -10.591 17.3101 -0.0251088
I -17.4263 22.3783 -0.0347615
I -23.9634 17.3774 -11.8361
I -17.2786 12.8558 -11.971
I -10.3578 17.3382 -12.0636
I -17.4058 22.2992 -11.8719
I -23.0755 22.9515 -17.7182
I -11.5005 23.0704 -17.8029
I -11.4102 11.4945 -6.02878
I -22.6497 11.4909 -5.95224
Pb -23.1599 11.537 -0.0266565
Pb -23.3884 23.2476 -0.0393687
Pb -23.1561 11.5764 11.8063
Pb -23.3876 23.286 11.7398
I -23.8582 17.3529 -0.0333291
I -17.2648 12.6364 -0.0242036
I -11.6484 17.5711 23.5798
I -17.5096 23.1728 23.2981
I -23.978 17.4028 11.7692
I -17.2933 12.8815 11.9221
I -10.3727 17.364 12.0136
I -17.4204 22.3247 11.8026
I -23.0123 22.7861 5.85324
I -11.5187 22.7678 5.89459
I -11.7036 11.6076 17.944
I -23.0065 11.7024 17.7428
Pb -23.532 11.7561 23.721
Pb -23.5632 23.6858 23.7083
I -23.1036 17.5989 23.4358
I -17.5639 11.6634 23.6777
I -22.7655 22.9479 29.7726
I -11.707 23.391 29.8059
I -0.0795159 29.5423 -23.6342
I 0.152917 23.4354 -29.9023
I -11.6703 23.327 -29.8703
Pb -11.6504 23.4955 -23.7807
Pb -11.5672 23.2599 -11.8634
I -11.4717 29.5374 -23.6155
I -5.79819 23.0422 -23.6127
I 0.601785 29.1386 -0.0309084
I -12.2739 29.3218 -11.6634
I -5.77117 24.0916 -11.859
I 0.806171 29.1764 -11.5928
I 0.00219208 22.6404 -5.96232
I -11.5114 22.7551 -5.95765
Pb -11.6068 23.2724 -0.0321348
Pb -11.5818 23.2852 11.7992
I -12.207 29.294 -0.0389681
I -5.79766 23.7979 -0.0291188
I -0.108604 29.5929 23.5706
I -12.2882 29.3467 11.5853
I -5.78576 24.1169 11.8001
I 0.791922 29.2012 11.5311
I -0.0868575 23.0592 17.7835
I -11.5224 23.1085 17.7391
Pb -11.6797 23.5466 23.7159
I -11.5008 29.588 23.5379
I -5.82726 23.0928 23.556
I -23.1335 -17.5203 -23.3292
I -29.5481 -11.5116 -23.5825
I -22.8976 -22.7791 -29.801
I -29.6389 -22.5924 -22.7894
I -22.3783 -17.4263 0.00491707
I -29.294 -12.207 -0.0049473
I -29.2936 -22.7502 -11.6914
I -22.3046 -17.4258 -11.8323
I -29.327 -12.2935 -11.6292
I -23.0785 -11.5305 -17.7728
I -22.7763 -23.015 -5.88121
I -29.2664 -22.6423 0.006272
I -23.1622 -17.4702 23.3383
I -29.5772 -11.4609 23.5708
I -29.308 -22.7251 11.7041
I -22.3192 -17.4004 11.8422
I -29.3414 -12.2686 11.6194
I -22.7652 -11.5087 5.92444
I -22.9813 -23.0673 17.69
I -29.6668 -22.5435 22.8013
I -23.3774 -11.6566 29.8363
I -11.6254 -5.86038 -23.6497
I -17.5412 0.0158454 -23.7631
I -11.7546 -11.7071 -30.0385
I -23.3406 -11.7207 -29.8399
Pb -23.5063 -11.6906 -23.7503
Pb -23.5078 0.000616051 -23.7977
Pb -23.2654 -11.5872 -11.8332
Pb -23.1418 -0.0101818 -11.8691
I -23.0532 -5.83805 -23.5923
I -17.5312 -11.6592 -23.6042
I -10.2062 -5.73271 -0.00013606
I -17.1946 -1.16128 -0.00934848
I -24.0969 -5.79118 -11.8382
I -17.3437 -10.3782 -12.0381
I -10.1062 -5.7666 -12.2586
I -17.2665 -1.37613 -12.0351
I -23.0292 -0.0950174 -17.8224
I -11.6299 0.0704906 -18.032
I -11.4973 -11.4204 -6.00423
I -22.7578 -11.5214 -5.92777
Pb -23.2724 -11.6068 -0.00188028
Pb -23.1136 -0.00925966 -0.0142334
Pb -23.2799 -11.5618 11.8294
Pb -23.1563 0.0152709 11.8405
I -23.7979 -5.79766 -0.00844141
I -17.3101 -10.591 0.000702978
I -11.6546 -5.80961 23.648
I -17.5705 0.0668415 23.7414
I -24.1116 -5.76578 11.8209
I -17.3585 -10.3523 12.039
I -10.1213 -5.74027 12.2585
I -17.2813 -1.35031 12.0167
I -22.6505 0.0048925 5.92405
I -11.4117 -0.0140463 6.02906
I -11.5994 -11.6733 17.969
I -23.1004 -11.4924 17.7691
Pb -23.5356 -11.6396 23.7463
Pb -23.5371 0.0516765 23.7688
I -23.0821 -5.78742 23.5764
I -17.5603 -11.6085 23.6076
I -23.4859 0.166564 29.8626
I -11.8053 -0.0269267 30.1037
I 0.0278224 5.81996 -23.8306
I -5.82042 11.6146 -23.665
I 0.0186006 -0.0324031 -30.1848
I -11.7682 -0.0915743 -30.1181
Pb -11.6853 -0.0210856 -24.0842
Pb -11.6769 11.6751 -24.023
Pb -11.4838 0.0105409 -12.0429
Pb -11.4982 11.5021 -12.0095
I -11.6287 5.82461 -23.7956
I -5.83085 -0.0124382 -23.8279
I 1.51495 5.70361 -0.00518919
I -5.73271 10.2062 -0.0144885
I -13.0111 5.75762 -12.0495
I -5.74148 1.52527 -12.2123
I 1.5459 5.73589 -12.2124
I -5.74588 10.1006 -12.2729
I -11.6815 11.569 -17.9833
I 0.100955 11.6216 -18.0371
I 0.00373977 -0.00651389 -6.06856
I -11.4043 -0.0270061 -6.04308
Pb -11.411 0.0289714 -0.00706191
Pb -11.4791 11.4862 -0.0194037
Pb -11.4986 0.036381 12.0286
Pb -11.513 11.5279 11.9706
I -12.8174 5.75295 -0.0140747
I -5.70361 1.51494 -0.00514006
I -0.00153824 5.8711 23.8181
I -5.84956 11.6654 23.6327
I -13.0259 5.78345 12.021
I -5.75652 1.55148 12.2019
I 1.53086 5.7621 12.2019
I -5.76098 10.1269 12.2441
I -11.4176 11.5074 5.99002
I -0.0242376 11.4145 6.02381
I -0.0111513 0.0194245 18.0952
I -11.6521 0.109188 18.0174
Pb -11.715 0.0306079 24.0696
Pb -11.7064 11.7266 23.9835
I -11.658 5.87567 23.7688
I -5.86021 0.0387129 23.8208
I -11.6934 11.8053 30.024
I -0.0777982 11.819 30.0982
I 11.6525 17.5238 -23.7127
I 5.88 23.1446 -23.4086
I 11.7916 11.6426 -30.0491
I -0.0406877 11.7544 -30.1236
Pb 0.0196059 11.6743 -24.0895
Pb 0.0408181 23.4969 -23.8085
Pb 0.0308857 11.4782 -12.0481
Pb 0.00986437 23.1363 -11.8797
I 0.0559926 17.5303 -23.7711
I 5.86481 11.6178 -23.7911
I 12.6364 17.2648 -0.0107469
I 5.76299 22.0527 -0.0201218
I -1.3558 17.261 -12.0453
I 5.77797 13.0056 -12.0457
I 12.8761 17.2731 -11.9572
I 5.78967 21.9161 -12.025
I -0.0649102 23.0208 -17.833
I 11.6943 22.9764 -17.787
I 11.5047 11.4075 -6.01457
I -0.0167997 11.4015 -6.04834
Pb 0.028979 11.411 -0.0122322
Pb -0.00924454 23.1136 -0.0248178
Pb 0.0160513 11.5041 12.0234
Pb -0.0047451 23.1618 11.83
I -1.16127 17.1946 -0.0191732
I 5.75295 12.8174 -0.010214
I 11.6233 17.5747 23.6892
I 5.85118 23.1949 23.3661
I -1.37062 17.2868 12.0065
I 5.76314 13.0314 12.0248
I 12.8613 17.2988 11.9359
I 5.77487 21.9418 11.985
I -0.00512683 22.6533 5.91369
I 11.4937 22.6597 5.90872
I 11.5772 11.7119 17.9582
I 0.0787392 11.6603 18.0123
Pb -0.0100666 11.726 24.0643
Pb 0.0115065 23.5479 23.758
I 0.0267188 17.5813 23.7335
I 5.8355 11.6689 23.7733
I 0.116095 23.4995 29.852
I 11.6359 23.4902 29.8133
I 22.9024 29.5381 -22.9674
I 22.9343 22.7151 -29.8216
I 11.6727 23.4262 -29.8492
Pb 11.7453 23.492 -23.7662
Pb 11.571 23.1361 -11.8506
I 11.7834 29.5379 -23.5537
I 17.5882 23.0639 -23.4829
I 23.827 29.4435 -0.0169244
I 10.8948 29.1747 -11.5559
I 17.3974 23.958 -11.8176
I 23.8022 29.4584 -11.7078
I 22.7835 23.0023 -5.90254
I 11.501 22.6469 -5.94319
Pb 11.537 23.1599 -0.0177521
Pb 11.5564 23.1614 11.8152
I 10.9352 29.177 -0.0245835
I 17.353 23.8582 -0.0149175
I 22.8742 29.5875 22.9322
I 10.8806 29.1995 11.5066
I 17.3829 23.9833 11.7876
I 23.7879 29.4833 11.6738
I 22.9596 23.1053 17.6687
I 11.6724 23.0146 17.752
Pb 11.716 23.5428 23.7301
I 11.7544 29.5884 23.5048
I 17.5593 23.1144 23.4549
I -11.7544 -29.5884 -23.5048
I -17.5593 -23.1144 -23.4549
Pb -23.6458 -23.5742 -23.7374
Pb -23.2661 -23.3929 -11.7685
I -22.8742 -29.5875 -22.9322
I -10.9352 -29.177 0.0245835
I -17.353 -23.8582 0.0149175
I -23.7879 -29.4833 -11.6738
I -10.8806 -29.1995 -11.5066
I -17.3829 -23.9833 -11.7876
I -22.9596 -23.1053 -17.6687
I -11.6724 -23.0146 -17.752
Pb -23.2476 -23.3884 0.0107809
Pb -23.2805 -23.3676 11.79
I -23.827 -29.4435 0.0169244
I -11.7834 -29.5379 23.5537
I -17.5882 -23.0639 23.4829
I -23.8022 -29.4584 11.7078
I -10.8948 -29.1747 11.5559
I -17.3974 -23.958 11.8176
I -22.7835 -23.0023 5.90254
I -11.501 -22.6469 5.94319
Pb -23.6751 -23.5231 23.7588
I -22.9024 -29.5381 22.9674
I -22.9343 -22.7151 29.8216
I -11.6727 -23.4262 29.8492
I -0.0267188 -17.5813 -23.7335
I -5.8355 -11.6689 -23.7733
I -0.116095 -23.4995 -29.852
I -11.6359 -23.4902 -29.8133
Pb -11.716 -23.5428 -23.7301
Pb -11.6861 -11.7174 -23.9978
Pb -11.5564 -23.1614 -11.8152
Pb -11.5076 -11.5185 -11.9848
I -11.6233 -17.5747 -23.6892
I -5.85118 -23.1949 -23.3661
I 1.16127 -17.1946 0.0191732
I -5.75295 -12.8174 0.010214
I -12.8613 -17.2988 -11.9359
I -5.77487 -21.9418 -11.985
I 1.37062 -17.2868 -12.0065
I -5.76314 -13.0314 -12.0248
I -11.5772 -11.7119 -17.9582
I -0.0787392 -11.6603 -18.0123
I 0.00512683 -22.6533 -5.91369
I -11.4937 -22.6597 -5.90872
Pb -11.537 -23.1599 0.0177521
Pb -11.4862 -11.4791 0.00524399
Pb -11.571 -23.1361 11.8506
Pb -11.5224 -11.4927 11.9953
I -12.6364 -17.2648 0.0107469
I -5.76299 -22.0527 0.0201218
I -0.0559926 -17.5303 23.7711
I -5.86481 -11.6178 23.7911
I -12.8761 -17.2731 11.9572
I -5.78967 -21.9161 12.025
I 1.3558 -17.261 12.0453
I -5.77797 -13.0056 12.0457
I -11.5047 -11.4075 6.01457
I 0.0167997 -11.4015 6.04834
I 0.0649102 -23.0208 17.833
I -11.6943 -22.9764 17.787
Pb -11.7453 -23.492 23.7662
Pb -11.7156 -11.6659 24.0086
I -11.6525 -17.5238 23.7127
I -5.88 -23.1446 23.4086
I -11.7916 -11.6426 30.0491
I 0.0406877 -11.7544 30.1236
I 11.658 -5.87567 -23.7688
I 5.86021 -0.0387129 -23.8208
I 11.6934 -11.8053 -30.024
I 0.0777982 -11.819 -30.0982
Pb 0.0100666 -11.726 -24.0643
Pb 0.0148873 -0.0259365 -24.1605
Pb -0.0160513 -11.5041 -12.0234
Pb 0.0074493 -0.0129786 -12.0898
I 0.00153824 -5.8711 -23.8181
I 5.84956 -11.6654 -23.6327
I 12.8174 -5.75295 0.0140747
I 5.70361 -1.51494 0.00514006
I -1.53086 -5.7621 -12.2019
I 5.76098 -10.1269 -12.2441
I 13.0259 -5.78345 -12.021
I 5.75652 -1.55148 -12.2019
I 0.0111513 -0.0194245 -18.0952
I 11.6521 -0.109188 -18.0174
I 11.4176 -11.5074 -5.99002
I 0.0242376 -11.4145 -6.02381
Pb -0.028979 -11.411 0.0122322
Pb 0 0 0
Pb -0.0308857 -11.4782 12.0481
Pb -0.0074493 0.0129786 12.0898
I -1.51495 -5.70361 0.00518919
I 5.73271 -10.2062 0.0144885
I 11.6287 -5.82461 23.7956
I 5.83085 0.0124382 23.8279
I -1.5459 -5.73589 12.2124
I 5.74588 -10.1006 12.2729
I 13.0111 -5.75762 12.0495
I 5.74148 -1.52527 12.2123
I -0.00373977 0.00651389 6.06856
I 11.4043 0.0270061 6.04308
I 11.6815 -11.569 17.9833
I -0.100955 -11.6216 18.0371
Pb -0.0196059 -11.6743 24.0895
Pb -0.0148873 0.0259365 24.1605
I -0.0278224 -5.81996 23.8306
I 5.82042 -11.6146 23.665
I -0.0186006 0.0324031 30.1848
I 11.7682 0.0915743 30.1181
I 23.0821 5.78742 -23.5764
I 17.5603 11.6085 -23.6076
I 23.4859 -0.166564 -29.8626
I 11.8053 0.0269267 -30.1037
Pb 11.715 -0.0306079 -24.0696
Pb 11.7156 11.6659 -24.0086
Pb 11.4986 -0.036381 -12.0286
Pb 11.5224 11.4927 -11.9953
I 11.6546 5.80961 -23.648
I 17.5705 -0.0668415 -23.7414
I 23.7979 5.79766 0.00844141
I 17.3101 10.591 -0.000702978
I 10.1213 5.74027 -12.2585
I 17.2813 1.35031 -12.0167
I 24.1116 5.76578 -11.8209
I 17.3585 10.3523 -12.039
I 11.5994 11.6733 -17.969
I 23.1004 11.4924 -17.7691
I 22.6505 -0.0048925 -5.92405
I 11.4117 0.0140463 -6.02906
Pb 11.411 -0.0289714 0.00706191
Pb 11.4862 11.4791 -0.00524399
Pb 11.4838 -0.0105409 12.0429
Pb 11.5076 11.5185 11.9848
I 10.2062 5.73271 0.00013606
I 17.1946 1.16128 0.00934848
I 23.0532 5.83805 23.5923
I 17.5312 11.6592 23.6042
I 10.1062 5.7666 12.2586
I 17.2665 1.37613 12.0351
I 24.0969 5.79118 11.8382
I 17.3437 10.3782 12.0381
I 11.4973 11.4204 6.00423
I 22.7578 11.5214 5.92777
I 23.0292 0.0950174 17.8224
I 11.6299 -0.0704906 18.032
Pb 11.6853 0.0210856 24.0842
Pb 11.6861 11.7174 23.9978
I 11.6254 5.86038 23.6497
I 17.5412 -0.0158454 23.7631
I 11.7546 11.7071 30.0385
I 23.3406 11.7207 29.8399
I 29.6668 22.5435 -22.8013
I 23.3774 11.6566 -29.8363
Pb 23.5356 11.6396 -23.7463
Pb 23.6751 23.5231 -23.7588
Pb 23.2799 11.5618 -11.8294
Pb 23.2805 23.3676 -11.79
I 23.1622 17.4702 -23.3383
I 29.5772 11.4609 -23.5708
I 29.2664 22.6423 -0.006272
I 22.3192 17.4004 -11.8422
I 29.3414 12.2686 -11.6194
I 29.308 22.7251 -11.7041
I 22.9813 23.0673 -17.69
I 22.7652 11.5087 -5.92444
Pb 23.2724 11.6068 0.00188028
Pb 23.2476 23.3884 -0.0107809
Pb 23.2654 11.5872 11.8332
Pb 23.2661 23.3929 11.7685
I 22.3783 17.4263 -0.00491707
I 29.294 12.207 0.0049473
I 29.6389 22.5924 22.7894
I 22.3046 17.4258 11.8323
I 29.327 12.2935 11.6292
I 29.2936 22.7502 11.6914
I 22.7763 23.015 5.88121
I 23.0785 11.5305 17.7728
Pb 23.5063 11.6906 23.7503
Pb 23.6458 23.5742 23.7374
I 23.1335 17.5203 23.3292
I 29.5481 11.5116 23.5825
I 22.8976 22.7791 29.801
I 11.5008 -29.588 -23.5379
I 5.82726 -23.0928 -23.556
Pb -0.0115065 -23.5479 -23.758
Pb 0.0047451 -23.1618 -11.83
I 0.108604 -29.5929 -23.5706
I 12.207 -29.294 0.0389681
I 5.79766 -23.7979 0.0291188
I -0.791922 -29.2012 -11.5311
I 12.2882 -29.3467 -11.5853
I 5.78576 -24.1169 -11.8001
I 0.0868575 -23.0592 -17.7835
I 11.5224 -23.1085 -17.7391
Pb 0.00924454 -23.1136 0.0248178
Pb -0.00986437 -23.1363 11.8797
I -0.601785 -29.1386 0.0309084
I 11.4717 -29.5374 23.6155
I 5.79819 -23.0422 23.6127
I -0.806171 -29.1764 11.5928
I 12.2739 -29.3218 11.6634
I 5.77117 -24.0916 11.859
I -0.00219208 -22.6404 5.96232
I 11.5114 -22.7551 5.95765
Pb -0.0408181 -23.4969 23.8085
I 0.0795159 -29.5423 23.6342
I -0.152917 -23.4354 29.9023
I 11.6703 -23.327 29.8703
I 23.1036 -17.5989 -23.4358
I 17.5639 -11.6634 -23.6777
I 22.7655 -22.9479 -29.7726
I 11.707 -23.391 -29.8059
Pb 11.6797 -23.5466 -23.7159
Pb 11.7064 -11.7266 -23.9835
Pb 11.5818 -23.2852 -11.7992
Pb 11.513 -11.5279 -11.9706
I 11.6484 -17.5711 -23.5798
I 17.5096 -23.1728 -23.2981
I 23.8582 -17.3529 0.0333291
I 17.2648 -12.6364 0.0242036
I 10.3727 -17.364 -12.0136
I 17.4204 -22.3247 -11.8026
I 23.978 -17.4028 -11.7692
I 17.2933 -12.8815 -11.9221
I 11.7036 -11.6076 -17.944
I 23.0065 -11.7024 -17.7428
I 23.0123 -22.7861 -5.85324
I 11.5187 -22.7678 -5.89459
Pb 11.6068 -23.2724 0.0321348
Pb 11.4791 -11.4862 0.0194037
Pb 11.5672 -23.2599 11.8634
Pb 11.4982 -11.5021 12.0095
I 10.591 -17.3101 0.0251088
I 17.4263 -22.3783 0.0347615
I 23.0747 -17.5485 23.502
I 17.5347 -11.6125 23.7242
I 10.3578 -17.3382 12.0636
I 17.4058 -22.2992 11.8719
I 23.9634 -17.3774 11.8361
I 17.2786 -12.8558 11.971
I 11.4102 -11.4945 6.02878
I 22.6497 -11.4909 5.95224
I 23.0755 -22.9515 17.7182
I 11.5005 -23.0704 17.8029
Pb 11.6504 -23.4955 23.7807
Pb 11.6769 -11.6751 24.023
I 11.6193 -17.5204 23.632
I 17.4808 -23.1227 23.3693
I 11.6564 -11.7408 30.0637
I 23.4398 -11.6223 29.8583
I 29.5822 0.0687426 -23.5844
I 23.4766 -11.6863 -29.8042
Pb 23.532 -11.7561 -23.721
Pb 23.5371 -0.0516765 -23.7688
Pb 23.1561 -11.5764 -11.8063
Pb 23.1563 -0.0152709 -11.8405
I 23.1841 -5.89068 -23.3667
I 29.5776 -11.7942 -23.4986
I 29.1388 -0.601767 0.0186025
I 21.9363 -5.79515 -11.9853
I 29.1942 -10.9 -11.5016
I 29.1959 -0.811439 -11.5431
I 23.0511 0.0567825 -17.7941
I 22.6569 -11.5037 -5.89965
Pb 23.1599 -11.537 0.0266565
Pb 23.1136 0.00925966 0.0142334
Pb 23.1414 -11.551 11.8596
Pb 23.1418 0.0101818 11.8691
I 22.0527 -5.76297 0.019776
I 29.177 -10.9352 0.0297178
I 29.5531 0.119416 23.6205
I 21.9216 -5.76937 12.0247
I 29.18 -10.8753 11.5609
I 29.1817 -0.786616 11.5808
I 22.6433 0.00785748 5.95196
I 22.9846 -11.6643 17.7962
Pb 23.5027 -11.7051 23.7752
Pb 23.5078 -0.000616051 23.7977
I 23.1554 -5.84047 23.4079
I 29.5487 -11.7437 23.5602
I 23.4491 -0.102418 29.8917
I 29.5769 -22.9129 -22.9071
Pb 23.5632 -23.6858 -23.7083
Pb 23.3876 -23.286 -11.7398
I 22.582 -29.6772 -22.7497
I 29.4435 -23.827 0.0437207
I 22.7449 -29.3134 -11.6523
I 29.478 -23.8075 -11.6471
I 23.0972 -22.9895 -17.6404
Pb 23.3884 -23.2476 0.0393687
Pb 23.3731 -23.2606 11.8186
I 22.6423 -29.2664 0.0453686
I 29.5487 -22.8636 22.9925
I 22.7306 -29.2883 11.7433
I 29.4637 -23.7824 11.7345
I 23.005 -22.7735 5.93051
Pb 23.5339 -23.6348 23.7881
I 22.5539 -29.6283 22.8411
I 22.7287 -22.884 29.8499
