0 16 5.37244e-07
1 16 5.25707e-07
2 16 4.57089e-07
3 16 1.1214e-06
4 16 1.68459e-07
5 16 8.16127e-08
6 16 1.32746e-05
7 16 2.283e-05
8 16 5.9151e-16
9 16 1.79293e-13
10 16 7.08316e-15
11 16 5.83947e-13
12 16 4.92003e-12
13 16 4.56175e-13
14 16 0.144564
15 16 0.315516
0 17 5.25707e-07
1 17 5.37244e-07
2 17 1.1214e-06
3 17 4.57089e-07
4 17 8.16127e-08
5 17 1.68459e-07
6 17 2.283e-05
7 17 1.32746e-05
8 17 1.79281e-13
9 17 5.92672e-16
10 17 5.83976e-13
11 17 7.08608e-15
12 17 4.56207e-13
13 17 4.91993e-12
14 17 0.315516
15 17 0.144564
0 18 1.00932e-13
1 18 1.27088e-15
2 18 1.36211e-14
3 18 7.40568e-15
4 18 5.73926e-15
5 18 6.51179e-16
6 18 1.0982e-13
7 18 2.28638e-14
8 18 0.000110962
9 18 2.28182e-05
10 18 1.60256e-05
11 18 5.16634e-05
12 18 0.00263499
13 18 0.0149874
14 18 9.04059e-13
15 18 2.77793e-12
0 19 1.27057e-15
1 19 1.00931e-13
2 19 7.40551e-15
3 19 1.36218e-14
4 19 6.50925e-16
5 19 5.73975e-15
6 19 2.28638e-14
7 19 1.09828e-13
8 19 2.28182e-05
9 19 0.000110962
10 19 5.16634e-05
11 19 1.60256e-05
12 19 0.0149874
13 19 0.00263499
14 19 2.77794e-12
15 19 9.04074e-13
0 20 9.93189e-12
1 20 1.73272e-12
2 20 3.88304e-15
3 20 1.25127e-15
4 20 7.59849e-15
5 20 1.41849e-13
6 20 2.72543e-14
7 20 1.34577e-13
8 20 9.21746e-05
9 20 1.48978e-06
10 20 0.00395949
11 20 0.00746972
12 20 1.05919e-05
13 20 5.65139e-05
14 20 1.18e-13
15 20 7.53698e-13
0 21 1.73271e-12
1 21 9.93185e-12
2 21 1.25067e-15
3 21 3.88291e-15
4 21 1.41847e-13
5 21 7.59818e-15
6 21 1.34572e-13
7 21 2.72534e-14
8 21 1.48978e-06
9 21 9.21746e-05
10 21 0.00746972
11 21 0.00395949
12 21 5.65139e-05
13 21 1.05919e-05
14 21 7.53708e-13
15 21 1.18006e-13
0 22 1.77884e-13
1 22 1.63597e-13
2 22 8.0662e-15
3 22 1.8062e-14
4 22 8.18201e-15
5 22 1.54907e-14
6 22 1.92986e-13
7 22 8.53439e-14
8 22 0.00442639
9 22 0.00100034
10 22 6.06878e-05
11 22 2.11457e-05
12 22 5.58655e-05
13 22 5.99491e-05
14 22 1.27645e-14
15 22 1.7355e-13
0 23 1.63602e-13
1 23 1.77883e-13
2 23 1.80593e-14
3 23 8.06686e-15
4 23 1.54904e-14
5 23 8.18156e-15
6 23 8.53452e-14
7 23 1.92987e-13
8 23 0.00100034
9 23 0.00442639
10 23 2.11457e-05
11 23 6.06878e-05
12 23 5.99491e-05
13 23 5.58655e-05
14 23 1.73575e-13
15 23 1.27638e-14
0 24 2.72236e-06
1 24 1.06258e-06
2 24 3.34529e-06
3 24 8.64401e-06
4 24 9.67835e-06
5 24 7.75319e-06
6 24 0.000430572
7 24 0.00102612
8 24 5.98849e-13
9 24 2.72669e-13
10 24 9.60217e-15
11 24 5.00688e-14
12 24 2.0351e-11
13 24 2.68319e-12
14 24 4.59192e-06
15 24 2.27886e-05
0 25 1.06258e-06
1 25 2.72236e-06
2 25 8.64401e-06
3 25 3.34529e-06
4 25 7.75319e-06
5 25 9.67835e-06
6 25 0.00102612
7 25 0.000430572
8 25 2.72668e-13
9 25 5.98866e-13
10 25 5.00692e-14
11 25 9.60036e-15
12 25 2.68319e-12
13 25 2.03509e-11
14 25 2.27886e-05
15 25 4.59192e-06
0 26 0.000238275
1 26 0.00081927
2 26 2.64681e-07
3 26 1.08737e-05
4 26 8.20283e-05
5 26 3.36658e-05
6 26 4.43385e-06
7 26 5.13672e-06
8 26 6.54212e-14
9 26 7.68501e-14
10 26 2.51293e-12
11 26 1.65774e-12
12 26 1.8219e-14
13 26 3.33023e-14
14 26 3.8594e-05
15 26 7.46819e-07
0 27 0.00081927
1 27 0.000238275
2 27 1.08737e-05
3 27 2.64681e-07
4 27 3.36658e-05
5 27 8.20283e-05
6 27 5.13672e-06
7 27 4.43385e-06
8 27 7.68561e-14
9 27 6.54253e-14
10 27 1.65775e-12
11 27 2.51292e-12
12 27 3.33031e-14
13 27 1.82174e-14
14 27 7.46819e-07
15 27 3.8594e-05
0 28 7.74628e-05
1 28 6.24964e-05
2 28 2.99747e-05
3 28 5.58959e-07
4 28 8.81723e-05
5 28 4.26386e-05
6 28 1.76151e-06
7 28 1.76803e-05
8 28 5.54416e-14
9 28 5.54431e-14
10 28 1.56594e-13
11 28 8.59885e-14
12 28 3.16299e-13
13 28 5.4841e-14
14 28 0.00017871
15 28 0.000410212
0 29 6.24964e-05
1 29 7.74628e-05
2 29 5.58959e-07
3 29 2.99747e-05
4 29 4.26386e-05
5 29 8.81723e-05
6 29 1.76803e-05
7 29 1.76151e-06
8 29 5.54465e-14
9 29 5.54424e-14
10 29 8.59892e-14
11 29 1.56585e-13
12 29 5.48394e-14
13 29 3.16304e-13
14 29 0.000410212
15 29 0.00017871
0 30 2.85835e-05
1 30 3.27801e-05
2 30 7.21637e-06
3 30 3.12568e-05
4 30 0.000501364
5 30 3.48195e-05
6 30 3.44687e-06
7 30 3.23982e-07
8 30 2.02203e-13
9 30 3.62456e-14
10 30 7.76199e-15
11 30 6.11557e-14
12 30 1.13295e-14
13 30 2.0518e-15
14 30 0.000179916
15 30 0.000362942
0 31 3.27801e-05
1 31 2.85835e-05
2 31 3.12568e-05
3 31 7.21637e-06
4 31 3.48195e-05
5 31 0.000501364
6 31 3.23982e-07
7 31 3.44687e-06
8 31 3.62438e-14
9 31 2.02203e-13
10 31 6.11572e-14
11 31 7.76201e-15
12 31 2.05211e-15
13 31 1.13293e-14
14 31 0.000362942
15 31 0.000179916
