0 16 1.52822e-13
1 16 4.79103e-13
2 16 1.75731e-14
3 16 3.16064e-14
4 16 5.19838e-15
5 16 5.67086e-14
6 16 3.11079e-12
7 16 5.44257e-12
8 16 2.28749e-05
9 16 2.51512e-05
10 16 0.000261402
11 16 4.58299e-05
12 16 0.146384
13 16 0.0148102
14 16 1.68453e-13
15 16 3.62177e-13
0 17 4.79112e-13
1 17 1.52826e-13
2 17 3.16037e-14
3 17 1.75737e-14
4 17 5.67132e-14
5 17 5.19839e-15
6 17 5.44251e-12
7 17 3.11083e-12
8 17 2.51512e-05
9 17 2.28749e-05
10 17 4.58299e-05
11 17 0.000261402
12 17 0.0148102
13 17 0.146384
14 17 3.62143e-13
15 17 1.68476e-13
0 18 1.02921e-05
1 18 1.22695e-05
2 18 1.15442e-05
3 18 7.23799e-05
4 18 1.43622e-05
5 18 2.01275e-07
6 18 0.00494066
7 18 0.00175359
8 18 1.8403e-13
9 18 2.4219e-13
10 18 1.42948e-12
11 18 1.74558e-13
12 18 2.68618e-11
13 18 1.52644e-10
14 18 0.0787387
15 18 0.231189
0 19 1.22695e-05
1 19 1.02921e-05
2 19 7.23799e-05
3 19 1.15442e-05
4 19 2.01275e-07
5 19 1.43622e-05
6 19 0.00175359
7 19 0.00494066
8 19 2.42175e-13
9 19 1.84046e-13
10 19 1.74543e-13
11 19 1.42945e-12
12 19 1.52644e-10
13 19 2.68618e-11
14 19 0.231189
15 19 0.0787387
0 20 0.00186458
1 20 0.000353232
2 20 2.83811e-05
3 20 2.37966e-08
4 20 4.20121e-05
5 20 0.000152982
6 20 6.13366e-05
7 20 8.39591e-06
8 20 2.15337e-14
9 20 5.62364e-14
10 20 2.66089e-12
11 20 4.15423e-12
12 20 6.91018e-13
13 20 1.39809e-12
14 20 1.60653e-06
15 20 0.000174763
0 21 0.000353232
1 21 0.00186458
2 21 2.37966e-08
3 21 2.83811e-05
4 21 0.000152982
5 21 4.20121e-05
6 21 8.39591e-06
7 21 6.13366e-05
8 21 5.62321e-14
9 21 2.15379e-14
10 21 4.15426e-12
11 21 2.6609e-12
12 21 1.39811e-12
13 21 6.90986e-13
14 21 0.000174763
15 21 1.60653e-06
0 22 3.25601e-05
1 22 6.62172e-05
2 22 4.04809e-06
3 22 9.28594e-05
4 22 0.00134524
5 22 0.00110428
6 22 5.73963e-05
7 22 1.1121e-05
8 22 4.53125e-13
9 22 1.08657e-13
10 22 9.28877e-15
11 22 2.57661e-15
12 22 2.6007e-13
13 22 1.25828e-14
14 22 3.09122e-05
15 22 0.000168771
0 23 6.62172e-05
1 23 3.25601e-05
2 23 9.28594e-05
3 23 4.04809e-06
4 23 0.00110428
5 23 0.00134524
6 23 1.1121e-05
7 23 5.73963e-05
8 23 1.08659e-13
9 23 4.53134e-13
10 23 2.57692e-15
11 23 9.28966e-15
12 23 1.25834e-14
13 23 2.60086e-13
14 23 0.000168771
15 23 3.09122e-05
0 24 1.06078e-13
1 24 8.34868e-15
2 24 1.53716e-14
3 24 3.3688e-14
4 24 1.8105e-14
5 24 2.0707e-14
6 24 3.09061e-13
7 24 8.10957e-13
8 24 5.29276e-05
9 24 7.02979e-05
10 24 7.65404e-06
11 24 7.77221e-07
12 24 0.0077795
13 24 0.00111166
14 24 2.1354e-11
15 24 1.00086e-10
0 25 8.34951e-15
1 25 1.06076e-13
2 25 3.36892e-14
3 25 1.53744e-14
4 25 2.07088e-14
5 25 1.81021e-14
6 25 8.10958e-13
7 25 3.09068e-13
8 25 7.02979e-05
9 25 5.29276e-05
10 25 7.77221e-07
11 25 7.65404e-06
12 25 0.00111166
13 25 0.0077795
14 25 1.00086e-10
15 25 2.1354e-11
0 26 4.54419e-13
1 26 1.94265e-12
2 26 3.03301e-15
3 26 1.16829e-14
4 26 1.78255e-13
5 26 3.01293e-13
6 26 2.0065e-13
7 26 1.45322e-13
8 26 9.17135e-05
9 26 0.000166405
10 26 0.00194534
11 26 0.00118381
12 26 6.13967e-06
13 26 7.70456e-06
14 26 2.67276e-13
15 26 1.26096e-13
0 27 1.94265e-12
1 27 4.54424e-13
2 27 1.16828e-14
3 27 3.03283e-15
4 27 3.013e-13
5 27 1.78251e-13
6 27 1.4532e-13
7 27 2.00646e-13
8 27 0.000166405
9 27 9.17135e-05
10 27 0.00118381
11 27 0.00194534
12 27 7.70456e-06
13 27 6.13967e-06
14 27 1.26101e-13
15 27 2.67274e-13
0 28 1.09836e-13
1 28 2.77345e-13
2 28 4.44978e-14
3 28 7.67495e-16
4 28 1.24075e-12
5 28 5.61926e-13
6 28 1.61163e-13
7 28 8.04515e-13
8 28 0.00024503
9 28 0.000652716
10 28 0.00019501
11 28 3.52147e-05
12 28 6.43694e-05
13 28 1.08538e-05
14 28 5.548e-13
15 28 2.23862e-12
0 29 2.77352e-13
1 29 1.09832e-13
2 29 7.6808e-16
3 29 4.44974e-14
4 29 5.61929e-13
5 29 1.24076e-12
6 29 8.04515e-13
7 29 1.6115e-13
8 29 0.000652716
9 29 0.00024503
10 29 3.52147e-05
11 29 0.00019501
12 29 1.08538e-05
13 29 6.43694e-05
14 29 2.23864e-12
15 29 5.5481e-13
0 30 1.19e-13
1 30 3.06663e-14
2 30 2.82249e-14
3 30 4.48201e-14
4 30 2.50898e-12
5 30 7.57258e-14
6 30 1.50718e-13
7 30 1.51215e-14
8 30 0.0020666
9 30 0.000276254
10 30 6.70186e-06
11 30 4.64852e-05
12 30 1.3291e-05
13 30 7.04023e-05
14 30 2.01823e-14
15 30 1.17583e-13
0 31 3.06669e-14
1 31 1.18995e-13
2 31 4.48161e-14
3 31 2.82248e-14
4 31 7.57221e-14
5 31 2.50896e-12
6 31 1.51205e-14
7 31 1.50715e-13
8 31 0.000276254
9 31 0.0020666
10 31 4.64852e-05
11 31 6.70186e-06
12 31 7.04023e-05
13 31 1.3291e-05
14 31 1.1758e-13
15 31 2.01833e-14
