#n 	 E_n 	 <H> 	 <H_dir> 	 <H_exc> 	 <H_0> 	 E_B (eV)
0  0.079556100574  0.079556100574  0.009582719376  -0.000000154063   0.089138665887  -0.260755017757
1  0.080869727432  0.080869727432  0.008874125092  -0.001104534364   0.088639318160  -0.211421441145
2  0.080870434122  0.080870434122  0.008871725355  -0.001103883563   0.088638275914  -0.211373850131
3  0.080871630167  0.080871630167  0.008862734851  -0.001098909413   0.088635455604  -0.211264559521
4  0.086096462607  0.086096462607  0.009966980427  -0.000085782102   0.095977660932  -0.268881240109
5  0.086098334343  0.086098334343  0.009960969737  -0.000087073797   0.095972230283  -0.268682531978
6  0.086108027449  0.086108027449  0.009958597592  -0.000090456905   0.095976168136  -0.268525923493
7  0.087173546362  0.087173546362  0.009775240654  -0.000578700281   0.096370086735  -0.250250738706
8  0.087180530752  0.087180530752  0.009759422400  -0.000570961207   0.096368991945  -0.250030892914
9  0.087182131135  0.087182131135  0.009759028594  -0.000573420850   0.096367738878  -0.249953246542
10  0.087708178652  0.087708178652  0.008936264967  -0.001270786038   0.095373657581  -0.208588413330
11  0.087708973617  0.087708973617  0.008913284476  -0.001262825760   0.095359432333  -0.208179692310
12  0.087721181220  0.087721181220  0.008911193755  -0.001264644363   0.095367730612  -0.208073314130
13  0.088125988102  0.088125988102  0.008808895537  -0.001604976032   0.095329907606  -0.196028735211
14  0.088129130861  0.088129130861  0.008806522125  -0.001603397961   0.095332255025  -0.196007092878
15  0.089048864706  0.089048864706  0.008873102955  -0.001912946441   0.096009021219  -0.189395602956
16  0.089358526655  0.089358526655  0.006286601138  -0.000015551615   0.095629576178  -0.170644037002
17  0.089359026955  0.089359026955  0.006285876387  -0.000015758203   0.095629145139  -0.170618693945
18  0.089360241818  0.089360241818  0.006284669000  -0.000016143432   0.095628767386  -0.170575356641
19  0.089808548758  0.089808548758  0.006480444319  -0.000424357972   0.095864635104  -0.164794588009
20  0.089953523644  0.089953523644  0.006631885821  -0.000221817157   0.096363592308  -0.174426942450
21  0.089957438429  0.089957438429  0.006626536725  -0.000222806811   0.096361168344  -0.174254456185
22  0.090032910257  0.090032910257  0.006631254354  -0.000303978104   0.096360186507  -0.172174044952
23  0.090037034657  0.090037034657  0.006627114896  -0.000304843433   0.096359306120  -0.172037857674
24  0.090038435025  0.090038435025  0.006622609654  -0.000303770974   0.096357273706  -0.171944446863
25  0.090070203900  0.090070203900  0.006237882786  -0.000011508689   0.096296577997  -0.169428356110
26  0.090073123771  0.090073123771  0.006234909522  -0.000011930023   0.096296103271  -0.169335984352
27  0.090073932310  0.090073932310  0.006233741869  -0.000011857150   0.096295817030  -0.169306193861
28  0.092522286669  0.092522286669  0.010724582781  -0.000002014350   0.103244855100  -0.291776098592
29  0.092670559167  0.092670559167  0.009954230291  -0.000104357360   0.102520432097  -0.268028832264
30  0.092679214563  0.092679214563  0.009946600088  -0.000106948610   0.102518866041  -0.267750692223
31  0.092703939515  0.092703939515  0.010094830199  -0.000148959016   0.102649810697  -0.270641079090
32  0.092706568763  0.092706568763  0.010093144894  -0.000143759139   0.102655954519  -0.270736715553
33  0.092717049785  0.092717049785  0.010092549148  -0.000151083112   0.102658515821  -0.270521208880
34  0.093606712388  0.093606712388  0.010268240364  -0.000990084390   0.102884868363  -0.252471613485
35  0.093617112948  0.093617112948  0.010254474769  -0.000994416513   0.102877171204  -0.251979149227
36  0.093619800034  0.093619800034  0.010258828678  -0.000994264746   0.102884363966  -0.252101754995
37  0.093998604102  0.093998604102  0.009978064115  -0.000641822480   0.103334845738  -0.254052205635
38  0.094001482726  0.094001482726  0.009966239660  -0.000640711989   0.103327010397  -0.253760663652
39  0.094019865225  0.094019865225  0.009919846199  -0.000616048120   0.103323663304  -0.253169371042
40  0.094023807922  0.094023807922  0.009921924685  -0.000630660765   0.103315071843  -0.252828299050
41  0.094025536479  0.094025536479  0.009919380939  -0.000617587539   0.103327329879  -0.253114820928
42  0.094133127686  0.094133127686  0.009481099576  -0.001041021077   0.102573206185  -0.229666352081
43  0.094135406791  0.094135406791  0.009477838644  -0.001043138311   0.102570107124  -0.229520004648
44  0.094138954392  0.094138954392  0.009484369756  -0.001040608026   0.102582716122  -0.229766577941
45  0.094451413399  0.094451413399  0.008687632129  -0.001287406922   0.101851638606  -0.201370488199
46  0.094701074662  0.094701074662  0.008721616420  -0.001453815497   0.101968875585  -0.197767038022
47  0.094712753725  0.094712753725  0.008723446159  -0.001464617367   0.101971582517  -0.197522893775
48  0.094721919850  0.094721919850  0.008735215333  -0.001464840035   0.101992295148  -0.197837090380
49  0.094805027953  0.094805027953  0.007856883207  -0.000000431607   0.102661479552  -0.213785047051
50  0.094950294787  0.094950294787  0.008718319204  -0.001263364316   0.102405249674  -0.202859759423
51  0.094952094025  0.094952094025  0.008718605862  -0.001260833694   0.102409866193  -0.202936421572
52  0.094956310912  0.094956310912  0.008701780668  -0.001247587337   0.102410504243  -0.202839036396
53  0.095667408502  0.095667408502  0.006660040727  -0.000030578284   0.102296870946  -0.180396954327
54  0.095672516810  0.095672516810  0.006655425385  -0.000030822697   0.102297119498  -0.180264713571
55  0.095725118184  0.095725118184  0.006635733287  -0.000034271953   0.102326579518  -0.179635004930
56  0.095725540136  0.095725540136  0.006640545675  -0.000036011136   0.102330074675  -0.179718631152
57  0.095730627106  0.095730627106  0.006641815422  -0.000036973063   0.102335469465  -0.179727007370
58  0.095796967763  0.095796967763  0.007047880781  -0.000386565453   0.102458283090  -0.181263715900
59  0.095799599109  0.095799599109  0.007040437984  -0.000380285542   0.102459751550  -0.181232072145
60  0.095801367490  0.095801367490  0.007029825388  -0.000375878931   0.102455313946  -0.181063198610
61  0.095937410767  0.095937410767  0.006577639322  -0.000000475598   0.102514574491  -0.178973832965
62  0.095966244842  0.095966244842  0.006572936885  -0.000046218745   0.102492962982  -0.177601137983
63  0.095967383223  0.095967383223  0.006571485917  -0.000046754224   0.102492114916  -0.177547084000
64  0.095970737355  0.095970737355  0.006567341755  -0.000049447519   0.102488631591  -0.177361027217
65  0.096203372256  0.096203372256  0.007741977323  -0.001024947661   0.102920401918  -0.182779780931
66  0.096205394184  0.096205394184  0.007751629765  -0.001030872880   0.102926151069  -0.182881203905
67  0.096212154178  0.096212154178  0.007732391126  -0.001026288334   0.102918256970  -0.182482445519
68  0.096404992084  0.096404992084  0.006346019389  -0.000259584641   0.102491426832  -0.165620410505
69  0.096407591101  0.096407591101  0.006350929902  -0.000264658611   0.102493862391  -0.165615962598
70  0.096414911595  0.096414911595  0.006353661808  -0.000267113241   0.102501460162  -0.165623507689
71  0.096543722330  0.096543722330  0.006629857857  -0.000111485147   0.103062095040  -0.177374047167
72  0.096545154623  0.096545154623  0.006414029918  -0.000063899347   0.102895285195  -0.172795943032
73  0.096546488426  0.096546488426  0.006522122197  -0.000089141247   0.102979469375  -0.175050417809
74  0.096548126678  0.096548126678  0.006387543149  -0.000057245047   0.102878424780  -0.172256273769
75  0.096553287148  0.096553287148  0.006287354656  -0.000034467627   0.102806174177  -0.170149810110
76  0.096665599951  0.096665599951  0.006467042933  -0.000093748126   0.103038894758  -0.173426274306
77  0.096669041513  0.096669041513  0.006464969989  -0.000091053232   0.103042958270  -0.173443198454
78  0.096670690202  0.096670690202  0.006469314719  -0.000092970206   0.103047034715  -0.173509261089
79  0.096811237286  0.096811237286  0.006580012128  -0.000000709619   0.103390539795  -0.179032032278
80  0.096849316583  0.096849316583  0.006232823024  -0.000013978111   0.103068161495  -0.169223476450
81  0.096850047673  0.096850047673  0.006232927367  -0.000011011957   0.103071963083  -0.169307028978
82  0.096873970030  0.096873970030  0.006711714252  -0.000604372075   0.102981312206  -0.166189330902
83  0.096886156708  0.096886156708  0.006384163426  -0.000212612854   0.103057707280  -0.167936531233
84  0.096887838999  0.096887838999  0.006383118017  -0.000211366394   0.103059590622  -0.167942002129
85  0.096889856507  0.096889856507  0.006415489351  -0.000252063996   0.103053281863  -0.167715432719
86  0.096944614921  0.096944614921  0.006407150338  -0.000224941047   0.103126824212  -0.168226569902
87  0.096948795315  0.096948795315  0.006388988881  -0.000230968698   0.103106815498  -0.167568350402
88  0.096950240228  0.096950240228  0.009413638008  -0.000143241123   0.106220637112  -0.252260477783
89  0.096951579841  0.096951579841  0.007287164750  -0.000204875782   0.104033868810  -0.192718998027
90  0.097142952115  0.097142952115  0.010530480851  -0.000408042269   0.107265390697  -0.275445725239
91  0.097248405339  0.097248405339  0.010510883994  -0.000500238260   0.107259051073  -0.272403685327
92  0.097293241245  0.097293241245  0.006727606110  -0.000308075000   0.103712772355  -0.174684428851
93  0.097294280029  0.097294280029  0.006728917773  -0.000308962589   0.103714235213  -0.174695968499
94  0.097300992627  0.097300992627  0.006730469482  -0.000310529790   0.103720932318  -0.174695546929
95  0.097464064115  0.097464064115  0.006368645693  -0.000088946464   0.103743763344  -0.170879407589
96  0.097464425198  0.097464425198  0.006369010964  -0.000089140415   0.103744295747  -0.170884069458
97  0.097526159432  0.097526159432  0.006227103533  -0.000033106925   0.103720156040  -0.168547319311
98  0.097527701761  0.097527701761  0.006230382188  -0.000033184916   0.103724899034  -0.168634413856
99  0.097530460072  0.097530460072  0.006223420830  -0.000033340843   0.103720540059  -0.168440742562
100  0.097771797486  0.097771797486  0.006559882197  -0.000818248826   0.103513430857  -0.156237882325
101  0.097779609004  0.097779609004  0.006562806141  -0.000816108388   0.103526306757  -0.156375691236
102  0.097780308430  0.097780308430  0.006565478877  -0.000820397863   0.103525389444  -0.156331697510
103  0.097849027043  0.097849027043  0.009699142444  -0.000651129471   0.106897040016  -0.246209100221
104  0.097940688363  0.097940688363  0.009881066972  -0.000842654496   0.106979100838  -0.245947857242
105  0.097987993226  0.097987993226  0.010037101476  -0.001017415101   0.107007679601  -0.245438293834
106  0.098145717388  0.098145717388  0.010103002976  -0.001260047610   0.106988672754  -0.240629195638
107  0.098268449255  0.098268449255  0.009541460913  -0.000975385528   0.106834524640  -0.233094903737
108  0.098928924853  0.098928924853  0.009175127155  -0.000684020949   0.107420031058  -0.231054887403
109  0.098939278918  0.098939278918  0.009179790219  -0.000693192083   0.107425877054  -0.230932216500
110  0.098970117830  0.098970117830  0.005745514875  -0.000050428061   0.104665204643  -0.154971285317
111  0.098970742446  0.098970742446  0.005747635572  -0.000050592652   0.104667785366  -0.155024513716
112  0.098972334188  0.098972334188  0.005748367509  -0.000051018676   0.104669683021  -0.155032838032
113  0.099038291278  0.099038291278  0.005716771363  -0.000065793844   0.104689268797  -0.153771009641
114  0.099038796116  0.099038796116  0.005717679656  -0.000066239158   0.104690236613  -0.153783607952
115  0.099040857115  0.099040857115  0.005718697241  -0.000066163601   0.104693390754  -0.153813353871
116  0.099081101930  0.099081101930  0.008229327451  -0.000256203339   0.107054226042  -0.216959869455
117  0.099099429845  0.099099429845  0.005633326310  -0.000036139895   0.104696616260  -0.152307278413
118  0.099100675566  0.099100675566  0.005630540947  -0.000035905267   0.104695311246  -0.152237869342
119  0.099105942826  0.099105942826  0.008147925783  -0.000234868421   0.107019000188  -0.215325369093
120  0.099311452754  0.099311452754  0.007626850909  -0.000045841044   0.106892462620  -0.206289891851
121  0.099327166843  0.099327166843  0.007664201997  -0.000066285886   0.106925082954  -0.206749934447
122  0.099363633912  0.099363633912  0.007768066277  -0.000169941719   0.106961758471  -0.206755606614
123  0.099386904481  0.099386904481  0.007776899444  -0.000193724584   0.106970079341  -0.206348804383
124  0.099678212572  0.099678212572  0.005763440173  -0.000062857571   0.105378795175  -0.155120833440
125  0.099678389343  0.099678389343  0.005764628382  -0.000063452504   0.105379565220  -0.155136977281
126  0.099678494307  0.099678494307  0.005764267428  -0.000063337363   0.105379424372  -0.155130288376
127  0.099763699657  0.099763699657  0.006063078162  -0.000290483679   0.105536294140  -0.157080377516
128  0.100638977047  0.100638977047  0.009265403496  -0.000207729763   0.109696650781  -0.246471983033
129  0.100691874212  0.100691874212  0.009086657763  -0.000094460429   0.109684071546  -0.244690278539
130  0.100706620863  0.100706620863  0.009036112497  -0.000087436738   0.109655296622  -0.243505995527
131  0.100724055713  0.100724055713  0.009021309462  -0.000086307885   0.109659057290  -0.243133901922
132  0.100747193072  0.100747193072  0.008941825921  -0.000211265178   0.109477753816  -0.237570780625
133  0.100759195544  0.100759195544  0.008947530847  -0.000218266260   0.109488460130  -0.237535510363
134  0.100773652669  0.100773652669  0.008946222350  -0.000241546061   0.109478328958  -0.236866428372
135  0.101286439814  0.101286439814  0.007966805142  -0.000256545726   0.108996699229  -0.209806953059
136  0.101316504246  0.101316504246  0.007931847839  -0.000254564511   0.108993787574  -0.208909627531
137  0.101468523672  0.101468523672  0.007936776554  -0.000337572829   0.109067727397  -0.206784972262
138  0.101557933506  0.101557933506  0.008439145630  -0.000673388308   0.109323690828  -0.211317128803
139  0.101563894371  0.101563894371  0.008427903547  -0.000667309917   0.109324488001  -0.211176617503
140  0.101586927136  0.101586927136  0.008361625419  -0.000608881635   0.109339670920  -0.210963012215
141  0.101737661039  0.101737661039  0.008722885470  -0.000652956266   0.109807590243  -0.219594071537
142  0.101743433810  0.101743433810  0.008696797087  -0.000647311681   0.109792919216  -0.219037767177
143  0.101887647382  0.101887647382  0.007865086663  -0.000503666611   0.109249067434  -0.200314545607
144  0.101896476002  0.101896476002  0.008588919391  -0.000656863774   0.109828531618  -0.215842338203
145  0.101915905588  0.101915905588  0.008150008693  -0.000607744705   0.109458169575  -0.205235562270
146  0.101946398913  0.101946398913  0.008178525748  -0.000504449356   0.109620475305  -0.208822362328
147  0.101952175442  0.101952175442  0.007950244691  -0.000540551550   0.109361868584  -0.201628123952
148  0.101973334430  0.101973334430  0.008148431462  -0.000464462370   0.109657303522  -0.209091556557
149  0.101977218501  0.101977218501  0.008131696371  -0.000479914184   0.109629000688  -0.208215705796
150  0.101990379068  0.101990379068  0.007354823467  -0.000367733880   0.108977468654  -0.190128489575
151  0.101993852385  0.101993852385  0.008452085249  -0.000409844259   0.110036093376  -0.218840636492
152  0.102028896990  0.102028896990  0.007330084959  -0.000421014845   0.108937967104  -0.188005470495
153  0.102056171433  0.102056171433  0.007442836903  -0.000390458485   0.109108549851  -0.191905090074
154  0.102360391414  0.102360391414  0.007885443052  -0.000334485724   0.109911348741  -0.205472120220
155  0.102363573633  0.102363573633  0.007879722561  -0.000354933062   0.109888363132  -0.204760056972
156  0.102366867671  0.102366867671  0.007866990706  -0.000350190219   0.109883668158  -0.204542664776
157  0.102390914664  0.102390914664  0.007651891110  -0.000667692716   0.109375113057  -0.190049816158
158  0.102397392588  0.102397392588  0.007626860764  -0.000648954398   0.109375298954  -0.189878601281
159  0.102649187068  0.102649187068  0.006991019170  -0.000341137892   0.109299068346  -0.180952579404
160  0.102669089055  0.102669089055  0.007162242970  -0.000463361948   0.109367970077  -0.182285931033
161  0.102687237556  0.102687237556  0.007506884571  -0.000676928324   0.109517193803  -0.185852671418
162  0.102785862231  0.102785862231  0.008210814643  -0.001104797373   0.109891879502  -0.193364678356
163  0.102809231914  0.102809231914  0.007875730947  -0.000932960067   0.109752002794  -0.188922515539
164  0.102850035588  0.102850035588  0.007600254815  -0.000966172496   0.109484117906  -0.180522667603
165  0.102858109336  0.102858109336  0.007606145067  -0.000969444872   0.109494809531  -0.180593903683
166  0.102871059763  0.102871059763  0.007136709874  -0.000528967094   0.109478802543  -0.179805931892
167  0.102884659485  0.102884659485  0.006605039756  -0.000031126731   0.109458572510  -0.178885376890
168  0.102888723784  0.102888723784  0.006686879815  -0.000115875573   0.109459728026  -0.178806224838
169  0.102894341413  0.102894341413  0.006595160454  -0.000038169208   0.109451332659  -0.178424911575
170  0.103010375754  0.103010375754  0.006757470253  -0.000331766126   0.109436079881  -0.174852405283
171  0.103021618223  0.103021618223  0.006817515516  -0.000352631978   0.109486501761  -0.175918531925
172  0.103037660697  0.103037660697  0.006642878578  -0.000043692617   0.109636846657  -0.179573088842
173  0.103039252453  0.103039252453  0.006733131137  -0.000149951043   0.109622432548  -0.179137546816
174  0.103040385728  0.103040385728  0.006839197510  -0.000263596867   0.109615986371  -0.178931299328
175  0.103041808585  0.103041808585  0.006647545417  -0.000044461357   0.109644892645  -0.179679161593
176  0.103105830926  0.103105830926  0.006965530176  -0.000330479664   0.109740881438  -0.180549013497
177  0.103108415547  0.103108415547  0.006939905255  -0.000317319145   0.109731001657  -0.180209839665
178  0.103176034967  0.103176034967  0.006758238180  -0.000058769092   0.109875504054  -0.182301933133
179  0.103178039282  0.103178039282  0.006748086425  -0.000049907078   0.109876218629  -0.182266837493
180  0.103188717011  0.103188717011  0.006723799439  -0.000046085986   0.109866430464  -0.181709931846
181  0.103203563432  0.103203563432  0.007458390627  -0.000562372683   0.110099581376  -0.187650302678
182  0.103257619079  0.103257619079  0.007014713680  -0.000512069901   0.109760262857  -0.176946040916
183  0.103273801008  0.103273801008  0.006950100017  -0.000497631709   0.109726269315  -0.175580696097
184  0.103309425863  0.103309425863  0.006724402749  -0.000420031302   0.109613797310  -0.171550773200
185  0.103336259600  0.103336259600  0.007186990758  -0.000512873903   0.110010376455  -0.181612063387
186  0.103340826515  0.103340826515  0.007147554425  -0.000494165739   0.109994215201  -0.181048020876
187  0.103357404094  0.103357404094  0.006567876946  -0.000081255736   0.109844025304  -0.176510044401
188  0.103367146325  0.103367146325  0.006525247087  -0.000067011052   0.109825382359  -0.175737644025
189  0.103368549353  0.103368549353  0.006562317526  -0.000096724926   0.109834141953  -0.175937826477
190  0.103440591431  0.103440591431  0.006732196932  -0.000202558977   0.109970229386  -0.177680590250
191  0.103440780798  0.103440780798  0.006738980416  -0.000207713795   0.109972047419  -0.177724908534
192  0.103470966789  0.103470966789  0.006706669500  -0.000173647046   0.110003989244  -0.177772687222
193  0.103495203774  0.103495203774  0.006385357920  -0.000016213266   0.109864348428  -0.173313342841
194  0.103496950288  0.103496950288  0.006541488096  -0.000130634990   0.109907803394  -0.174448288190
195  0.103501834531  0.103501834531  0.006356877510  -0.000042053374   0.109816658667  -0.171835205497
196  0.103503769322  0.103503769322  0.007679026238  -0.001197381903   0.109985413657  -0.176374616671
197  0.103522483856  0.103522483856  0.006134546305  -0.000072655031   0.109584375131  -0.164952548222
198  0.103526065912  0.103526065912  0.007223652470  -0.000496556373   0.110253162008  -0.183053702729
199  0.103526858031  0.103526858031  0.007211629503  -0.000524908608   0.110213578927  -0.181955036980
200  0.103578374726  0.103578374726  0.007202391829  -0.000324072756   0.110456693798  -0.187168691601
201  0.103584320641  0.103584320641  0.007209145006  -0.000335662000   0.110457803647  -0.187037095460
202  0.103588434730  0.103588434730  0.007196425625  -0.000327425152   0.110457435203  -0.186915119461
203  0.103607748710  0.103607748710  0.006930837643  -0.000432191097   0.110106395256  -0.176837270608
204  0.103616297804  0.103616297804  0.007225904662  -0.000097890060   0.110744312407  -0.193963256559
205  0.103678675089  0.103678675089  0.006689386202  -0.000020260806   0.110347800485  -0.181476238799
206  0.103682436743  0.103682436743  0.006652740727  -0.000023156514   0.110312020955  -0.180400267831
207  0.103683341766  0.103683341766  0.006664708582  -0.000022058855   0.110325991493  -0.180755798776
208  0.103757532535  0.103757532535  0.006589710697  -0.000283760204   0.110063483029  -0.171593741267
209  0.103763486980  0.103763486980  0.006602456350  -0.000292077541   0.110073865790  -0.171714241946
210  0.103787760810  0.103787760810  0.006618158073  -0.000318173000   0.110087745883  -0.171431413817
211  0.103832837300  0.103832837300  0.006495231865  -0.000131798378   0.110196270786  -0.173157933971
212  0.103835831861  0.103835831861  0.006479124943  -0.000134951329   0.110180005475  -0.172633845872
213  0.103863246380  0.103863246380  0.006625122758  -0.000108515037   0.110379854101  -0.177326019328
214  0.103873275511  0.103873275511  0.006590195797  -0.000102342295   0.110361129013  -0.176543576779
215  0.103881636300  0.103881636300  0.006581263016  -0.000097864246   0.110365035070  -0.176422357271
216  0.104176106758  0.104176106758  0.006739128271  -0.000114163588   0.110801071441  -0.180274563973
217  0.104182642114  0.104182642114  0.006721298386  -0.000113820009   0.110790120492  -0.179798737113
218  0.104182820555  0.104182820555  0.006734891241  -0.000114867583   0.110802844213  -0.180140111779
219  0.104285479919  0.104285479919  0.006933935463  -0.000738340351   0.110481075030  -0.168590816821
220  0.104294957633  0.104294957633  0.006889745250  -0.000700909729   0.110483793155  -0.168406878910
221  0.104295205831  0.104295205831  0.006917535872  -0.000734210918   0.110478530786  -0.168256928673
222  0.104413727416  0.104413727416  0.006494041776  -0.000372453196   0.110535315997  -0.166576995503
223  0.104419044436  0.104419044436  0.006479181629  -0.000378110614   0.110520115452  -0.166018683840
224  0.104442395904  0.104442395904  0.006471627118  -0.000430359800   0.110483663222  -0.164391341505
225  0.104603057581  0.104603057581  0.006277351331  -0.000045220548   0.110835188365  -0.169585003594
226  0.104605713063  0.104605713063  0.006314630468  -0.000058501364   0.110861842167  -0.170238031495
227  0.104606523354  0.104606523354  0.006263758259  -0.000042213188   0.110828068424  -0.169296951541
228  0.104618376277  0.104618376277  0.006583292693  -0.000165655390   0.111036013580  -0.174632895703
229  0.104622039195  0.104622039195  0.006517872812  -0.000142721324   0.110997190683  -0.173476797204
230  0.104624522124  0.104624522124  0.006579587379  -0.000173072933   0.111031036570  -0.174330227198
231  0.104695714477  0.104695714477  0.006598420410  -0.000937828664   0.110356306223  -0.154032626243
232  0.104699255269  0.104699255269  0.006591388549  -0.000965744541   0.110324899278  -0.153081649360
233  0.104755625917  0.104755625917  0.006285055193  -0.000093933460   0.110946747650  -0.168469089921
234  0.104758400512  0.104758400512  0.006287796620  -0.000137478321   0.110908718810  -0.167358771337
235  0.105257704470  0.105257704470  0.008240035187  -0.000093487673   0.113404251984  -0.221678963025
236  0.105274885700  0.105274885700  0.008221965366  -0.000113879516   0.113382971551  -0.220632367304
237  0.105304418154  0.105304418154  0.006038355900  -0.000399459801   0.110943314253  -0.153442257309
238  0.105313921985  0.105313921985  0.008251578227  -0.000161736198   0.113403764014  -0.220135927389
239  0.105329402849  0.105329402849  0.008214067484  -0.000195106335   0.113348363998  -0.218207159407
240  0.105341706042  0.105341706042  0.008174670215  -0.000190278154   0.113326098102  -0.217266486116
241  0.105353092624  0.105353092624  0.006034151795  -0.000033042715   0.111354201704  -0.163298579614
242  0.105354077004  0.105354077004  0.006031589439  -0.000031475619   0.111354190825  -0.163271497205
243  0.105356213940  0.105356213940  0.006032441165  -0.000032339705   0.111356315400  -0.163271160871
244  0.105459525170  0.105459525170  0.008090281111  -0.000282551606   0.113267254674  -0.212459250633
245  0.105491710304  0.105491710304  0.008052065426  -0.000306665902   0.113237109828  -0.210763164614
246  0.105502399283  0.105502399283  0.005913295429  -0.000077396027   0.111338298685  -0.158802992986
247  0.105507260399  0.105507260399  0.005914236593  -0.000077614197   0.111343882795  -0.158822666683
248  0.105508206600  0.105508206600  0.005918888394  -0.000079940451   0.111347154543  -0.158885948061
249  0.105529179658  0.105529179658  0.007871123385  -0.000232628695   0.113167674347  -0.207854134397
250  0.105566642305  0.105566642305  0.006166574971  -0.000302198687   0.111431018590  -0.159577888830
251  0.105568605445  0.105568605445  0.006169818374  -0.000303703446   0.111434720373  -0.159625199740
252  0.105573222030  0.105573222030  0.006171467765  -0.000303522197   0.111441167598  -0.159675014032
253  0.105634599510  0.105634599510  0.007831807784  -0.000286489475   0.113179917819  -0.205318674622
254  0.105639268278  0.105639268278  0.007836582625  -0.000292464818   0.113183386085  -0.205286007294
255  0.105667095769  0.105667095769  0.007871924450  -0.000331938493   0.113207081726  -0.205173573865
256  0.105698190377  0.105698190377  0.007899502404  -0.000374077893   0.113223614888  -0.204777336545
257  0.105712066932  0.105712066932  0.005570267614  -0.000010700784   0.111271633762  -0.151283596833
258  0.105727730127  0.105727730127  0.007868439065  -0.000428911867   0.113167257325  -0.202439950409
259  0.105741097371  0.105741097371  0.007891629776  -0.000446742180   0.113185984967  -0.202585814306
260  0.105775525649  0.105775525649  0.005673982335  -0.000063296561   0.111386211423  -0.152674614877
261  0.105777780606  0.105777780606  0.005668158897  -0.000060570488   0.111385369015  -0.152590331248
262  0.105779927024  0.105779927024  0.005670808541  -0.000062057061   0.111388678504  -0.152621980013
263  0.105817066726  0.105817066726  0.005715423178  -0.000086226365   0.111446263539  -0.153178326152
264  0.105817731908  0.105817731908  0.005714973377  -0.000086165575   0.111446539710  -0.153167740615
265  0.105843101855  0.105843101855  0.007866474919  -0.000548607529   0.113160969245  -0.199129416697
266  0.105876169502  0.105876169502  0.007849867142  -0.000587451587   0.113138585057  -0.197620494650
267  0.106096694042  0.106096694042  0.007564201076  -0.002366987152   0.111293907966  -0.141423466965
268  0.106252767440  0.106252767440  0.005758652904  -0.000029557145   0.111981863199  -0.155896716323
269  0.106255204331  0.106255204331  0.005759846776  -0.000030449688   0.111984601418  -0.155904915919
270  0.106259441905  0.106259441905  0.005762961664  -0.000030381002   0.111992022567  -0.155991545427
271  0.106265024729  0.106265024729  0.008088350169  -0.000307068909   0.114046305989  -0.211739556886
272  0.106341551886  0.106341551886  0.008054986390  -0.000341355025   0.114055183251  -0.209898708539
273  0.106398367796  0.106398367796  0.007968983488  -0.000372687312   0.113994663972  -0.206705853760
274  0.106414554824  0.106414554824  0.007969317120  -0.000389665815   0.113994206129  -0.206252923523
275  0.106436297961  0.106436297961  0.006994607014  -0.001186469441   0.112244435534  -0.158047554768
276  0.106441446876  0.106441446876  0.006993622730  -0.001190782269   0.112244287338  -0.157903412935
277  0.106447039863  0.106447039863  0.007928425265  -0.000368909909   0.114006555218  -0.205704996143
278  0.106530917940  0.106530917940  0.005984179274  -0.000352461798   0.112162635416  -0.153246916938
279  0.106531008773  0.106531008773  0.005983075514  -0.000351266514   0.112162817772  -0.153249407401
280  0.106540542656  0.106540542656  0.005976972176  -0.000345538383   0.112171976448  -0.153239197498
281  0.106561156304  0.106561156304  0.005717277542  -0.000023075067   0.112255358778  -0.154947221224
282  0.106562094046  0.106562094046  0.005718878374  -0.000025162920   0.112255809499  -0.154933968693
283  0.106564903351  0.106564903351  0.005721336446  -0.000026172531   0.112260067266  -0.154973383359
284  0.106576966036  0.106576966036  0.005865479435  -0.000092339848   0.112350105623  -0.157095210556
285  0.106579870153  0.106579870153  0.005861424214  -0.000088827221   0.112352467146  -0.157080445817
286  0.106645812044  0.106645812044  0.007890793989  -0.000525528886   0.114011077147  -0.200419174815
287  0.106676680374  0.106676680374  0.007857616369  -0.000527485767   0.114006810976  -0.199463115866
288  0.106748777240  0.106748777240  0.005844625909  -0.000302314980   0.112291088169  -0.150814039629
289  0.106754466528  0.106754466528  0.005841310162  -0.000302405386   0.112293371304  -0.150721353432
290  0.106756760027  0.106756760027  0.005845323135  -0.000305385851   0.112296697311  -0.150749449412
291  0.107004660291  0.107004660291  0.007690352043  -0.000791397160   0.113903615173  -0.187730220879
292  0.107094877910  0.107094877910  0.008043964107  -0.000261619427   0.114877222590  -0.211768494026
293  0.107143466652  0.107143466652  0.007895363815  -0.000285331808   0.114753498660  -0.207079624960
294  0.107149912382  0.107149912382  0.007869014998  -0.000272402531   0.114746524849  -0.206714460478
295  0.107163180215  0.107163180215  0.005855693528  -0.000103711039   0.112915162704  -0.156519496314
296  0.107163578956  0.107163578956  0.005855722375  -0.000103498614   0.112915802717  -0.156526061658
297  0.107164966106  0.107164966106  0.005860404382  -0.000108238944   0.112917131545  -0.156524474616
298  0.107235334662  0.107235334662  0.007662219506  -0.000166729564   0.114730824604  -0.203962775001
299  0.107241516271  0.107241516271  0.005602782835  -0.000016131448   0.112828167657  -0.152020605547
300  0.107246858094  0.107246858094  0.007643551984  -0.000174512244   0.114715897834  -0.203243027988
301  0.107257209136  0.107257209136  0.007573607133  -0.000145807974   0.114685008295  -0.202120814032
302  0.107328112752  0.107328112752  0.007745722500  -0.000294203706   0.114779631546  -0.202766258515
303  0.107338284199  0.107338284199  0.007742017241  -0.000302283884   0.114778017556  -0.202445560276
304  0.107807303923  0.107807303923  0.008086308930  -0.000507466906   0.115386145947  -0.206230901837
305  0.107818276981  0.107818276981  0.008033804056  -0.000477659717   0.115374421320  -0.205613266068
306  0.107845170698  0.107845170698  0.007982094673  -0.000460628441   0.115366636929  -0.204669626211
307  0.107969031987  0.107969031987  0.007686581747  -0.000384807794   0.115270805940  -0.198691491745
308  0.107994267940  0.107994267940  0.007660911913  -0.000394500353   0.115260679500  -0.197729231536
309  0.107999003603  0.107999003603  0.007420337261  -0.000260803698   0.115158537166  -0.194820931604
310  0.108008436314  0.108008436314  0.007563897737  -0.000348166230   0.115224167821  -0.196350156332
311  0.108019193222  0.108019193222  0.007829394582  -0.000485266858   0.115363320947  -0.199843997167
312  0.108045155623  0.108045155623  0.007414919941  -0.000253802636   0.115206272928  -0.194864027435
313  0.108052317215  0.108052317215  0.007482456970  -0.000295864414   0.115238909771  -0.195557244691
314  0.108060597141  0.108060597141  0.007348202997  -0.000165304126   0.115243496012  -0.195456734327
315  0.108068637868  0.108068637868  0.007361221517  -0.000198050718   0.115231808668  -0.194919905886
316  0.108079910303  0.108079910303  0.007403116740  -0.000280847411   0.115202179632  -0.193806919615
317  0.108134466575  0.108134466575  0.007324208187  -0.000255848671   0.115202826090  -0.192339958129
318  0.108137688580  0.108137688580  0.007330727381  -0.000268586343   0.115199829619  -0.192170744660
319  0.108162204417  0.108162204417  0.007286680606  -0.000251720023   0.115197165000  -0.191431126402
320  0.108447562934  0.108447562934  0.007398019006  -0.000051477681   0.115794104258  -0.199909674589
321  0.108810796648  0.108810796648  0.007322290593  -0.000036738427   0.116096348814  -0.198250074211
322  0.108833688392  0.108833688392  0.007131519911  -0.000082042809   0.115883165494  -0.191826141207
323  0.108836567879  0.108836567879  0.007133789433  -0.000092067764   0.115878289549  -0.191615105027
324  0.108892150456  0.108892150456  0.006751831885  -0.000109836272   0.115534146068  -0.180737999413
325  0.108897690306  0.108897690306  0.006646712693  -0.000086332611   0.115458070388  -0.178517126549
326  0.108908910642  0.108908910642  0.007210562624  -0.000344569829   0.115774903437  -0.186833276338
327  0.108917552037  0.108917552037  0.007166214531  -0.000326090395   0.115757676174  -0.186129353928
328  0.108925841416  0.108925841416  0.007234576767  -0.000351853626   0.115808564556  -0.187288532464
329  0.108933888773  0.108933888773  0.006570425207  -0.000086931073   0.115417382907  -0.176424952290
330  0.108995724310  0.108995724310  0.006623158164  -0.000160220019   0.115458662456  -0.175865595061
331  0.109018784770  0.109018784770  0.006752724711  -0.000115218486   0.115656290995  -0.180615836878
332  0.109022833452  0.109022833452  0.006760701451  -0.000111871336   0.115671663567  -0.180923975792
333  0.109028720626  0.109028720626  0.006755247929  -0.000110087197   0.115673881359  -0.180824126763
334  0.109052832126  0.109052832126  0.006584023105  -0.000141235894   0.115495619337  -0.175317259916
335  0.109080282789  0.109080282789  0.006543721487  -0.000146091278   0.115477912998  -0.174088474675
336  0.109141592528  0.109141592528  0.006427819401  -0.000153971455   0.115415440473  -0.170720185991
337  0.109146076994  0.109146076994  0.006397777226  -0.000137922287   0.115405931932  -0.170339416680
338  0.109150297900  0.109150297900  0.006693284708  -0.000339364063   0.115504218546  -0.172899076263
339  0.109184414732  0.109184414732  0.006688407566  -0.000184109014   0.115688713284  -0.176991069617
340  0.109213500007  0.109213500007  0.006672453604  -0.000172471787   0.115713481824  -0.176873605204
341  0.109228944844  0.109228944844  0.006589544021  -0.000153224537   0.115665264328  -0.175141264014
342  0.109252161511  0.109252161511  0.006576622172  -0.000136818590   0.115691965092  -0.175236071169
343  0.109269008278  0.109269008278  0.006570201394  -0.000154341299   0.115684868373  -0.174584535386
344  0.109273131330  0.109273131330  0.006710383355  -0.000246880939   0.115736633746  -0.175880949638
345  0.109276516571  0.109276516571  0.006653549743  -0.000228580382   0.115701485933  -0.174832411295
346  0.109289143123  0.109289143123  0.006726390568  -0.000226167515   0.115789366176  -0.176880169583
347  0.109304181430  0.109304181430  0.006707390929  -0.000254927671   0.115756644688  -0.175580558695
348  0.109315226879  0.109315226879  0.006678043376  -0.000231008339   0.115762261916  -0.175432849205
349  0.109321476259  0.109321476259  0.006670154848  -0.000228713739   0.115762917368  -0.175280630602
350  0.109411905210  0.109411905210  0.006554012072  -0.000149128652   0.115816788630  -0.174285844693
351  0.109416095707  0.109416095707  0.006555177447  -0.000160205872   0.115811067282  -0.174016129525
352  0.109416584804  0.109416584804  0.006556474957  -0.000159102329   0.115813957431  -0.174081465522
353  0.109464901060  0.109464901060  0.006592787301  -0.000206280870   0.115851407490  -0.173785781090
354  0.109513283620  0.109513283620  0.006826059446  -0.000466270311   0.115873072755  -0.173058766070
355  0.109516751169  0.109516751169  0.006771042326  -0.000432972471   0.115854821024  -0.172467754045
356  0.109518926995  0.109518926995  0.006784607629  -0.000447627182   0.115855907442  -0.172438109715
357  0.109565723057  0.109565723057  0.007405121154  -0.000573174191   0.116397670020  -0.185906841589
358  0.109568260713  0.109568260713  0.007390615049  -0.000566371792   0.116392503970  -0.185697212961
359  0.109575847844  0.109575847844  0.007405158146  -0.000566991754   0.116414014236  -0.186076080963
360  0.109761247697  0.109761247697  0.006761910794  -0.000019155680   0.116504002811  -0.183479806511
361  0.109773008058  0.109773008058  0.006750134666  -0.000020222641   0.116502920082  -0.183130328062
362  0.109824805842  0.109824805842  0.006919011405  -0.000111966704   0.116631850543  -0.185229216176
363  0.109835209699  0.109835209699  0.006885793306  -0.000117770987   0.116603232018  -0.184167362524
364  0.109877303850  0.109877303850  0.006788660483  -0.000124248664   0.116541715669  -0.181347975764
365  0.109966407107  0.109966407107  0.006782072249  -0.000233284349   0.116515195007  -0.178201687066
366  0.109968118136  0.109968118136  0.006787296893  -0.000243002658   0.116512412371  -0.178079408139
367  0.109971730386  0.109971730386  0.006776456589  -0.000235750479   0.116512436496  -0.177981770244
368  0.110047675181  0.110047675181  0.007006797822  -0.000106355664   0.116948117339  -0.187770691735
369  0.110055222857  0.110055222857  0.007012481685  -0.000118601327   0.116949103215  -0.187592135978
370  0.110089631169  0.110089631169  0.006476690391  -0.000045864864   0.116520456696  -0.174991765736
371  0.110195366711  0.110195366711  0.006847631937  -0.000163325442   0.116879673206  -0.181889337742
372  0.110220847590  0.110220847590  0.006865689937  -0.000217021790   0.116869515737  -0.180919568413
373  0.110236345695  0.110236345695  0.006755269912  -0.000136766560   0.116854849047  -0.180098742121
374  0.110329243405  0.110329243405  0.006685033087  -0.000104301362   0.116909975131  -0.179070923282
375  0.110332896441  0.110332896441  0.006692156780  -0.000106746300   0.116918306921  -0.179198238723
376  0.110411530230  0.110411530230  0.006806592858  -0.000371300193   0.116846822894  -0.175113322813
377  0.110419485897  0.110419485897  0.006753189195  -0.000334209691   0.116838465400  -0.174669418866
378  0.110452672037  0.110452672037  0.006701023725  -0.000298059846   0.116855635917  -0.174233611317
379  0.110459210965  0.110459210965  0.006729062651  -0.000173416575   0.117014857040  -0.178388307618
380  0.110471661441  0.110471661441  0.006712306964  -0.000191441741   0.116992526663  -0.177441871909
381  0.110475003993  0.110475003993  0.006698977096  -0.000196832804   0.116977148284  -0.176932449183
382  0.110599095934  0.110599095934  0.006797000623  -0.000437346782   0.116958749775  -0.173055084541
383  0.110610676214  0.110610676214  0.006785539021  -0.000443306574   0.116952908661  -0.172581024025
384  0.110622261184  0.110622261184  0.006740760490  -0.000423591284   0.116939430390  -0.171899018139
385  0.110651508208  0.110651508208  0.006690919744  -0.000387689186   0.116954738766  -0.171519728010
386  0.110692832905  0.110692832905  0.006753041949  -0.000553344042   0.116892530812  -0.168702459622
387  0.110693329227  0.110693329227  0.006752165324  -0.000554499869   0.116890994682  -0.168647153762
388  0.110722032299  0.110722032299  0.006737143059  -0.000578371535   0.116880803823  -0.167588795453
389  0.110876294206  0.110876294206  0.006828300350  -0.000797969736   0.116906624820  -0.164093738471
390  0.110882026419  0.110882026419  0.006826631192  -0.000795519303   0.116913138307  -0.164114998050
391  0.110889338254  0.110889338254  0.006809101051  -0.000801051328   0.116897387976  -0.163487444217
392  0.111285676208  0.111285676208  0.006874656651  -0.000008678124   0.118151654735  -0.186832888093
393  0.111472985494  0.111472985494  0.006698566881  -0.000059434794   0.118112117581  -0.180660078874
394  0.111475726833  0.111475726833  0.006695595437  -0.000058697818   0.118112624452  -0.180599275881
395  0.111489766732  0.111489766732  0.006692190973  -0.000061207378   0.118120750327  -0.180438346983
396  0.111557890614  0.111557890614  0.007005794031  -0.000470275432   0.118093409213  -0.177840610802
397  0.111558748642  0.111558748642  0.007010815658  -0.000470544077   0.118099020223  -0.177969946099
398  0.111564875572  0.111564875572  0.006997604747  -0.000470813572   0.118091666747  -0.177603125386
399  0.111618709264  0.111618709264  0.006676594832  -0.000239026062   0.118056278033  -0.175175258811
400  0.111621574323  0.111621574323  0.006675017184  -0.000241521887   0.118055069621  -0.175064413938
401  0.111990977028  0.111990977028  0.006558189297  -0.000146086163   0.118403080162  -0.174482303229
402  0.111993755441  0.111993755441  0.006557797316  -0.000146370763   0.118405181994  -0.174463892510
403  0.111997929843  0.111997929843  0.006548342342  -0.000137254497   0.118409017688  -0.174454675786
404  0.112076555185  0.112076555185  0.006416349861  -0.000104187906   0.118388717140  -0.171762763818
405  0.112082528314  0.112082528314  0.006418636304  -0.000107946370   0.118393218247  -0.171722708058
406  0.112125095708  0.112125095708  0.006758453565  -0.000441659959   0.118441889314  -0.171888797532
407  0.112166518153  0.112166518153  0.006651093917  -0.000419180856   0.118398431214  -0.169579079060
408  0.112170288593  0.112170288593  0.006657484714  -0.000427700472   0.118400072835  -0.169521150902
409  0.112181159470  0.112181159470  0.006662473196  -0.000432214863   0.118411417803  -0.169534051604
410  0.112212310557  0.112212310557  0.006571286913  -0.000296677880   0.118486919591  -0.170740896262
411  0.112216592865  0.112216592865  0.006556018769  -0.000287442615   0.118485169019  -0.170576733163
412  0.112217262684  0.112217262684  0.006558730612  -0.000285465972   0.118490527324  -0.170704313416
413  0.112262680908  0.112262680908  0.006598312812  -0.000459994574   0.118400999146  -0.167032232906
414  0.112273581368  0.112273581368  0.006593368913  -0.000467361254   0.118399589026  -0.166697244796
415  0.112274948197  0.112274948197  0.006595064130  -0.000468718363   0.118401293964  -0.166706445198
416  0.112416426784  0.112416426784  0.007906744617  -0.000086173940   0.120236997461  -0.212808676923
417  0.112479893995  0.112479893995  0.006695859268  -0.000190742701   0.118985010562  -0.177013328971
418  0.112484962419  0.112484962419  0.006695990510  -0.000194715664   0.118986237265  -0.176908790347
419  0.112489866963  0.112489866963  0.006692869593  -0.000199690210   0.118983046345  -0.176688501440
420  0.112500046126  0.112500046126  0.007834962364  -0.000150177492   0.120184830997  -0.209113755060
421  0.112543336176  0.112543336176  0.007755313344  -0.000151499515   0.120147150005  -0.206910419628
422  0.112545825660  0.112545825660  0.006519413668  -0.000116153472   0.118949085856  -0.174241674511
423  0.112623219804  0.112623219804  0.006856017058  -0.000470993245   0.119008243617  -0.173745436971
424  0.112625267146  0.112625267146  0.007530488732  -0.000144851711   0.120010904168  -0.200973523244
425  0.112632042458  0.112632042458  0.006799866844  -0.000429318863   0.119002590439  -0.173351529329
426  0.112632813689  0.112632813689  0.006816268709  -0.000435522928   0.119013559469  -0.173629025721
427  0.112634753409  0.112634753409  0.006813708943  -0.000262363254   0.119186099098  -0.178271288077
428  0.112636518900  0.112636518900  0.007538765091  -0.000160478965   0.120014805027  -0.200773495102
429  0.112643235741  0.112643235741  0.006785201754  -0.000283945530   0.119144491965  -0.176908283612
430  0.112678345684  0.112678345684  0.007596106222  -0.000209802910   0.120064648996  -0.200991653959
431  0.112690699180  0.112690699180  0.007528428516  -0.000189626386   0.120029501309  -0.199699080261
432  0.112711749841  0.112711749841  0.007471285838  -0.000177478951   0.120005556727  -0.198474696705
433  0.112719738716  0.112719738716  0.007321028014  -0.000136421949   0.119904344782  -0.195503189492
434  0.112738113783  0.112738113783  0.007338978608  -0.000180985852   0.119896106538  -0.194779004062
435  0.112752925250  0.112752925250  0.007320477415  -0.000179497568   0.119893905097  -0.194316059017
436  0.112792340616  0.112792340616  0.007093701367  -0.000130674571   0.119755367411  -0.189473707341
437  0.112807908722  0.112807908722  0.007063943309  -0.000131972210   0.119739879821  -0.188628638378
438  0.112834199625  0.112834199625  0.007079911924  -0.000139049829   0.119775061720  -0.188870574823
439  0.112835644852  0.112835644852  0.006703787996  -0.000344257886   0.119195174962  -0.173051717630
440  0.112836266687  0.112836266687  0.006686009392  -0.000323537690   0.119198738389  -0.173131762472
441  0.112851852583  0.112851852583  0.006492408906  -0.000078659669   0.119265601819  -0.174527095969
442  0.112858282344  0.112858282344  0.006563251754  -0.000115095477   0.119306438622  -0.175463359727
443  0.112858685534  0.112858685534  0.006889925882  -0.000159598513   0.119589012903  -0.183141630165
444  0.112859122458  0.112859122458  0.006499414423  -0.000091179242   0.119267357640  -0.174377050821
445  0.112871291960  0.112871291960  0.006750315722  -0.000139937120   0.119481670562  -0.179877656293
446  0.112875062244  0.112875062244  0.006734756319  -0.000426578534   0.119183240029  -0.171654348971
447  0.112881763446  0.112881763446  0.006652601347  -0.000380431385   0.119153933408  -0.170674525703
448  0.112882519614  0.112882519614  0.006864793545  -0.000145576505   0.119601736654  -0.182839302549
449  0.112885224840  0.112885224840  0.006733592939  -0.000422112225   0.119196705554  -0.171744226282
450  0.112890400001  0.112890400001  0.006760027149  -0.000118181158   0.119532245992  -0.180733927997
451  0.112914995321  0.112914995321  0.006718301951  -0.000165192032   0.119468105240  -0.178319295246
452  0.112922157266  0.112922157266  0.006741431594  -0.000174169828   0.119489419031  -0.178704386810
453  0.112946593088  0.112946593088  0.006904667218  -0.000207544289   0.119643716017  -0.182238090873
454  0.112957940178  0.112957940178  0.006386446324  -0.000071266594   0.119273119907  -0.171844881701
455  0.112959828750  0.112959828750  0.006385894620  -0.000424494347   0.118921229023  -0.162218047385
456  0.112965772998  0.112965772998  0.006428470539  -0.000449674821   0.118944568717  -0.162691401810
457  0.112968713589  0.112968713589  0.006836544697  -0.000221332303   0.119583925984  -0.180009190553
458  0.112974375922  0.112974375922  0.006432072111  -0.000454909096   0.118951538937  -0.162646973663
459  0.112989567327  0.112989567327  0.007040896649  -0.000247956528   0.119782507448  -0.184845410812
460  0.113009759077  0.113009759077  0.006975486407  -0.000314067118   0.119671178366  -0.181266544839
461  0.113013851721  0.113013851721  0.006908263937  -0.000308863753   0.119613251906  -0.179578918180
462  0.113037109106  0.113037109106  0.007183128518  -0.000410530320   0.119809707303  -0.184291878586
463  0.113041984251  0.113041984251  0.007180522408  -0.000468272553   0.119754234106  -0.182649715699
464  0.113061528520  0.113061528520  0.007097334650  -0.000440922618   0.119717940551  -0.181130290346
465  0.113067150408  0.113067150408  0.006770022591  -0.000314371540   0.119522801459  -0.175667303010
466  0.113073651598  0.113073651598  0.006772574995  -0.000312162527   0.119534064066  -0.175796867831
467  0.113077058133  0.113077058133  0.006769818409  -0.000316566113   0.119530310428  -0.175602029505
468  0.113088460159  0.113088460159  0.007315843398  -0.000392411781   0.120011891776  -0.188396267101
469  0.113110084483  0.113110084483  0.006869546332  -0.000386598764   0.119593032050  -0.176410079436
470  0.113127517170  0.113127517170  0.006844782000  -0.000395297202   0.119577001968  -0.175499510637
471  0.113129949556  0.113129949556  0.006832787587  -0.000381421221   0.119581315922  -0.175550710731
472  0.113131138043  0.113131138043  0.007478310020  -0.000418309948   0.120191138115  -0.192112485958
473  0.113164472167  0.113164472167  0.007564212372  -0.000556974826   0.120171709713  -0.190676743760
474  0.113274932630  0.113274932630  0.006814193790  -0.000461329949   0.119627796471  -0.172870319117
475  0.113282134954  0.113282134954  0.006827009578  -0.000476358856   0.119632785676  -0.172810097061
476  0.113286334815  0.113286334815  0.006814342925  -0.000467337331   0.119633340408  -0.172710908007
477  0.113371049659  0.113371049659  0.006313614268  -0.000130234056   0.119554429871  -0.168258432315
478  0.113374093415  0.113374093415  0.006301684754  -0.000128210960   0.119547567209  -0.167988864782
479  0.113394092013  0.113394092013  0.007910741284  -0.000860621653   0.120444211644  -0.191843625330
480  0.113428295009  0.113428295009  0.006691375119  -0.000663370646   0.119456299482  -0.164030440921
481  0.113429846447  0.113429846447  0.006682795617  -0.000652759062   0.119459883002  -0.164085736694
482  0.113436589199  0.113436589199  0.006684055987  -0.000666856424   0.119453788761  -0.163736424167
483  0.113586383095  0.113586383095  0.006358648430  -0.000280075722   0.119664955803  -0.165406473392
484  0.113588455926  0.113588455926  0.006356481676  -0.000277789300   0.119667148302  -0.165409729719
485  0.113591498238  0.113591498238  0.006355160697  -0.000288084674   0.119658574262  -0.165093632502
486  0.113609090496  0.113609090496  0.007035407003  -0.000923127703   0.119721369796  -0.166323676949
487  0.113743491125  0.113743491125  0.007389076071  -0.000074232059   0.121058335137  -0.199047146348
488  0.113747226013  0.113747226013  0.007396257235  -0.000082263679   0.121061219569  -0.199024004247
489  0.113753915485  0.113753915485  0.006535533603  -0.000613033171   0.119676415916  -0.161159528232
490  0.113780989744  0.113780989744  0.007372923155  -0.000098819881   0.121055093019  -0.197938533846
491  0.113820703199  0.113820703199  0.007325841125  -0.000137642762   0.121008901562  -0.195600940933
492  0.113831318247  0.113831318247  0.007391676271  -0.000199581372   0.121023413146  -0.195706971129
493  0.113856588497  0.113856588497  0.007415290759  -0.000209475937   0.121062403320  -0.196080309460
494  0.113867341388  0.113867341388  0.006369716108  -0.000171302144   0.120065755351  -0.168667521734
495  0.113870363800  0.113870363800  0.006376803943  -0.000170867819   0.120076299925  -0.168872210260
496  0.113877966883  0.113877966883  0.007285053297  -0.000287552396   0.120875467784  -0.190411796017
497  0.113878521900  0.113878521900  0.006449924936  -0.000175631614   0.120152815221  -0.170732305293
498  0.113881218821  0.113881218821  0.007308133551  -0.000299670762   0.120889681610  -0.190710084349
499  0.113897490810  0.113897490810  0.006478670963  -0.000166686400   0.120209475373  -0.171757936743
500  0.113900891824  0.113900891824  0.006461726146  -0.000162456975   0.120200160995  -0.171411933108
501  0.113914536065  0.113914536065  0.006943353977  -0.000179220326   0.120678669715  -0.184061546408
502  0.113927165131  0.113927165131  0.007037835092  -0.000177625516   0.120787374707  -0.186675906842
503  0.113939873172  0.113939873172  0.007072558742  -0.000180455710   0.120831976204  -0.187543772448
504  0.113947468506  0.113947468506  0.006948585344  -0.000157148244   0.120738905607  -0.184804511513
505  0.113975572073  0.113975572073  0.006936982052  -0.000191917678   0.120720636447  -0.183542644716
506  0.113981533173  0.113981533173  0.006904244031  -0.000180891459   0.120704885744  -0.182951836164
507  0.113988976068  0.113988976068  0.006839242048  -0.000130540275   0.120697677840  -0.182553167418
508  0.114009916675  0.114009916675  0.006972244669  -0.000165881902   0.120816279441  -0.185210659791
509  0.114013380415  0.114013380415  0.007128229560  -0.000259913113   0.120881696863  -0.186896506175
510  0.114049599528  0.114049599528  0.007292702695  -0.000367604672   0.120974697551  -0.188441612331
511  0.114062709271  0.114062709271  0.007170780672  -0.000325557905   0.120907932038  -0.186268094802
512  0.114097663963  0.114097663963  0.007123474254  -0.000330604614   0.120890533603  -0.184843492921
513  0.114105328345  0.114105328345  0.007179825117  -0.000284816281   0.121000337180  -0.187622843428
514  0.114114893556  0.114114893556  0.007210429870  -0.000327649312   0.120997674113  -0.187290094865
515  0.114130593695  0.114130593695  0.007509026883  -0.000455826848   0.121183793730  -0.191927447430
516  0.114146202743  0.114146202743  0.006460238372  -0.000449707716   0.120156733400  -0.163554953900
517  0.114152473462  0.114152473462  0.006464588402  -0.000444500951   0.120172560913  -0.163815007662
518  0.114156263120  0.114156263120  0.007031943196  -0.000341135413   0.120847070903  -0.182066246906
519  0.114157202171  0.114157202171  0.006458428013  -0.000449269784   0.120166360400  -0.163517608243
520  0.114219072533  0.114219072533  0.007039690825  -0.000435984581   0.120822778776  -0.179696092073
521  0.114226085441  0.114226085441  0.007042792253  -0.000435093883   0.120833783811  -0.179804723417
522  0.114240769894  0.114240769894  0.007085204762  -0.000480197796   0.120845776860  -0.179731486556
523  0.114415635448  0.114415635448  0.006885813704  -0.000540480399   0.120760968752  -0.172665402694
524  0.114578788083  0.114578788083  0.006516130433  -0.000085721850   0.121009196665  -0.174980420098
525  0.114594321939  0.114594321939  0.006516902668  -0.000105823874   0.121005400734  -0.174454429503
526  0.114596177538  0.114596177538  0.006510904774  -0.000103964305   0.121003118007  -0.174341819888
527  0.114622854746  0.114622854746  0.006478830260  -0.000087471289   0.121014213718  -0.173917825521
528  0.114638078339  0.114638078339  0.006473321227  -0.000087128851   0.121024270715  -0.173777235226
529  0.114652229846  0.114652229846  0.006499703824  -0.000144131262   0.121007802409  -0.172944027222
530  0.114666947800  0.114666947800  0.006498147233  -0.000146940429   0.121018154605  -0.172825228835
531  0.114688120419  0.114688120419  0.006496456897  -0.000165492563   0.121019084753  -0.172274402874
532  0.114710860439  0.114710860439  0.006510762127  -0.000204718756   0.121016903810  -0.171596268585
533  0.114731341795  0.114731341795  0.006575217594  -0.000296735079   0.121009824310  -0.170846299108
534  0.114761009959  0.114761009959  0.006553422091  -0.000298185630   0.121016246420  -0.170213741442
535  0.114765458309  0.114765458309  0.006531025121  -0.000274737920   0.121021745509  -0.170242333515
536  0.116841252019  0.116841252019  0.007039593371  -0.000034958928   0.123845886462  -0.190605909691
537  0.116997366133  0.116997366133  0.007008068424  -0.000082147263   0.123923287295  -0.188464011089
538  0.117060927232  0.117060927232  0.006958740306  -0.000125271553   0.123894395984  -0.185948251610
539  0.117090914710  0.117090914710  0.007005329652  -0.000239198168   0.123857046194  -0.184115910283
540  0.117094975015  0.117094975015  0.007023780010  -0.000259190071   0.123859564955  -0.184073962684
541  0.117106590569  0.117106590569  0.007004921119  -0.000232041785   0.123879469903  -0.184299528705
542  0.117120908769  0.117120908769  0.007847797002  -0.000074883728   0.124893822042  -0.211511852242
543  0.117165619565  0.117165619565  0.006942325072  -0.000258153971   0.123849790667  -0.181885653516
544  0.117179340032  0.117179340032  0.006932112378  -0.000208273907   0.123903178503  -0.182965058168
545  0.117180528400  0.117180528400  0.006886921748  -0.000211057514   0.123856392634  -0.181659612024
546  0.117181491510  0.117181491510  0.007932773537  -0.000220193617   0.124894071430  -0.209870097251
547  0.117192994575  0.117192994575  0.006710850143  -0.000085353162   0.123818491555  -0.180289048541
548  0.117194927386  0.117194927386  0.007919122133  -0.000193464240   0.124920585279  -0.210225967187
549  0.117208496597  0.117208496597  0.006731491540  -0.000123711629   0.123816276509  -0.179806942294
550  0.117219932398  0.117219932398  0.006702572633  -0.000110376275   0.123812128755  -0.179382891952
551  0.117234162099  0.117234162099  0.006893767809  -0.000289340762   0.123838589146  -0.179715706151
552  0.117244896398  0.117244896398  0.006962901490  -0.000351135875   0.123856662012  -0.179915398834
553  0.117245633165  0.117245633165  0.006971304494  -0.000359222251   0.123857715408  -0.179924014758
554  0.117332705142  0.117332705142  0.007779176743  -0.000117496704   0.124994385181  -0.208485040209
555  0.117338985325  0.117338985325  0.007806210039  -0.000144542435   0.125000652929  -0.208484701850
556  0.117432055358  0.117432055358  0.007658783269  -0.000168446696   0.124922391931  -0.203822544622
557  0.117445171123  0.117445171123  0.007781024635  -0.000260660231   0.124965535527  -0.204639643943
558  0.117451499437  0.117451499437  0.007778524443  -0.000262177354   0.124967846526  -0.204530327172
559  0.117458410989  0.117458410989  0.007642956982  -0.000169742246   0.124931625725  -0.203356635466
560  0.117512043437  0.117512043437  0.007622246747  -0.000249187886   0.124885102298  -0.200631253894
561  0.117512719722  0.117512719722  0.007650386993  -0.000269732941   0.124893373774  -0.200837929667
562  0.117551931855  0.117551931855  0.007793499770  -0.000423593303   0.124921838323  -0.200545472857
563  0.117600928284  0.117600928284  0.007955554098  -0.000572763797   0.124983718585  -0.200896059994
564  0.117711935915  0.117711935915  0.006921255689  -0.000805917686   0.123827273918  -0.166406908527
565  0.117835476630  0.117835476630  0.006827107882  -0.000158542302   0.124504042209  -0.181461005403
566  0.117838945882  0.117838945882  0.006807620628  -0.000146884416   0.124499682094  -0.181247957363
567  0.117840681972  0.117840681972  0.007956969926  -0.000812673272   0.124984978626  -0.194406313966
568  0.117842654350  0.117842654350  0.006812421420  -0.000148723750   0.124506352020  -0.181328542794
569  0.117897143355  0.117897143355  0.007332016889  -0.000485614658   0.124743545586  -0.186300189681
570  0.117897419064  0.117897419064  0.007404899196  -0.000525195804   0.124777122456  -0.187206360896
571  0.117913537944  0.117913537944  0.007996092794  -0.000911351673   0.124998279064  -0.192785724517
572  0.117929614956  0.117929614956  0.006839364226  -0.000255490397   0.124513488786  -0.179156424333
573  0.117938639513  0.117938639513  0.006840548262  -0.000262711964   0.124516475811  -0.178992134653
574  0.118081886534  0.118081886534  0.006853328562  -0.000463367747   0.124471847349  -0.173879779741
575  0.118087235401  0.118087235401  0.006842893741  -0.000462413637   0.124467715505  -0.173621796302
