0 -0.248230729618719 2.76501e-05
1 -0.248230711247033 2.32088e-05
2 -0.247728816705838 2.02425e-05
3 -0.247728799243658 1.29174e-05
4 -0.24759782902615 1.85351e-05
5 -0.247597817495256 1.35326e-05
6 -0.247556114300588 1.89214e-05
7 -0.247556099690414 1.19454e-05
8 -0.247407681424256 1.47252e-05
9 -0.247407674744263 1.10485e-05
10 -0.247085972691168 1.28217e-05
11 -0.247085966139631 7.97262e-06
12 -0.247063464148649 1.694e-05
13 -0.247063449013671 7.65441e-06
14 -0.24685572154451 1.04056e-05
15 -0.246855717081015 6.23184e-06
16 -0.246810816928704 1.04861e-05
17 -0.246810812121072 6.32961e-06
18 -0.246399369087385 9.49551e-06
19 -0.246399365389364 5.57356e-06
20 -0.246355925397549 8.8903e-06
21 -0.24635592208146 5.27616e-06
22 -0.246229684029383 7.71712e-06
23 -0.246229681377633 3.95334e-06
24 -0.246124702282877 7.99736e-06
25 -0.246124699980774 5.10504e-06
26 -0.246095963608878 5.4467e-06
27 -0.246095962787111 4.12754e-06
28 -0.245848040189225 5.13286e-06
29 -0.245848039115253 3.01528e-06
30 -0.245432282064307 4.00146e-06
31 -0.24543228146867 2.43567e-06
32 -0.245154797984866 2.80417e-06
33 -0.24515479774946 1.98792e-06
34 -0.244888706165052 2.24728e-06
35 -0.244888706009658 1.53363e-06
36 -0.244829330308437 1.9213e-06
37 -0.244829330202087 1.4425e-06
38 -0.244557494425512 2.31601e-06
39 -0.244557494244335 1.45686e-06
40 -0.244312804702292 1.44256e-06
41 -0.244312804647918 1.02326e-06
42 -0.244076783880904 1.40005e-06
43 -0.244076783834652 1.04168e-06
44 -0.243927342952706 1.1342e-06
45 -0.243927342921514 8.36301e-07
46 -0.243759931844431 9.10012e-07
47 -0.24375993182014 6.13622e-07
48 -0.243703341237245 8.53685e-07
49 -0.243703341216951 6.13453e-07
50 -0.243681025759879 1.00051e-06
51 -0.243681025726998 6.24783e-07
52 -0.242799626125167 5.62655e-07
53 -0.242799626118971 4.60582e-07
54 -0.242755721947325 5.87941e-07
55 -0.242755721940608 4.27249e-07
56 -0.242320432485314 4.78863e-07
57 -0.242320432480739 3.74961e-07
58 -0.242275340764154 5.37869e-07
59 -0.242275340761091 4.57362e-07
60 -0.242075272951316 4.04996e-07
61 -0.242075272949503 3.53098e-07
62 -0.241865655057089 3.9364e-07
63 -0.241865655055288 3.55487e-07
64 -0.241646280210246 3.5578e-07
65 -0.241646280209432 3.06698e-07
66 -0.241336775961435 3.31404e-07
67 -0.241336775961164 3.36866e-07
68 -0.241001858762991 3.06902e-07
69 -0.241001858762748 3.17e-07
70 -0.24058380336209 3.20559e-07
71 -0.240583803361546 3.11958e-07
72 -0.240180111360054 2.9612e-07
73 -0.240180111360034 2.95345e-07
74 -0.239704643667739 2.84966e-07
75 -0.239704643667657 2.97359e-07
76 -0.239646970859169 3.00666e-07
77 -0.23964697085897 3.01634e-07
78 -0.239070989874803 3.17306e-07
79 -0.239070989874753 2.98883e-07
80 -0.238924200874359 3.04552e-07
81 -0.238924200874343 3.02564e-07
82 -0.238180435679711 3.0085e-07
83 -0.238180435679696 2.93779e-07
84 -0.238143395468072 3.01737e-07
85 -0.238143395468053 3.023e-07
86 -0.237874296015157 2.90453e-07
87 -0.237874296015148 2.72392e-07
88 -0.23735380374362 2.85769e-07
89 -0.237353803743614 2.74334e-07
90 -0.236787860771681 2.7809e-07
91 -0.236787860771679 2.82275e-07
92 -0.236548502025586 2.92156e-07
93 -0.236548502025583 3.01714e-07
94 -0.235322739754112 2.77815e-07
95 -0.235322739754109 2.90477e-07
96 -0.235275901203488 2.82705e-07
97 -0.235275901203482 2.90728e-07
98 -0.234510007303284 2.81192e-07
99 -0.234510007303279 2.58311e-07
100 -0.234360921162793 2.75281e-07
101 -0.234360921162787 2.70206e-07
102 -0.23383535105 2.72622e-07
103 -0.233835351049995 2.62283e-07
104 -0.231975309053132 2.50053e-07
105 -0.231975309053128 2.9893e-07
106 -0.231460041581177 2.99718e-07
107 -0.231460041581175 2.57759e-07
108 -0.231293929774422 2.59811e-07
109 -0.231293929774418 2.71819e-07
110 -0.228787197208038 2.46419e-07
111 -0.228787197208035 2.67547e-07
112 -0.15703964448898 9.9723e-07
113 -0.157039644488979 9.99272e-07
114 -0.154274631660438 9.96778e-07
115 -0.154274631660433 9.97983e-07
116 -0.154139124456171 9.81992e-07
117 -0.154139124456167 9.82577e-07
118 -0.153212984571924 9.9559e-07
119 -0.153212984571918 9.9778e-07
120 -0.151348238482184 9.82089e-07
121 -0.151348238482181 9.81285e-07
122 -0.150916430112854 9.70447e-07
123 -0.150916430112845 9.7173e-07
124 -0.150858172198533 9.73299e-07
125 -0.150858172198523 9.71165e-07
126 -0.150288238878708 9.93803e-07
127 -0.150288238878704 9.90283e-07
128 -0.150134353610965 9.85093e-07
129 -0.150134353610952 9.79431e-07
130 -0.148934001236496 9.83903e-07
131 -0.148934001236399 9.84822e-07
132 -0.148115518411954 9.66309e-07
133 -0.148115518411682 9.71474e-07
134 -0.147959041905861 9.73194e-07
135 -0.147959041905749 9.70987e-07
136 -0.147840144862095 9.67364e-07
137 -0.14784014486137 9.69641e-07
138 -0.147680826522391 9.68389e-07
139 -0.147680826522153 9.74219e-07
140 -0.147146290489676 9.87559e-07
141 -0.147146290489381 9.92064e-07
142 -0.146738687413433 9.97246e-07
143 -0.146738687411137 1.01808e-06
144 -0.146651794264133 9.90668e-07
145 -0.146651794262158 1.01208e-06
146 -0.145824241373769 1.02258e-06
147 -0.145824241369702 1.06215e-06
148 -0.145639831563448 1.04538e-06
149 -0.14563983155866 1.08917e-06
150 -0.145534729234836 1.05032e-06
151 -0.145534729223854 1.14531e-06
152 -0.145475913821189 1.0094e-06
153 -0.145475913814386 1.07374e-06
154 -0.14513991694977 1.10459e-06
155 -0.145139916944828 1.14839e-06
156 -0.144905786111497 1.11274e-06
157 -0.144905786099583 1.20531e-06
158 -0.14482667124841 1.17834e-06
159 -0.144826671218018 1.38141e-06
160 -0.144286176301993 1.40101e-06
161 -0.14428617626004 1.64464e-06
162 -0.14379255228796 1.49019e-06
163 -0.143792552061483 2.46523e-06
164 -0.143707476238789 1.91292e-06
165 -0.143707476113511 2.43642e-06
166 -0.143678566821372 1.90835e-06
167 -0.143678566709732 2.34227e-06
168 -0.14360188717324 2.36833e-06
169 -0.143601886943492 3.09809e-06
170 -0.143448596597839 1.70109e-06
171 -0.143448596505312 2.14366e-06
172 -0.143147636686734 3.19276e-06
173 -0.143147636444562 3.72527e-06
174 -0.142656649322131 2.87333e-06
175 -0.142656648217172 5.16095e-06
176 -0.142593850035641 3.92613e-06
177 -0.142593848456858 6.38404e-06
178 -0.142434834854975 3.73401e-06
179 -0.142434832532187 7.11663e-06
180 -0.142425931631064 3.19176e-06
181 -0.142425929716459 6.28653e-06
182 -0.142357157219371 3.37229e-06
183 -0.142357155884278 5.7779e-06
184 -0.142205854696228 6.19494e-06
185 -0.142205852227639 8.83583e-06
186 -0.142097265838402 4.7271e-06
187 -0.142097257080606 1.25818e-05
188 -0.142088299912756 4.73218e-06
189 -0.142088298551692 6.67883e-06
190 -0.142046200035922 5.24938e-06
191 -0.142046193809177 1.1123e-05
