0 32 4.32519e-06
1 32 8.43677e-06
2 32 3.43678e-07
3 32 4.91825e-09
4 32 0.00354716
5 32 0.000105227
6 32 2.17001e-05
7 32 5.74599e-06
8 32 5.66246e-07
9 32 3.42411e-08
10 32 1.02405e-09
11 32 7.03468e-09
12 32 5.44788e-11
13 32 7.73953e-11
14 32 1.33446e-12
15 32 6.21902e-13
16 32 1.46998e-11
17 32 9.69173e-12
18 32 8.08025e-11
19 32 1.15163e-10
20 32 9.84659e-14
21 32 2.85755e-12
22 32 7.60928e-11
23 32 2.54317e-11
24 32 0.10758
25 32 0.229686
26 32 5.2491e-06
27 32 0.000871712
28 32 0.000747837
29 32 0.00550938
30 32 1.13839e-12
31 32 9.75786e-12
0 33 3.97942e-05
1 33 1.93607e-05
2 33 6.61259e-09
3 33 8.17035e-08
4 33 0.000321014
5 33 0.00129591
6 33 2.0075e-06
7 33 2.80887e-05
8 33 1.34178e-05
9 33 1.00739e-06
10 33 8.63594e-09
11 33 1.42357e-09
12 33 9.16216e-11
13 33 4.52079e-12
14 33 2.81311e-13
15 33 6.14006e-14
16 33 2.80555e-12
17 33 1.65823e-11
18 33 1.54989e-11
19 33 8.52525e-11
20 33 4.91741e-13
21 33 4.39709e-13
22 33 1.91131e-13
23 33 5.42893e-11
24 33 0.0663691
25 33 0.0820867
26 33 0.00216511
27 33 0.00272552
28 33 0.00590007
29 33 0.000377826
30 33 9.68526e-13
31 33 2.74576e-12
0 34 2.46134e-11
1 34 7.27031e-12
2 34 3.68181e-11
3 34 3.59071e-12
4 34 1.41169e-11
5 34 6.98595e-14
6 34 5.77752e-11
7 34 1.46638e-11
8 34 1.90504e-11
9 34 5.06342e-13
10 34 7.59095e-13
11 34 3.62061e-12
12 34 0.000592586
13 34 0.00220912
14 34 0.000482071
15 34 0.000203845
16 34 3.61235e-05
17 34 4.18734e-07
18 34 0.000356581
19 34 7.72125e-05
20 34 0.00178726
21 34 0.00163381
22 34 1.33261e-07
23 34 7.71134e-08
24 34 1.3232e-12
25 34 5.19017e-12
26 34 5.01595e-12
27 34 1.05225e-11
28 34 3.11391e-12
29 34 1.29805e-11
30 34 0.0112776
31 34 0.00740482
0 35 7.18611e-12
1 35 1.01815e-13
2 35 1.22511e-11
3 35 5.60501e-12
4 35 6.68951e-13
5 35 3.05712e-12
6 35 1.17816e-11
7 35 5.15018e-12
8 35 7.27236e-12
9 35 3.55765e-13
10 35 1.97138e-12
11 35 1.75928e-12
12 35 0.00134037
13 35 0.000192765
14 35 8.47169e-05
15 35 0.000119248
16 35 2.47417e-06
17 35 0.000179468
18 35 0.000462724
19 35 8.31401e-05
20 35 0.000718004
21 35 0.000696907
22 35 8.01922e-08
23 35 5.30566e-08
24 35 5.36591e-13
25 35 7.92996e-13
26 35 5.02406e-12
27 35 4.37489e-13
28 35 1.91667e-12
29 35 2.23068e-12
30 35 0.0373305
31 35 0.0554293
0 36 1.62881e-12
1 36 8.00492e-13
2 36 5.11837e-13
3 36 4.58108e-13
4 36 2.70361e-12
5 36 1.89493e-13
6 36 1.6667e-12
7 36 1.4102e-12
8 36 3.62412e-12
9 36 3.92905e-13
10 36 5.95869e-14
11 36 4.70744e-13
12 36 5.35494e-05
13 36 6.63047e-05
14 36 0.000361669
15 36 0.00179957
16 36 3.41065e-05
17 36 2.15612e-06
18 36 0.00191266
19 36 9.54999e-05
20 36 0.000275016
21 36 8.84831e-05
22 36 6.52147e-05
23 36 7.82317e-05
24 36 3.59199e-12
25 36 3.97403e-12
26 36 3.78897e-12
27 36 5.79344e-12
28 36 1.60312e-13
29 36 1.49709e-12
30 36 0.0130301
31 36 0.00823922
0 37 8.41048e-13
1 37 1.90751e-13
2 37 7.5613e-12
3 37 5.13872e-12
4 37 1.13697e-12
5 37 5.35402e-13
6 37 2.46433e-11
7 37 1.26169e-11
8 37 2.45482e-13
9 37 2.72686e-12
10 37 4.55363e-12
11 37 1.39211e-12
12 37 0.000351995
13 37 6.39873e-05
14 37 0.00200433
15 37 0.000723362
16 37 8.40935e-05
17 37 6.88718e-05
18 37 0.000254333
19 37 0.002435
20 37 0.0001174
21 37 4.50732e-05
22 37 8.55063e-06
23 37 5.814e-05
24 37 4.10242e-12
25 37 6.41958e-12
26 37 2.32901e-12
27 37 1.2107e-11
28 37 1.63767e-13
29 37 7.34135e-14
30 37 0.00835198
31 37 0.082468
0 38 4.90919e-12
1 38 2.6727e-12
2 38 2.49615e-11
3 38 2.11773e-13
4 38 6.78179e-12
5 38 2.47996e-12
6 38 3.09839e-11
7 38 1.3069e-11
8 38 2.45542e-12
9 38 3.93678e-13
10 38 1.32017e-12
11 38 4.05913e-12
12 38 0.000387489
13 38 0.000812949
14 38 3.97059e-06
15 38 0.000703752
16 38 0.000224302
17 38 2.19109e-06
18 38 0.000286469
19 38 0.00028024
20 38 0.000552659
21 38 0.00122336
22 38 2.9345e-05
23 38 1.01714e-05
24 38 8.11564e-12
25 38 6.12303e-12
26 38 1.13485e-10
27 38 1.38022e-11
28 38 2.89194e-13
29 38 8.84869e-13
30 38 0.0967389
31 38 0.0312455
0 39 3.28999e-12
1 39 1.10454e-12
2 39 2.2004e-11
3 39 7.17478e-13
4 39 2.30196e-13
5 39 5.53638e-13
6 39 2.60402e-12
7 39 3.35787e-12
8 39 3.90885e-12
9 39 7.04907e-13
10 39 3.45613e-12
11 39 2.6733e-13
12 39 5.32859e-06
13 39 5.77727e-06
14 39 0.00100299
15 39 0.000313068
16 39 1.41278e-05
17 39 0.000113708
18 39 0.000595898
19 39 0.000360781
20 39 0.000556549
21 39 0.000139416
22 39 8.08033e-06
23 39 6.44206e-05
24 39 2.84805e-12
25 39 6.2493e-12
26 39 2.99811e-11
27 39 3.2959e-11
28 39 3.43156e-13
29 39 3.01457e-13
30 39 0.0446428
31 39 0.0264288
0 40 3.59545e-06
1 40 1.2884e-06
2 40 0.000341996
3 40 9.20103e-07
4 40 1.71979e-10
5 40 3.2908e-09
6 40 4.24026e-06
7 40 2.64046e-06
8 40 1.50057e-06
9 40 6.14386e-07
10 40 5.56099e-06
11 40 0.000145023
12 40 2.11451e-12
13 40 5.16647e-13
14 40 1.23594e-13
15 40 3.96371e-14
16 40 1.26453e-13
17 40 3.3454e-13
18 40 3.81913e-13
19 40 6.70577e-13
20 40 1.00862e-13
21 40 3.12576e-14
22 40 2.03627e-13
23 40 5.22978e-13
24 40 3.29449e-05
25 40 3.6576e-06
26 40 0.000656092
27 40 0.000513268
28 40 0.000161586
29 40 0.00122874
30 40 3.95864e-12
31 40 1.00358e-11
0 41 3.39595e-06
1 41 7.69983e-07
2 41 2.85558e-05
3 41 0.000292867
4 41 1.29685e-09
5 41 7.76608e-09
6 41 1.90199e-06
7 41 2.83645e-06
8 41 1.81375e-06
9 41 1.34532e-06
10 41 0.000107192
11 41 2.87365e-05
12 41 2.90217e-13
13 41 7.84601e-14
14 41 7.03682e-16
15 41 1.95218e-14
16 41 2.86209e-14
17 41 4.49098e-14
18 41 9.69326e-14
19 41 1.40559e-13
20 41 7.81926e-15
21 41 8.78913e-14
22 41 5.81875e-15
23 41 1.616e-13
24 41 1.85239e-05
25 41 2.40124e-05
26 41 0.000126688
27 41 0.00184195
28 41 0.000500739
29 41 3.76789e-05
30 41 3.36585e-12
31 41 2.05444e-11
0 42 7.35704e-06
1 42 3.32268e-06
2 42 8.88591e-06
3 42 7.08468e-05
4 42 1.40862e-08
5 42 2.68939e-08
6 42 1.14165e-05
7 42 8.73954e-06
8 42 8.57533e-07
9 42 2.216e-07
10 42 3.25403e-05
11 42 1.17154e-06
12 42 2.3116e-12
13 42 6.5421e-13
14 42 1.07965e-14
15 42 3.05669e-14
16 42 2.92402e-14
17 42 7.3044e-13
18 42 4.05601e-13
19 42 6.12156e-13
20 42 2.04555e-13
21 42 2.71669e-13
22 42 2.11254e-14
23 42 1.34014e-12
24 42 3.63768e-05
25 42 0.000121822
26 42 0.000116317
27 42 0.000209972
28 42 0.00216879
29 42 0.00113071
30 42 2.77774e-14
31 42 1.51952e-13
0 43 1.35186e-06
1 43 1.6317e-05
2 43 0.000119064
3 43 3.51869e-05
4 43 2.63712e-08
5 43 8.95291e-09
6 43 7.13582e-06
7 43 9.65179e-06
8 43 1.3746e-07
9 43 5.44484e-06
10 43 1.91007e-05
11 43 5.05533e-05
12 43 1.20753e-12
13 43 9.25035e-12
14 43 1.32583e-15
15 43 8.35321e-15
16 43 4.36174e-12
17 43 3.71781e-13
18 43 7.4541e-12
19 43 2.25832e-12
20 43 8.42761e-14
21 43 4.00042e-13
22 43 5.63431e-12
23 43 7.30008e-13
24 43 0.000137719
25 43 1.3497e-05
26 43 0.00150839
27 43 0.000381835
28 43 0.000862798
29 43 0.00135578
30 43 5.41343e-13
31 43 8.55124e-13
0 44 1.1117e-05
1 44 5.17912e-06
2 44 4.00322e-05
3 44 3.90926e-05
4 44 1.10988e-09
5 44 1.61055e-09
6 44 3.11883e-06
7 44 3.39669e-06
8 44 1.67383e-05
9 44 3.68545e-05
10 44 6.90608e-05
11 44 4.45565e-05
12 44 7.0031e-13
13 44 1.85655e-12
14 44 1.0955e-13
15 44 5.62583e-14
16 44 1.62261e-12
17 44 7.90713e-14
18 44 3.41197e-12
19 44 2.38689e-13
20 44 1.1575e-13
21 44 1.2347e-14
22 44 2.02767e-12
23 44 2.3048e-13
24 44 1.35534e-07
25 44 5.13372e-08
26 44 0.00107437
27 44 0.00141826
28 44 0.000410206
29 44 0.000256223
30 44 9.14579e-13
31 44 5.55483e-12
0 45 2.36399e-07
1 45 1.62002e-05
2 45 3.01393e-06
3 45 2.90027e-05
4 45 2.2002e-10
5 45 1.85375e-10
6 45 1.25546e-05
7 45 9.02516e-06
8 45 3.58317e-05
9 45 3.5206e-05
10 45 3.01751e-05
11 45 1.57543e-05
12 45 2.02663e-14
13 45 1.51532e-12
14 45 3.65022e-13
15 45 9.12955e-15
16 45 1.43037e-12
17 45 6.52301e-14
18 45 2.26089e-12
19 45 2.03883e-12
20 45 3.16228e-14
21 45 2.56761e-13
22 45 1.06936e-12
23 45 5.29103e-13
24 45 6.59778e-08
25 45 1.67984e-08
26 45 0.00145966
27 45 0.00149104
28 45 0.000864631
29 45 0.00105988
30 45 3.71127e-12
31 45 8.70174e-12
0 46 5.12351e-06
1 46 1.99477e-06
2 46 5.67337e-10
3 46 2.57774e-09
4 46 2.77365e-05
5 46 0.000133196
6 46 2.03004e-07
7 46 1.25448e-06
8 46 9.02148e-07
9 46 6.71229e-08
10 46 6.6633e-10
11 46 5.89007e-10
12 46 1.36962e-12
13 46 3.24365e-13
14 46 7.64867e-14
15 46 8.85286e-14
16 46 3.76535e-13
17 46 1.75731e-13
18 46 1.50284e-13
19 46 1.68809e-12
20 46 3.51289e-14
21 46 4.30042e-14
22 46 1.10089e-14
23 46 7.2007e-13
24 46 2.01471e-06
25 46 5.91059e-06
26 46 5.99872e-07
27 46 9.45842e-07
28 46 2.11795e-06
29 46 2.38803e-07
30 46 2.72115e-12
31 46 2.92942e-12
0 47 1.88044e-07
1 47 1.47836e-06
2 47 3.08529e-08
3 47 3.06723e-09
4 47 0.000420431
5 47 2.86261e-05
6 47 9.43695e-07
7 47 2.75576e-07
8 47 4.32349e-08
9 47 1.39367e-08
10 47 4.96132e-10
11 47 7.61336e-09
12 47 1.44216e-12
13 47 1.31211e-12
14 47 5.60995e-13
15 47 7.99312e-14
16 47 6.58652e-13
17 47 1.16387e-13
18 47 2.54431e-12
19 47 2.56122e-12
20 47 2.25275e-13
21 47 2.3369e-14
22 47 2.5032e-13
23 47 3.22678e-13
24 47 1.00958e-05
25 47 1.5807e-05
26 47 2.30002e-07
27 47 4.00579e-07
28 47 3.33114e-07
29 47 2.46721e-06
30 47 2.23197e-12
31 47 9.7612e-12
0 48 1.12436e-05
1 48 1.06789e-05
2 48 3.77276e-06
3 48 6.92948e-06
4 48 1.39882e-06
5 48 9.29064e-06
6 48 8.43648e-06
7 48 1.1075e-05
8 48 1.14468e-06
9 48 6.19937e-07
10 48 1.29608e-07
11 48 8.48312e-08
12 48 3.10376e-12
13 48 3.08451e-12
14 48 1.19619e-13
15 48 1.31274e-14
16 48 1.52565e-13
17 48 2.19997e-12
18 48 2.81891e-12
19 48 1.39347e-12
20 48 2.03562e-14
21 48 1.69225e-14
22 48 3.11427e-13
23 48 1.33249e-12
24 48 2.2678e-05
25 48 7.07736e-06
26 48 7.24487e-06
27 48 0.000101854
28 48 0.000290926
29 48 0.000338204
30 48 1.84593e-12
31 48 1.03494e-12
0 49 0.000231247
1 49 0.000193679
2 49 7.8211e-08
3 49 6.37739e-07
4 49 6.28086e-06
5 49 7.42754e-07
6 49 9.91131e-06
7 49 8.29058e-06
8 49 1.67313e-06
9 49 3.03433e-06
10 49 3.63587e-09
11 49 2.38166e-08
12 49 3.62443e-12
13 49 3.97475e-12
14 49 2.87284e-13
15 49 1.42314e-13
16 49 2.30323e-12
17 49 2.69015e-13
18 49 2.38989e-12
19 49 3.67348e-12
20 49 2.00496e-13
21 49 4.59101e-14
22 49 2.40718e-12
23 49 7.43568e-13
24 49 8.02583e-06
25 49 1.26281e-05
26 49 0.000335727
27 49 0.000366269
28 49 0.000776089
29 49 0.00119988
30 49 1.07079e-12
31 49 1.28139e-11
0 50 0.000375258
1 50 4.13704e-05
2 50 7.88625e-06
3 50 8.87725e-06
4 50 4.56706e-07
5 50 3.1655e-06
6 50 3.15682e-06
7 50 3.73593e-08
8 50 2.28807e-07
9 50 4.05086e-06
10 50 2.3257e-07
11 50 1.3635e-07
12 50 3.33611e-12
13 50 6.18185e-12
14 50 1.83086e-13
15 50 1.54489e-13
16 50 2.92737e-13
17 50 3.72696e-12
18 50 7.57656e-12
19 50 2.01787e-12
20 50 5.92511e-14
21 50 1.59943e-14
22 50 1.5416e-12
23 50 2.36803e-12
24 50 6.62961e-06
25 50 4.39427e-06
26 50 0.000559444
27 50 0.000872181
28 50 0.000359563
29 50 0.000133216
30 50 1.58598e-12
31 50 2.91895e-12
0 51 8.78195e-06
1 51 0.000325084
2 51 1.61164e-05
3 51 4.11725e-06
4 51 4.93403e-07
5 51 2.42234e-06
6 51 3.70358e-06
7 51 3.06354e-06
8 51 5.49115e-07
9 51 4.79995e-07
10 51 3.31682e-08
11 51 4.3174e-07
12 51 6.37574e-12
13 51 3.64549e-12
14 51 2.64242e-13
15 51 6.22254e-14
16 51 1.0922e-12
17 51 5.41246e-13
18 51 4.84855e-12
19 51 1.92284e-12
20 51 1.20303e-13
21 51 1.16655e-14
22 51 9.17871e-13
23 51 2.12214e-12
24 51 4.45237e-06
25 51 4.144e-06
26 51 0.00129194
27 51 5.22304e-05
28 51 0.000280307
29 51 3.32224e-05
30 51 2.44402e-12
31 51 7.06663e-13
0 52 5.25021e-14
1 52 1.61758e-13
2 52 3.46089e-13
3 52 1.43855e-13
4 52 8.80473e-14
5 52 1.25434e-13
6 52 2.48481e-12
7 52 1.04994e-13
8 52 1.1108e-14
9 52 4.03321e-14
10 52 1.07224e-14
11 52 3.11152e-14
12 52 1.22397e-07
13 52 1.23282e-07
14 52 3.27714e-07
15 52 3.85011e-07
16 52 2.63249e-09
17 52 5.28258e-09
18 52 9.34347e-06
19 52 1.07601e-05
20 52 3.21035e-06
21 52 6.24132e-06
22 52 0.00033902
23 52 8.7333e-05
24 52 2.40002e-13
25 52 3.17281e-13
26 52 2.65023e-13
27 52 4.18046e-13
28 52 3.04686e-14
29 52 7.13225e-14
30 52 1.73065e-09
31 52 3.72715e-10
0 53 3.63677e-13
1 53 2.34255e-13
2 53 1.12301e-12
3 53 4.74144e-13
4 53 8.96336e-13
5 53 4.48113e-15
6 53 9.73241e-13
7 53 1.07562e-12
8 53 1.60175e-13
9 53 6.36523e-14
10 53 1.95174e-13
11 53 4.62535e-14
12 53 3.98016e-08
13 53 1.19766e-07
14 53 5.01291e-07
15 53 2.54841e-07
16 53 5.12495e-09
17 53 2.51827e-09
18 53 5.62087e-06
19 53 1.8855e-05
20 53 2.42033e-06
21 53 2.38621e-06
22 53 0.000376943
23 53 7.82097e-05
24 53 1.59533e-14
25 53 7.86445e-13
26 53 4.11858e-13
27 53 1.49888e-12
28 53 8.58391e-15
29 53 9.02861e-15
30 53 3.24928e-10
31 53 8.98611e-10
0 54 7.38526e-13
1 54 6.35621e-13
2 54 2.34856e-12
3 54 6.87914e-14
4 54 1.38216e-12
5 54 6.87429e-14
6 54 1.10568e-12
7 54 7.15751e-13
8 54 3.59733e-13
9 54 1.25129e-13
10 54 1.42049e-14
11 54 1.26e-13
12 54 8.7953e-06
13 54 6.19553e-06
14 54 1.70839e-05
15 54 5.08286e-05
16 54 9.17906e-05
17 54 3.31735e-05
18 54 8.55321e-06
19 54 9.29473e-06
20 54 3.56383e-07
21 54 4.6782e-06
22 54 1.62925e-05
23 54 2.65819e-05
24 54 3.74817e-13
25 54 6.46476e-13
26 54 2.37138e-13
27 54 1.77068e-12
28 54 2.91132e-14
29 54 6.65136e-14
30 54 4.74104e-05
31 54 0.000140985
0 55 1.99503e-12
1 55 4.67993e-15
2 55 2.29269e-12
3 55 2.82102e-13
4 55 3.42015e-13
5 55 1.0696e-13
6 55 8.58352e-13
7 55 9.03305e-14
8 55 6.97773e-13
9 55 4.85858e-13
10 55 5.06404e-13
11 55 1.18086e-13
12 55 6.43753e-05
13 55 1.59189e-05
14 55 2.1233e-05
15 55 1.65785e-05
16 55 4.75705e-05
17 55 5.68077e-05
18 55 1.19326e-05
19 55 5.36207e-06
20 55 8.66753e-06
21 55 5.09744e-06
22 55 8.88113e-06
23 55 2.16599e-05
24 55 1.06766e-13
25 55 8.24586e-13
26 55 5.51706e-14
27 55 1.54817e-12
28 55 5.45374e-15
29 55 1.62427e-14
30 55 0.000150868
31 55 9.36523e-06
0 56 2.50376e-14
1 56 1.18195e-13
2 56 3.5664e-12
3 56 7.36666e-13
4 56 9.55094e-14
5 56 1.66853e-13
6 56 2.11321e-12
7 56 1.11731e-13
8 56 3.09845e-13
9 56 2.06853e-13
10 56 8.09514e-14
11 56 2.29752e-13
12 56 3.70095e-05
13 56 1.74504e-05
14 56 1.57414e-05
15 56 5.94545e-05
16 56 8.26497e-05
17 56 3.80855e-05
18 56 2.87309e-05
19 56 5.762e-06
20 56 1.23278e-05
21 56 8.88139e-07
22 56 4.26742e-05
23 56 2.03914e-05
24 56 8.57974e-14
25 56 2.13029e-13
26 56 4.49816e-13
27 56 1.3339e-12
28 56 4.81325e-15
29 56 1.34978e-16
30 56 5.98659e-05
31 56 0.000119685
0 57 2.6846e-12
1 57 1.48605e-13
2 57 3.54164e-12
3 57 1.61907e-13
4 57 5.47207e-13
5 57 2.90153e-14
6 57 5.67983e-13
7 57 8.34823e-13
8 57 2.12398e-12
9 57 5.61821e-13
10 57 1.64853e-13
11 57 3.75504e-13
12 57 3.9057e-06
13 57 1.20606e-05
14 57 2.84869e-05
15 57 5.12619e-05
16 57 5.44029e-05
17 57 1.16181e-05
18 57 9.04215e-06
19 57 1.78119e-05
20 57 4.12569e-07
21 57 6.31687e-06
22 57 1.68246e-05
23 57 9.09465e-05
24 57 1.40099e-13
25 57 1.22163e-13
26 57 1.43704e-12
27 57 3.46634e-13
28 57 1.66022e-14
29 57 5.20422e-14
30 57 6.98234e-05
31 57 2.8947e-05
0 58 1.43682e-12
1 58 8.3258e-14
2 58 3.76286e-12
3 58 3.32066e-13
4 58 4.62037e-13
5 58 1.1287e-13
6 58 3.05913e-13
7 58 2.34361e-13
8 58 6.89168e-13
9 58 3.89965e-13
10 58 3.40845e-13
11 58 7.25793e-14
12 58 1.12231e-05
13 58 2.62126e-05
14 58 0.000106156
15 58 1.89649e-05
16 58 1.9459e-08
17 58 1.35342e-07
18 58 3.51217e-05
19 58 0.000123173
20 58 2.6281e-05
21 58 3.07107e-05
22 58 1.5225e-05
23 58 1.7049e-05
24 58 4.98442e-13
25 58 2.62144e-12
26 58 5.01402e-13
27 58 4.93714e-12
28 58 1.36462e-14
29 58 2.37006e-14
30 58 6.16968e-09
31 58 1.24791e-08
0 59 5.0692e-13
1 59 6.58964e-14
2 59 1.01054e-12
3 59 3.37877e-13
4 59 9.76611e-13
5 59 5.62157e-14
6 59 3.79566e-15
7 59 3.49437e-14
8 59 5.20165e-13
9 59 3.60321e-13
10 59 1.36158e-13
11 59 4.47961e-14
12 59 7.88668e-06
13 59 8.26711e-06
14 59 2.58613e-05
15 59 6.85507e-05
16 59 6.65552e-08
17 59 2.49915e-08
18 59 5.43242e-05
19 59 4.97226e-05
20 59 1.30357e-05
21 59 2.85932e-05
22 59 6.85162e-05
23 59 2.22207e-06
24 59 1.14276e-12
25 59 6.6145e-14
26 59 2.08087e-12
27 59 2.38403e-13
28 59 5.70052e-14
29 59 2.79225e-14
30 59 4.22175e-10
31 59 9.6884e-09
0 60 3.54211e-12
1 60 1.29654e-12
2 60 4.97442e-12
3 60 2.64048e-13
4 60 1.23009e-12
5 60 2.2524e-14
6 60 6.4472e-12
7 60 1.14708e-12
8 60 3.75058e-12
9 60 2.63154e-15
10 60 1.29477e-13
11 60 2.8369e-14
12 60 9.52932e-06
13 60 0.000106434
14 60 2.152e-05
15 60 1.10735e-05
16 60 3.04734e-05
17 60 3.96714e-05
18 60 7.14136e-06
19 60 3.59572e-06
20 60 6.42445e-05
21 60 1.81275e-05
22 60 4.57028e-09
23 60 8.4769e-11
24 60 3.32532e-14
25 60 1.51738e-13
26 60 4.89704e-14
27 60 2.80167e-13
28 60 5.22731e-14
29 60 2.8846e-13
30 60 4.90272e-05
31 60 6.38089e-05
0 61 3.03717e-12
1 61 2.17805e-13
2 61 8.75688e-12
3 61 2.03183e-12
4 61 9.48179e-13
5 61 5.75798e-13
6 61 1.23083e-12
7 61 1.67175e-12
8 61 2.26831e-12
9 61 9.97164e-14
10 61 2.48058e-13
11 61 7.36965e-14
12 61 7.89854e-05
13 61 5.1911e-06
14 61 3.86461e-06
15 61 3.5438e-06
16 61 1.6247e-05
17 61 0.000173501
18 61 1.38534e-05
19 61 5.439e-07
20 61 6.6312e-07
21 61 4.27667e-05
22 61 1.85376e-10
23 61 6.5031e-10
24 61 4.08313e-14
25 61 4.39761e-13
26 61 1.96878e-14
27 61 8.55082e-13
28 61 4.48387e-14
29 61 1.68692e-14
30 61 0.000142064
31 61 0.000184888
0 62 1.51991e-12
1 62 6.04774e-14
2 62 3.51081e-12
3 62 8.67196e-13
4 62 2.16616e-12
5 62 1.62549e-13
6 62 4.93954e-13
7 62 1.55609e-14
8 62 1.04855e-12
9 62 2.42524e-13
10 62 4.43465e-13
11 62 4.38573e-13
12 62 1.76238e-05
13 62 0.00010503
14 62 4.23546e-06
15 62 3.3808e-05
16 62 2.29348e-05
17 62 6.83425e-05
18 62 1.02504e-05
19 62 1.90067e-05
20 62 7.13059e-05
21 62 3.21286e-06
22 62 2.70215e-06
23 62 2.62317e-05
24 62 1.21515e-14
25 62 2.53438e-12
26 62 2.1541e-13
27 62 6.20952e-12
28 62 5.08402e-15
29 62 6.5779e-15
30 62 9.92256e-05
31 62 7.72863e-05
0 63 1.01145e-14
1 63 2.30185e-14
2 63 3.29583e-12
3 63 1.61726e-13
4 63 6.01542e-14
5 63 2.71958e-14
6 63 2.90036e-12
7 63 3.04059e-12
8 63 3.45423e-14
9 63 2.43436e-13
10 63 1.09471e-13
11 63 6.04309e-13
12 63 0.000108829
13 63 6.82235e-05
14 63 4.56735e-07
15 63 1.00715e-05
16 63 0.000102449
17 63 4.54195e-06
18 63 7.00319e-06
19 63 6.97672e-06
20 63 1.17738e-05
21 63 9.35052e-05
22 63 1.71673e-05
23 63 2.14301e-05
24 63 2.45303e-12
25 63 1.3811e-12
26 63 6.52425e-12
27 63 4.04832e-12
28 63 3.17744e-14
29 63 7.25989e-14
30 63 0.000128453
31 63 7.94656e-05
