0 24 0.00013732 0.082753886285 0.00000000 0.00002201 -0.00000529 -0.00004149 0.00009273 0.00001948 -0.00008744
0 25 0.00012088 0.082753886285 0.00000000 -0.00003462 0.00002937 0.00009076 -0.00003379 -0.00005615 0.00000442
0 26 0.09377411 0.085463736992 0.00050102 0.03731697 -0.01053283 0.05530126 0.05628170 0.02875695 -0.01540343
0 27 0.10493636 0.085463736992 0.00062740 0.00070499 -0.00431521 0.06079538 -0.04165566 0.00898481 0.07403055
0 28 0.07145899 0.085559389515 0.00029127 -0.00090566 0.05370369 -0.00001406 -0.00149375 0.04690928 0.00433232
0 29 0.04838095 0.085559389515 0.00013351 0.03946256 0.01128647 0.02451760 0.00130930 -0.00148035 0.00714284
0 30 0.07890356 0.085559389515 0.00035512 0.05678708 0.04371871 0.00022838 -0.03166905 -0.00927281 0.00084127
0 31 0.05950350 0.085559389515 0.00020196 0.00021647 0.00466458 0.00760096 0.01005172 0.05745701 0.00766429
0 32 0.00257066 0.088313551282 0.00000039 -0.00127187 -0.00156705 -0.00005802 0.00031904 0.00118372 0.00101422
0 33 0.00342654 0.088313551282 0.00000069 -0.00219573 0.00099113 0.00033370 0.00070229 0.00166658 -0.00159860
0 34 0.00471183 0.088313551282 0.00000131 -0.00103268 -0.00068498 0.00349747 0.00004311 -0.00284209 0.00059507
0 35 0.00317740 0.088313551282 0.00000059 -0.00048323 0.00252124 0.00049577 -0.00160541 -0.00009272 -0.00082095
0 36 0.00448257 0.088417582708 0.00000118 -0.00177864 -0.00317040 0.00123687 0.00170626 0.00054177 0.00146414
0 37 0.00637300 0.088417582708 0.00000239 0.00403875 -0.00250572 -0.00049424 0.00023357 -0.00354450 0.00227216
0 38 0.00003303 0.089526056073 0.00000000 -0.00000816 -0.00000618 -0.00000294 0.00002353 0.00001109 -0.00001735
0 39 0.00005272 0.089526056073 0.00000000 -0.00000672 0.00001215 0.00000248 -0.00004135 0.00000424 0.00002920
0 40 0.00047514 0.089566504998 0.00000001 -0.00016365 -0.00015172 -0.00007326 0.00029914 0.00028470 -0.00000753
0 41 0.00039791 0.089566504998 0.00000001 -0.00009380 0.00008970 -0.00016105 0.00016510 0.00016845 -0.00024478
0 42 0.00058516 0.089566504998 0.00000002 -0.00013606 0.00027560 -0.00006125 -0.00043690 0.00022526 0.00005072
0 43 0.00040937 0.089566504998 0.00000001 -0.00025816 -0.00009639 0.00005670 0.00011325 0.00027491 0.00000481
0 44 0.04617222 0.091240948074 0.00012968 0.01178463 -0.02263575 -0.00715703 0.00380267 0.03730506 -0.00482379
0 45 0.04820335 0.091240948074 0.00014134 -0.02469184 0.03697050 -0.01631006 0.00402116 0.00628739 -0.00503373
0 46 1.07471016 0.092362411738 0.07111918 -0.19634597 -0.71727892 0.13147162 0.59457339 0.45184454 0.16430262
0 47 1.01553197 0.092362411738 0.06350256 -0.47590869 -0.10732150 -0.26126836 0.10737600 -0.72366431 -0.43568039
1 24 0.00006989 0.082753886285 0.00000000 -0.00000199 0.00002242 -0.00003983 -0.00003110 0.00004182 0.00000869
1 25 0.00016907 0.082753886285 0.00000000 0.00008332 0.00010988 -0.00003626 -0.00005579 -0.00004706 -0.00005409
1 26 0.10613799 0.085463736992 0.00064185 -0.02369120 -0.09083317 -0.04361133 0.00325873 -0.01501896 0.01775383
1 27 0.09241185 0.085463736992 0.00048657 0.05234482 0.00068594 -0.01865428 -0.04324888 -0.04849689 0.03505855
1 28 0.06316725 0.085559389515 0.00022759 -0.00275918 -0.01745581 -0.00027778 -0.03176919 -0.05153089 0.00360433
1 29 0.05736625 0.085559389515 0.00018771 -0.00037931 0.00810090 0.04794190 0.01724494 -0.00338089 0.02485708
1 30 0.04334930 0.085559389515 0.00010719 -0.00872685 0.03084394 0.01571618 0.02221992 0.00912585 0.00525842
1 31 0.08974069 0.085559389515 0.00045936 -0.01355188 -0.01612076 0.04882859 0.03079724 0.02801872 -0.05909408
1 32 0.00289593 0.088313551282 0.00000049 0.00143798 0.00043282 0.00072522 0.00014848 -0.00219673 -0.00087045
1 33 0.00402807 0.088313551282 0.00000096 0.00052539 -0.00110682 -0.00286247 0.00097776 0.00235983 0.00007552
1 34 0.00373148 0.088313551282 0.00000082 -0.00105465 -0.00261668 0.00035926 0.00071756 0.00087691 0.00213346
1 35 0.00348008 0.088313551282 0.00000071 0.00171557 0.00106368 -0.00263319 -0.00038968 0.00060338 -0.00076599
1 36 0.00443356 0.088417582708 0.00000116 0.00196179 -0.00001748 0.00120067 0.00148599 -0.00316247 -0.00146851
1 37 0.00640719 0.088417582708 0.00000242 0.00102253 0.00040810 -0.00327704 -0.00366346 0.00225450 0.00325536
1 38 0.00005506 0.089526056073 0.00000000 -0.00003352 0.00002919 0.00001851 -0.00002015 0.00001502 -0.00000904
1 39 0.00002896 0.089526056073 0.00000000 0.00001648 0.00000317 0.00000576 -0.00000506 -0.00002224 0.00000189
1 40 0.00066827 0.089566504998 0.00000003 0.00043876 0.00008031 -0.00006351 -0.00031579 -0.00026249 0.00027380
1 41 0.00043142 0.089566504998 0.00000001 0.00004721 0.00026107 -0.00023834 -0.00008905 0.00019777 -0.00010901
1 42 0.00047890 0.089566504998 0.00000001 0.00010833 0.00027570 -0.00026568 -0.00002714 0.00022391 -0.00014190
1 43 0.00017901 0.089566504998 0.00000000 -0.00001497 -0.00001216 0.00000227 0.00016896 -0.00003188 -0.00004589
1 44 0.05738964 0.091240948074 0.00020034 0.00916388 0.01381970 -0.03961726 0.01944625 -0.01695012 -0.02799319
1 45 0.03408616 0.091240948074 0.00007067 -0.00969375 -0.00158258 -0.00194330 -0.00946077 0.03082228 0.00470077
1 46 1.18724758 0.092362411738 0.08679338 -0.24220779 0.45922352 0.61024612 -0.48071679 0.29937741 0.66849845
1 47 0.64200506 0.092362411738 0.02537937 0.02480745 -0.42859649 -0.42641848 0.14700274 -0.07788892 0.13546558
2 24 0.00000000 0.081123644436 0.00000000 0.00000000 -0.00000000 0.00000000 0.00000000 -0.00000000 -0.00000000
2 25 0.00000000 0.081123644436 0.00000000 0.00000000 0.00000000 0.00000000 0.00000000 -0.00000000 -0.00000000
2 26 0.00000000 0.083833495142 0.00000000 0.00000000 -0.00000000 -0.00000000 -0.00000000 -0.00000000 0.00000000
2 27 0.00000000 0.083833495142 0.00000000 0.00000000 -0.00000000 -0.00000000 0.00000000 -0.00000000 0.00000000
2 28 0.05597170 0.083929147665 0.00017529 0.00604104 -0.02508800 0.00057300 0.00743324 0.03909924 -0.02970853
2 29 0.07844938 0.083929147665 0.00034435 -0.02647917 0.04421485 0.03279334 0.01702942 0.03047570 -0.03469920
2 30 0.07653569 0.083929147665 0.00032776 -0.02135033 0.03213493 -0.05218852 -0.03861210 0.00224898 0.01223228
2 31 0.04839277 0.083929147665 0.00013103 -0.01132981 -0.02983366 -0.00098234 -0.01387144 -0.02149706 -0.02584458
2 32 0.00081486 0.086683309432 0.00000004 0.00043125 -0.00034587 -0.00043954 -0.00005655 0.00000829 0.00040242
2 33 0.00072845 0.086683309432 0.00000003 0.00037528 -0.00025497 0.00003331 0.00037672 -0.00040859 -0.00012175
2 34 0.00044503 0.086683309432 0.00000001 0.00011485 -0.00014411 -0.00006904 -0.00019891 -0.00004581 0.00034302
2 35 0.00058935 0.086683309432 0.00000002 -0.00015069 0.00010909 0.00006202 -0.00043864 0.00008867 0.00032956
2 36 0.00160796 0.086787340858 0.00000015 0.00084156 0.00039196 0.00084156 0.00039195 0.00084156 0.00039195
2 37 0.00078382 0.086787340858 0.00000004 0.00041439 0.00018185 0.00041439 0.00018185 0.00041439 0.00018185
2 38 0.00000000 0.087895814223 0.00000000 0.00000000 0.00000000 -0.00000000 0.00000000 0.00000000 -0.00000000
2 39 0.00000000 0.087895814223 0.00000000 0.00000000 0.00000000 0.00000000 0.00000000 0.00000000 -0.00000000
2 40 0.00003042 0.087936263149 0.00000000 0.00001568 0.00000525 -0.00002161 0.00000564 0.00000593 -0.00001088
2 41 0.00007726 0.087936263149 0.00000000 0.00000153 0.00001764 0.00004754 0.00001157 -0.00004908 -0.00002921
2 42 0.00003497 0.087936263149 0.00000000 -0.00000552 -0.00000239 -0.00001588 -0.00001419 0.00002140 0.00001658
2 43 0.00008191 0.087936263149 0.00000000 0.00004145 -0.00005100 -0.00001774 0.00003579 -0.00002371 0.00001521
2 44 1.96862403 0.089610706224 0.23152303 0.27750317 1.75832336 -0.27464663 -0.26051451 -0.01821609 -0.75042730
2 45 2.74989875 0.089610706224 0.45175404 -0.77758950 -0.19778805 -1.08809247 1.57646147 -1.42149230 -1.10831460
2 46 0.09444493 0.090732169888 0.00053954 -0.02782818 -0.05717378 -0.03052678 -0.04996570 -0.03592610 -0.01254807
2 47 0.05448254 0.090732169888 0.00017955 0.01154450 0.02530645 -0.03152784 0.00804518 0.01352421 -0.03087105
3 24 0.00000000 0.081123644436 0.00000000 -0.00000000 0.00000000 -0.00000000 -0.00000000 0.00000000 0.00000000
3 25 0.00000000 0.081123644436 0.00000000 -0.00000000 -0.00000000 0.00000000 0.00000000 -0.00000000 0.00000000
3 26 0.00000000 0.083833495142 0.00000000 0.00000000 0.00000000 -0.00000000 0.00000000 -0.00000000 -0.00000000
3 27 0.00000000 0.083833495142 0.00000000 -0.00000000 -0.00000000 0.00000000 -0.00000000 -0.00000000 0.00000000
3 28 0.07490343 0.083929147665 0.00031392 0.04762446 -0.02496766 0.00469890 -0.03064018 0.02423776 0.03421522
3 29 0.05088269 0.083929147665 0.00014486 0.00454946 0.00798421 0.03352092 0.03385578 0.00837289 -0.01283091
3 30 0.05371818 0.083929147665 0.00016146 0.03744033 -0.03163505 0.00355834 0.01668366 -0.00399427 -0.01327129
3 31 0.08000934 0.083929147665 0.00035818 -0.01048326 -0.01845350 0.02082708 0.04328236 -0.03644402 0.04812242
3 32 0.00045388 0.086683309432 0.00000001 -0.00020478 -0.00009458 0.00012183 -0.00020660 0.00008296 0.00030119
3 33 0.00058256 0.086683309432 0.00000002 0.00044849 0.00011206 -0.00032091 -0.00004762 -0.00012757 -0.00006445
3 34 0.00081973 0.086683309432 0.00000004 -0.00006105 0.00035094 0.00006015 0.00031436 0.00000090 -0.00066531
3 35 0.00072296 0.086683309432 0.00000003 0.00035606 0.00024851 -0.00041991 -0.00037210 0.00006385 0.00012359
3 36 0.00078381 0.086787340858 0.00000004 0.00011394 0.00043796 0.00011394 0.00043796 0.00011394 0.00043796
3 37 0.00160796 0.086787340858 0.00000015 -0.00025376 -0.00089300 -0.00025376 -0.00089300 -0.00025376 -0.00089300
3 38 0.00000000 0.087895814223 0.00000000 0.00000000 -0.00000000 0.00000000 -0.00000000 0.00000000 0.00000000
3 39 0.00000000 0.087895814223 0.00000000 0.00000000 -0.00000000 0.00000000 -0.00000000 0.00000000 0.00000000
3 40 0.00008055 0.087936263149 0.00000000 -0.00003305 0.00002901 -0.00001405 -0.00004381 0.00004710 0.00001480
3 41 0.00003799 0.087936263149 0.00000000 0.00001257 -0.00000088 -0.00000698 -0.00002410 -0.00000559 0.00002498
3 42 0.00007868 0.087936263149 0.00000000 0.00004960 0.00001548 -0.00002106 -0.00004024 -0.00002855 0.00002476
3 43 0.00002655 0.087936263149 0.00000000 0.00000128 -0.00001215 0.00001066 -0.00000454 -0.00001194 0.00001670
3 44 2.74989875 0.089610706224 0.45175404 -0.28545757 0.74985300 -1.91543689 -0.01665914 0.08901820 1.80029925
3 45 1.96862403 0.089610706224 0.23152303 1.27874218 1.23835676 -0.05513683 -0.37451102 -0.60339242 -0.44653169
3 46 0.07202278 0.090732169888 0.00031377 0.02160548 -0.05060299 -0.03206526 -0.00101429 0.00814349 0.03262354
3 47 0.10554041 0.090732169888 0.00067376 0.01346921 -0.03659506 0.07335871 0.02284596 -0.02797270 0.05415025
4 24 0.07503377 0.080941942301 0.00030381 -0.02452123 0.03737064 0.04853324 0.03323894 0.01247370 -0.00403929
4 25 0.19859479 0.080941942301 0.00212823 0.08733287 0.02020175 -0.13271208 -0.00439235 -0.00426114 0.11728087
4 26 0.00298987 0.083651793007 0.00000050 0.00192657 0.00095362 -0.00059156 0.00045361 -0.00133501 -0.00140723
4 27 0.00445984 0.083651793007 0.00000111 -0.00133025 -0.00016460 0.00359662 0.00001967 -0.00226637 0.00014493
4 28 0.00492481 0.083747445531 0.00000135 0.00016539 -0.00202929 0.00034580 -0.00422850 0.00145183 0.00002816
4 29 0.00457431 0.083747445531 0.00000117 -0.00098084 -0.00227692 -0.00237635 0.00033039 -0.00278630 0.00112169
4 30 0.00384162 0.083747445531 0.00000082 0.00089869 0.00201982 -0.00153374 0.00027106 -0.00201360 0.00184127
4 31 0.00312096 0.083747445531 0.00000054 -0.00036527 0.00046706 0.00136037 -0.00213325 -0.00146864 -0.00091133
4 32 0.32227047 0.086501607297 0.00598927 0.24322936 -0.00803172 0.13695841 0.08406171 0.13663492 -0.01183837
4 33 0.31093860 0.086501607297 0.00557548 0.22982263 -0.06341497 0.09960253 -0.08971583 -0.10408784 0.10506684
4 34 0.26995745 0.086501607297 0.00420265 0.04945595 -0.03622503 -0.12927597 -0.00763607 -0.03209862 0.22653470
4 35 0.09865676 0.086501607297 0.00056129 -0.03126004 -0.02172940 -0.02324099 0.02408112 0.05410718 -0.06508584
4 36 0.19242583 0.086605638723 0.00213787 -0.08427178 -0.10217558 0.04539778 0.06898585 -0.08008433 0.07907346
4 37 0.08963588 0.086605638723 0.00046389 -0.01378585 -0.04773473 -0.03774124 0.02661985 -0.00666802 -0.05821045
4 38 0.61967841 0.087714112088 0.02245489 0.11474423 -0.28434899 0.07140481 0.35711445 0.39338935 -0.05095277
4 39 0.56117907 0.087714112088 0.01841540 -0.14534737 0.20109812 0.42222563 -0.12720919 -0.07392341 -0.23115861
4 40 1.93966008 0.087754561014 0.22010489 0.27005477 -0.81919980 -0.73683039 -1.03313629 1.07878097 0.49417136
4 41 1.92827754 0.087754561014 0.21752918 0.71075413 -0.49578958 0.64716276 1.37886245 0.59629081 -0.54002917
4 42 2.40219406 0.087754561014 0.33759392 0.33927047 0.81115486 -0.94636778 0.37761429 -1.94101056 -0.43787342
4 43 2.10878999 0.087754561014 0.26016274 -1.80027660 1.06793758 0.05756608 -0.12303221 -0.21573980 0.02267703
4 44 0.00073515 0.089429004090 0.00000003 -0.00015979 0.00056009 0.00009127 -0.00015485 0.00006852 -0.00040524
4 45 0.00059659 0.089429004090 0.00000002 -0.00009295 -0.00022399 0.00037985 -0.00003873 -0.00028690 0.00026271
4 46 0.00120202 0.090550467753 0.00000009 0.00020922 0.00079935 0.00020814 0.00053715 0.00023122 0.00061384
4 47 0.00047882 0.090550467753 0.00000001 -0.00010261 -0.00026746 -0.00011413 -0.00029622 -0.00019545 -0.00009075
5 24 0.15312623 0.080941942301 0.00126527 -0.09783410 -0.08822035 0.02265406 0.07362818 0.00402522 -0.01194933
5 25 0.14704528 0.080941942301 0.00116677 0.08348444 -0.05916013 0.09487940 -0.01243649 0.03054330 0.03260492
5 26 0.00410293 0.083651793007 0.00000094 0.00321319 0.00031567 -0.00234436 -0.00039144 -0.00086883 0.00007577
5 27 0.00346345 0.083651793007 0.00000067 0.00250892 -0.00103874 -0.00193787 0.00049861 -0.00057105 0.00054013
5 28 0.00205968 0.083747445531 0.00000024 0.00177965 0.00028516 -0.00060026 0.00047512 0.00057922 -0.00026881
5 29 0.00383083 0.083747445531 0.00000082 -0.00270420 -0.00030396 0.00042219 -0.00239952 -0.00059279 0.00099138
5 30 0.00224074 0.083747445531 0.00000028 0.00008409 0.00076296 0.00014878 -0.00184732 0.00018325 0.00098155
5 31 0.00676299 0.083747445531 0.00000255 -0.00358887 0.00434058 -0.00142016 0.00336993 -0.00074231 0.00030516
5 32 0.27890424 0.086501607297 0.00448583 -0.08942297 0.00623868 0.14105347 0.06782796 0.18076733 0.11215457
5 33 0.25180052 0.086501607297 0.00365634 -0.02359702 0.01607792 0.05151643 -0.20323508 -0.08687449 0.10527378
5 34 0.31226579 0.086501607297 0.00562318 -0.03297361 -0.01506176 -0.03991073 0.06721547 0.04967304 -0.29600272
5 35 0.21083226 0.086501607297 0.00256334 0.03915264 -0.11710806 0.07703221 -0.11627007 0.09834118 0.00890706
5 36 0.10284077 0.086605638723 0.00061064 0.01998254 0.02921816 0.07963131 0.01684106 -0.04833148 0.01904001
5 37 0.18570425 0.086605638723 0.00199113 0.03106448 0.00208398 -0.07255229 0.05535712 0.04419647 0.15243080
5 38 0.55074280 0.087714112088 0.01773682 -0.34540371 -0.04725028 0.04028903 -0.39987523 0.07749471 -0.11938377
5 39 0.62897189 0.087714112088 0.02313346 -0.53830067 0.14204208 0.07877821 0.25747981 -0.09364447 -0.06626403
5 40 2.38893281 0.087754561014 0.33387685 -0.17964927 -0.28271965 -1.23850691 1.37245824 -1.43615851 -0.33867896
5 41 2.81449279 0.087754561014 0.46342421 1.63500431 0.58190007 -0.16363231 0.71562832 0.35765791 -2.05978257
5 42 1.45575102 0.087754561014 0.12398029 -0.18525051 -0.24771696 -1.22188558 -0.49237344 0.17721838 -0.50664314
5 43 1.39659815 0.087754561014 0.11410938 0.86902394 -0.00919815 -0.38310500 -0.22477292 0.16012116 -0.98603655
5 44 0.00075724 0.089429004090 0.00000003 0.00006057 -0.00016390 -0.00003605 -0.00043164 -0.00002452 0.00059554
5 45 0.00056830 0.089429004090 0.00000002 0.00011078 -0.00003747 0.00028643 -0.00016670 -0.00039720 0.00020417
5 46 0.00139748 0.090550467753 0.00000012 -0.00004846 -0.00078327 -0.00007029 -0.00072554 -0.00008989 -0.00089311
5 47 0.00226081 0.090550467753 0.00000031 0.00048440 -0.00107017 0.00045588 -0.00127304 0.00057872 -0.00125218
6 24 0.18110221 0.080941942301 0.00176982 0.05662986 0.02145862 0.12791697 -0.01050630 0.07276823 0.08580355
6 25 0.11077882 0.080941942301 0.00066221 0.04889424 -0.01010590 0.05119079 0.01243545 -0.07855324 -0.02886903
6 26 0.00451887 0.083651793007 0.00000114 0.00066672 0.00004587 -0.00183221 0.00273905 0.00116549 -0.00278492
6 27 0.00289989 0.083651793007 0.00000047 -0.00087866 0.00164978 -0.00081791 -0.00088544 0.00169657 -0.00076433
6 28 0.00518937 0.083747445531 0.00000150 -0.00171046 -0.00039339 -0.00394496 0.00065379 -0.00207912 0.00188048
6 29 0.00456047 0.083747445531 0.00000116 -0.00119715 -0.00123894 -0.00193831 -0.00039103 0.00056576 -0.00368777
6 30 0.00340331 0.083747445531 0.00000065 0.00129272 0.00011111 -0.00180405 -0.00018797 -0.00237350 0.00098772
6 31 0.00321972 0.083747445531 0.00000058 -0.00024349 -0.00132955 0.00054691 0.00250020 0.00137965 -0.00029336
6 32 0.23173245 0.086501607297 0.00309675 0.09249925 0.16775462 -0.09433848 0.03771188 0.00623675 -0.08149462
6 33 0.30529179 0.086501607297 0.00537481 -0.23093523 -0.01188927 0.12804367 -0.00418026 0.06887184 0.13628888
6 34 0.17997596 0.086501607297 0.00186794 0.04067936 -0.09402479 0.03667527 -0.08459383 0.11309882 -0.02456297
6 35 0.32226835 0.086501607297 0.00598919 -0.10124686 -0.17670085 -0.08152187 0.17244540 0.09997774 -0.12650689
6 36 0.14680336 0.086605638723 0.00124431 0.05745261 0.04729520 -0.02852568 0.07543522 0.03729875 0.09010109
6 37 0.15333318 0.086605638723 0.00135746 0.01620755 -0.13446957 0.04175844 -0.05048343 -0.00583982 0.02898049
6 38 0.50982083 0.087714112088 0.01519894 -0.04371705 -0.27659410 -0.05912097 -0.40447509 0.04754417 0.11020876
6 39 0.66257527 0.087714112088 0.02567135 0.13077710 -0.00333672 0.23180368 -0.27868373 0.53645097 0.05210565
6 40 1.31563329 0.087754561014 0.10126238 -0.74445088 0.12490017 0.70490563 -0.70985089 0.36238875 0.17022919
6 41 1.63027988 0.087754561014 0.15549011 0.35074416 0.30212139 0.96456822 -0.20166741 0.49847538 -1.10633376
6 42 2.69335674 0.087754561014 0.42439103 1.99919516 0.83733149 0.00180201 -1.34522829 0.53352030 0.67969028
6 43 2.46073018 0.087754561014 0.35424720 0.15183182 -1.31404016 -0.58062196 -1.07032940 -1.48247830 0.79055032
6 44 0.00060929 0.089429004090 0.00000002 -0.00005289 -0.00038508 0.00025138 0.00033987 -0.00019849 0.00004521
6 45 0.00072467 0.089429004090 0.00000003 -0.00022350 -0.00052348 0.00014272 0.00012526 0.00008078 0.00039822
6 46 0.00217259 0.090550467753 0.00000028 0.00001060 -0.00131480 -0.00000807 -0.00123677 -0.00002230 -0.00120880
6 47 0.00148086 0.090550467753 0.00000013 0.00086233 0.00003926 0.00081537 0.00023078 0.00084414 0.00013086
7 24 0.16811958 0.080941942301 0.00152517 0.06769935 0.04943508 -0.02051909 0.06130134 0.00424731 -0.13053826
7 25 0.12963705 0.080941942301 0.00090686 0.07185643 -0.06233620 -0.00857745 -0.02023292 -0.04812592 -0.07041000
7 26 0.00338607 0.083651793007 0.00000064 0.00157561 -0.00111589 -0.00091087 -0.00115137 -0.00066475 0.00226726
7 27 0.00416702 0.083651793007 0.00000097 -0.00129357 0.00220957 0.00039445 0.00081919 0.00089912 -0.00302876
7 28 0.00377504 0.083747445531 0.00000080 -0.00257494 -0.00100535 0.00136714 -0.00136608 0.00129553 0.00109372
7 29 0.00364405 0.083747445531 0.00000074 -0.00268429 -0.00093952 0.00013790 -0.00136932 -0.00122828 -0.00133724
7 30 0.00618992 0.083747445531 0.00000214 0.00287329 -0.00021773 0.00041532 -0.00112069 0.00454382 -0.00281730
7 31 0.00195741 0.083747445531 0.00000021 0.00028820 -0.00085646 -0.00035274 0.00025778 0.00133080 -0.00102614
7 32 0.21864465 0.086501607297 0.00275683 -0.06271517 0.07105806 0.11699837 -0.09990480 0.12232361 0.01379826
7 33 0.17280582 0.086501607297 0.00172207 0.05192838 0.12928774 -0.06355041 -0.01892778 0.05097629 0.05877478
7 34 0.28350124 0.086501607297 0.00463493 -0.08734698 0.18744275 0.14416157 -0.04731889 0.08051764 0.09002193
7 35 0.35371027 0.086501607297 0.00721487 0.12572743 0.04177066 0.15339832 0.27494357 0.09183001 -0.00101008
7 36 0.14480826 0.086605638723 0.00121071 0.06166547 -0.04366547 0.09893757 -0.01743346 -0.02908958 0.06573702
7 37 0.15521875 0.086605638723 0.00139105 0.03762335 0.08272402 0.08194437 -0.09259072 -0.02308860 0.00361595
7 38 0.67127513 0.087714112088 0.02634992 -0.18865901 -0.36930238 0.05290292 0.04361141 -0.45939944 0.25076941
7 39 0.49831012 0.087714112088 0.01452037 0.23150545 0.15404679 0.10866059 0.23618983 -0.12900032 -0.29454023
7 40 2.54909687 0.087754561014 0.38014661 1.42623914 -1.48264545 0.02640098 -0.03657151 1.03993372 1.08719943
7 41 1.84407988 0.087754561014 0.19894723 -0.28146805 -0.12707620 1.30742240 -0.93008194 0.38395183 -0.76382802
7 42 1.59817056 0.087754561014 0.14942549 -0.26541680 -0.71022808 -0.59623843 -1.00088282 0.36829876 0.69740123
7 43 2.29028216 0.087754561014 0.30687140 0.38381292 -0.83134040 1.19438597 1.44801654 0.65693069 -0.67237303
7 44 0.00055466 0.089429004090 0.00000002 -0.00026278 -0.00008766 0.00039402 0.00020905 -0.00013124 -0.00012139
7 45 0.00076728 0.089429004090 0.00000004 0.00034422 0.00028745 -0.00018152 -0.00052246 -0.00016270 0.00023501
7 46 0.00219065 0.090550467753 0.00000029 -0.00126789 -0.00019420 -0.00133811 -0.00029036 -0.00110073 -0.00025930
7 47 0.00232022 0.090550467753 0.00000032 0.00017844 0.00130134 0.00021775 0.00140039 0.00021520 0.00126621
8 24 0.41171312 0.080940521497 0.00914669 -0.17396570 0.22049278 -0.21434997 -0.14492588 -0.12653946 0.08754946
8 25 0.37980144 0.080940521497 0.00778373 0.11458039 -0.11214194 0.10990643 0.15986483 -0.26838720 0.09421666
8 26 0.00377192 0.083650372204 0.00000079 -0.00184533 0.00115638 -0.00184533 0.00115638 -0.00184533 0.00115638
8 27 0.00340465 0.083650372204 0.00000065 0.00148976 0.00128238 0.00148976 0.00128238 0.00148976 0.00128238
8 28 0.00290222 0.083746024727 0.00000047 -0.00004764 0.00216166 0.00015750 -0.00190985 -0.00010986 -0.00025180
8 29 0.00304530 0.083746024727 0.00000052 0.00105083 0.00024583 -0.00210938 -0.00124294 0.00105856 0.00099711
8 30 0.00440377 0.083746024727 0.00000108 -0.00126401 -0.00123132 -0.00160586 -0.00091833 0.00286987 0.00214965
8 31 0.00354186 0.083746024727 0.00000070 -0.00169092 -0.00217534 0.00159474 0.00095541 0.00009618 0.00121993
8 32 0.11522247 0.086500186494 0.00076560 0.01575055 -0.05500628 0.07794783 -0.05352404 0.01511575 0.02886650
8 33 0.16991422 0.086500186494 0.00166489 -0.05832637 0.07542505 0.02775546 -0.03113024 0.06335363 0.11843479
8 34 0.22248417 0.086500186494 0.00285446 0.14948415 -0.02713864 0.00569006 -0.16213225 -0.00967339 0.00209134
8 35 0.18326298 0.086500186494 0.00193676 0.06797567 0.04094483 -0.06107649 -0.03184556 -0.10165035 0.11050285
8 36 0.00000000 0.086604217919 0.00000000 0.00000000 0.00000000 -0.00000000 0.00000000 -0.00000000 -0.00000000
8 37 0.00000000 0.086604217919 0.00000000 -0.00000000 -0.00000000 -0.00000000 0.00000000 0.00000000 -0.00000000
8 38 2.42365513 0.087712691284 0.34348899 0.08800083 -0.27998084 0.66020520 0.02304805 1.19660709 1.97982326
8 39 3.27099148 0.087712691284 0.62564792 -0.14982512 2.32721196 -2.24948903 -0.16701339 0.35545492 0.21582316
8 40 0.53352586 0.087753140210 0.01665261 0.21652193 -0.08908502 -0.33226760 0.03134292 0.32616818 -0.10982776
8 41 0.68864268 0.087753140210 0.02774337 0.31895635 -0.49504601 -0.17078014 -0.28444785 0.13068899 0.01640101
8 42 0.63875838 0.087753140210 0.02386957 0.05707253 0.16212828 0.39960484 -0.00538699 0.19715046 -0.42413213
8 43 0.46561286 0.087753140210 0.01268298 0.17201721 0.02177997 -0.21784671 0.18054894 -0.31984486 -0.06614532
8 44 0.00000000 0.089427583286 0.00000000 -0.00000000 -0.00000000 0.00000000 -0.00000000 0.00000000 0.00000000
8 45 0.00000000 0.089427583286 0.00000000 0.00000000 -0.00000000 0.00000000 0.00000000 0.00000000 0.00000000
8 46 0.00149409 0.090549046950 0.00000013 -0.00039746 -0.00067648 0.00061090 -0.00035787 -0.00021343 0.00103436
8 47 0.00236745 0.090549046950 0.00000034 -0.00158326 -0.00012200 -0.00014817 0.00022834 0.00173143 -0.00010635
9 24 0.37980144 0.080940521497 0.00778373 -0.04730036 -0.15318993 -0.17280261 0.08817849 0.19106471 0.21071959
9 25 0.41171313 0.080940521497 0.00914669 -0.04788110 -0.27674633 -0.25750824 0.02527710 -0.06953280 -0.13726738
9 26 0.00340465 0.083650372204 0.00000065 -0.00071247 0.00183201 -0.00071247 0.00183201 -0.00071248 0.00183201
9 27 0.00377192 0.083650372204 0.00000079 -0.00217229 -0.00015367 -0.00217229 -0.00015367 -0.00217229 -0.00015367
9 28 0.00404901 0.083746024727 0.00000092 0.00018760 -0.00131808 -0.00204158 0.00241232 0.00185398 -0.00109424
9 29 0.00394252 0.083746024727 0.00000087 0.00181904 -0.00207184 -0.00037636 -0.00030066 -0.00144268 0.00237249
9 30 0.00232899 0.083746024727 0.00000030 -0.00036438 0.00150127 -0.00056040 -0.00014177 0.00092478 -0.00135950
9 31 0.00350322 0.083746024727 0.00000069 0.00088910 -0.00199847 0.00025399 0.00243451 -0.00114309 -0.00043604
9 32 0.22212514 0.086500186494 0.00284526 0.03558869 0.10745627 -0.12020916 -0.00882509 0.14518911 -0.03030131
9 33 0.18369799 0.086500186494 0.00194596 -0.00864077 -0.04882456 0.00373926 -0.14873255 -0.00918082 -0.09521980
9 34 0.11452767 0.086500186494 0.00075639 -0.02143872 -0.08140022 0.06755136 -0.01726165 0.03328805 0.00785671
9 35 0.17038331 0.086500186494 0.00167409 0.06639994 0.12238215 -0.01074854 -0.01018351 -0.09664123 0.00923947
9 36 0.00000000 0.086604217919 0.00000000 0.00000000 -0.00000000 0.00000000 -0.00000000 -0.00000000 0.00000000
9 37 0.00000000 0.086604217919 0.00000000 -0.00000000 -0.00000000 -0.00000000 0.00000000 0.00000000 -0.00000000
9 38 3.27099148 0.087712691284 0.62564792 -2.19081976 0.79916947 0.79377305 2.11140208 -0.30719357 -0.28028547
9 39 2.42365513 0.087712691284 0.34348899 -0.24386469 0.16328940 0.20804761 0.62699148 2.23668552 0.59059847
9 40 0.63811696 0.087753140210 0.02382166 -0.39867501 -0.20360803 -0.13963825 -0.29381177 -0.25068441 0.19526492
9 41 0.46649153 0.087753140210 0.01273090 0.25127054 -0.08494069 -0.06489241 0.25446366 0.26989345 0.07387347
9 42 0.53275776 0.087753140210 0.01660470 -0.09869782 -0.40816835 0.13016540 0.22305148 0.15710505 0.12692980
9 43 0.68923708 0.087753140210 0.02779129 0.10937110 -0.04662867 0.36566874 0.29331405 -0.35110679 0.34334931
9 44 0.00000000 0.089427583286 0.00000000 -0.00000000 -0.00000000 -0.00000000 0.00000000 -0.00000000 -0.00000000
9 45 0.00000000 0.089427583286 0.00000000 -0.00000000 -0.00000000 -0.00000000 0.00000000 -0.00000000 -0.00000000
9 46 0.00270284 0.090549046950 0.00000044 -0.00096563 0.00017310 0.00044990 0.00162511 0.00051573 -0.00179821
9 47 0.00198313 0.090549046950 0.00000024 0.00076583 -0.00130353 -0.00068710 0.00105128 -0.00007872 0.00025226
10 24 0.09063847 0.079153388767 0.00043351 -0.00074306 0.02090717 -0.03767059 0.01619491 0.00860985 -0.07760279
10 25 0.06555669 0.079153388767 0.00022678 0.04311203 -0.01852517 -0.03886764 -0.00533669 0.02066956 0.01137749
10 26 0.00093806 0.081863239474 0.00000005 -0.00042503 0.00006506 -0.00015367 0.00037639 0.00057870 -0.00044146
10 27 0.00051234 0.081863239474 0.00000001 0.00020666 -0.00011573 -0.00033351 -0.00013236 0.00012686 0.00024809
10 28 0.00081448 0.081958891997 0.00000004 0.00026882 0.00024755 -0.00046715 0.00033259 -0.00043250 -0.00011808
10 29 0.00069982 0.081958891997 0.00000003 0.00033507 0.00026919 -0.00019810 0.00000351 0.00040655 -0.00031696
10 30 0.00081652 0.081958891997 0.00000004 -0.00023566 -0.00017683 -0.00001529 0.00002996 -0.00076036 -0.00002510
10 31 0.00045579 0.081958891997 0.00000001 0.00000799 -0.00019013 0.00000627 0.00040127 0.00007423 0.00007045
10 32 2.03623255 0.084713053764 0.23416060 0.34727773 -0.28271518 1.33156992 0.14948177 1.28391809 0.70840977
10 33 1.01629911 0.084713053764 0.05833137 0.63908665 0.02526313 -0.32752788 0.39904557 0.59447317 -0.06231919
10 34 1.44769873 0.084713053764 0.11836286 -1.12420672 0.55466022 -0.14811244 0.25334850 0.10399121 0.65376293
10 35 1.07946563 0.084713053764 0.06580770 0.42574640 0.15528425 0.41846889 0.47461450 -0.70163710 0.25923560
10 36 2.18403875 0.084817085190 0.26971976 -0.26358295 -0.96707934 1.71840411 0.02529277 -0.81805293 0.37754975
10 37 1.67479907 0.084817085190 0.15860523 -0.48824293 1.48627791 0.38031925 -0.04678609 -0.26694272 -0.37344163
10 38 0.04832826 0.085925558555 0.00013379 -0.00736090 -0.02578155 0.00755644 0.03341367 -0.01903235 -0.00899700
10 39 0.05775692 0.085925558555 0.00019109 -0.00166261 0.02178773 -0.00000668 0.01691501 -0.03211008 -0.03925834
10 40 0.26641387 0.085966007480 0.00406770 -0.18670964 0.09334253 0.12161296 -0.02148999 -0.06925177 -0.08576533
10 41 0.16691035 0.085966007480 0.00159662 0.01892060 0.06099301 -0.14242969 0.00585916 -0.05446379 0.02222789
10 42 0.23179224 0.085966007480 0.00307917 0.10783597 0.13590170 0.10791248 -0.00159138 0.10785227 -0.01870897
10 43 0.25956723 0.085966007480 0.00386131 0.05750713 -0.11050197 -0.03741268 -0.19255468 -0.10388079 0.05088376
10 44 0.00236241 0.087640450556 0.00000033 -0.00079460 0.00164668 0.00078674 -0.00046053 0.00000786 -0.00118614
10 45 0.00404648 0.087640450556 0.00000096 0.00059523 0.00251163 0.00062154 -0.00278723 -0.00121677 0.00027561
10 46 0.00040746 0.088761914220 0.00000001 0.00016975 0.00000203 0.00013420 -0.00017136 0.00027983 -0.00010735
10 47 0.00037807 0.088761914220 0.00000001 0.00013045 -0.00014086 0.00017136 -0.00017220 0.00017612 -0.00012667
11 24 0.10255477 0.079153388767 0.00055500 0.00575720 -0.07239760 -0.06519318 -0.00556645 -0.02314423 -0.02064295
11 25 0.04467139 0.079153388767 0.00010530 -0.02453402 0.02191834 0.02267040 0.00671611 -0.00383953 0.01842298
11 26 0.00075436 0.081863239474 0.00000003 0.00030676 -0.00033025 -0.00032919 0.00048332 0.00002242 -0.00015306
11 27 0.00075722 0.081863239474 0.00000003 -0.00061191 -0.00005272 0.00031425 -0.00003455 0.00029765 0.00008727
11 28 0.00077676 0.081958891997 0.00000003 -0.00020109 -0.00054943 -0.00034597 -0.00028649 -0.00014959 0.00019209
11 29 0.00068157 0.081958891997 0.00000003 -0.00019482 -0.00010113 -0.00053494 0.00001062 0.00030318 -0.00019538
11 30 0.00075002 0.081958891997 0.00000003 0.00049761 0.00021537 -0.00047011 -0.00007108 -0.00000676 0.00020598
11 31 0.00063019 0.081958891997 0.00000002 0.00055791 0.00012199 0.00022965 0.00010725 0.00002981 0.00007657
11 32 1.45818651 0.084713053764 0.12008402 -0.51161400 -0.86443899 -0.28074531 0.91878877 0.02278945 0.44022058
11 33 1.58732544 0.084713053764 0.14229546 0.11621662 0.98172996 -0.09891906 0.57758430 -0.25151354 -1.06567085
11 34 1.36499628 0.084713053764 0.10522575 0.93749722 -0.40815892 0.13041332 0.70149511 0.34824293 -0.43283247
11 35 1.38962576 0.084713053764 0.10905731 0.58765652 0.21355469 1.01729279 -0.43540042 -0.49439668 0.26688525
11 36 1.83728714 0.084817085190 0.19087373 -0.01544371 -0.12326952 -0.22271470 -0.26194093 0.19581041 -1.78986970
11 37 2.04923233 0.084817085190 0.23745126 -0.16900091 1.07597993 -1.33862300 -0.45799891 -0.68512591 0.73619763
11 38 0.02435142 0.085925558555 0.00003397 -0.00798450 0.01742793 0.00630209 0.00650867 0.00680741 0.00985328
11 39 0.07126353 0.085925558555 0.00029091 -0.02066813 -0.04567913 -0.03970719 0.02313135 -0.02018717 -0.00674491
11 40 0.22885306 0.085966007480 0.00300157 -0.04829752 -0.01456913 0.10630895 0.02012317 0.10066329 0.16729968
11 41 0.26879453 0.085966007480 0.00414072 0.04490086 -0.08406112 0.21052715 0.06427712 -0.05829549 -0.10637925
11 42 0.24767793 0.085966007480 0.00351569 0.12491598 0.11937468 0.03964823 -0.00514192 -0.14083725 0.10028204
11 43 0.18430850 0.085966007480 0.00194682 -0.00935225 -0.05712648 -0.03673015 0.03855549 -0.16657985 0.00585225
11 44 0.00268189 0.087640450556 0.00000042 0.00003976 0.00032823 0.00080066 -0.00184964 -0.00084043 0.00152140
11 45 0.00384220 0.087640450556 0.00000086 0.00057928 0.00174303 -0.00061024 0.00130751 0.00003097 -0.00305054
11 46 0.00030318 0.088761914220 0.00000001 -0.00006017 -0.00017785 -0.00002744 -0.00011083 0.00001133 -0.00020857
11 47 0.00036591 0.088761914220 0.00000001 -0.00025900 0.00016276 -0.00009366 0.00003933 -0.00015324 0.00008070
12 24 0.06377234 0.079153388767 0.00021461 -0.02691725 0.03401436 -0.03478148 -0.03060104 0.00574168 0.00250076
12 25 0.09190268 0.079153388767 0.00044569 -0.03923083 0.00079750 0.01509239 0.01174074 0.06920245 -0.04185456
12 26 0.00066379 0.081863239474 0.00000002 0.00023191 0.00024548 -0.00038065 0.00013165 0.00014874 -0.00037712
12 27 0.00083775 0.081863239474 0.00000004 0.00019356 0.00040107 0.00024007 0.00009731 -0.00043362 -0.00049838
12 28 0.00062682 0.081958891997 0.00000002 -0.00014907 0.00018346 -0.00009063 -0.00044836 0.00023501 0.00026936
12 29 0.00071500 0.081958891997 0.00000003 -0.00020163 -0.00022891 -0.00021163 -0.00015787 -0.00053702 -0.00024509
12 30 0.00069758 0.081958891997 0.00000003 0.00019509 0.00003877 -0.00018895 -0.00014224 -0.00055291 -0.00029225
12 31 0.00079801 0.081958891997 0.00000003 -0.00058662 -0.00016851 0.00018841 0.00022662 0.00000008 -0.00042124
12 32 1.16733147 0.084713053764 0.07695688 -0.98804216 -0.12183463 -0.29947651 0.06875883 -0.35352495 -0.39012552
12 33 1.30951856 0.084713053764 0.09684616 -0.07390887 -0.53178625 -0.89783450 0.17451444 0.39485411 0.65886863
12 34 1.24301371 0.084713053764 0.08725914 -0.27058644 -0.00244055 0.18362258 1.11633556 -0.42205262 -0.11751327
12 35 1.95386791 0.084713053764 0.21560036 -0.77609657 0.80591486 -0.36856342 -0.06425324 -0.75518260 1.36216994
12 36 1.71653892 0.084817085190 0.16660936 -0.15588515 1.24868681 -0.23921288 -0.79794808 0.38502895 -0.72166178
12 37 2.15138822 0.084817085190 0.26171563 -0.69882061 0.95237870 1.03412351 1.32893416 0.35976020 -0.51787163
12 38 0.05928950 0.085925558555 0.00020137 0.01572126 0.02843185 -0.00044007 0.00350747 -0.02902689 -0.04005822
12 39 0.04643530 0.085925558555 0.00012352 0.01073211 0.01949219 -0.03347563 -0.00231336 -0.00903497 0.02129585
12 40 0.24974348 0.085966007480 0.00357457 -0.03324288 -0.13480989 -0.08396804 -0.16702444 0.08850564 -0.01766262
12 41 0.21151845 0.085966007480 0.00256408 0.07909621 0.06550383 -0.05542103 -0.03546821 0.11127972 -0.13221358
12 42 0.22857011 0.085966007480 0.00299416 0.02511719 0.07262239 -0.15946188 -0.14035940 0.00217014 -0.03472529
12 43 0.24613421 0.085966007480 0.00347200 -0.18915298 -0.10757532 0.06007096 -0.08316324 -0.03826821 -0.03523705
12 44 0.00379645 0.087640450556 0.00000084 0.00191897 -0.00080846 -0.00287754 0.00092916 0.00095857 -0.00012071
12 45 0.00274626 0.087640450556 0.00000044 -0.00064351 0.00197073 -0.00041760 -0.00095476 0.00106111 -0.00101597
12 46 0.00025376 0.088761914220 0.00000000 -0.00007896 0.00000497 -0.00008722 0.00006301 -0.00016769 0.00013578
12 47 0.00070619 0.088761914220 0.00000003 0.00042970 -0.00000217 0.00032422 -0.00001570 0.00045414 -0.00004945
13 24 0.04718370 0.079153388767 0.00011748 -0.00980282 0.02553779 -0.00648700 -0.01382996 -0.03527834 -0.00034226
13 25 0.10142342 0.079153388767 0.00054282 -0.05573929 0.02028018 -0.06232620 -0.04464977 -0.02016149 0.02199804
13 26 0.00062869 0.081863239474 0.00000002 0.00049532 0.00011911 -0.00028781 -0.00009654 -0.00020751 -0.00002257
13 27 0.00086440 0.081863239474 0.00000004 0.00017058 0.00031765 -0.00054986 -0.00040433 0.00037928 0.00008668
13 28 0.00060657 0.081958891997 0.00000002 -0.00005429 -0.00001595 -0.00054678 0.00023029 -0.00006430 0.00009262
13 29 0.00074971 0.081958891997 0.00000003 -0.00056680 -0.00025833 0.00034118 -0.00007888 0.00020713 -0.00009238
13 30 0.00055831 0.081958891997 0.00000002 0.00019903 0.00004261 0.00011475 -0.00017556 0.00028167 0.00038335
13 31 0.00088650 0.081958891997 0.00000004 -0.00050673 0.00003262 -0.00054908 0.00039109 0.00025471 0.00009340
13 32 0.89720169 0.084713053764 0.04546103 -0.00496799 0.58840198 0.35570647 0.13677212 0.11914869 -0.54708244
13 33 1.78125791 0.084713053764 0.17918956 0.78511843 -0.05491749 -0.89536786 0.85588141 -0.32998206 -0.95412165
13 34 1.71349205 0.084713053764 0.16581479 0.78425935 0.16115240 -0.77413259 -0.95562998 -0.73350990 0.49444461
13 35 1.23542661 0.084713053764 0.08619717 -0.69929300 0.86271889 -0.29157508 -0.27814344 -0.12606102 -0.33869330
13 36 2.01439796 0.084817085190 0.22944713 -0.35109913 -1.52415319 -0.87771528 -0.71686081 -0.09430145 -0.56419795
13 37 1.87541409 0.084817085190 0.19887786 0.09025374 -0.11298813 -0.25632813 -0.01723416 0.81300055 -1.66411986
13 38 0.06999362 0.085925558555 0.00028064 0.02428428 0.03239410 -0.02590447 0.04291618 0.01721704 0.02123055
13 39 0.02779164 0.085925558555 0.00004424 0.01711612 0.00129582 0.01597953 -0.00135460 -0.01438841 0.00367804
13 40 0.18497655 0.085966007480 0.00196096 -0.00872492 0.04519064 -0.11466671 0.03765070 -0.07151714 -0.11143283
13 41 0.27402296 0.085966007480 0.00430338 0.01959281 0.07254399 0.11111982 0.00395436 0.13343884 -0.19817391
13 42 0.22939466 0.085966007480 0.00301580 0.10996343 -0.03451247 -0.01459007 -0.12536419 0.08924828 0.12427606
13 43 0.24085552 0.085966007480 0.00332467 0.22540346 0.01465683 -0.06605849 0.02841756 0.02504027 -0.03451876
13 44 0.00408943 0.087640450556 0.00000098 -0.00168352 0.00200353 -0.00075387 -0.00017751 0.00243740 -0.00182602
13 45 0.00228725 0.087640450556 0.00000031 0.00039972 -0.00037781 -0.00136985 0.00119886 0.00097012 -0.00082105
13 46 0.00074571 0.088761914220 0.00000003 0.00004071 -0.00038519 0.00014822 -0.00045424 0.00006386 -0.00041674
13 47 0.00032075 0.088761914220 0.00000001 0.00022635 -0.00001238 0.00022128 -0.00000281 0.00004593 0.00002023
14 24 0.00000000 0.078983586494 0.00000000 -0.00000000 -0.00000000 0.00000000 -0.00000000 0.00000000 -0.00000000
14 25 0.00000000 0.078983586494 0.00000000 -0.00000000 0.00000000 0.00000000 0.00000000 -0.00000000 -0.00000000
14 26 0.00000000 0.081693437200 0.00000000 0.00000000 0.00000000 0.00000000 -0.00000000 0.00000000 -0.00000000
14 27 0.00000000 0.081693437200 0.00000000 0.00000000 0.00000000 0.00000000 0.00000000 -0.00000000 0.00000000
14 28 0.00003374 0.081789089724 0.00000000 0.00001565 0.00001578 0.00000178 -0.00001820 -0.00001744 0.00000242
14 29 0.00004448 0.081789089724 0.00000000 -0.00002615 -0.00001617 0.00002028 0.00002319 0.00000588 -0.00000702
14 30 0.00001828 0.081789089724 0.00000000 -0.00001380 -0.00000328 0.00000392 0.00000433 0.00000988 -0.00000105
14 31 0.00005493 0.081789089724 0.00000000 0.00002183 -0.00000622 0.00001427 0.00002519 -0.00003610 -0.00001898
14 32 1.87634709 0.084543251491 0.19843307 1.05110243 1.07877618 0.29550431 -0.80216879 -0.43164165 0.57878490
14 33 1.90187692 0.084543251491 0.20386961 0.37317427 1.48352775 -1.09166009 -0.04354620 -0.27716504 -0.08113992
14 34 2.27465805 0.084543251491 0.29162176 0.05312930 0.15628343 0.26829107 0.85624135 2.07239288 0.21651883
14 35 1.71621021 0.084543251491 0.16600786 -0.64896420 -0.16930409 -1.06575136 -1.10470934 0.04321178 0.37078718
14 36 0.47653834 0.084647282916 0.01281497 -0.24622665 0.32226377 0.04902086 0.24414841 -0.02156723 -0.01143026
14 37 0.60395124 0.084647282916 0.02058380 0.05873436 0.17132057 -0.11811465 -0.34830935 0.41652441 -0.15229439
14 38 0.00000000 0.085755756281 0.00000000 0.00000000 -0.00000000 0.00000000 0.00000000 0.00000000 -0.00000000
14 39 0.00000000 0.085755756281 0.00000000 0.00000000 -0.00000000 0.00000000 -0.00000000 0.00000000 -0.00000000
14 40 0.20490737 0.085796205207 0.00240155 -0.03647570 -0.00061149 -0.05334202 -0.14452826 -0.04083666 0.12351015
14 41 0.16430417 0.085796205207 0.00154409 -0.05618282 0.01508327 -0.02058145 -0.05212669 -0.14268856 0.01053720
14 42 0.18130081 0.085796205207 0.00188008 -0.02712908 0.03081560 -0.06536899 -0.13371795 -0.04197153 -0.08525956
14 43 0.21606215 0.085796205207 0.00267014 0.15575068 0.13730688 0.01433771 -0.01667839 -0.05543120 0.00387834
14 44 0.00544022 0.087470648283 0.00000173 -0.00314066 -0.00003956 -0.00314066 -0.00003956 -0.00314067 -0.00003956
14 45 0.00160200 0.087470648283 0.00000015 -0.00056955 -0.00072876 -0.00056955 -0.00072876 -0.00056955 -0.00072876
14 46 0.00018270 0.088592111946 0.00000000 -0.00014375 0.00001977 0.00005493 0.00001486 0.00008881 -0.00003463
14 47 0.00020954 0.088592111946 0.00000000 0.00002826 -0.00003789 -0.00014585 -0.00003518 0.00011758 0.00007307
15 24 0.00000000 0.078983586494 0.00000000 0.00000000 0.00000000 -0.00000000 -0.00000000 0.00000000 0.00000000
15 25 0.00000000 0.078983586494 0.00000000 -0.00000000 -0.00000000 0.00000000 0.00000000 -0.00000000 0.00000000
15 26 0.00000000 0.081693437200 0.00000000 0.00000000 0.00000000 -0.00000000 -0.00000000 -0.00000000 -0.00000000
15 27 0.00000000 0.081693437200 0.00000000 -0.00000000 -0.00000000 0.00000000 -0.00000000 0.00000000 0.00000000
15 28 0.00004578 0.081789089724 0.00000000 -0.00001459 -0.00002468 -0.00000361 -0.00000534 0.00001820 0.00003002
15 29 0.00003543 0.081789089724 0.00000000 -0.00000730 -0.00000385 -0.00001740 -0.00000963 0.00002470 0.00001348
15 30 0.00005385 0.081789089724 0.00000000 -0.00003065 -0.00001728 0.00003596 0.00001842 -0.00000531 -0.00000114
15 31 0.00001473 0.081789089724 0.00000000 -0.00000445 0.00000289 0.00000599 0.00000711 -0.00000155 -0.00001000
15 32 2.02680834 0.084543251491 0.23153308 0.41295418 0.82867933 1.21942496 -0.09326378 -1.23085145 0.48991920
15 33 2.00287161 0.084543251491 0.22609654 0.44846780 -1.06650145 -0.30512235 -0.94356299 0.13115423 -1.29318745
15 34 1.56670394 0.084543251491 0.13834439 1.17580795 -0.02424991 0.42496947 0.54885724 -0.43144411 -0.63518620
15 35 2.16408248 0.084543251491 0.26395829 0.26910677 -1.19767839 -0.19063156 1.44515183 -0.89315414 0.50385759
15 36 0.60395124 0.084647282916 0.02058380 0.17190384 0.05700467 -0.34948211 -0.11459812 -0.14808860 0.41803820
15 37 0.47653834 0.084647282916 0.01281497 -0.31976574 0.24946217 -0.24463008 -0.04655765 0.01164705 0.02145093
15 38 0.00000000 0.085755756281 0.00000000 -0.00000000 -0.00000000 -0.00000000 0.00000000 -0.00000000 0.00000000
15 39 0.00000000 0.085755756281 0.00000000 0.00000000 -0.00000000 0.00000000 -0.00000000 0.00000000 0.00000000
15 40 0.17966868 0.085796205207 0.00184638 0.10923033 0.09408995 0.04289858 -0.02491959 0.06808920 0.06632674
15 41 0.21742126 0.085796205207 0.00270384 -0.02741398 -0.02440543 -0.16423624 -0.01334559 0.04193434 -0.13044047
15 42 0.20346469 0.085796205207 0.00236785 0.01067097 -0.16003464 0.03513966 0.04265096 -0.08903874 0.06849179
15 43 0.16608736 0.085796205207 0.00157779 0.03697630 0.01698153 0.03761484 -0.12421840 -0.07697823 -0.05620192
15 44 0.00160200 0.087470648283 0.00000015 0.00041366 0.00082726 0.00041366 0.00082726 0.00041366 0.00082726
15 45 0.00544022 0.087470648283 0.00000173 0.00131262 -0.00285348 0.00131262 -0.00285348 0.00131263 -0.00285348
15 46 0.00016558 0.088592111946 0.00000000 0.00007842 0.00005717 -0.00007459 -0.00010203 -0.00000383 0.00004486
15 47 0.00012995 0.088592111946 0.00000000 0.00008719 -0.00000719 -0.00007307 0.00004643 -0.00001412 -0.00003924
16 24 0.00037586 0.077143345694 0.00000001 0.00016469 -0.00014130 0.00016469 -0.00014130 0.00016469 -0.00014130
16 25 0.00015191 0.077143345694 0.00000000 -0.00008462 0.00002307 -0.00008462 0.00002307 -0.00008462 0.00002307
16 26 1.73606350 0.079853196401 0.16044724 0.81756610 -0.20465553 -0.25517994 -1.17944983 0.88318433 0.25958624
16 27 1.61117430 0.079853196401 0.13819302 -0.66180080 -0.84950252 -0.48814398 0.41884341 -0.24768381 0.98040104
16 28 2.12146930 0.079948848924 0.23988023 -0.41449045 1.26033529 -1.15056738 0.05295455 0.53454261 1.06209196
16 29 2.04944621 0.079948848924 0.22386902 0.26074487 0.35607481 -1.03962471 0.89201866 -1.17515884 -0.86483378
16 30 1.88121067 0.079948848924 0.18862351 -0.39547740 -0.94743840 -0.81079192 0.70787771 0.99292293 0.58355920
16 31 1.90343080 0.079948848924 0.19310572 -0.79539976 -1.28292407 0.89044635 -0.36486432 0.33538750 -0.55316220
16 32 0.00367928 0.082703010691 0.00000075 0.00063409 -0.00129093 -0.00110993 -0.00149660 0.00047585 0.00278753
16 33 0.00319005 0.082703010691 0.00000056 -0.00146388 0.00124257 -0.00061270 -0.00133890 0.00207658 0.00009634
16 34 0.00396284 0.082703010691 0.00000087 0.00272600 0.00047835 -0.00252515 -0.00110895 -0.00020085 0.00063060
16 35 0.00229072 0.082703010691 0.00000029 0.00106760 0.00057723 -0.00093456 0.00087688 -0.00013303 -0.00145411
16 36 0.00000000 0.082807042116 0.00000000 -0.00000000 -0.00000000 0.00000000 -0.00000000 0.00000000 0.00000000
16 37 0.00000000 0.082807042116 0.00000000 0.00000000 -0.00000000 -0.00000000 0.00000000 0.00000000 0.00000000
16 38 0.00010179 0.083915515481 0.00000000 0.00005672 -0.00001536 0.00005673 -0.00001537 0.00005673 -0.00001537
16 39 0.00039652 0.083915515481 0.00000001 -0.00006645 0.00021908 -0.00006645 0.00021908 -0.00006645 0.00021907
16 40 0.00056692 0.083955964407 0.00000002 -0.00029755 -0.00004230 0.00013113 -0.00028323 0.00016642 0.00032552
16 41 0.00077737 0.083955964407 0.00000003 -0.00041909 0.00044793 0.00033794 -0.00016510 0.00008114 -0.00028282
16 42 0.00051513 0.083955964407 0.00000001 0.00001136 -0.00026579 -0.00016902 0.00036294 0.00015766 -0.00009715
16 43 0.00070938 0.083955964407 0.00000003 -0.00015191 -0.00006571 -0.00024553 -0.00032452 0.00039743 0.00039023
16 44 0.00000000 0.085630407483 0.00000000 0.00000000 -0.00000000 0.00000000 0.00000000 0.00000000 -0.00000000
16 45 0.00000000 0.085630407483 0.00000000 -0.00000000 -0.00000000 -0.00000000 -0.00000000 -0.00000000 0.00000000
16 46 0.14251000 0.086751871147 0.00117457 -0.00332451 -0.04610580 0.00506336 -0.02061933 0.12301183 0.05088809
16 47 0.12678056 0.086751871147 0.00092959 -0.11779941 -0.02607409 0.00602809 0.03502935 -0.00424066 -0.01534189
17 24 0.00015191 0.077143345694 0.00000000 -0.00008141 0.00003262 -0.00008142 0.00003262 -0.00008141 0.00003262
17 25 0.00037586 0.077143345694 0.00000001 -0.00021659 -0.00001342 -0.00021659 -0.00001343 -0.00021659 -0.00001342
17 26 1.61117430 0.079853196401 0.13819302 0.88902186 0.60767997 -0.38766966 0.51325099 -0.96309665 0.30818552
17 27 1.73606350 0.079853196401 0.16044724 -0.15340634 0.82871268 -1.19303832 -0.18132362 0.31401799 0.86532784
17 28 1.85224191 0.079948848924 0.18285901 0.48412084 0.25684637 1.10306789 -1.34987537 -0.06295978 0.29592369
17 29 1.93163204 0.079948848924 0.19887022 0.94909242 1.30614506 -0.16172675 0.29539112 -0.35972938 -0.93893253
17 30 2.09582406 0.079948848924 0.23411573 -0.68064651 -0.49049353 0.03473502 0.20196717 -1.06909305 -1.58229507
17 31 2.07566453 0.079948848924 0.22963352 1.20376112 0.47705616 0.31312277 -1.41253125 0.28357897 -0.67679569
17 32 0.00296571 0.082703010691 0.00000048 -0.00188676 0.00033046 0.00221321 0.00001763 -0.00032644 -0.00034809
17 33 0.00348656 0.082703010691 0.00000067 0.00063751 -0.00016081 -0.00047612 0.00247395 -0.00016140 -0.00231314
17 34 0.00257457 0.082703010691 0.00000037 0.00172281 0.00036275 -0.00182703 -0.00042021 0.00010422 0.00005746
17 35 0.00413341 0.082703010691 0.00000094 -0.00255814 0.00106923 -0.00014814 0.00032570 0.00270628 -0.00139493
17 36 0.00000000 0.082807042116 0.00000000 -0.00000000 -0.00000000 0.00000000 -0.00000000 -0.00000000 -0.00000000
17 37 0.00000000 0.082807042116 0.00000000 0.00000000 0.00000000 -0.00000000 0.00000000 -0.00000000 -0.00000000
17 38 0.00039652 0.083915515481 0.00000001 -0.00003490 -0.00022626 -0.00003490 -0.00022626 -0.00003491 -0.00022625
17 39 0.00010179 0.083915515481 0.00000000 -0.00005399 -0.00002321 -0.00005399 -0.00002321 -0.00005399 -0.00002321
17 40 0.00072508 0.083955964407 0.00000003 -0.00031747 0.00034842 -0.00004510 -0.00040807 0.00036256 0.00005965
17 41 0.00049278 0.083955964407 0.00000001 -0.00015068 -0.00033439 -0.00001490 0.00027846 0.00016558 0.00005593
17 42 0.00076275 0.083955964407 0.00000003 -0.00042564 0.00001263 0.00002744 0.00034086 0.00039820 -0.00035349
17 43 0.00058645 0.083955964407 0.00000002 -0.00002989 -0.00016073 0.00034623 0.00028571 -0.00031634 -0.00012497
17 44 0.00000000 0.085630407483 0.00000000 0.00000000 0.00000000 0.00000000 -0.00000000 -0.00000000 -0.00000000
17 45 0.00000000 0.085630407483 0.00000000 -0.00000000 -0.00000000 0.00000000 0.00000000 -0.00000000 -0.00000000
17 46 0.15599606 0.086751871147 0.00140739 0.00740546 -0.07207459 -0.01138984 -0.12278103 0.04371887 -0.04437265
17 47 0.16902829 0.086751871147 0.00165237 0.07611638 0.04638610 0.05609489 -0.05761811 -0.11282789 -0.03779646
18 24 0.00001290 0.076946096589 0.00000000 0.00000082 0.00000950 0.00000160 -0.00000806 -0.00000241 -0.00000143
18 25 0.00004258 0.076946096589 0.00000000 -0.00000830 -0.00001354 -0.00001929 -0.00000617 0.00002760 0.00001972
18 26 1.84335979 0.079655947295 0.18044596 0.13862236 1.15092813 -0.64914631 -0.40688841 1.17904952 -0.27751889
18 27 2.15267286 0.079655947295 0.24608380 0.21668080 0.04581873 -1.12774629 -0.28467713 0.92178634 -1.54350501
18 28 2.15225569 0.079751599819 0.24628382 0.40129105 -1.68808256 0.21719834 0.92660305 -0.78277247 0.32100819
18 29 1.30477323 0.079751599819 0.09051451 0.47302108 -0.05453544 -1.16095625 0.05389589 -0.24711427 -0.25282498
18 30 1.99177592 0.079751599819 0.21092551 0.05557138 -1.53205615 -0.27357738 -1.16979682 0.18611433 -0.37279936
18 31 1.68408292 0.079751599819 0.15079088 -0.88366049 -0.12232906 -1.17356036 -0.67313820 -0.45804161 -0.01240817
18 32 0.00129527 0.082505761586 0.00000009 0.00062398 -0.00024646 0.00071521 -0.00025031 0.00075150 -0.00029780
18 33 0.00236903 0.082505761586 0.00000031 -0.00116574 0.00044654 -0.00126449 0.00057754 -0.00131502 0.00062623
18 34 0.00139841 0.082505761586 0.00000011 -0.00072075 0.00034268 -0.00090367 0.00007069 -0.00068775 0.00015495
18 35 0.00426157 0.082505761586 0.00000100 -0.00239541 0.00031119 -0.00230205 0.00036258 -0.00260406 0.00033772
18 36 0.00190356 0.082609793011 0.00000020 -0.00140356 -0.00043649 0.00078244 -0.00021174 0.00062112 0.00064823
18 37 0.00476359 0.082609793011 0.00000125 0.00293499 0.00148502 -0.00220320 -0.00238264 -0.00073179 0.00089762
18 38 0.00005350 0.083718266376 0.00000000 -0.00001023 0.00001049 -0.00001097 0.00002655 0.00002119 -0.00003705
18 39 0.00003910 0.083718266376 0.00000000 0.00001830 0.00001455 0.00000895 -0.00001245 -0.00002725 -0.00000211
18 40 0.00034960 0.083758715302 0.00000001 -0.00004735 -0.00020370 -0.00005980 -0.00019211 -0.00004501 -0.00018968
18 41 0.00019065 0.083758715302 0.00000000 -0.00006495 -0.00007667 -0.00007217 -0.00009778 -0.00005760 -0.00009034
18 42 0.00032816 0.083758715302 0.00000001 -0.00018486 0.00008207 -0.00018007 0.00006221 -0.00015746 0.00007545
18 43 0.00013659 0.083758715302 0.00000000 0.00008013 0.00000327 0.00008327 -0.00000728 0.00007235 -0.00000199
18 44 0.05818916 0.085433158378 0.00019285 -0.01411111 -0.01768068 -0.04009255 0.02881779 0.01925164 -0.00810829
18 45 0.05374658 0.085433158378 0.00016453 -0.05075046 0.00276130 0.01326467 -0.00734098 -0.00256533 -0.00830891
18 46 0.15971013 0.086554622041 0.00147185 -0.04787182 -0.09793781 0.07129418 -0.08596274 -0.02732102 0.02012234
18 47 0.17050346 0.086554622041 0.00167751 -0.02913266 -0.07691416 -0.14130433 0.02051305 -0.04066226 0.01630376
19 24 0.00002561 0.076946096589 0.00000000 -0.00001775 0.00000268 -0.00000008 -0.00000380 0.00001783 0.00000112
19 25 0.00003638 0.076946096589 0.00000000 -0.00002758 -0.00000095 0.00002293 -0.00000219 0.00000465 0.00000314
19 26 1.72542892 0.079655947295 0.15809608 1.09061805 0.76476648 0.12236843 -0.20646481 0.86304423 0.63272613
19 27 2.24830398 0.079655947295 0.26843368 -0.35962192 1.57925053 1.46391703 -0.10437471 -0.50775721 -0.14052084
19 28 1.46598138 0.079751599819 0.11426285 0.00743309 0.16034169 0.48213046 -0.13821961 0.60743626 -1.22588884
19 29 2.18706904 0.079751599819 0.25431567 -0.34401200 0.46490594 -1.44716248 1.09225623 -0.86378717 -0.64448272
19 30 1.51219957 0.079751599819 0.12158118 0.31247370 0.95022035 0.94772015 -0.53817587 -0.26061815 -0.17452915
19 31 1.97960209 0.079751599819 0.20835501 -0.26078509 -0.51587391 -0.54101304 0.29451107 0.93199551 1.52860791
19 32 0.00392544 0.082505761586 0.00000085 -0.00207829 0.00102019 -0.00200127 0.00106274 -0.00191737 0.00111275
19 33 0.00103594 0.082505761586 0.00000006 0.00064947 0.00000595 0.00052976 -0.00013386 0.00057130 0.00016239
19 34 0.00227204 0.082505761586 0.00000028 0.00133873 0.00020860 0.00135919 0.00028205 0.00115949 0.00023474
19 35 0.00240042 0.082505761586 0.00000032 -0.00154716 0.00004304 -0.00123847 -0.00006338 -0.00134942 -0.00008768
19 36 0.00398337 0.082609793011 0.00000087 -0.00075546 -0.00011318 0.00266039 -0.00145518 -0.00190493 0.00156836
19 37 0.00323234 0.082609793011 0.00000058 -0.00159170 0.00013535 -0.00101042 -0.00028571 0.00260212 0.00015037
19 38 0.00005996 0.083718266376 0.00000000 0.00000794 0.00004763 -0.00000877 -0.00002887 0.00000083 -0.00001877
19 39 0.00002820 0.083718266376 0.00000000 0.00000108 0.00000841 -0.00001644 0.00000533 0.00001536 -0.00001374
19 40 0.00037148 0.083758715302 0.00000001 -0.00009439 0.00018156 -0.00011033 0.00018618 -0.00010131 0.00019754
19 41 0.00026742 0.083758715302 0.00000000 -0.00001383 -0.00014830 -0.00000831 -0.00015428 -0.00001758 -0.00015859
19 42 0.00025099 0.083758715302 0.00000000 -0.00012399 -0.00004673 -0.00014811 -0.00003147 -0.00014208 -0.00004822
19 43 0.00011139 0.083758715302 0.00000000 -0.00004940 0.00005107 -0.00003697 0.00004714 -0.00005478 0.00002774
19 44 0.05249602 0.085433158378 0.00015696 -0.00394042 -0.01321227 -0.00978908 0.03391099 -0.03619585 -0.00313361
19 45 0.05931982 0.085433158378 0.00020042 0.02089033 -0.01100467 0.01033018 0.03321044 0.02555365 -0.03314660
19 46 0.11945711 0.086554622041 0.00082342 -0.00723025 -0.03014790 0.09158740 -0.02427214 0.05316424 0.03879438
19 47 0.13117038 0.086554622041 0.00099282 0.05756307 0.04295144 -0.02951653 0.05104467 0.07311706 0.05678421
20 24 0.00004134 0.076946096589 0.00000000 -0.00000220 -0.00000757 0.00002946 0.00000560 -0.00002726 0.00000197
20 25 0.00001644 0.076946096589 0.00000000 -0.00001146 0.00000667 0.00000659 -0.00000496 0.00000487 -0.00000171
20 26 2.58847129 0.079655947295 0.35580631 0.74364437 -0.25693970 1.38674115 -1.41301216 -1.04832143 -1.03078922
20 27 1.15403300 0.079655947295 0.07072344 -0.47622096 0.34633755 0.06435075 -0.04810322 0.81698340 -0.55779857
20 28 1.91392323 0.079751599819 0.19475884 0.89138462 0.61125042 0.63864578 0.15823535 0.62709000 -1.29180486
20 29 2.00765491 0.079751599819 0.21430203 -0.49137027 -1.63492937 0.29326132 0.10016458 -0.18214321 -0.99349291
20 30 1.89854874 0.079751599819 0.19164242 0.31464201 -1.37667687 -1.01295970 0.51503581 0.04576315 0.56285436
20 31 1.35634679 0.079751599819 0.09781144 0.95093961 0.26234084 -0.77542840 -0.09578629 0.49524097 -0.10411494
20 32 0.00316580 0.082505761586 0.00000055 -0.00017109 -0.00169850 -0.00014809 -0.00184473 0.00000271 -0.00191916
20 33 0.00249037 0.082505761586 0.00000034 0.00003490 -0.00126661 0.00012417 -0.00155097 -0.00008905 -0.00147227
20 34 0.00302746 0.082505761586 0.00000050 0.00112324 -0.00134921 0.00103472 -0.00149280 0.00102794 -0.00131441
20 35 0.00142011 0.082505761586 0.00000011 -0.00051231 0.00063093 -0.00058558 0.00053359 -0.00047682 0.00070796
20 36 0.00442956 0.082609793011 0.00000108 0.00314617 -0.00154724 -0.00080597 0.00082631 -0.00234020 0.00072093
20 37 0.00258732 0.082609793011 0.00000037 0.00139271 0.00038390 -0.00169148 0.00069776 0.00029877 -0.00108167
20 38 0.00003723 0.083718266376 0.00000000 0.00000570 0.00001690 -0.00000920 -0.00002880 0.00000349 0.00001190
20 39 0.00005482 0.083718266376 0.00000000 -0.00000374 -0.00001400 0.00003261 -0.00001301 -0.00002887 0.00002701
20 40 0.00010856 0.083758715302 0.00000000 0.00006265 0.00002404 0.00004250 0.00002642 0.00005148 0.00004614
20 41 0.00015044 0.083758715302 0.00000000 0.00001394 0.00008528 -0.00000411 0.00008990 0.00001842 0.00008202
20 42 0.00024199 0.083758715302 0.00000000 -0.00013544 -0.00003417 -0.00012836 -0.00002884 -0.00014333 -0.00003462
20 43 0.00043811 0.083758715302 0.00000001 -0.00005889 -0.00026132 -0.00006123 -0.00023934 -0.00005662 -0.00023653
20 44 0.06221422 0.085433158378 0.00022045 0.04567694 0.02566787 0.00388468 0.01665418 -0.01596839 0.02404049
20 45 0.04903125 0.085433158378 0.00013692 -0.02606295 -0.00203767 -0.01526517 -0.02430052 0.02911946 -0.00701076
20 46 0.16369817 0.086554622041 0.00154627 0.14620967 0.01386757 -0.05491869 -0.00900785 -0.02734456 -0.03718312
20 47 0.13405274 0.086554622041 0.00103693 -0.04005880 -0.03275451 -0.03950025 0.09289124 0.05674143 -0.04340424
21 24 0.00003778 0.076946096589 0.00000000 0.00002657 -0.00001175 -0.00001831 -0.00000156 -0.00000825 0.00001331
21 25 0.00002349 0.076946096589 0.00000000 -0.00001106 0.00000274 0.00001159 -0.00001327 -0.00000053 0.00001053
21 26 1.72878213 0.079655947295 0.15871116 1.26564933 -0.12486028 -0.57427522 0.67871439 -0.54338288 0.53433988
21 27 2.24572663 0.079655947295 0.26781859 -0.50204830 -1.44341672 0.91006451 -1.00656756 0.71887097 -0.59128052
21 28 1.64119963 0.079751599819 0.14320922 0.94676597 -0.44710874 0.14720967 0.21643672 0.55117779 1.10677536
21 29 1.61912382 0.079751599819 0.13938251 -0.42632218 0.68748836 -0.22962062 -0.79104751 0.08653349 1.13190161
21 30 1.81094952 0.079751599819 0.17436561 0.40057894 0.52309540 -1.33636208 0.97555703 -0.31504027 -0.09284593
21 31 2.13150370 0.079751599819 0.24155739 -0.05911441 -0.44788929 -0.89756167 -0.40012194 1.77580905 0.46903771
21 32 0.00054529 0.082505761586 0.00000002 0.00031057 0.00003951 0.00020149 0.00036224 0.00016335 0.00002877
21 33 0.00381039 0.082505761586 0.00000080 -0.00217871 0.00043917 -0.00212638 0.00039814 -0.00218816 0.00033365
21 34 0.00333516 0.082505761586 0.00000061 0.00196898 0.00055883 0.00187368 0.00050177 0.00172830 0.00042967
21 35 0.00121112 0.082505761586 0.00000008 0.00074525 0.00006367 0.00070166 -0.00007536 0.00062888 -0.00011766
21 36 0.00367679 0.082609793011 0.00000074 -0.00101272 -0.00121718 -0.00079576 0.00239284 0.00180847 -0.00117565
21 37 0.00357722 0.082609793011 0.00000070 -0.00102178 0.00102040 -0.00159626 0.00011770 0.00261804 -0.00113810
21 38 0.00003064 0.083718266376 0.00000000 -0.00000771 -0.00000166 -0.00001665 -0.00000056 0.00002437 0.00000222
21 39 0.00005876 0.083718266376 0.00000000 0.00002359 -0.00003927 -0.00002269 0.00002543 -0.00000091 0.00001384
21 40 0.00011365 0.083758715302 0.00000000 -0.00003036 -0.00005058 -0.00004485 -0.00006239 -0.00004198 -0.00004207
21 41 0.00039296 0.083758715302 0.00000001 -0.00019841 0.00007348 -0.00020646 0.00009219 -0.00022551 0.00008761
21 42 0.00023594 0.083758715302 0.00000000 -0.00001641 -0.00013458 -0.00001279 -0.00013607 -0.00000472 -0.00013633
21 43 0.00024882 0.083758715302 0.00000000 -0.00013131 0.00007032 -0.00013145 0.00004695 -0.00012530 0.00006739
21 44 0.05036791 0.085433158378 0.00014449 0.00474014 -0.02671335 -0.01244922 0.00721251 -0.03889087 -0.00901949
21 45 0.06113711 0.085433158378 0.00021288 0.00478719 -0.01833100 -0.03199128 -0.02994403 -0.03794591 0.00433870
21 46 0.13956279 0.086554622041 0.00112393 0.01690094 -0.08653827 -0.04595409 0.02509697 0.07512889 -0.05759577
21 47 0.14766501 0.086554622041 0.00125821 0.01498683 -0.01130358 -0.05080949 0.07024763 0.07692162 0.08955060
22 24 3.73413783 0.074861246533 0.69589943 -0.72545059 -1.13458010 -0.71974651 1.88732754 2.75743915 0.66837402
22 25 3.65363240 0.074861246533 0.66621667 -1.97088207 -1.84382165 -1.91250931 1.16613587 -0.78125185 -0.66110215
22 26 0.00330349 0.077571097239 0.00000056 -0.00069397 -0.00177653 -0.00069397 -0.00177654 -0.00069397 -0.00177654
22 27 0.00350361 0.077571097239 0.00000063 0.00190577 -0.00067809 0.00190577 -0.00067808 0.00190577 -0.00067808
22 28 0.00438838 0.077666749762 0.00000100 0.00037482 0.00154694 0.00061268 -0.00343592 -0.00098751 0.00188899
22 29 0.00388535 0.077666749762 0.00000078 -0.00029437 0.00287036 0.00026467 -0.00029941 0.00002970 -0.00257095
22 30 0.00295383 0.077666749762 0.00000045 -0.00059310 -0.00176229 0.00038593 -0.00044606 0.00020717 0.00220835
22 31 0.00299643 0.077666749762 0.00000046 0.00023836 0.00172602 -0.00136782 -0.00167123 0.00112946 -0.00005478
22 32 0.07682152 0.080420911529 0.00031641 0.02669243 0.02595851 -0.04025450 0.01937309 0.03511471 -0.03586686
22 33 0.06419157 0.080420911529 0.00022092 -0.00622457 -0.01428135 -0.02736287 -0.04129477 -0.01942311 -0.03235140
22 34 0.04011162 0.080420911529 0.00008626 -0.02836529 -0.02141217 0.01133357 -0.00892550 0.01119101 -0.00353816
22 35 0.04875845 0.080420911529 0.00012746 0.03781728 0.01863404 -0.00261559 0.00218988 -0.01747689 0.01682064
22 36 0.00000000 0.080524942955 0.00000000 0.00000000 -0.00000000 0.00000000 0.00000000 0.00000000 0.00000000
22 37 0.00000000 0.080524942955 0.00000000 -0.00000000 -0.00000000 -0.00000000 -0.00000000 -0.00000000 0.00000000
22 38 0.57432607 0.081633416320 0.01795121 0.25638763 -0.33085897 -0.29953573 -0.22931834 0.07614666 0.08087826
22 39 0.44365246 0.081633416320 0.01071180 -0.01492724 0.01158513 -0.14637690 -0.10874079 -0.38143567 0.13314103
22 40 0.01507478 0.081673865246 0.00001237 -0.01126924 0.00087440 -0.00519004 -0.00353980 -0.00382058 0.00673982
22 41 0.01046681 0.081673865246 0.00000597 0.00187939 -0.00365895 0.00196452 0.00709551 0.00579620 -0.00219830
22 42 0.01166797 0.081673865246 0.00000741 -0.00691637 -0.00745120 0.00393861 0.00205652 0.00321381 0.00164760
22 43 0.01719027 0.081673865246 0.00001609 0.00101295 -0.00266213 0.01190664 0.00098379 -0.00164011 0.01191497
22 44 0.00000000 0.083348308322 0.00000000 0.00000000 0.00000000 0.00000000 0.00000000 -0.00000000 -0.00000000
22 45 0.00000000 0.083348308322 0.00000000 0.00000000 -0.00000000 -0.00000000 0.00000000 -0.00000000 0.00000000
22 46 0.00009173 0.084469771985 0.00000000 -0.00002382 0.00002639 0.00003757 0.00003780 -0.00001375 -0.00006420
22 47 0.00006202 0.084469771985 0.00000000 0.00000583 -0.00004550 0.00000072 0.00004097 -0.00000655 0.00000452
23 24 3.65363240 0.074861246533 0.66621667 -2.42037362 -1.19408792 0.41681532 -2.20087022 -0.89412837 -0.49794072
23 25 3.73413783 0.074861246533 0.69589943 1.31751393 0.27876084 -1.51228485 1.33904249 -1.59779867 -2.34461807
23 26 0.00350361 0.077571097239 0.00000063 0.00170691 0.00108547 0.00170690 0.00108547 0.00170691 0.00108547
23 27 0.00330349 0.077571097239 0.00000056 0.00107218 -0.00157737 0.00107218 -0.00157737 0.00107218 -0.00157738
23 28 0.00260209 0.077666749762 0.00000035 0.00202221 -0.00037345 -0.00146228 0.00008524 -0.00055993 0.00028820
23 29 0.00330647 0.077666749762 0.00000057 -0.00044900 -0.00081655 -0.00053706 0.00246622 0.00098605 -0.00164968
23 30 0.00415977 0.077666749762 0.00000090 -0.00070412 0.00134749 -0.00033329 0.00186564 0.00103741 -0.00321314
23 31 0.00412919 0.077666749762 0.00000088 -0.00183538 0.00256422 0.00051195 -0.00223215 0.00132343 -0.00033207
23 32 0.03320647 0.080420911529 0.00005912 0.01942639 0.00598333 0.01795354 0.01752584 0.00053015 0.00772785
23 33 0.05369971 0.080420911529 0.00015460 -0.02921675 -0.01398565 0.01455932 -0.00216407 -0.03066451 0.02602832
23 34 0.07345253 0.080420911529 0.00028926 0.02266942 0.03996980 0.05560562 -0.01370206 0.00011355 -0.00201068
23 35 0.06802080 0.080420911529 0.00024806 -0.00443714 0.03280093 0.00379657 -0.02300415 -0.04989557 -0.02231744
23 36 0.00000000 0.080524942955 0.00000000 0.00000000 0.00000000 0.00000000 0.00000000 -0.00000000 0.00000000
23 37 0.00000000 0.080524942955 0.00000000 -0.00000000 0.00000000 0.00000000 0.00000000 -0.00000000 -0.00000000
23 38 0.44365246 0.081633416320 0.01071180 0.01673793 -0.00876809 -0.03813286 -0.17831613 0.27952105 -0.29169794
23 39 0.57432607 0.081633416320 0.01795121 0.40745325 -0.09583384 0.08421711 0.36771733 -0.04195194 -0.10285738
23 40 0.01252901 0.081673865246 0.00000855 0.00210190 0.00309183 -0.00319269 -0.00842436 0.00350420 0.00703961
23 41 0.01657320 0.081673865246 0.00001496 0.01418460 0.00368110 0.00471132 -0.00479895 0.00147000 0.00353981
23 42 0.01575066 0.081673865246 0.00001351 -0.00323547 0.00071879 0.00309373 0.00981967 0.01124315 0.00216633
23 43 0.00941912 0.081673865246 0.00000483 0.00112544 0.00389458 -0.00435162 -0.00219701 -0.00231216 -0.00657083
23 44 0.00000000 0.083348308322 0.00000000 0.00000000 -0.00000000 -0.00000000 -0.00000000 0.00000000 -0.00000000
23 45 0.00000000 0.083348308322 0.00000000 -0.00000000 0.00000000 -0.00000000 -0.00000000 -0.00000000 -0.00000000
23 46 0.00004908 0.084469771985 0.00000000 0.00001225 -0.00001942 0.00001761 0.00002540 -0.00002985 -0.00000598
23 47 0.00008352 0.084469771985 0.00000000 -0.00000547 -0.00005763 -0.00001376 0.00000230 0.00001922 0.00005533
