0 0.00340789 0.06441279  0.00000050 -0.000000034421  0.000000141789 -0.000000077704  0.000000324139  0.003386666947  0.000379727735
1 6.61326136 0.06460037  1.88354125 -5.164200847016  0.307514073142 -4.112386630289  0.244880955304  0.000002070360 -0.000000096293
2 6.75208072 0.06461849  1.96399690  4.103379304311  1.077477114458 -5.080567928740 -1.334070805225 -0.000007938232 -0.000002446000
3 7.29119481 0.06471304  2.29349563  0.000000216732 -0.000000235937 -0.000000128397 -0.000000749226 -1.273449485524  7.179125867305
4 0.03142438 0.06564934  0.00004322 -0.000000105586  0.000000163039  0.000000003263 -0.000000067589  0.013877635824 -0.028194023775
5 0.08361582 0.06584832  0.00030692 -0.064498535681 -0.051775823350 -0.009576557324 -0.007687464499 -0.000001474547 -0.000001105748
6 0.05439158 0.06588236  0.00012994 -0.000000004093  0.000000050174 -0.000000049487 -0.000000132989 -0.008404488532 -0.053738338342
7 0.07161877 0.06605259  0.00022587 -0.058074891892  0.035742090878  0.018639999339 -0.011471877042 -0.000057829762  0.000035553078
8 0.00542269 0.06613796  0.00000130 -0.000000057723  0.000000036757  0.000000011928  0.000000100215  0.004949553185  0.002215295965
9 0.17561391 0.06631674  0.00136348 -0.000000134217  0.000000032352 -0.000000054339  0.000000046497  0.036829411130 -0.171708586771
10 0.13444820 0.06653958  0.00080186 -0.071402886594  0.000661581204 -0.113913973555  0.001055793207 -0.000025869984  0.000000138835
11 0.14961590 0.06663317  0.00099439  0.113071480001  0.020610579922 -0.094233231961 -0.017176778098 -0.000138112571 -0.000025219936
12 0.05302810 0.06692649  0.00012546  0.038724706226  0.000981626266  0.036201804420  0.000917786829 -0.000001669293 -0.000000159610
13 0.01018674 0.06704340  0.00000464  0.000000085723  0.000000177581  0.000000060975  0.000000054966  0.003945666841  0.009391562507
14 0.00622576 0.06707156  0.00000173 -0.000000100250  0.000000002950 -0.000000010190 -0.000000032694 -0.001275290114  0.006093739731
15 0.00441119 0.06731078  0.00000087 -0.000000091540 -0.000000225581  0.000000001316  0.000000165065  0.004045004936  0.001759703201
16 0.05616408 0.06747248  0.00014189  0.000000102645 -0.000000001435  0.000000067831  0.000000031960 -0.027656095410  0.048882968598
17 0.11375004 0.06748537  0.00058213  0.103666230173 -0.042526839538 -0.018126169407  0.007436004032 -0.000010420694  0.000004757560
18 0.14350259 0.06748897  0.00092653 -0.000000125201 -0.000000095087  0.000000190460  0.000000028806 -0.008495371598 -0.143250908504
19 0.17350080 0.06750025  0.00135462  0.135891339972  0.042292905642 -0.094751036692 -0.029488876685  0.000163444018  0.000050542280
20 2.15175043 0.06753110  0.20844734  0.000001268775  0.000000537242 -0.000001090903 -0.000000085736  0.479038741802 -2.097749218541
21 0.30585289 0.06756028  0.00421333  0.202568394779  0.047267727165 -0.218356800478 -0.050951894516  0.001380717276  0.000322502464
22 2.51119969 0.06757821  0.28410439  1.755132004075  0.426303854872 -1.695384378105 -0.411791643706 -0.000129472390 -0.000030405579
23 0.01818811 0.06774834  0.00001494 -0.000000241994  0.000000083892 -0.000000002781  0.000000284648 -0.017439201141 -0.005165431651
24 0.08822151 0.06775152  0.00035154  0.000000451467 -0.000000114726  0.000000386087 -0.000000066079  0.017217014057 -0.086525195618
25 0.36408803 0.06775290  0.00598755  0.251777433151 -0.029178813823  0.259637109041 -0.030089635114  0.000018234467 -0.000002041010
26 0.04710310 0.06777183  0.00010024  0.007186948230  0.001783876800 -0.045145639482 -0.011205407018  0.000409099892  0.000101515862
27 1.65225090 0.06781622  0.12342250 -1.207136697955  0.016790036591 -1.127929961727  0.015688082211 -0.000007084659  0.000000526322
28 0.45204449 0.06808048  0.00927457 -0.000000605617  0.000000260584 -0.000000323337  0.000000773586 -0.267493937298  0.364405292022
29 0.58075363 0.06813942  0.01532114  0.000000138869  0.000000756223  0.000000087420  0.000001005933  0.377301031207  0.441495996045
30 0.58205453 0.06821425  0.01540676 -0.000008750100 -0.000001652713 -0.000008126358 -0.000001369692 -0.422607961790 -0.400237412573
31 4.37085924 0.06822253  0.86890078  3.239261454016 -0.047459422375  2.933853372687 -0.042985141144  0.000000210722  0.000000138246
32 0.82135891 0.06826237  0.03070125  0.634227993105  0.097878895361  0.506647093618  0.078190479540  0.000051322238  0.000007713207
33 1.26954097 0.06834591  0.07343696 -0.000000636789 -0.000000134267 -0.000000347863 -0.000000113089 -0.237445396365  1.247138305885
34 0.10758566 0.06834662  0.00052739  0.056640715273 -0.004955489010 -0.090986712606  0.007959357246  0.000115904572 -0.000013514782
35 0.08932095 0.06834674  0.00036352 -0.000000713724 -0.000000097375  0.000000919751  0.000001343272  0.078787303925 -0.042080782380
36 0.09609400 0.06834724  0.00042075  0.011016089382  0.018585433960  0.047739475569  0.080542589782 -0.000541966176 -0.000908035667
37 5.93343045 0.06837995  1.60490472 -0.000000998544  0.000001117721  0.000000124925  0.000002127930 -1.433701015177  5.757612210017
38 2.08353527 0.06840882  0.19798056 -0.451472239325 -0.154237100416  1.919268359846  0.655676685596 -0.000047614538 -0.000019726283
39 1.55497483 0.06843436  0.11031376 -0.715089667160 -0.069362597459 -1.372609839087 -0.133133528399 -0.000061663156 -0.000006113267
40 4.57723270 0.06847605  0.95643050  3.341096806113  0.884835690571 -2.900861256001 -0.768245437975 -0.000037078402 -0.000009935248
41 0.56498924 0.06850392  0.01457822  0.000001134312  0.000000832785 -0.000001244150 -0.000000449807 -0.174759421094  0.537282031266
42 0.11141120 0.06860459  0.00056770 -0.000000080551 -0.000000222365 -0.000000998557  0.000000002802 -0.034871467541  0.105813210814
43 0.91169798 0.06869675  0.03806685  0.688166723814  0.231099215105  0.522859876931  0.175586097390  0.000002906341  0.000000333271
44 1.02325981 0.06878334  0.04801355  0.751252728978 -0.064733966610  0.689175577236 -0.059384487117 -0.000009459824  0.000001024892
45 0.45702513 0.06893627  0.00959924 -0.000000347985 -0.000000246817  0.000000296682 -0.000000092180 -0.189440473838 -0.415913782012
46 2.06691772 0.06896446  0.19641761  0.000000587310  0.000000066236  0.000000340618  0.000000106172 -0.670437306227  1.955163079731
47 0.10144680 0.06905105  0.00047376  0.000000058293 -0.000000130390  0.000000244148  0.000000672924 -0.099779719560  0.018315600315
48 0.09995087 0.06907601  0.00046005  0.007712487195  0.002086371254  0.096172453924  0.026022981511  0.000064128256  0.000016468815
49 1.47988668 0.06913280  0.10093687 -0.000001726388  0.000000257753 -0.000001110708 -0.000000148966 -0.403982248143  1.423679358668
50 1.33106066 0.06913580  0.08165963  0.825006709947  0.344731114943  0.909794370414  0.380159283114 -0.000001948588  0.000001124688
51 1.36409840 0.06921804  0.08586565 -0.930651127388 -0.354756675392  0.870961839107  0.332003159075  0.000037999436  0.000014211318
52 0.16467847 0.06924562  0.00125191  0.000000091902  0.000000138967 -0.000000276326 -0.000000240668  0.074232511352 -0.146998407179
53 0.12518371 0.06925309  0.00072351  0.055873423668  0.004231433290 -0.111623281726 -0.008453360377  0.000002602904  0.000000073637
54 0.15106177 0.06925878  0.00105364 -0.000000259555  0.000000054929  0.000000132327  0.000000115375  0.043668000642  0.144612462348
55 0.37047689 0.06926172  0.00633759  0.140125342773  0.038214397329 -0.328810928578 -0.089671899734 -0.000018482387 -0.000005225302
56 0.03605082 0.06949604  0.00006021  0.000000385111 -0.000000266106  0.000000239033 -0.000000485230 -0.017504944347  0.031515689989
57 0.26620323 0.06950916  0.00328381  0.000002254913 -0.000000007171 -0.000000031782 -0.000000815412 -0.114715023574  0.240217862532
58 2.32017417 0.06954289  0.24957590 -0.000001168113 -0.000000270879  0.000000056163  0.000000500204 -1.186400114111  1.993906449329
59 1.96997527 0.06955203  0.17994513  1.396537702822 -0.039913664479 -1.388278634583  0.039677719041 -0.000009450772  0.000001462862
60 2.25608543 0.06959964  0.23617113 -1.540629696264 -0.289488124272 -1.594615559949 -0.299632173844  0.000004612045  0.000000124688
61 0.05673044 0.06968342  0.00014951 -0.000000121743  0.000000319916  0.000000663639 -0.000000120857  0.019649452144  0.053218810180
62 0.34903737 0.06968496  0.00565968  0.000000490095  0.000000874532 -0.000000735282 -0.000000432985 -0.323343514903  0.131438414323
63 0.48979622 0.06969012  0.01114579 -0.152848710746  0.218216982599  0.235804248478 -0.336623394290 -0.000001796487  0.000003062740
64 0.32179627 0.06969084  0.00481112  0.296116093960  0.042858710132  0.117229940564  0.016981429744  0.000000005680  0.000000218525
65 0.00345606 0.06973057  0.00000056  0.000000005134 -0.000001475769 -0.000000273423 -0.000000074602  0.001825564289  0.002934560664
66 0.23323901 0.06976029  0.00252999  0.198753525446  0.019910038756  0.119820652018  0.012003152940  0.000000049709  0.000000232051
67 0.01081271 0.06980598  0.00000544  0.000000352493 -0.000001431919  0.000000358696 -0.000001935386  0.008695283648  0.006427035197
68 1.41308854 0.06983090  0.09295979 -0.949676033685 -0.157467306119 -1.020541135005 -0.169217311105  0.000010291331  0.000001750665
69 0.02542748 0.06984441  0.00003011  0.019904575256  0.004153830260 -0.014945781130 -0.003119902101  0.000019070719  0.000003852712
70 0.07655933 0.06985171  0.00027295 -0.000000212453  0.000000124244 -0.000000465841  0.000000191244  0.028368139398  0.071109631881
71 0.22924764 0.06985201  0.00244736  0.000000232071  0.000000339798  0.000000858331  0.000000483945  0.042866299374 -0.225204267362
72 2.72465666 0.06992466  0.34606899 -1.713409298963 -0.920585041842 -1.680772163726 -0.903056266603  0.000005044365  0.000002588394
73 3.34086415 0.06995333  0.52051681 -2.246725132990 -0.659303271310  2.286625231776  0.671016887937  0.000037590048  0.000010351043
74 0.60607492 0.06995698  0.01713138 -0.493222660569 -0.152000164835  0.303640939765  0.093575349631  0.000043743270  0.000014371523
75 0.02252249 0.07004129  0.00002369  0.000001511680  0.000000308264  0.000001646567 -0.000001556160  0.021188626814  0.007635736072
76 1.84686183 0.07008742  0.15937405 -0.000000566337  0.000000349242  0.000000543782 -0.000000457234 -0.035096594694  1.846528323003
77 0.47674402 0.07011019  0.01062332 -0.370697176295  0.062183632053  0.289219190704 -0.048517227809 -0.000003397065  0.000001115550
78 0.01412174 0.07011079  0.00000932 -0.000001901317 -0.000003443878  0.000001789201  0.000003817055 -0.013087606809  0.005304534102
79 1.21157077 0.07011573  0.06861543 -0.805165840484  0.016602672388 -0.904979438786  0.018661616167  0.000001388196  0.000000127987
80 0.08820463 0.07013860  0.00036379  0.000000040960  0.000001168711 -0.000000676835 -0.000000576372  0.018391627846 -0.086265897084
81 0.19677841 0.07014329  0.00181071  0.000000622861 -0.000001627873  0.000000724972 -0.000000104850 -0.040924700194  0.192475744742
82 0.03582976 0.07016652  0.00006005  0.035277452036 -0.000478720376 -0.006247926330  0.000085013911 -0.000001608907 -0.000000683291
83 0.00508759 0.07017078  0.00000121 -0.000002272105  0.000000743697  0.000001923244 -0.000000268371  0.000953806688  0.004997379986
84 0.64331070 0.07017317  0.01936071 -0.492636275378  0.007624402919  0.413592850640 -0.006400906960  0.000038082879 -0.000001066391
85 0.30563337 0.07020061  0.00437171 -0.000001275197  0.000000181848 -0.000001528208 -0.000000546670  0.067118873452 -0.298172454213
86 0.40965985 0.07020393  0.00785447  0.261925329090 -0.005055747791  0.314886999077 -0.006077306060 -0.000001632962 -0.000001667041
87 0.01813782 0.07020941  0.00001540 -0.000000328080 -0.000001345743  0.000002576211 -0.000001582906  0.009289063533  0.015578627268
88 0.47333290 0.07021053  0.01048683 -0.403737780774 -0.111061908001  0.212788142137  0.058534559869 -0.000026675370 -0.000007676973
89 0.98184523 0.07021700  0.04512706 -0.595827624940  0.007347258342 -0.780296687714  0.009622172095  0.000002413002  0.000000354166
90 1.11178665 0.07024347  0.05788387  0.000000708201 -0.000000698250 -0.000000591637 -0.000000823018  0.246947341514 -1.084014098569
91 0.27011359 0.07036537  0.00342264  0.174186764519 -0.000490979930  0.206445496722 -0.000581457422  0.000004872176 -0.000000818704
92 0.01170900 0.07036622  0.00000643 -0.000001891300  0.000003456485 -0.000002693712  0.000003435008  0.008795459275  0.007729208120
93 0.34639864 0.07037081  0.00562929 -0.000000941762 -0.000000027382 -0.000000516227 -0.000000190209  0.077705006612 -0.337570658919
94 0.21478407 0.07037858  0.00216448  0.167129992914  0.053106280570 -0.118190796598 -0.037555548427 -0.000050314620 -0.000016143872
95 0.01727507 0.07042244  0.00001401  0.012474969622 -0.000545795179  0.011926176853 -0.000521081207 -0.000006395578  0.000000685377
96 0.05662582 0.07046509  0.00015063  0.043904162449  0.010759502684 -0.033124418037 -0.008118751231  0.000010085835  0.000002091996
97 0.04655326 0.07049941  0.00010186  0.000000214195 -0.000000274200 -0.000000095088  0.000000220998  0.011997649399 -0.044980693547
98 0.01627590 0.07050966  0.00001245 -0.000000054360 -0.000000123978  0.000000332136  0.000000247044  0.000205273206  0.016274600770
99 0.06412990 0.07051150  0.00019333 -0.050817262785 -0.011852914084  0.036305040695  0.008467701733 -0.000010684768 -0.000002518015
100 0.08319269 0.07051321  0.00032535  0.011996602553 -0.000596625798 -0.082219471513  0.004087425026  0.000002674303  0.000000301640
101 0.01804889 0.07052422  0.00001532 -0.000000647238  0.000000098173 -0.000000049016  0.000000719774  0.005089464145 -0.017316463315
102 0.00080821 0.07055767  0.00000003 -0.000000211441 -0.000000139724 -0.000000274017  0.000000161682 -0.000153472929 -0.000793509045
103 0.11713802 0.07057025  0.00064554  0.000000311910 -0.000000001217 -0.000000481650 -0.000000238462 -0.044076067994  0.108529332241
104 0.34062240 0.07059250  0.00546026  0.228377293786  0.000291360573  0.252719693352  0.000322877194 -0.000000604891  0.000000068596
105 0.01027556 0.07060649  0.00000497  0.000001068931 -0.000004195046  0.000000117391  0.000003249988 -0.007584918552  0.006932251528
106 0.22148255 0.07060769  0.00230908  0.179638724543  0.056331052913 -0.111322147906 -0.034909055941  0.000008543372  0.000003289500
107 0.00595858 0.07065860  0.00000167  0.002841637663  0.000447920661  0.005151952154  0.000812049113  0.000162742755  0.000025692517
108 0.00512269 0.07067441  0.00000124 -0.000000241543  0.000000142043 -0.000000024178 -0.000000195671  0.004833574936 -0.001696621106
109 0.46065614 0.07067693  0.00999862 -0.316396839569 -0.145479482571  0.273976732551  0.125974557149  0.000026702946  0.000012252602
110 0.32064590 0.07069607  0.00484569 -0.000001016977  0.000000347945 -0.000001038021  0.000000175301  0.022486146353  0.319856479115
111 0.12509541 0.07069651  0.00073755  0.076997396627 -0.013383871179  0.096235647795 -0.016728274663  0.000005985233  0.000003334309
112 0.24973528 0.07087065  0.00294669 -0.169755202905 -0.009981626872 -0.182581416843 -0.010736663190  0.000001484022  0.000000081275
113 0.01245369 0.07087150  0.00000733 -0.000000132748  0.000000997541  0.000000202757  0.000000570534  0.008937986896  0.008672178521
114 0.03018517 0.07087457  0.00004305 -0.000000836025 -0.000000046569 -0.000000377931 -0.000000181793 -0.006783814799  0.029412997305
115 0.40394952 0.07087726  0.00771027  0.293703524112  0.096493295179 -0.247015017575 -0.081154657163  0.000048947769  0.000016161765
116 0.00603928 0.07094708  0.00000173  0.000001154023  0.000000345006 -0.000000102721 -0.000000470112 -0.005087450570 -0.003254345795
117 0.10775451 0.07099598  0.00054956 -0.041442391524  0.002474654351 -0.099258910814  0.005925161311  0.000008070454 -0.000000953951
118 0.04380067 0.07100887  0.00009082 -0.000000201852  0.000000991377 -0.000000511322  0.000000160856 -0.043799009362  0.000381365456
119 0.60665165 0.07103131  0.01742759 -0.510348414831 -0.014383498851 -0.327534211986 -0.009228827456  0.000014014486 -0.000000169406
120 0.01489654 0.07103656  0.00001051 -0.000000086225  0.000006692174  0.000000220387  0.000004490363  0.003436848029  0.014494655705
121 1.75681693 0.07105166  0.14619616 -1.093248489199 -0.071316840181 -1.370450930060 -0.089395798878  0.000009803389  0.000000090675
122 0.83617314 0.07105529  0.03312056  0.000012924726  0.000012837915 -0.000021542627  0.000007387246 -0.222154187412  0.806122226251
123 1.74971556 0.07105941  0.14503248 -1.305272049269 -0.136490529226  1.150937195955  0.120346620195  0.000057906447  0.000019913045
124 0.57181703 0.07106842  0.01549172 -0.435924710310 -0.127800913719  0.333263337213  0.097707905962  0.000009471838  0.000001917682
125 0.87478926 0.07107424  0.03626000  0.000000944054  0.000010701242  0.000002280220 -0.000009784359 -0.250434123350  0.838175997707
126 0.14358339 0.07109580  0.00097715  0.000000496798  0.000001244795  0.000002115830 -0.000000767570 -0.031479475420  0.140090089813
127 0.12712186 0.07114929  0.00076651  0.068253322372  0.020432625825 -0.100858016017 -0.030192869819  0.000102546635  0.000031914010
128 0.00830263 0.07114937  0.00000327  0.000004516154  0.000022845203 -0.000007333211 -0.000032970634 -0.002370390764 -0.007956959905
129 0.05517999 0.07121420  0.00014456  0.000000151718  0.000000071589 -0.000000492400  0.000000025795 -0.010000572629  0.054266195346
130 0.08429916 0.07122164  0.00033742  0.043556546324 -0.005554973279  0.071382226760 -0.009103957092  0.000118267222 -0.000014739361
131 0.08198826 0.07123317  0.00031922 -0.067815364106 -0.008534173857 -0.044926101148 -0.005653064933  0.000083007386  0.000015146319
132 0.11009717 0.07123340  0.00057563  0.000002595681 -0.000007682378  0.000000034626 -0.000005015662  0.003860091842  0.110029476370
133 0.00230910 0.07126162  0.00000025 -0.000000247287 -0.000000413115 -0.000000373458 -0.000000626092  0.002229297428 -0.000601792403
134 0.00748342 0.07127874  0.00000266  0.007218732851  0.000849823152 -0.001767846203 -0.000208044869  0.000026873068  0.000003508952
135 0.00663415 0.07129321  0.00000209  0.000001047530 -0.000000024681  0.000000047484 -0.000000056236 -0.004433851807  0.004934867891
136 0.01993147 0.07131398  0.00001889  0.000000033199  0.000000131890  0.000000312520 -0.000000556994  0.002336961876 -0.019793992520
137 0.00322658 0.07135221  0.00000050  0.000000807462 -0.000000941423 -0.000001895107  0.000004300261  0.002596525920  0.001915423604
138 0.40828320 0.07135470  0.00792966 -0.366578045783  0.023061869509  0.177930215070 -0.011166579901  0.000009714955 -0.000001410657
139 0.38868068 0.07135524  0.00718655 -0.158615661307  0.004706366864 -0.354657850439  0.010459706300 -0.000000319539  0.000001174995
140 0.33717469 0.07136602  0.00540892  0.000000072751 -0.000000580599  0.000000948523  0.000000571503 -0.085710201395  0.326098966452
141 0.11213210 0.07137124  0.00059826  0.068539591540  0.030584767051 -0.076078944515 -0.033948470696  0.000020977762  0.000006092266
142 0.07913096 0.07139043  0.00029802  0.037570886777 -0.002779509656  0.069397649449 -0.005135608491  0.000053890975 -0.000004494286
143 0.00903318 0.07140312  0.00000388 -0.000000572412 -0.000000115196 -0.000000687188  0.000000389817 -0.007973877205 -0.004244471255
144 0.05639897 0.07142948  0.00015147  0.000000224715 -0.000000238099 -0.000000367518 -0.000000040905  0.012289026688 -0.055043837640
145 0.02707848 0.07143837  0.00003492 -0.014053315413 -0.000118418809 -0.023145007993 -0.000195019108 -0.000069983652 -0.000000724999
146 0.02547929 0.07146390  0.00003093  0.008972457348  0.002542561561 -0.022812796336 -0.006463567826  0.000146014873  0.000041285568
147 0.02465090 0.07148209  0.00002896  0.000000700123 -0.000000243307  0.000000297695  0.000000112741 -0.012803634992  0.021064985902
148 0.00417118 0.07151154  0.00000083  0.000000486036 -0.000000047868  0.000000566322  0.000000424352  0.003007924876  0.002889832301
149 0.04070288 0.07152474  0.00007900  0.037564264210  0.009255174202 -0.012268549822 -0.003023240820 -0.000561727644 -0.000138559082
150 0.02991550 0.07152587  0.00004267 -0.004464809250 -0.003339671524  0.023539531837  0.017597727470  0.000195621823  0.000145520367
151 0.00651463 0.07158388  0.00000203  0.005125038765  0.001368717212  0.003573398726  0.000953873960 -0.000762006582 -0.000203212797
152 0.01277986 0.07170631  0.00000781  0.000558229401 -0.000041788580 -0.012731672812  0.000956099332 -0.000043980492  0.000002823455
153 0.00704524 0.07170752  0.00000237 -0.000000914917 -0.000000163155  0.000000152139  0.000000844069 -0.006654286523 -0.002314285761
154 0.08559142 0.07172099  0.00035028 -0.000000591138  0.000000346524  0.000000919028  0.000000101886  0.011044125167 -0.084875897604
155 0.04890292 0.07173215  0.00011436 -0.036618885418 -0.007563778215  0.030862308732  0.006374947513 -0.000458694911 -0.000095764053
156 0.02196441 0.07173362  0.00002307  0.000000593712  0.000000393910 -0.000000877744 -0.000000167700  0.019380955762 -0.010335082514
157 0.04181468 0.07174246  0.00008363  0.000000079063 -0.000000602045  0.000000225854  0.000000132777 -0.007512420842  0.041134308586
158 0.01402199 0.07174893  0.00000940  0.008561245425 -0.000783358730  0.011031324599 -0.001008590271  0.000018532457 -0.000001564757
159 0.03731227 0.07177560  0.00006662  0.022605777470  0.005291682952 -0.028438813029 -0.006658599454 -0.000274128147 -0.000064215150
160 0.06697796 0.07179511  0.00021472 -0.000000114273 -0.000000516204  0.000000110780  0.000000264222  0.035197484525 -0.056984074719
161 0.01874456 0.07185559  0.00001683 -0.001125829801 -0.001881668289  0.009559763273  0.015973749853 -0.000011815072 -0.000018248310
162 0.00146109 0.07190318  0.00000010 -0.000000300066  0.000000096321  0.000000698887  0.000000512673  0.000377147053 -0.001411576714
163 0.01112091 0.07190341  0.00000593  0.002387074249  0.002829012348 -0.006762036760 -0.008015240695  0.000041082759  0.000048293011
164 0.01083454 0.07191158  0.00000563  0.000000631095  0.000000246854 -0.000000614366 -0.000000533509  0.009654820242 -0.004916482398
165 0.03170531 0.07191422  0.00004819 -0.004992123081  0.000013566190 -0.031309704785  0.000081652462  0.000032123687 -0.000001228274
166 0.00648846 0.07193269  0.00000202  0.000000168231  0.000000291513 -0.000000446287 -0.000000367940  0.006252998319 -0.001732102203
167 0.05333452 0.07193774  0.00013642  0.040953988700  0.010029678132 -0.031722763858 -0.007769231537  0.000222493972  0.000055130941
168 0.00609532 0.07194141  0.00000178  0.000000027772 -0.000000244300 -0.000000442255 -0.000000119792  0.005689145884  0.002187826740
169 0.01170543 0.07195959  0.00000657 -0.010268846761  0.001753467374  0.005261605560 -0.000899198789  0.000009570636  0.000001050710
170 0.10109568 0.07196003  0.00049030  0.000000996525  0.000000591461  0.000000106888 -0.000000235545 -0.018821909633  0.099328104574
171 0.09235237 0.07196473  0.00040919 -0.072883040882  0.002082702448 -0.056657441989  0.001618457669  0.000006684750  0.000000411150
172 0.07931226 0.07197474  0.00030183 -0.058244731046 -0.014328933869  0.050388484676  0.012395856080 -0.000102792575 -0.000025648172
173 0.02177572 0.07198321  0.00002276 -0.000000503710  0.000000658503 -0.000000009130  0.000000197545  0.004286993759 -0.021349562784
174 0.00277999 0.07199275  0.00000037  0.000000495273  0.000000313185 -0.000000200155 -0.000000009774  0.002779631648  0.000044344621
175 0.08981980 0.07201516  0.00038733 -0.000111194538  0.064977525186  0.000106868710 -0.062010809671 -0.000001818496  0.000392064670
176 0.00715927 0.07203269  0.00000246 -0.000000077305 -0.000000255210 -0.000000126357 -0.000000320425 -0.006297651249 -0.003405100659
177 0.02818405 0.07207609  0.00003817  0.017873823388  0.001634406393  0.021639804114  0.001978503557  0.000020083950 -0.000000179125
178 0.04125069 0.07208239  0.00008177  0.000000293824 -0.000000282094  0.000000192659 -0.000000134353  0.017880701260  0.037173915632
179 0.00963049 0.07210286  0.00000446  0.000000094273 -0.000000084808 -0.000000194518  0.000000185888  0.008911073866  0.003652270684
180 0.01855729 0.07212155  0.00001656  0.015944681326  0.003455566173 -0.008611746126 -0.001866728132 -0.000726433062 -0.000157337307
181 0.13512722 0.07216991  0.00087852 -0.089573672340 -0.007738594867 -0.100501858640 -0.008683809249 -0.000063556245 -0.000008219822
182 0.02214592 0.07217515  0.00002360  0.000004811961  0.000001317489  0.000002653516  0.000001635856 -0.010019446390  0.019749747756
183 0.03923282 0.07217538  0.00007406  0.029226069919  0.011707449436  0.021729619600  0.008706268465 -0.000098053661 -0.000043711992
184 0.03364355 0.07217953  0.00005447 -0.000000798666  0.000001043786 -0.000000128372 -0.000000981231  0.024130047155  0.023444177077
185 0.19044348 0.07219229  0.00174555 -0.079762043019  0.101597414620 -0.086417045873  0.110076308591 -0.000018360436  0.000022531059
186 0.15727189 0.07219812  0.00119052  0.000000651301 -0.000001086004 -0.000002767406 -0.000002150748 -0.031316200105  0.154122496343
187 0.17555055 0.07222554  0.00148390 -0.128768395694 -0.031775943743  0.111658602861  0.027554842471 -0.000258978543 -0.000063683066
188 0.03033279 0.07223462  0.00004431  0.000001058255  0.000000971064  0.000000751982 -0.000000666185 -0.008319403369  0.029169605343
189 0.02240641 0.07223919  0.00002418 -0.000000889578  0.000001624689  0.000001146580 -0.000000196931  0.018000522085  0.013342730584
190 0.01430940 0.07224346  0.00000986 -0.005637032981 -0.003404812139  0.010873627276  0.006569182232  0.000001900621  0.000002134776
191 0.00117139 0.07224449  0.00000007 -0.000001301587 -0.000000406872  0.000000301310  0.000000061165  0.000242960921  0.001145911956
192 0.05820388 0.07226319  0.00016320  0.051063349687  0.012742862247 -0.024116616754 -0.006018415264 -0.000111184009 -0.000028194601
193 0.02164526 0.07228248  0.00002258 -0.000001659432  0.000000370928 -0.000000173514 -0.000000089826  0.006452617478 -0.020661096176
194 0.01937611 0.07228821  0.00001809  0.000000277001  0.000000990516  0.000000103583  0.000001641476  0.014328294524  0.013043526136
195 0.05620040 0.07229093  0.00015222 -0.027479641776  0.005409248939 -0.047806845548  0.009412722413 -0.000003220809 -0.000000377899
196 0.06221255 0.07229773  0.00018655 -0.044437840978 -0.000114836557 -0.043539105957 -0.000112947829  0.000006174139 -0.000001389731
197 0.10178761 0.07230478  0.00049942 -0.059449183962 -0.015199245964  0.078680724228  0.020116694416 -0.000384996048 -0.000094386908
198 0.12878720 0.07231205  0.00079959 -0.000001477428  0.000000797625  0.000000265694  0.000000777747 -0.049933849752  0.118712904513
199 0.10739339 0.07231963  0.00055606 -0.000000029208 -0.000000810969 -0.000000262679 -0.000001197337  0.063521633008  0.086592965650
200 0.03599406 0.07232843  0.00006247  0.027154207606  0.004209562870  0.022974344715  0.003560466580  0.000058908184  0.000006053966
201 0.15538093 0.07234799  0.00116448  0.124933977041 -0.001345884174  0.092368439778 -0.000997663484  0.000019592197 -0.000000687782
202 0.28929572 0.07235435  0.00403699  0.000001685155 -0.000000176570  0.000000432816 -0.000002004540  0.081915962544 -0.277455918439
203 0.17886489 0.07237336  0.00154361  0.000000958169 -0.000001317682 -0.000002093162  0.000001125025 -0.000101492921 -0.178864856789
204 0.22741544 0.07240191  0.00249631  0.152798374979  0.037146176317 -0.159637633273 -0.038810066822 -0.000438281998 -0.000112828908
205 1.61435574 0.07242237  0.12582877  1.133013145826  0.291707136625 -1.077222905901 -0.277350669794  0.000056176390 -0.000114991327
206 2.64780218 0.07243147  0.33853776 -0.000054040813  0.000012245321  0.000053700220 -0.000012910716 -0.946389120936 -2.472893850580
207 0.03543446 0.07246434  0.00006066  0.000001914495  0.000000212757  0.000000257936  0.000000091814 -0.034792094759 -0.006716471257
208 0.15104244 0.07246924  0.00110220 -0.099889797050 -0.023918745938  0.107697516938  0.025786480817 -0.000199163717 -0.000047610570
209 0.10197358 0.07248045  0.00050246  0.065552507442 -0.006188972394  0.077521613324 -0.007319168282 -0.000072518642  0.000008483789
210 0.18011214 0.07248171  0.00156756 -0.000002728306  0.000001242680 -0.000004792462  0.000000324308 -0.036997400571  0.176271308599
211 1.55227667 0.07249619  0.11645608  1.055148668819 -0.038255508319  1.137128640413 -0.041220391635 -0.000000835338  0.000002186749
212 0.03917821 0.07251761  0.00007421  0.000000594970  0.000001848517  0.000000997038  0.000002179119 -0.032215687309 -0.022295327377
213 0.58550253 0.07253109  0.01657641  0.396189454395 -0.007152100027  0.430970393020 -0.007777770108 -0.000001032137 -0.000001359808
214 0.25200043 0.07253129  0.00307069  0.000005784457 -0.000049979582  0.000006804249 -0.000055436020  0.058804109337 -0.245043440237
215 0.08000370 0.07255770  0.00030961 -0.044020375259 -0.010491915132  0.064177410659  0.015296347803  0.000008157968  0.000002065305
216 0.01353156 0.07260077  0.00000886 -0.009985411174  0.000300984672  0.009119632649 -0.000276122149 -0.000244939650  0.000007528658
217 0.02833448 0.07260603  0.00003886  0.009551572602  0.003252842363 -0.025045459984 -0.008526950496  0.000968051377  0.000328623259
218 0.06147640 0.07260755  0.00018294 -0.000000080092  0.000000307244  0.000000136463 -0.000003603212 -0.061278845173 -0.004924533813
219 0.07952849 0.07260759  0.00030615 -0.000000976518  0.000001173816 -0.000000397427  0.000000891068  0.038003453315  0.069860708956
220 0.02211527 0.07267151  0.00002370  0.000000971908 -0.000000225953 -0.000000354691 -0.000000043712 -0.002053079950  0.022019759806
221 0.00721779 0.07267159  0.00000252 -0.006234124643 -0.000331323550  0.003615934189  0.000192926670 -0.000101230965 -0.000003545717
222 0.00287664 0.07267227  0.00000040  0.000000811617 -0.000000888022 -0.000000013415 -0.000000361988  0.002667078871  0.001077833037
223 0.04772342 0.07267499  0.00011035  0.036207979862  0.009226629451 -0.028768649022 -0.007330842399 -0.000013558216 -0.000004069780
224 0.00641174 0.07275143  0.00000199 -0.000000044150  0.000001535752  0.000000754151 -0.000001170515  0.003380930657  0.005447904053
225 0.02470085 0.07275926  0.00002960 -0.000000773340 -0.000001471028  0.000001475145  0.000001321106  0.014406419149 -0.020064566428
226 0.02304423 0.07275962  0.00002576  0.001645176575  0.000100543604 -0.022942002143 -0.001408638062 -0.000004679708 -0.000002326560
227 0.01609127 0.07276537  0.00001256  0.013747378378  0.003958468134 -0.007075763907 -0.002038001226  0.000213406040  0.000061508920
228 0.05508834 0.07281799  0.00014732  0.000000896997 -0.000002394390 -0.000000643501  0.000002624338  0.027119149724 -0.047950775435
229 0.01161107 0.07282699  0.00000655 -0.000036602929  0.000053481555  0.000028651655 -0.000042386004 -0.005887235328 -0.010007523513
230 1.01341092 0.07282822  0.04986313  0.768235444466  0.186072714026 -0.616365308641 -0.149287480180 -0.000008427489 -0.000004810033
231 0.15658327 0.07283223  0.00119048  0.027137007435  0.005300284111 -0.151269277002 -0.029519777190  0.000012493035  0.000001311839
232 0.13746341 0.07285143  0.00091774 -0.097580880458  0.040851685486  0.080970167091 -0.033898523481  0.000142942786 -0.000059976771
233 0.32186723 0.07289133  0.00503429  0.000000582906 -0.000000808734 -0.000000870219  0.000000280033  0.277659443639  0.162799721603
234 0.09892740 0.07289973  0.00047563  0.000000339771  0.000001257159 -0.000000316850 -0.000001604346  0.086016473115 -0.048865096967
235 0.07436239 0.07296119  0.00026897 -0.000000284589 -0.000001662523 -0.000000497333  0.000000418345  0.065136087071 -0.035875552257
236 0.01279325 0.07296988  0.00000796 -0.000000807709  0.000000576566  0.000001555547 -0.000000215252  0.002030049734 -0.012631153651
237 0.01782111 0.07297066  0.00001545  0.003843490219  0.000642360864  0.017152821227  0.002861385256 -0.000008873438  0.000001532953
238 0.01633980 0.07299008  0.00001299 -0.000700487704  0.000025921661  0.016283843249 -0.000623251567  0.000971795837 -0.000038268047
239 0.26860987 0.07306089  0.00351429 -0.149799839889  0.047963774163 -0.207370114722  0.066395650849  0.000015423809 -0.000006425811
240 0.17880888 0.07307216  0.00155754  0.109573284803 -0.005617383591  0.141005371796 -0.007227750192  0.000010769620  0.000000051760
241 0.01329598 0.07310854  0.00000862 -0.000000006090  0.000001007923 -0.000000101846  0.000001639778  0.007861311152 -0.010723004116
242 0.00644631 0.07310913  0.00000203 -0.000001089644  0.000000087336 -0.000001392372  0.000000571328 -0.001710743825  0.006215159425
243 0.05778597 0.07311243  0.00016276  0.053945925697  0.000387529459  0.020709444809  0.000148757157  0.000041421045 -0.000002458419
244 0.01343194 0.07312326  0.00000880 -0.000002515600  0.000004591486  0.000002615308  0.000004229816  0.013005811200  0.003356459020
245 0.13161498 0.07312892  0.00084452  0.091479346074  0.022368568795 -0.089312861150 -0.021837843132 -0.000038202645 -0.000012781935
246 0.25110939 0.07313149  0.00307425  0.000000090781 -0.000001572731 -0.000000107727 -0.000001980323 -0.174852352375  0.180229241046
247 0.15645957 0.07313741  0.00119358 -0.076794956054 -0.011915800899  0.134187629067  0.020827733331  0.000172798809  0.000022124179
248 0.03484904 0.07313921  0.00005922  0.000010898326 -0.000000093106  0.000010429377 -0.000002698856  0.033688036411 -0.008920293071
249 0.81813245 0.07314725  0.03264029 -0.521468366169  0.013977386650 -0.630024584320  0.016885039434 -0.000024091818  0.000020803238
250 0.49828611 0.07314952  0.01210815  0.000025632487 -0.000006677383  0.000024113084 -0.000013951652 -0.150050184957  0.475156808723
251 0.11233877 0.07315988  0.00061552 -0.053345849547 -0.001639360811 -0.098804453538 -0.003035081042  0.000028592698 -0.000006926133
252 0.02268228 0.07316164  0.00002509 -0.000006446194  0.000013180820 -0.000004685128  0.000003398412 -0.022445514534 -0.003268687904
253 0.00656444 0.07316813  0.00000210 -0.000006564928  0.000003893763 -0.000003378951 -0.000006029796 -0.002092633483  0.006221951867
254 0.68958631 0.07318263  0.02320032  0.537642060400 -0.023480432912 -0.430772692405  0.018809886913  0.000210969682 -0.000012443348
255 0.01846353 0.07318397  0.00001663  0.000050605557  0.000040181281 -0.000040186836 -0.000024087244 -0.008896340071 -0.016178715389
256 0.10807958 0.07318768  0.00056995 -0.097472200895 -0.005664728092  0.046271450222  0.002687969039 -0.000063384494 -0.000006247518
257 0.02284532 0.07319052  0.00002547  0.000010435012 -0.000005540048 -0.000001396328  0.000001762295  0.012138796545  0.019353500555
258 0.05677272 0.07320269  0.00015730 -0.040488647934 -0.013728199916  0.035370760524  0.011994516769  0.000590660479  0.000198813896
259 0.00751107 0.07320310  0.00000275 -0.000003424718 -0.000002798376  0.000002423794  0.000009367835 -0.002915772424 -0.006922021910
260 0.23494295 0.07321469  0.00269421 -0.131582766306 -0.004653500226 -0.194461397194 -0.006875666118 -0.000012934602 -0.000002118099
261 0.04447443 0.07325230  0.00009659  0.033424880791  0.009145851089 -0.026841522452 -0.007343427472  0.001588824248  0.000433296604
262 0.03201200 0.07326412  0.00005005  0.000000101433 -0.000000689307 -0.000000760992  0.000000045226  0.031645245988  0.004831833077
263 0.04606756 0.07328395  0.00010368 -0.045879738894 -0.000124941824 -0.004153046403 -0.000011748637  0.000076836397  0.000002243321
264 0.16634377 0.07328607  0.00135190 -0.000000324463 -0.000000657017  0.000000985879  0.000001093494 -0.034400759754  0.162747771292
265 0.29738390 0.07330432  0.00432189  0.000000078158 -0.000000635596 -0.000001312605 -0.000000218805  0.100636976750 -0.279838137056
266 0.05671596 0.07331353  0.00015722  0.041526357996  0.000056219697  0.038626904694  0.000051232274  0.000466634199  0.000001055970
267 0.08167157 0.07332014  0.00032604 -0.000000645488  0.000000667432  0.000000215418 -0.000000453655 -0.004695134657  0.081536504139
268 0.01461943 0.07332523  0.00001045  0.001008710843  0.000556454762  0.012758679427  0.007041753585 -0.000152979533 -0.000082919939
269 0.05212586 0.07333413  0.00013284  0.000000339761 -0.000000147783  0.000000408957 -0.000000381225  0.033028742319 -0.040326266968
270 0.12014396 0.07333663  0.00070572 -0.053617553313 -0.017831464541  0.100597488213  0.033454443205 -0.001563855375 -0.000518074228
271 0.13565520 0.07336201  0.00090002 -0.112585255407 -0.026003917721  0.069243767513  0.015993570423 -0.000432253795 -0.000099589097
272 0.61092591 0.07336388  0.01825442  0.409025334659  0.096506781789 -0.431562925474 -0.101826422608  0.000047374809  0.000005465952
273 0.01297400 0.07336980  0.00000823  0.000004695258  0.000000176526 -0.000003851771  0.000001021523  0.011884155227  0.005204953697
274 0.08959569 0.07337334  0.00039266 -0.000000479892 -0.000000179779  0.000000559361 -0.000001946702 -0.016418556613  0.088078477630
275 0.04811922 0.07339269  0.00011329 -0.000000696220 -0.000001252778 -0.000000664038  0.000002977374 -0.046136831709 -0.013669392375
276 0.03773114 0.07340529  0.00006967 -0.019850829925 -0.001238353252 -0.032000958504 -0.001996598868  0.000050522115 -0.000002901690
277 1.15427948 0.07341687  0.06521186  0.000002872527  0.000001874773 -0.000001306912 -0.000000526391 -0.342143791391  1.102405890087
278 1.35518460 0.07343622  0.08991166 -0.997548620690  0.038055415512 -0.915833805230  0.034960990792  0.000034196660  0.000001812008
279 0.31222353 0.07344374  0.00477304  0.158561801640 -0.012110823495 -0.267907236692  0.020511631446 -0.000032704081  0.000001890788
280 0.43656129 0.07344488  0.00933170  0.346341142086 -0.023652146763 -0.264097299119  0.018076713760  0.000034700397 -0.000005989829
281 0.02364788 0.07345430  0.00002738  0.000001281526  0.000004760895 -0.000000361057  0.000002348659  0.023561997119  0.002013582931
282 0.02683346 0.07347327  0.00003527 -0.000001107158 -0.000000910066 -0.000000861263  0.000000530868  0.004582378188 -0.026439297337
283 0.04658659 0.07347753  0.00010631  0.008894186263  0.002712527571 -0.043639324745 -0.013304804136 -0.001493500534 -0.000455283184
284 0.11845864 0.07349575  0.00068755  0.000001861342 -0.000001200524  0.000001672781  0.000000033351  0.016538045170 -0.117298522520
285 0.05056716 0.07349756  0.00012529 -0.041042748307  0.002114060043 -0.029423580596  0.001514977649  0.000138129781 -0.000007777404
286 0.01245549 0.07350739  0.00000760 -0.000000375078 -0.000001781695  0.000000020815 -0.000000097656 -0.010796062851  0.006211626593
287 0.11593187 0.07352976  0.00065884  0.051757863816  0.012264151341 -0.100228585520 -0.023749034263  0.001032733336  0.000245073721
288 0.39592168 0.07362042  0.00769353  0.000002266712 -0.000000859727 -0.000002553966  0.000000174690  0.111770643125  0.379817456023
289 1.76782430 0.07366637  0.15348155 -0.000032461442 -0.000036795130  0.000104504323  0.000107120615 -1.042337891090  1.427842588331
290 1.88916252 0.07366807  0.17527771  0.483839810897  0.468669422732 -1.267742814818 -1.228011064834 -0.000086856618  0.000126357150
291 0.82957378 0.07368452  0.03380610 -0.000005066353  0.000004730893 -0.000006775419 -0.000007187731 -0.409918533936  0.721220802822
292 1.68769120 0.07370882  0.13996329 -1.667263428674 -0.254917938975 -0.058905216469 -0.009015515476 -0.000009950512 -0.000012879471
293 1.86693390 0.07372453  0.17130839 -1.544922738745 -0.259833860123  1.001385334054  0.168433110391 -0.000018350141 -0.000007612201
294 3.17491789 0.07373147  0.49548060 -0.000010197386 -0.000012764659  0.000008892456  0.000002050288 -0.126032187426  3.172415404735
295 1.80493279 0.07376919  0.16021598 -0.910798226718  0.349038137214 -1.418125354968  0.543435206082  0.000020674138 -0.000003000819
296 0.02962657 0.07378727  0.00004318  0.000000923597 -0.000003433150  0.000002637709 -0.000002052445 -0.006688691394 -0.028861654097
297 0.04699612 0.07379231  0.00010865 -0.041609112941 -0.004250498585 -0.021319064874 -0.002179014523  0.000001166291 -0.000000860802
298 0.02309658 0.07379731  0.00002624 -0.000000502256 -0.000000237054  0.000001408663 -0.000001139902 -0.008598437924  0.021436388759
299 0.09119335 0.07380471  0.00040918  0.037592405490  0.025624960060 -0.065292998683 -0.044507681065 -0.001251304287 -0.000851347958
300 0.04043335 0.07385531  0.00008050 -0.000001162349 -0.000002824008  0.000002400819  0.000006199005  0.018741989672  0.035827270013
301 0.56811692 0.07385953  0.01589244  0.186725656732  0.049067383313 -0.516764341150 -0.135784293668 -0.000012010380 -0.000006284321
302 0.30782822 0.07386669  0.00466632  0.000004221481  0.000001617744  0.000243836517  0.000061723686 -0.116198283975  0.285054573900
303 0.17892287 0.07386672  0.00157648 -0.001032938744  0.000051863826 -0.178682669666  0.009199581584 -0.000042121663  0.000439207713
304 0.00849571 0.07390025  0.00000356 -0.000000864595 -0.000000707091  0.000000603498 -0.000003067866 -0.008284882491 -0.001880890367
305 0.23519348 0.07392627  0.00272620 -0.000001388110 -0.000000152176  0.000001619425 -0.000000304680  0.044302986750 -0.230983157859
306 0.07655770 0.07394015  0.00028891  0.068093076502  0.014579324906  0.031104266291  0.006661969136 -0.000008170664  0.000003279062
307 0.04624325 0.07395184  0.00010543  0.045648075395 -0.004181294627 -0.006074395136  0.000556566456 -0.000008278309  0.000000752398
308 0.07543447 0.07399536  0.00028071 -0.000002495973 -0.000000388605  0.000000436620  0.000002142086  0.074943226941  0.008594908621
309 0.31995458 0.07401645  0.00505142 -0.238839148066 -0.092417465120 -0.178870561847 -0.069217976748 -0.000031082009 -0.000013507705
310 0.26251782 0.07401842  0.00340068  0.123411288192  0.021748822543  0.227178672684  0.040026236241 -0.000030357865 -0.000007681643
311 0.16463994 0.07403135  0.00133781  0.000000152964  0.000000302589 -0.000000017227  0.000000112595  0.163571384052 -0.018727341847
312 0.17132097 0.07403208  0.00144860 -0.000002409791  0.000000489283 -0.000003686892 -0.000000828701  0.012179909718 -0.170887461217
313 0.67032001 0.07405493  0.02218335  0.511023294684 -0.017326239696  0.433206794254 -0.014689404876  0.000003695173 -0.000000771947
314 0.46664461 0.07408457  0.01075497 -0.129248936768 -0.021484696658  0.441809305664  0.073449647562  0.000002542017 -0.000001123026
315 0.26693416 0.07409037  0.00351948  0.000001042461  0.000001181058  0.000002395397  0.000003426727 -0.050087906872  0.262192771497
316 0.05520875 0.07415570  0.00015068 -0.000007449967  0.000008847195  0.000005574208 -0.000006692460  0.034568871108  0.043046476618
317 1.02678811 0.07415850  0.05212323 -0.862819591436 -0.148199979692  0.528794026610  0.090828499938  0.000075593592  0.000015667392
318 0.57295161 0.07416601  0.01623116 -0.000000671468  0.000004593110  0.000002139877 -0.000003431727 -0.461176207171  0.339985376667
319 0.75274847 0.07421048  0.02803327 -0.341846120494  0.234838309288 -0.517784895768  0.355698268274 -0.000013441466  0.000011645052
320 0.12912175 0.07423206  0.00082509  0.124432574140 -0.017924810791 -0.029154226524  0.004206379688 -0.000009207236 -0.000000197453
321 0.15900137 0.07423774  0.00125122 -0.000001890601  0.000002072043 -0.000004607847  0.000005268996  0.130928004901  0.090218028840
322 0.43340252 0.07424778  0.00929769  0.000002500171  0.000000192243  0.000002316100 -0.000007147342 -0.430290221276 -0.051846599774
323 1.99088850 0.07425360  0.19620954 -0.000047445494 -0.000007310129  0.000051310768  0.000011750982  0.105651906800 -1.988083170597
324 1.76757835 0.07425707  0.15466922 -1.118490812679 -0.385494489563  1.241603984921  0.427931136886 -0.000038489994  0.000079346473
325 1.74859454 0.07427043  0.15139200  1.290607778156  0.172077287399  1.156938453766  0.154263553432  0.000010267126  0.000017138085
326 0.76057330 0.07427878  0.02864545 -0.000001603250  0.000004517474  0.000012241962  0.000010781773  0.743917513893  0.158298683505
327 1.06223741 0.07429207  0.05588489 -0.563335354834 -0.135880411617  0.865436625357  0.208704483856 -0.000015813668 -0.000018862946
328 2.06693525 0.07429352  0.21159890 -0.000017350423 -0.000001357674 -0.000014905327 -0.000008316762  1.484088847051  1.438645760260
329 1.93133687 0.07429662  0.18475401 -1.244768672332  0.195585990174 -1.445936019030  0.227218393218 -0.000012272442 -0.000000763168
330 0.11779658 0.07430621  0.00068738 -0.000014364680  0.000006681205  0.000001234536 -0.000015429120 -0.033257473791 -0.113004314603
331 1.12838732 0.07431267  0.06307947 -1.015341362947 -0.228163327412  0.425598982506  0.095639230444 -0.000045450649 -0.000017120628
332 0.54313341 0.07431622  0.01461522 -0.000033303178 -0.000010656973  0.000009723434  0.000012089586  0.460325350064  0.288261118531
333 0.99983129 0.07435477  0.04955312  0.000000889560 -0.000000062893  0.000005019159  0.000003805331 -0.198678365164  0.979892605495
334 1.45162893 0.07436339  0.10446700 -0.993089989628  0.050000842962 -1.056253135808  0.053179358464 -0.000010106811  0.000000220610
335 0.14409134 0.07437685  0.00102949  0.000014111530  0.000000047013 -0.000006639294  0.000000462195 -0.143859677031 -0.008167463702
336 0.42668968 0.07437862  0.00902778  0.238160636039  0.059471132272 -0.338611306741 -0.084552717535  0.000013680210  0.000006888591
337 2.72739852 0.07440964  0.36900747 -1.905320833258 -0.472009190211  1.838021300270  0.455346253823  0.000013457544 -0.000001835918
338 3.33244408 0.07443255  0.55105812 -0.000051835878 -0.000015978734 -0.000044388156 -0.000011368898 -0.996631229587  3.179922908920
339 1.50694385 0.07443324  0.11268597 -1.070710592007 -0.097477544802 -1.051565365003 -0.095744414380  0.000025633763 -0.000151061766
340 0.30734478 0.07448222  0.00469043 -0.000004107744 -0.000012060874  0.000009394007  0.000008249016  0.284262692457 -0.116856899326
341 1.22535790 0.07448520  0.07455978 -1.016429622756 -0.326353619979  0.572749730839  0.183912628520 -0.000073814266 -0.000025810222
342 0.79306907 0.07449303  0.03123535  0.121352071194  0.015520732099 -0.777255113122 -0.099324821518 -0.000001918431  0.000630220894
343 0.59246444 0.07449310  0.01743209 -0.000137842467 -0.000032353007  0.000805861181  0.000206720096 -0.115824528125  0.581031904747
344 0.53799327 0.07452387  0.01437997 -0.418986825281 -0.139201468501 -0.291743872503 -0.096929183543  0.000012686769  0.000009794351
345 0.14191713 0.07452631  0.00100066 -0.000018476677 -0.000007838624 -0.000015767799 -0.000001281887  0.022845610470 -0.140066229944
346 0.35161900 0.07453907  0.00614380  0.227812450352  0.057305128003 -0.253733503381 -0.063818793569 -0.000039099517 -0.000002668385
347 0.61707244 0.07454627  0.01892374 -0.000003540393  0.000000747213  0.000000740378  0.000005631549 -0.296229741462  0.541319072968
348 0.70789102 0.07455072  0.02490539 -0.000001082756  0.000001100035 -0.000002739234 -0.000001650047  0.005366870701  0.707870674531
349 0.32970400 0.07455619  0.00540307  0.000001345114  0.000003766605  0.000000839030 -0.000002739189 -0.180388048147  0.275979854988
350 0.43270354 0.07456172  0.00930691 -0.301758557566 -0.109940286592  0.272459898891  0.099261605283 -0.000020050192 -0.000001452430
351 1.30088111 0.07457721  0.08413760 -0.731012145965 -0.009780354086 -1.075922871583 -0.014394877971  0.000012542356 -0.000004200827
352 0.49757000 0.07458627  0.01231051  0.000000464562  0.000000911402  0.000002406740  0.000005934661 -0.131950527682  0.479755105563
353 0.48796837 0.07459357  0.01184114  0.000003664185  0.000004943502 -0.000003040832  0.000001263740 -0.014130798650  0.487763720458
354 1.10920607 0.07461394  0.06120024 -0.576927247632 -0.143190680746  0.908901812422  0.225581410575 -0.000012211070 -0.000001499352
355 1.17282093 0.07464190  0.06844707 -0.380224628386 -0.051986588214 -1.098041323997 -0.150135952988 -0.000007761764  0.000001864160
356 1.41398325 0.07464737  0.09949741  0.924632993485 -0.997377236733  0.262992147207 -0.283683317138 -0.000004172254 -0.000014486405
357 0.39738457 0.07465375  0.00785927  0.000002473018  0.000009246673  0.000006044508  0.000007848483 -0.396367047892 -0.028419418930
358 0.29124416 0.07465927  0.00422189  0.023802689130 -0.004346692730 -0.285537329488  0.052020492318 -0.000012018839 -0.000012538187
359 2.53605161 0.07466659  0.32014833 -0.000006191237  0.000006858094  0.000000541617  0.000003823661 -0.954888439280 -2.349413938895
360 0.96641608 0.07470306  0.04651311  0.000004644383 -0.000002567165  0.000002285948 -0.000004368716  0.119493960337  0.959000123155
361 2.31033039 0.07471246  0.26585815  1.642131511768 -0.179816990138  1.605548953685 -0.175809563948  0.000010037853 -0.000008780471
362 0.54832849 0.07471523  0.01497613 -0.000024379073  0.000002180913 -0.000023745120 -0.000001359116  0.484888200902 -0.256022578773
363 0.42321051 0.07471780  0.00892166 -0.000013027447 -0.000002057421 -0.000017092601 -0.000003492535  0.398492850078  0.142515194694
364 0.65810900 0.07474079  0.02158053 -0.297579913832  0.062942619364  0.570965472143 -0.120790341457 -0.000010087145  0.000003015754
365 1.26401676 0.07474889  0.07961944  0.905630550631 -0.010970929232  0.881667236632 -0.010685798851  0.000000065766 -0.000000667604
366 1.89148967 0.07476548  0.17832729  1.414487142795  0.355814007650 -1.167922330332 -0.293790912585 -0.000041245017 -0.000011680705
367 0.03711860 0.07478740  0.00006869 -0.000002123348 -0.000000243937 -0.000002522536 -0.000001503793  0.007844037829 -0.036280323758
368 0.47569683 0.07480885  0.01128554  0.000000341447 -0.000000464664 -0.000003043525 -0.000001455887  0.052288691994 -0.472814307861
369 0.43514513 0.07482221  0.00944512  0.000003199977 -0.000009041541 -0.000010379065  0.000054452502  0.273795718606 -0.338211747806
370 0.14419120 0.07482234  0.00103709 -0.029211381865  0.003371909755  0.140230055598 -0.016184167166  0.000165727650  0.000074639470
371 0.47310631 0.07483084  0.01116624  0.364117923553  0.100423522246 -0.274636903971 -0.075745632910  0.000003804090  0.000000044403
372 0.11326547 0.07483832  0.00064007  0.017385196234  0.005376691721  0.106787348448  0.033081354959 -0.000000551794 -0.000002294037
373 1.36426492 0.07483983  0.09286220 -0.790092721893 -0.036240549076  1.110434253726  0.050937696750 -0.000003972542  0.000000417656
374 0.10906399 0.07484178  0.00059349 -0.000008540394  0.000036604821  0.000016107067 -0.000049697236 -0.071297178199 -0.082532797041
375 0.29100380 0.07485188  0.00422580 -0.000000191539 -0.000002454913  0.000000191395  0.000003443504  0.020294377727 -0.290295283639
376 0.12000367 0.07487055  0.00071880  0.000001426824  0.000000620893 -0.000001930141 -0.000001334717  0.105156722299  0.057818207162
377 0.88127947 0.07489062  0.03877604 -0.000000546279  0.000001025268 -0.000000952118 -0.000001032303 -0.252398727750  0.844362709356
378 0.11047312 0.07489458  0.00060936  0.074331414839  0.010194179468 -0.080336109778 -0.011015344336 -0.000027673099 -0.000002141752
379 0.07964008 0.07489836  0.00031670  0.035646037042 -0.018209326542  0.061313377268 -0.031320799284  0.000012425225  0.000000165466
380 0.18502963 0.07490340  0.00170959  0.000000164871 -0.000000888625  0.000003556590 -0.000000726334 -0.011315016395 -0.184683339206
381 0.35747113 0.07491069  0.00638167 -0.200860513311 -0.056581716944  0.279367429251  0.078695705123 -0.000009842426 -0.000004683730
382 0.09291895 0.07491352  0.00043120  0.000003244506  0.000001080414 -0.000003209380 -0.000000917502  0.025833110303 -0.089255704685
383 0.02577677 0.07492954  0.00003319  0.000004275067 -0.000001969761  0.000003389474 -0.000002652458  0.022662196294  0.012282777741
384 0.45870982 0.07493446  0.01051154  0.303396109937  0.006457111318  0.343904407803  0.007318505462  0.000003922506 -0.000004474620
385 0.65493474 0.07496751  0.02143768 -0.575448451133 -0.037773535725 -0.309775431894 -0.020271433249  0.000002132710 -0.000034026650
386 0.76510688 0.07496874  0.02925723  0.414976021982  0.126748405669 -0.602712337613 -0.184000336619  0.000012263847  0.000006019659
387 1.03881845 0.07496917  0.05393501  0.000018991502  0.000004015452  0.000008420042 -0.000000154928  0.194749262309 -1.020400164776
388 0.08281397 0.07499799  0.00034290  0.080597660434 -0.002451054173 -0.018863564445  0.000573924844 -0.000001340849 -0.000000709040
389 0.01664878 0.07501487  0.00001386  0.000000127457 -0.000001706862 -0.000001779999 -0.000000317929  0.016619219201 -0.000991736074
390 0.63909238 0.07503964  0.02043275 -0.000001344965 -0.000004383346  0.000001241721  0.000004308778  0.580721377779 -0.266836559013
391 1.18677754 0.07504980  0.07046881  0.808033331888  0.189946244229 -0.825693311955 -0.194098038045 -0.000035570308 -0.000012673080
392 0.02446240 0.07505896  0.00002994  0.000001650987 -0.000000116472 -0.000002023566  0.000000160309  0.005934620562  0.023731612047
393 0.05392628 0.07506335  0.00014552  0.000004056006 -0.000000919844 -0.000005649035 -0.000000984201  0.017890930278  0.050871979757
394 0.36397211 0.07506600  0.00662961  0.020435430345  0.002628369162 -0.360385073587 -0.046623786917 -0.000007085276 -0.000000476717
395 0.40903288 0.07506682  0.00837285  0.363805343995  0.083470660568 -0.163058033287 -0.037393832948 -0.000006598381 -0.000001822577
396 0.08514503 0.07514748  0.00036320  0.080760922331  0.016936935042 -0.020539923627 -0.004312931567 -0.000006779680 -0.000003236750
397 0.42059673 0.07515038  0.00886282 -0.275591087692 -0.051845166928 -0.308065498827 -0.057955931209  0.000003145557 -0.000001335342
398 0.12912350 0.07515219  0.00083534  0.000002053068 -0.000002406024  0.000000051355 -0.000002500309  0.051891421806 -0.118237724484
399 0.06853326 0.07515387  0.00023532 -0.000002003029  0.000001686898 -0.000000702097  0.000001745572 -0.025280576990 -0.063700079075
400 0.16785865 0.07516997  0.00141202  0.061924140053  0.012297808763 -0.152552467089 -0.030305702804 -0.000007456553 -0.000005397314
401 0.17148207 0.07517154  0.00147367  0.000002308448  0.000000793599  0.000010059648 -0.000005100830  0.117278104250  0.125107739548
402 1.13640187 0.07517445  0.06472065 -0.000004797882  0.000005662884 -0.000007417991  0.000004102192 -0.344211137460  1.083017959099
403 0.59670275 0.07517575  0.01784443 -0.357783880604 -0.171940408174 -0.401549708959 -0.192974587003  0.000018578406  0.000000473704
404 0.07827244 0.07518148  0.00030707  0.000000618614  0.000002774029  0.000000510472  0.000003174506 -0.010572263414  0.077555156987
405 0.52633416 0.07518678  0.01388588 -0.332226845928  0.015845902658 -0.407460573385  0.019435935528  0.000002903354  0.000000149472
406 0.19789853 0.07520351  0.00196350  0.045606805625  0.031053346427 -0.157095821002 -0.106959989280 -0.000013220723 -0.000006884661
407 0.08961960 0.07521953  0.00040276 -0.000000072857  0.000002092044  0.000003279680 -0.000001067591 -0.016617321257  0.088065529091
408 0.11784830 0.07522485  0.00069649  0.071712718639  0.021120028779 -0.087390556431 -0.025736009852 -0.000033232468 -0.000007667753
409 0.06699615 0.07526110  0.00022521  0.000000964819 -0.000000630057 -0.000000205666 -0.000001015267 -0.059980810949 -0.029846041189
410 0.33191684 0.07528488  0.00552936 -0.209549004161 -0.006603452694 -0.257193910150 -0.008105049344 -0.000003453636  0.000001637977
411 0.34246263 0.07528806  0.00588656  0.000000502523 -0.000000937765  0.000001452601 -0.000002171307 -0.102328310245  0.326817335261
412 0.05015744 0.07540090  0.00012646 -0.000000020388 -0.000000898160 -0.000001022070 -0.000002294831 -0.010088160086 -0.049132449461
413 0.03942377 0.07543348  0.00007816 -0.000004773914 -0.000003762215  0.000003023852  0.000002008302 -0.031225470610  0.024066655076
414 0.10145982 0.07543906  0.00051772  0.000410237228  0.000007524223 -0.000295550368 -0.000004760809  0.004178570046  0.101372473942
415 0.58593384 0.07543909  0.01726642  0.467087382038  0.087657529478 -0.336849555459 -0.063216789799 -0.000018959521 -0.000092951686
416 0.37188020 0.07544446  0.00695572 -0.119651236144  0.088733833457 -0.273690651540  0.202973387528 -0.000005549463  0.000003717898
417 0.00908366 0.07546642  0.00000415  0.008239397567  0.001642931257 -0.003386229235 -0.000677821028  0.000002919341 -0.000002156703
418 0.03860878 0.07549300  0.00007502  0.000001256446 -0.000005893215 -0.000000585001  0.000004408906  0.027203326263  0.027397381131
419 0.07052515 0.07549362  0.00025033  0.048277593230 -0.006944532742 -0.050420942409  0.007250718752  0.000001155253 -0.000001489180
420 0.07711539 0.07549555  0.00029930  0.067754156460  0.006193141303 -0.036150780301 -0.003305004357  0.000013746425 -0.000001168165
421 0.38922720 0.07549726  0.00762511 -0.000002892725  0.000001273150  0.000001079001 -0.000000877580  0.301459183209 -0.246211643576
422 0.01473649 0.07551381  0.00001093  0.000000817158 -0.000002338835 -0.000000864618  0.000000620734  0.014706730400 -0.000935993458
423 0.02556270 0.07551522  0.00003290 -0.003121444221 -0.000830981567  0.024503008660  0.006528423330 -0.000002088755 -0.000000273585
424 0.11947623 0.07551804  0.00071866  0.096729524959  0.015130567748  0.067653471038  0.010584989673  0.000007590928  0.000000801176
425 0.29860523 0.07553861  0.00449027  0.000000550772 -0.000000312904 -0.000000942616 -0.000000310977 -0.066726284814  0.291054434551
426 0.01385966 0.07554282  0.00000967  0.000000041429  0.000002614058  0.000002840689  0.000001366917  0.000047241780  0.013859575228
427 0.01080022 0.07556329  0.00000588 -0.000000256003  0.000000225399 -0.000001133375  0.000000081003  0.010532933596  0.002387882774
428 0.58708725 0.07557317  0.01736527  0.485122004972 -0.280078025759  0.152189699930 -0.087878750064 -0.000015184227  0.000004872394
429 0.11577752 0.07557533  0.00067536  0.000001414228 -0.000008019196  0.000031235987  0.000000716273 -0.033489742046  0.110828116176
430 0.82961587 0.07557666  0.03467772 -0.456448721308 -0.001528894491  0.692754936214  0.002306677729  0.000055072709 -0.000003742639
431 0.04644910 0.07560305  0.00010874  0.024037529450  0.001818588808 -0.039590816919 -0.002994637198 -0.000092114954 -0.000007317055
432 0.02895089 0.07562738  0.00004226 -0.000000336101 -0.000000973856 -0.000001403414 -0.000000503718 -0.014784861980  0.024891005607
433 0.04098892 0.07564463  0.00008473 -0.021412139976 -0.005205882980  0.033583850523  0.008162894688 -0.000049503073 -0.000011695700
434 0.05024788 0.07568510  0.00012740  0.001567101142  0.000181490028 -0.049890361256 -0.005771697490  0.000010233966 -0.000007016974
435 0.46574217 0.07568586  0.01094497  0.000000572332 -0.000000794813 -0.000001704947  0.000001475099 -0.025388577597  0.465049665257
436 0.01813068 0.07570643  0.00001659  0.000001847778  0.000002713574  0.000001497042 -0.000000388607 -0.009613303417 -0.015372239941
437 0.02168033 0.07572603  0.00002373 -0.018482416147 -0.000998731330 -0.011272392029 -0.000610539230 -0.000008789521 -0.000001731480
438 0.21908586 0.07573554  0.00242347 -0.134496817198 -0.001899071318 -0.172915085224 -0.002446699503  0.000002089588 -0.000000645012
439 0.02249004 0.07574585  0.00002554  0.000000426088 -0.000001376680 -0.000004680439  0.000002633488 -0.006023376173  0.021668425389
440 0.00141991 0.07575417  0.00000010  0.000032073406 -0.000011057139 -0.000029783711  0.000010683750 -0.000056704871 -0.001418019206
441 0.29686694 0.07575450  0.00445083 -0.210637196569 -0.049078639873  0.198049271010  0.046148874577  0.000069411394  0.000016681361
442 0.10831166 0.07575921  0.00059251  0.000001219234 -0.000000982720  0.000000694106  0.000001346816 -0.029705661248  0.104158477858
443 0.02517676 0.07577205  0.00003202  0.000001645422 -0.000000301567 -0.000000103572 -0.000001260745 -0.024244648415  0.006787217942
444 0.31311987 0.07578381  0.00495343 -0.200943755894 -0.025092302679 -0.236981999124 -0.029590045256 -0.000013188789 -0.000001832266
445 0.17923742 0.07579470  0.00162332  0.000000085717 -0.000000666900  0.000000020531 -0.000003518042 -0.129083364495 -0.124352479870
446 0.38318908 0.07580911  0.00742090 -0.005343141310  0.000435331322 -0.381882503880  0.031157936608 -0.000263520252  0.000021583153
447 0.29326745 0.07581734  0.00434715 -0.253926281757 -0.033882426937 -0.141501214089 -0.018883037993  0.000245346333  0.000031974057
448 0.01294758 0.07581916  0.00000847  0.000009100124  0.000006671260 -0.000001704949  0.000003550106  0.000602855337 -0.012933535659
449 0.25461328 0.07582164  0.00327691 -0.245591986699 -0.013805846986 -0.065637265250 -0.003688154718  0.000204658561  0.000013162933
450 0.07894840 0.07582758  0.00031508  0.000010388595 -0.000015733252  0.000001458485 -0.000000099362 -0.020481120888  0.076245476176
451 0.24000532 0.07582921  0.00291197 -0.233681225566 -0.054703123849 -0.001735218385 -0.000407022732 -0.000173156809 -0.000039765798
452 0.00536674 0.07590461  0.00000146  0.000000921386 -0.000000069075 -0.000000448168  0.000001584744  0.005012291069 -0.001918018509
453 0.00490621 0.07591317  0.00000122 -0.000001345219 -0.000000075900  0.000000734702 -0.000001524867 -0.000745590879  0.004849226274
454 0.00508882 0.07592952  0.00000131  0.001496895528  0.000370278897 -0.004705912168 -0.001167017346  0.000100781737  0.000025297436
455 0.00313110 0.07596607  0.00000050 -0.000222470389 -0.000014482422 -0.003118138582 -0.000176743149 -0.000006118020  0.000001970221
456 0.16007671 0.07601342  0.00129854  0.125732083392 -0.004800423401  0.098887282829 -0.003775785168  0.000006695230 -0.000000516009
457 0.00303888 0.07601752  0.00000047 -0.000000343490  0.000001398465  0.000000194163  0.000000323611  0.002824465897  0.001121247570
458 0.07376070 0.07602093  0.00027574 -0.000000300894  0.000000546881  0.000000017250  0.000000099808 -0.063514893141  0.037503324425
459 0.09165665 0.07603450  0.00042584 -0.022720540990 -0.004393166160  0.087068870064  0.016864939403 -0.000068194964 -0.000012245126
460 0.12702610 0.07603562  0.00081792 -0.070111573739 -0.092328310434 -0.031394119739 -0.041350758045 -0.000036353784 -0.000047823449
461 0.08051737 0.07603696  0.00032863 -0.000001650642 -0.000000513168  0.000001162773  0.000000280508  0.006042477964 -0.080290318887
462 0.05485643 0.07604076  0.00015255  0.017930342845  0.005302170594 -0.049455786146 -0.014619939666 -0.000015824122 -0.000006484371
463 0.00499823 0.07604227  0.00000127  0.000001107850 -0.000000323547 -0.000000230070  0.000000476914 -0.001793909993 -0.004665208393
464 0.00367301 0.07619125  0.00000069 -0.002068959366 -0.002972633273  0.000341860896  0.000489260254 -0.000074835690 -0.000109488436
465 0.01733537 0.07623597  0.00001527  0.000002030189  0.000002530090  0.000000184198 -0.000001302019  0.004496899360 -0.016741951890
466 0.02040090 0.07623911  0.00002115 -0.020396847999  0.000081644157  0.000392977964  0.000000141936 -0.000064139957 -0.000000351355
467 0.00090628 0.07624764  0.00000004  0.000005150373  0.000000725894  0.000002897821  0.000000657393 -0.000761668854 -0.000491091997
468 0.00350818 0.07625183  0.00000063 -0.000001434620 -0.000006266940 -0.000001085889  0.000001298628 -0.003506928469  0.000093526402
469 0.02417574 0.07626438  0.00002972 -0.000000600145  0.000011603401 -0.000000386438 -0.000002758219  0.011189928405 -0.021430161657
470 0.01150965 0.07627309  0.00000674 -0.000167748182  0.000094334683  0.000013667945 -0.000023164530 -0.007228952805  0.008954137685
471 0.84563878 0.07627338  0.03636231  0.829623428709  0.119970437714 -0.110373578119 -0.015958768789  0.000013403622  0.000002882077
472 0.55946303 0.07628062  0.01591717  0.115224764878  0.018568405181  0.540191337514  0.087009594432 -0.000000524695 -0.000000266079
473 0.01440377 0.07628565  0.00001055 -0.000001250376 -0.000003636211 -0.000005005985  0.000002161872 -0.006709922651  0.012745410457
474 0.09677876 0.07629502  0.00047639  0.000000237357 -0.000005405731  0.000009729331  0.000001377811  0.051603640922 -0.081873032294
475 0.46002475 0.07630046  0.01076461 -0.366733399827 -0.055918965891 -0.268926803867 -0.040997862901  0.000080856544  0.000010017834
476 0.13117163 0.07630535  0.00087527  0.000013085553  0.000002161949  0.000018441651  0.000000066306  0.004523079384 -0.131093620637
477 0.21406083 0.07630815  0.00233106 -0.018678820818 -0.006902422386  0.199948221103  0.073798377159  0.000072685631  0.000029279304
478 1.45345685 0.07631834  0.10748353  0.020473921714  0.010200647604  1.300453841807  0.648716712860 -0.000003787776 -0.000000125898
479 1.28625745 0.07632618  0.08418565  1.264178703382  0.154933625854 -0.178402492270 -0.021875996884  0.000036883113  0.000004710450
480 0.13567774 0.07634509  0.00093693 -0.125525461910  0.005840947832 -0.051108041478  0.002378678581 -0.000006288074 -0.000001148603
481 0.01619742 0.07637120  0.00001336  0.000003066520 -0.000002972367 -0.000002446242  0.000001300101  0.003920466498 -0.015715802038
482 0.00031633 0.07637737  0.00000001 -0.000000418442  0.000000861324  0.000000776819 -0.000001152457 -0.000315871316  0.000016893056
483 0.05079337 0.07643786  0.00013147  0.043038533106  0.009759402409 -0.024516190561 -0.005559106763 -0.000659715472 -0.000150331726
484 0.00816644 0.07646010  0.00000340 -0.000003758607  0.000002354492 -0.000000796682 -0.000002324933  0.006559929821  0.004863956475
485 0.00391518 0.07651557  0.00000078  0.000000543147 -0.000002269686  0.000000464203 -0.000000386508  0.002684178624  0.002850233143
486 0.01614119 0.07652011  0.00001329 -0.016063897312  0.001055318405  0.001169721024 -0.000078674546 -0.000033624154  0.000000114505
487 0.03730030 0.07652365  0.00007098 -0.000003030884  0.000003111896 -0.000004141003 -0.000005987144 -0.015669430843  0.033849387639
488 0.04171021 0.07655808  0.00008879  0.039897101416  0.010114062956  0.006545902897  0.001674088061  0.000126746309  0.000029177448
489 0.01197010 0.07657917  0.00000732 -0.000012557649  0.000010843706 -0.000023124513  0.000007813501 -0.007709817510 -0.009156480506
490 0.09019437 0.07658491  0.00041535 -0.000022619595  0.000037608345 -0.000021401522  0.000033263133 -0.090149929524  0.002830531375
491 0.77368707 0.07658959  0.03056393  0.000110814002  0.000019357339  0.000063233187  0.000010935760 -0.773208501267 -0.027208006883
492 3.16602954 0.07659068  0.51181689  2.418637552841  0.767853211734  1.804488728077  0.572850149818  0.000033610900  0.000005030571
493 0.82370721 0.07659329  0.03464537 -0.523998708014 -0.102565685747  0.615561107685  0.120348320778 -0.000027144440 -0.000005155159
494 3.16492668 0.07659919  0.51151717 -1.838722362855 -0.394238428607  2.489098889553  0.533688833842 -0.000021269617 -0.000004178201
495 0.03906706 0.07661175  0.00007795  0.000002591681 -0.000015936399 -0.000008217965  0.000001916351  0.037494527032 -0.010972462497
496 0.04322372 0.07665017  0.00009547 -0.028992061864 -0.008603707068 -0.029606152242 -0.008784921100 -0.000157862657 -0.000048443295
497 0.00540867 0.07668415  0.00000150 -0.000000864136  0.000003146576  0.000001550579 -0.000000121750 -0.000429333806  0.005391603899
498 0.01833145 0.07669508  0.00001718  0.012924039763  0.002040490260  0.012682172025  0.002001513841 -0.000062871393 -0.000009419578
499 0.01017716 0.07669748  0.00000530  0.002205786979 -0.006183892630 -0.002610336685  0.007321378933 -0.000077655273  0.000214765564
500 0.00525625 0.07671283  0.00000141  0.000000911668  0.000000337478  0.000001758519  0.000000595013  0.001844100091 -0.004922143981
501 0.00267655 0.07672041  0.00000037 -0.000000827556 -0.000002030797  0.000000160551  0.000001414436 -0.000314535203  0.002658002391
502 0.01132453 0.07672288  0.00000656  0.000571198505  0.000058645709 -0.011249705429 -0.001144287172  0.000222306166  0.000022997886
503 0.02272299 0.07676744  0.00002643 -0.011684798044 -0.000944897266  0.019395880503  0.001565724819 -0.000503723772 -0.000040308453
504 0.00316275 0.07684288  0.00000051 -0.000002392723  0.000000115041  0.000000042804  0.000002908276 -0.003117204923 -0.000534776759
505 0.01295637 0.07685964  0.00000860 -0.000001450352 -0.000001589288 -0.000000894485  0.000000179645  0.001644201630 -0.012851623952
506 0.01045942 0.07689759  0.00000561 -0.009579395266 -0.002355380023  0.003376183631  0.000828847337  0.000035418470  0.000009086376
507 0.01124186 0.07691384  0.00000648  0.001395463711 -0.000080868219  0.011135299341 -0.000654325910  0.000050455077 -0.000002901336
508 0.00378567 0.07694853  0.00000074 -0.000000947051 -0.000001515131 -0.000000776290  0.000001294893 -0.003381657780  0.001701669948
509 0.01086632 0.07695332  0.00000606 -0.000001237042  0.000002273179  0.000000294526 -0.000000127780 -0.002485838161  0.010578159442
510 0.00503854 0.07695613  0.00000130  0.002187439385  0.002887253419  0.002115355707  0.002790771843 -0.000030900591 -0.000041089895
511 0.01544471 0.07696444  0.00001224 -0.015364924985 -0.001524703356 -0.000355808340 -0.000035850445  0.000073177172  0.000010041092
512 0.03106350 0.07701249  0.00004954  0.000000727627  0.000000128428 -0.000000523765  0.000000809521 -0.021520400273  0.022401198796
513 0.00494121 0.07704362  0.00000125  0.000000007271  0.000000825691  0.000000397002 -0.000000796041 -0.002423677694 -0.004305964780
514 0.01529499 0.07705869  0.00001202 -0.011708095079 -0.001835088046 -0.009551369868 -0.001496219810  0.000147609783  0.000023648668
515 0.03870371 0.07706155  0.00007696 -0.025308950934 -0.002217558249 -0.029086269047 -0.002549512468 -0.000072340927 -0.000006803482
516 0.02348135 0.07711276  0.00002835  0.012229228339 -0.000292641185  0.020037576905 -0.000479144091 -0.000003992382 -0.000000205740
517 0.02419798 0.07711295  0.00003010  0.000000662792 -0.000000072116 -0.000000611234  0.000001131327 -0.004519658614  0.023772143326
518 0.00131107 0.07711579  0.00000009  0.000000397620 -0.000000206622  0.000000641854  0.000000093697 -0.001233230732  0.000445023825
519 0.00784319 0.07711703  0.00000316 -0.002865572955 -0.000403962156  0.007218110651  0.001017751581 -0.000062119040 -0.000009631265
520 0.01181854 0.07721232  0.00000719  0.000000774099 -0.000000660665 -0.000002119672 -0.000000187111  0.002004528136 -0.011647302325
521 0.00438995 0.07721778  0.00000099 -0.000001469615 -0.000000288402  0.000000568843  0.000000832507  0.001309820870 -0.004189993814
522 0.01836937 0.07721878  0.00001737  0.008896963293  0.002061137621 -0.015526951396 -0.003595410700  0.000124572403  0.000028423192
523 0.00635757 0.07722162  0.00000208 -0.005124327897 -0.000747184784  0.003649447435  0.000531897586 -0.000015866647 -0.000002141189
524 0.00755373 0.07732450  0.00000294 -0.000000371875  0.000000947872 -0.000000596641 -0.000000180057 -0.005955306194 -0.004646842068
525 0.06164885 0.07733514  0.00019595 -0.000000718529  0.000001552882 -0.000000495437  0.000000108490  0.017227150873 -0.059192957504
526 0.02393945 0.07733906  0.00002955  0.019979447906  0.000438248887  0.013177352193  0.000290368390 -0.000004859095 -0.000000229017
527 0.01009999 0.07734486  0.00000526 -0.000000311982  0.000000243268 -0.000000958657 -0.000000883962 -0.007726557658 -0.006504629385
528 0.04651180 0.07734957  0.00011156 -0.035508592620 -0.009382994851  0.027591894998  0.007289301015 -0.000008334713 -0.000001581464
529 0.05779273 0.07737176  0.00017228  0.000001112221 -0.000000460753 -0.000001403256 -0.000000388413 -0.018291501416  0.054821712343
530 0.06277021 0.07738715  0.00020328 -0.037412188045 -0.005351354286 -0.049612904360 -0.007095746015 -0.000010827724 -0.000000948625
531 0.05649138 0.07739657  0.00016466 -0.000000586783  0.000001407732  0.000000325844  0.000000754632 -0.000808225364  0.056485596825
532 0.03129796 0.07739957  0.00005055  0.028769240658  0.004637621983  0.011273173189  0.001816875505  0.000002472068  0.000001405432
533 0.01727764 0.07739994  0.00001540  0.000001167604 -0.000000615245  0.000003224730  0.000000123270  0.007220522354 -0.015696528560
534 0.02927983 0.07740271  0.00004424  0.012905065353 -0.015569319342  0.013512677740 -0.016302499432  0.000006556488 -0.000008770141
535 0.04475638 0.07742107  0.00010339 -0.030609920395 -0.000431710562  0.032644468169  0.000459870950  0.000327759217  0.000004373059
536 0.02164074 0.07749673  0.00002420  0.014092326759  0.000409252100  0.016411325440  0.000478282604 -0.000002758678  0.000001266330
537 0.05079575 0.07750611  0.00013332 -0.000001625635 -0.000000462988  0.000000008326  0.000000280956  0.013306835761 -0.049021796707
538 0.00640974 0.07751485  0.00000212  0.000000419316 -0.000000281587 -0.000000164215 -0.000000157050 -0.002666929434 -0.005828568284
539 0.01213531 0.07753159  0.00000761  0.011407900941  0.001902990954 -0.003624359505 -0.000604616830  0.000049486960  0.000008395540
540 0.02445964 0.07753300  0.00003092 -0.000001701352  0.000000041749 -0.000000860415  0.000000150569 -0.006825307461  0.023488065049
541 0.05747317 0.07754138  0.00017075 -0.045944717842 -0.002277737838 -0.034411432087 -0.001706926736  0.000009209594  0.000001881224
542 0.06113565 0.07757083  0.00019328 -0.033645793136 -0.009070778406  0.048500605612  0.013074271249  0.000062757264  0.000015850810
543 0.00187283 0.07757370  0.00000018  0.000000230353  0.000000062115 -0.000000420871 -0.000000663811 -0.001324873922 -0.001323705447
544 0.00072888 0.07777873  0.00000003 -0.000001210481  0.000000187863  0.000000362895 -0.000000908296  0.000690932184  0.000232110041
545 0.03863973 0.07778631  0.00007742  0.031408901511  0.000060875591  0.022505644070  0.000043886068  0.000007025609 -0.000001101775
546 0.05108976 0.07779883  0.00013538  0.029361573584  0.007639737852 -0.039781141218 -0.010351617931  0.000032221308  0.000008942295
547 0.00493296 0.07780544  0.00000126  0.000000001471 -0.000001062187  0.000001260618  0.000000577007 -0.000988761286  0.004832851260
548 0.00118655 0.07785353  0.00000007 -0.001180245197  0.000046510272 -0.000105843505  0.000003906733 -0.000039148813  0.000001153590
549 0.00242042 0.07787229  0.00000030  0.000000354351 -0.000000858391 -0.000000443467  0.000000388056 -0.001264731943 -0.002063710866
550 0.00167466 0.07787709  0.00000015  0.000301553073 -0.000837271697  0.000480935542 -0.001334608849  0.000002033881 -0.000006505706
551 0.02967233 0.07788989  0.00004572 -0.000000521208  0.000000227529 -0.000000625970 -0.000000847040  0.006881394951 -0.028863358751
552 0.01354425 0.07821144  0.00000957  0.007414687466 -0.000255906046  0.011324812957 -0.000390264240  0.000000754764  0.000000076636
553 0.00454223 0.07823585  0.00000108  0.000000039725  0.000000296463 -0.000000041410  0.000000340806  0.000810618014 -0.004469311240
554 0.00082900 0.07823771  0.00000004 -0.000000545549 -0.000000006477 -0.000000243988  0.000000477656 -0.000794643811 -0.000236165792
555 0.00385826 0.07824088  0.00000078  0.001019496504  0.000245369384 -0.003591829508 -0.000867803442 -0.000353678827 -0.000084552893
556 0.23583174 0.07871401  0.00291854  0.199954838135  0.036340399905 -0.117712919360 -0.021394271891  0.000010733590  0.000004766483
557 0.09795929 0.07873776  0.00050371  0.000000349813  0.000000302659 -0.000000425737 -0.000001572779 -0.084417048193  0.049696919300
558 0.77609554 0.07875081  0.03162235  0.000002495731  0.000000948587  0.000000156794  0.000001681076  0.275102305979 -0.725701730468
559 1.10826220 0.07875421  0.06448632  0.000001010842  0.000000903802  0.000002433936  0.000003767959 -0.493661860379  0.992241435194
560 0.06194560 0.07876065  0.00020148  0.015311845067 -0.000138826803  0.060020766337 -0.000540466619 -0.000025555638  0.000009820965
561 0.02614235 0.07877355  0.00003589  0.000010160160  0.000047246575  0.000010524656  0.000064651247  0.025722761412 -0.004664245339
562 0.70286296 0.07877447  0.02594392 -0.409204758235  0.008571864647 -0.571271515484  0.011965925346 -0.000003105054  0.000002095736
563 0.12996899 0.07879368  0.00088732 -0.090784561576 -0.022773498993  0.087464647823  0.021940835777  0.000058899455  0.000011436403
564 0.16854656 0.07891222  0.00149449  0.000002375657  0.000005688668  0.000001189846  0.000005056755 -0.080449369015  0.148107538515
565 0.43217770 0.07892059  0.00982706  0.378388140457 -0.052950891335  0.200030994937 -0.027996133648 -0.000005143030 -0.000000893960
566 1.12440204 0.07895274  0.06654558  0.000007231858  0.000010341483 -0.000003397545 -0.000005254800  0.224131239746 -1.101837164898
567 0.05325471 0.07896101  0.00014929 -0.000002719428 -0.000005814887  0.000003714260  0.000006508012 -0.051383023555 -0.013994587220
568 1.04962674 0.07897083  0.05800230 -0.807262065974 -0.173994694483  0.633352241640  0.136510186492 -0.000032474226 -0.000007134348
569 1.73013019 0.07898776  0.15762537 -1.161764124344 -0.267894741918  1.221686014907  0.281727313819 -0.000004648037  0.000016148912
570 1.27130676 0.07900512  0.08512648 -0.750621280424 -0.008261857218 -1.025959175404 -0.011317761828 -0.000006100842  0.000000700400
571 2.87747888 0.07902641  0.43621968 -0.000008823093 -0.000004138906  0.000006842945  0.000008605060  0.824531132378 -2.756815755316
572 1.04181158 0.07921162  0.05731602  0.000000684020 -0.000001146730  0.000005140498 -0.000000479703  0.614694084110  0.841143594617
573 0.74671505 0.07921781  0.02944702  0.000001353637  0.000003675013 -0.000001000617 -0.000003581360 -0.743509965456 -0.069110760180
574 0.35065454 0.07923910  0.00649542 -0.063137697418 -0.018143905304 -0.331010141477 -0.095264494401  0.000005991855 -0.000003760247
575 0.62425965 0.07924143  0.02058693 -0.624008753880 -0.014978002902 -0.009423413623 -0.000212471310 -0.000006475787  0.000003207031
