0 48 2.21356e-06
1 48 2.15046e-06
2 48 1.77897e-10
3 48 4.30835e-11
4 48 4.22995e-10
5 48 2.13926e-09
6 48 1.43841e-09
7 48 6.66924e-10
8 48 7.28068e-11
9 48 6.34272e-11
10 48 3.91814e-12
11 48 2.19549e-12
12 48 2.69138e-13
13 48 1.40072e-11
14 48 6.71993e-12
15 48 2.22571e-12
16 48 1.48121e-10
17 48 4.55948e-11
18 48 8.31122e-12
19 48 1.28966e-11
20 48 2.34695e-11
21 48 1.68252e-10
22 48 1.86017e-10
23 48 6.89957e-11
24 48 6.26356e-11
25 48 1.48199e-10
26 48 8.43495e-12
27 48 2.04022e-11
28 48 8.32315e-07
29 48 1.93206e-07
30 48 8.50677e-09
31 48 8.46078e-09
32 48 0.00235227
33 48 0.00200721
34 48 1.44378e-07
35 48 5.04116e-07
36 48 2.16831e-09
37 48 8.96021e-10
38 48 3.54251e-08
39 48 1.04382e-07
40 48 2.44427e-09
41 48 3.76228e-09
42 48 6.67036e-09
43 48 9.87258e-09
44 48 1.60769e-10
45 48 2.63329e-10
46 48 0.172258
47 48 0.294803
0 49 2.15043e-06
1 49 2.21353e-06
2 49 4.31255e-11
3 49 1.77719e-10
4 49 2.13949e-09
5 49 4.23718e-10
6 49 6.671e-10
7 49 1.43899e-09
8 49 6.34028e-11
9 49 7.27845e-11
10 49 2.19504e-12
11 49 3.92872e-12
12 49 1.40101e-11
13 49 2.69824e-13
14 49 2.22057e-12
15 49 6.71553e-12
16 49 4.55991e-11
17 49 1.48131e-10
18 49 1.29104e-11
19 49 8.32029e-12
20 49 1.684e-10
21 49 2.35139e-11
22 49 6.9041e-11
23 49 1.85921e-10
24 49 1.48176e-10
25 49 6.25941e-11
26 49 2.04131e-11
27 49 8.42955e-12
28 49 1.93205e-07
29 49 8.32314e-07
30 49 8.46092e-09
31 49 8.50696e-09
32 49 0.00200721
33 49 0.00235227
34 49 5.04117e-07
35 49 1.44379e-07
36 49 8.96059e-10
37 49 2.16837e-09
38 49 1.04382e-07
39 49 3.54252e-08
40 49 3.76242e-09
41 49 2.4442e-09
42 49 9.87255e-09
43 49 6.67036e-09
44 49 2.63332e-10
45 49 1.60727e-10
46 49 0.294803
47 49 0.172258
0 50 6.03431e-13
1 50 1.22575e-12
2 50 1.39404e-12
3 50 1.95899e-12
4 50 7.83969e-13
5 50 6.93832e-12
6 50 8.91793e-13
7 50 2.92553e-12
8 50 1.46326e-08
9 50 5.57304e-09
10 50 4.79165e-10
11 50 1.01098e-09
12 50 1.82022e-09
13 50 1.71773e-09
14 50 0.000144558
15 50 0.00014292
16 50 3.64085e-08
17 50 4.06959e-09
18 50 9.85583e-10
19 50 1.36388e-09
20 50 8.01444e-09
21 50 1.41606e-08
22 50 4.15264e-05
23 50 5.06927e-05
24 50 6.22039e-07
25 50 1.77971e-06
26 50 1.06179e-08
27 50 3.15295e-09
28 50 4.74549e-10
29 50 1.94423e-10
30 50 6.16447e-11
31 50 3.13259e-11
32 50 1.95925e-10
33 50 4.24878e-10
34 50 7.98385e-10
35 50 1.65154e-09
36 50 1.95261e-11
37 50 4.86341e-11
38 50 4.88346e-11
39 50 1.27353e-09
40 50 0.00200878
41 50 0.00347956
42 50 1.53764e-07
43 50 1.48727e-07
44 50 2.43323e-09
45 50 7.97949e-10
46 50 5.00304e-09
47 50 3.14456e-09
0 51 1.22354e-12
1 51 6.03136e-13
2 51 1.95627e-12
3 51 1.39956e-12
4 51 6.93772e-12
5 51 7.84845e-13
6 51 2.93456e-12
7 51 8.96886e-13
8 51 5.57306e-09
9 51 1.46325e-08
10 51 1.01093e-09
11 51 4.79253e-10
12 51 1.71769e-09
13 51 1.82032e-09
14 51 0.00014292
15 51 0.000144558
16 51 4.06971e-09
17 51 3.64083e-08
18 51 1.36388e-09
19 51 9.85599e-10
20 51 1.41604e-08
21 51 8.01437e-09
22 51 5.06927e-05
23 51 4.15264e-05
24 51 1.77971e-06
25 51 6.22039e-07
26 51 3.1529e-09
27 51 1.06177e-08
28 51 1.94429e-10
29 51 4.74554e-10
30 51 3.13344e-11
31 51 6.16427e-11
32 51 4.24881e-10
33 51 1.95928e-10
34 51 1.65155e-09
35 51 7.98379e-10
36 51 4.86346e-11
37 51 1.95277e-11
38 51 1.27352e-09
39 51 4.88327e-11
40 51 0.00347956
41 51 0.00200878
42 51 1.48726e-07
43 51 1.53764e-07
44 51 7.98035e-10
45 51 2.43325e-09
46 51 3.14464e-09
47 51 5.00311e-09
0 52 1.03417e-11
1 52 2.71217e-12
2 52 9.26512e-12
3 52 4.2792e-11
4 52 1.90388e-11
5 52 3.86108e-11
6 52 2.78119e-12
7 52 1.46584e-12
8 52 4.59452e-06
9 52 3.65807e-06
10 52 1.08733e-06
11 52 2.23387e-06
12 52 3.66172e-06
13 52 7.87759e-05
14 52 5.72201e-09
15 52 1.08513e-10
16 52 4.63807e-06
17 52 6.18889e-06
18 52 9.44491e-05
19 52 3.52054e-05
20 52 1.6552e-09
21 52 4.13918e-09
22 52 6.56097e-07
23 52 5.81171e-07
24 52 2.81702e-05
25 52 1.26149e-05
26 52 4.26318e-05
27 52 0.000111135
28 52 1.36778e-09
29 52 1.46483e-09
30 52 2.11392e-10
31 52 1.47572e-10
32 52 6.89808e-10
33 52 6.08419e-10
34 52 4.47949e-10
35 52 2.21595e-09
36 52 3.13369e-11
37 52 1.61955e-10
38 52 8.87101e-10
39 52 4.4058e-10
40 52 1.02046e-07
41 52 8.49343e-08
42 52 0.00511568
43 52 0.0011006
44 52 4.58374e-06
45 52 1.61215e-07
46 52 4.50218e-09
47 52 1.20475e-08
0 53 2.71908e-12
1 53 1.03629e-11
2 53 4.27709e-11
3 53 9.2687e-12
4 53 3.87137e-11
5 53 1.8992e-11
6 53 1.45375e-12
7 53 2.80175e-12
8 53 3.65806e-06
9 53 4.59454e-06
10 53 2.23389e-06
11 53 1.08732e-06
12 53 7.87759e-05
13 53 3.66172e-06
14 53 1.08531e-10
15 53 5.72219e-09
16 53 6.18889e-06
17 53 4.63807e-06
18 53 3.52054e-05
19 53 9.44491e-05
20 53 4.13914e-09
21 53 1.65525e-09
22 53 5.81172e-07
23 53 6.561e-07
24 53 1.26149e-05
25 53 2.81702e-05
26 53 0.000111135
27 53 4.26318e-05
28 53 1.46479e-09
29 53 1.36783e-09
30 53 1.47571e-10
31 53 2.11386e-10
32 53 6.08448e-10
33 53 6.8979e-10
34 53 2.21593e-09
35 53 4.47948e-10
36 53 1.6197e-10
37 53 3.13454e-11
38 53 4.4055e-10
39 53 8.87074e-10
40 53 8.49344e-08
41 53 1.02045e-07
42 53 0.0011006
43 53 0.00511568
44 53 1.61215e-07
45 53 4.58374e-06
46 53 1.20475e-08
47 53 4.5022e-09
0 54 2.88532e-13
1 54 3.45379e-12
2 54 3.08636e-11
3 54 1.22528e-11
4 54 2.82646e-11
5 54 2.46508e-11
6 54 8.73429e-13
7 54 1.20242e-12
8 54 3.11311e-05
9 54 3.37038e-06
10 54 3.30245e-05
11 54 1.39316e-05
12 54 5.82318e-06
13 54 5.2176e-06
14 54 1.1754e-08
15 54 3.02229e-09
16 54 0.000115256
17 54 1.48798e-05
18 54 1.0493e-05
19 54 2.66474e-07
20 54 6.23165e-08
21 54 6.97296e-08
22 54 2.00156e-06
23 54 1.98953e-06
24 54 1.85342e-05
25 54 0.000134219
26 54 3.59077e-05
27 54 6.56462e-06
28 54 2.51528e-11
29 54 1.35406e-11
30 54 7.86472e-12
31 54 3.73549e-12
32 54 2.2514e-11
33 54 7.8155e-12
34 54 4.93866e-11
35 54 1.39153e-11
36 54 3.34431e-11
37 54 6.28765e-12
38 54 2.24519e-11
39 54 6.13539e-11
40 54 1.08e-09
41 54 1.78084e-10
42 54 4.57361e-06
43 54 1.95133e-07
44 54 0.00546414
45 54 0.000767939
46 54 8.1307e-11
47 54 7.75022e-11
0 55 3.47761e-12
1 55 2.79874e-13
2 55 1.21674e-11
3 55 3.08262e-11
4 55 2.47094e-11
5 55 2.82488e-11
6 55 1.19893e-12
7 55 8.67305e-13
8 55 3.37039e-06
9 55 3.11311e-05
10 55 1.39316e-05
11 55 3.30246e-05
12 55 5.21761e-06
13 55 5.82319e-06
14 55 3.02232e-09
15 55 1.17534e-08
16 55 1.48798e-05
17 55 0.000115256
18 55 2.66475e-07
19 55 1.0493e-05
20 55 6.97301e-08
21 55 6.23163e-08
22 55 1.98953e-06
23 55 2.00156e-06
24 55 0.000134219
25 55 1.85342e-05
26 55 6.56463e-06
27 55 3.59077e-05
28 55 1.35417e-11
29 55 2.51579e-11
30 55 3.73613e-12
31 55 7.86816e-12
32 55 7.81694e-12
33 55 2.25198e-11
34 55 1.3919e-11
35 55 4.93847e-11
36 55 6.28768e-12
37 55 3.34441e-11
38 55 6.13503e-11
39 55 2.24562e-11
40 55 1.78091e-10
41 55 1.07994e-09
42 55 1.95133e-07
43 55 4.57361e-06
44 55 0.000767939
45 55 0.00546414
46 55 7.75248e-11
47 55 8.12897e-11
0 56 5.39952e-06
1 56 1.41299e-07
2 56 2.64424e-10
3 56 4.30532e-11
4 56 1.43548e-09
5 56 7.51984e-10
6 56 2.77988e-10
7 56 1.23302e-09
8 56 1.67204e-11
9 56 9.86235e-11
10 56 4.29105e-12
11 56 6.73483e-13
12 56 4.8144e-12
13 56 6.10531e-12
14 56 2.42462e-12
15 56 1.11309e-11
16 56 1.29857e-10
17 56 9.17814e-11
18 56 5.61667e-13
19 56 1.14519e-11
20 56 3.35529e-11
21 56 1.39023e-10
22 56 2.32486e-10
23 56 4.80109e-11
24 56 5.61854e-12
25 56 2.8318e-10
26 56 6.94501e-12
27 56 1.56377e-11
28 56 2.57984e-06
29 56 5.56028e-07
30 56 6.20063e-07
31 56 2.14123e-08
32 56 0.00107944
33 56 0.0004497
34 56 4.54591e-08
35 56 1.89909e-07
36 56 4.90547e-07
37 56 1.56246e-07
38 56 5.23032e-09
39 56 4.41387e-08
40 56 3.71899e-11
41 56 1.08043e-09
42 56 9.49791e-11
43 56 2.59118e-09
44 56 4.41643e-11
45 56 8.49642e-12
46 56 0.000583509
47 56 0.000757367
0 57 1.41294e-07
1 57 5.39951e-06
2 57 4.30804e-11
3 57 2.64283e-10
4 57 7.52222e-10
5 57 1.436e-09
6 57 1.23322e-09
7 57 2.78063e-10
8 57 9.86349e-11
9 57 1.67232e-11
10 57 6.71662e-13
11 57 4.28618e-12
12 57 6.10178e-12
13 57 4.81171e-12
14 57 1.11183e-11
15 57 2.42372e-12
16 57 9.17879e-11
17 57 1.29846e-10
18 57 1.14577e-11
19 57 5.63835e-13
20 57 1.39037e-10
21 57 3.35181e-11
22 57 4.80413e-11
23 57 2.3245e-10
24 57 2.83148e-10
25 57 5.61157e-12
26 57 1.56353e-11
27 57 6.94151e-12
28 57 5.56029e-07
29 57 2.57984e-06
30 57 2.14121e-08
31 57 6.20064e-07
32 57 0.0004497
33 57 0.00107944
34 57 1.8991e-07
35 57 4.54593e-08
36 57 1.56246e-07
37 57 4.90546e-07
38 57 4.41386e-08
39 57 5.23036e-09
40 57 1.08045e-09
41 57 3.71916e-11
42 57 2.5912e-09
43 57 9.49832e-11
44 57 8.49501e-12
45 57 4.41628e-11
46 57 0.000757367
47 57 0.000583509
0 58 3.05909e-07
1 58 1.04464e-07
2 58 5.54863e-10
3 58 2.87978e-09
4 58 1.86253e-09
5 58 3.75315e-09
6 58 2.46963e-08
7 58 1.46853e-07
8 58 5.91055e-10
9 58 5.7209e-10
10 58 4.76576e-12
11 58 1.08092e-11
12 58 6.70117e-12
13 58 3.07118e-11
14 58 9.09857e-12
15 58 1.35957e-10
16 58 9.46785e-10
17 58 3.42885e-10
18 58 1.6962e-11
19 58 3.11856e-12
20 58 3.27237e-11
21 58 8.47421e-10
22 58 7.65504e-10
23 58 1.05775e-10
24 58 6.32886e-11
25 58 1.0956e-09
26 58 8.6992e-12
27 58 1.10642e-10
28 58 0.000399823
29 58 3.62033e-06
30 58 0.000157858
31 58 1.09063e-05
32 58 6.02124e-06
33 58 3.27058e-07
34 58 0.000122735
35 58 5.58147e-05
36 58 9.16869e-05
37 58 0.000103574
38 58 4.83263e-08
39 58 2.38508e-07
40 58 7.74314e-13
41 58 1.38889e-09
42 58 3.70744e-11
43 58 2.66367e-09
44 58 7.35241e-11
45 58 5.02956e-11
46 58 7.9243e-07
47 58 3.66735e-06
0 59 1.04459e-07
1 59 3.05907e-07
2 59 2.87979e-09
3 59 5.55219e-10
4 59 3.75283e-09
5 59 1.86284e-09
6 59 1.46853e-07
7 59 2.46953e-08
8 59 5.72141e-10
9 59 5.91067e-10
10 59 1.07965e-11
11 59 4.77048e-12
12 59 3.07184e-11
13 59 6.69292e-12
14 59 1.35984e-10
15 59 9.095e-12
16 59 3.42903e-10
17 59 9.46762e-10
18 59 3.11532e-12
19 59 1.69556e-11
20 59 8.47506e-10
21 59 3.27031e-11
22 59 1.0578e-10
23 59 7.65428e-10
24 59 1.09559e-09
25 59 6.32983e-11
26 59 1.10652e-10
27 59 8.69898e-12
28 59 3.62033e-06
29 59 0.000399823
30 59 1.09063e-05
31 59 0.000157858
32 59 3.27058e-07
33 59 6.02124e-06
34 59 5.58147e-05
35 59 0.000122735
36 59 0.000103574
37 59 9.16869e-05
38 59 2.38508e-07
39 59 4.83263e-08
40 59 1.38893e-09
41 59 7.7418e-13
42 59 2.66369e-09
43 59 3.70736e-11
44 59 5.0296e-11
45 59 7.35229e-11
46 59 3.66735e-06
47 59 7.92429e-07
0 60 8.41846e-08
1 60 8.4734e-08
2 60 2.15211e-09
3 60 1.13394e-08
4 60 3.95059e-08
5 60 1.16399e-07
6 60 3.86919e-09
7 60 2.97695e-10
8 60 1.00218e-10
9 60 1.59366e-11
10 60 9.15576e-12
11 60 8.85086e-13
12 60 1.26417e-11
13 60 1.1017e-12
14 60 1.45467e-11
15 60 1.029e-11
16 60 1.69945e-10
17 60 3.0241e-11
18 60 3.57912e-12
19 60 1.48835e-11
20 60 4.8556e-11
21 60 8.06015e-11
22 60 6.58473e-11
23 60 5.72692e-11
24 60 1.41381e-11
25 60 1.09753e-10
26 60 1.93701e-11
27 60 4.60006e-12
28 60 8.32157e-05
29 60 8.19596e-05
30 60 0.000124275
31 60 0.000278202
32 60 6.29481e-08
33 60 4.66026e-08
34 60 0.000101374
35 60 9.81809e-05
36 60 7.49588e-05
37 60 0.000107304
38 60 1.31796e-07
39 60 5.99577e-09
40 60 8.53284e-11
41 60 7.58373e-11
42 60 1.10085e-10
43 60 1.27989e-10
44 60 3.14253e-12
45 60 1.19574e-11
46 60 4.22492e-09
47 60 7.24654e-11
0 61 8.47325e-08
1 61 8.41844e-08
2 61 1.13392e-08
3 61 2.15163e-09
4 61 1.16399e-07
5 61 3.95046e-08
6 61 2.97687e-10
7 61 3.86952e-09
8 61 1.5922e-11
9 61 1.0023e-10
10 61 8.81693e-13
11 61 9.15354e-12
12 61 1.10345e-12
13 61 1.26364e-11
14 61 1.02887e-11
15 61 1.4546e-11
16 61 3.02419e-11
17 61 1.69992e-10
18 61 1.48825e-11
19 61 3.58183e-12
20 61 8.06057e-11
21 61 4.8579e-11
22 61 5.72678e-11
23 61 6.58395e-11
24 61 1.09742e-10
25 61 1.41315e-11
26 61 4.59736e-12
27 61 1.93593e-11
28 61 8.19596e-05
29 61 8.32157e-05
30 61 0.000278202
31 61 0.000124275
32 61 4.66026e-08
33 61 6.29481e-08
34 61 9.81809e-05
35 61 0.000101374
36 61 0.000107304
37 61 7.49588e-05
38 61 5.99576e-09
39 61 1.31796e-07
40 61 7.58377e-11
41 61 8.53218e-11
42 61 1.27993e-10
43 61 1.10089e-10
44 61 1.19546e-11
45 61 3.14313e-12
46 61 7.24738e-11
47 61 4.22497e-09
0 62 9.61356e-07
1 62 7.96406e-08
2 62 1.78891e-07
3 62 4.56931e-08
4 62 1.0512e-06
5 62 2.14485e-06
6 62 1.25543e-06
7 62 7.67088e-08
8 62 4.98392e-11
9 62 2.61528e-10
10 62 4.9432e-12
11 62 7.56521e-12
12 62 4.20104e-12
13 62 9.35504e-12
14 62 3.06571e-11
15 62 2.26619e-11
16 62 3.16016e-10
17 62 9.77373e-11
18 62 1.74996e-11
19 62 1.74619e-11
20 62 2.83449e-11
21 62 2.53526e-10
22 62 1.23678e-09
23 62 2.515e-10
24 62 1.44688e-10
25 62 1.12882e-09
26 62 2.98272e-11
27 62 2.6047e-10
28 62 2.20221e-05
29 62 3.14917e-05
30 62 5.83685e-05
31 62 5.46601e-06
32 62 5.20977e-09
33 62 1.02776e-08
34 62 0.000179383
35 62 0.000109105
36 62 3.74027e-05
37 62 4.68309e-05
38 62 1.29182e-07
39 62 1.45226e-07
40 62 1.53019e-10
41 62 1.50933e-09
42 62 1.09687e-10
43 62 2.54585e-09
44 62 7.40146e-11
45 62 1.53356e-11
46 62 4.2014e-10
47 62 2.87245e-09
0 63 7.96461e-08
1 63 9.6138e-07
2 63 4.56931e-08
3 63 1.78889e-07
4 63 2.14486e-06
5 63 1.0512e-06
6 63 7.67095e-08
7 63 1.25542e-06
8 63 2.61489e-10
9 63 4.98592e-11
10 63 7.57049e-12
11 63 4.9405e-12
12 63 9.36337e-12
13 63 4.20261e-12
14 63 2.2661e-11
15 63 3.06468e-11
16 63 9.77408e-11
17 63 3.16007e-10
18 63 1.74656e-11
19 63 1.75018e-11
20 63 2.53549e-10
21 63 2.83375e-11
22 63 2.51557e-10
23 63 1.23673e-09
24 63 1.12877e-09
25 63 1.44702e-10
26 63 2.60457e-10
27 63 2.98188e-11
28 63 3.14917e-05
29 63 2.20221e-05
30 63 5.46601e-06
31 63 5.83684e-05
32 63 1.02777e-08
33 63 5.20976e-09
34 63 0.000109105
35 63 0.000179383
36 63 4.68309e-05
37 63 3.74027e-05
38 63 1.45226e-07
39 63 1.29182e-07
40 63 1.50933e-09
41 63 1.53016e-10
42 63 2.54582e-09
43 63 1.09688e-10
44 63 1.53353e-11
45 63 7.40142e-11
46 63 2.8725e-09
47 63 4.20135e-10
0 64 6.98721e-07
1 64 5.41319e-06
2 64 8.32656e-08
3 64 6.00509e-09
4 64 5.34726e-07
5 64 7.20898e-07
6 64 2.40789e-06
7 64 8.44525e-07
8 64 4.95753e-11
9 64 8.48262e-12
10 64 2.16138e-12
11 64 2.37142e-12
12 64 1.4854e-12
13 64 3.07634e-12
14 64 5.4888e-12
15 64 6.73793e-13
16 64 2.4037e-12
17 64 1.12957e-11
18 64 1.46627e-12
19 64 2.72197e-13
20 64 1.87593e-11
21 64 2.16409e-11
22 64 6.00249e-12
23 64 2.61901e-11
24 64 9.91739e-12
25 64 7.49554e-12
26 64 4.88577e-13
27 64 2.45054e-11
28 64 1.36838e-05
29 64 4.79143e-05
30 64 1.97448e-05
31 64 3.22436e-05
32 64 1.11331e-08
33 64 3.37876e-08
34 64 2.17144e-05
35 64 6.31463e-05
36 64 8.02904e-05
37 64 0.000211643
38 64 4.27839e-08
39 64 1.5811e-08
40 64 2.97718e-11
41 64 5.1375e-12
42 64 1.18349e-11
43 64 5.45863e-12
44 64 1.41202e-11
45 64 2.6069e-11
46 64 7.54111e-10
47 64 2.17134e-10
0 65 5.41318e-06
1 65 6.98725e-07
2 65 6.00448e-09
3 65 8.32663e-08
4 65 7.20905e-07
5 65 5.34727e-07
6 65 8.44525e-07
7 65 2.40791e-06
8 65 8.48911e-12
9 65 4.95763e-11
10 65 2.37395e-12
11 65 2.16432e-12
12 65 3.08498e-12
13 65 1.49027e-12
14 65 6.74326e-13
15 65 5.48692e-12
16 65 1.1295e-11
17 65 2.40125e-12
18 65 2.72718e-13
19 65 1.46571e-12
20 65 2.16444e-11
21 65 1.87616e-11
22 65 2.61923e-11
23 65 6.00082e-12
24 65 7.50243e-12
25 65 9.91827e-12
26 65 2.451e-11
27 65 4.89525e-13
28 65 4.79143e-05
29 65 1.36838e-05
30 65 3.22436e-05
31 65 1.97448e-05
32 65 3.37876e-08
33 65 1.11331e-08
34 65 6.31463e-05
35 65 2.17144e-05
36 65 0.000211643
37 65 8.02904e-05
38 65 1.58109e-08
39 65 4.2784e-08
40 65 5.13779e-12
41 65 2.97693e-11
42 65 5.45737e-12
43 65 1.18352e-11
44 65 2.60679e-11
45 65 1.41201e-11
46 65 2.17156e-10
47 65 7.54111e-10
0 66 4.34052e-10
1 66 3.26585e-11
2 66 1.68921e-05
3 66 3.75995e-05
4 66 6.98942e-07
5 66 3.00523e-06
6 66 2.72004e-09
7 66 3.13696e-09
8 66 1.09956e-10
9 66 2.10404e-10
10 66 2.87226e-12
11 66 3.46175e-12
12 66 1.58996e-11
13 66 7.18288e-12
14 66 7.14715e-11
15 66 4.47007e-11
16 66 1.68074e-10
17 66 7.32514e-13
18 66 4.58109e-11
19 66 1.46986e-12
20 66 3.77714e-11
21 66 5.81923e-11
22 66 6.66176e-10
23 66 1.33332e-09
24 66 2.14542e-09
25 66 6.33266e-10
26 66 2.53525e-10
27 66 2.12937e-10
28 66 6.08249e-09
29 66 2.49414e-09
30 66 2.1808e-09
31 66 2.28476e-09
32 66 5.64553e-09
33 66 5.3881e-09
34 66 4.36683e-08
35 66 3.6026e-07
36 66 3.37296e-10
37 66 4.05135e-10
38 66 0.000183558
39 66 0.000329533
40 66 1.10963e-09
41 66 1.59317e-10
42 66 1.26218e-09
43 66 1.04334e-09
44 66 1.06695e-10
45 66 1.88233e-10
46 66 5.20648e-10
47 66 6.33948e-10
0 67 3.26366e-11
1 67 4.3397e-10
2 67 3.75996e-05
3 67 1.6892e-05
4 67 3.00522e-06
5 67 6.98941e-07
6 67 3.13598e-09
7 67 2.72081e-09
8 67 2.10384e-10
9 67 1.09932e-10
10 67 3.46194e-12
11 67 2.87656e-12
12 67 7.19143e-12
13 67 1.58803e-11
14 67 4.47136e-11
15 67 7.14777e-11
16 67 7.31497e-13
17 67 1.68071e-10
18 67 1.4706e-12
19 67 4.58167e-11
20 67 5.81996e-11
21 67 3.77576e-11
22 67 1.33338e-09
23 67 6.66174e-10
24 67 6.33242e-10
25 67 2.14544e-09
26 67 2.12928e-10
27 67 2.53505e-10
28 67 2.49413e-09
29 67 6.08253e-09
30 67 2.28475e-09
31 67 2.18079e-09
32 67 5.38811e-09
33 67 5.64545e-09
34 67 3.6026e-07
35 67 4.36684e-08
36 67 4.05128e-10
37 67 3.37311e-10
38 67 0.000329533
39 67 0.000183558
40 67 1.59312e-10
41 67 1.10962e-09
42 67 1.04332e-09
43 67 1.26218e-09
44 67 1.88228e-10
45 67 1.06689e-10
46 67 6.33958e-10
47 67 5.20636e-10
0 68 3.4396e-12
1 68 5.8175e-12
2 68 1.01366e-10
3 68 8.49196e-11
4 68 6.85331e-11
5 68 1.06439e-10
6 68 1.02394e-11
7 68 2.11058e-11
8 68 2.32023e-09
9 68 2.69828e-09
10 68 5.48404e-10
11 68 3.94088e-10
12 68 5.45988e-10
13 68 7.80644e-11
14 68 3.29684e-05
15 68 2.73497e-06
16 68 3.02025e-09
17 68 4.05378e-08
18 68 4.75887e-11
19 68 9.16437e-09
20 68 1.84355e-08
21 68 2.03472e-08
22 68 0.000362453
23 68 5.17095e-05
24 68 4.4016e-06
25 68 3.13254e-06
26 68 2.05718e-08
27 68 3.85565e-08
28 68 4.44427e-10
29 68 4.94676e-10
30 68 4.36116e-11
31 68 4.74082e-12
32 68 1.6131e-10
33 68 5.17018e-11
34 68 1.41684e-09
35 68 1.46948e-10
36 68 1.35889e-11
37 68 2.86631e-11
38 68 1.1418e-09
39 68 1.01462e-09
40 68 4.56348e-05
41 68 7.72596e-05
42 68 1.01438e-07
43 68 2.08216e-08
44 68 1.03363e-08
45 68 2.85458e-08
46 68 4.55704e-12
47 68 4.11736e-11
0 69 5.83026e-12
1 69 3.43827e-12
2 69 8.49243e-11
3 69 1.0138e-10
4 69 1.06299e-10
5 69 6.85129e-11
6 69 2.11403e-11
7 69 1.02231e-11
8 69 2.69821e-09
9 69 2.32013e-09
10 69 3.94084e-10
11 69 5.48397e-10
12 69 7.80583e-11
13 69 5.45933e-10
14 69 2.73496e-06
15 69 3.29684e-05
16 69 4.05383e-08
17 69 3.02041e-09
18 69 9.16429e-09
19 69 4.75837e-11
20 69 2.03473e-08
21 69 1.84358e-08
22 69 5.17095e-05
23 69 0.000362453
24 69 3.13254e-06
25 69 4.4016e-06
26 69 3.85566e-08
27 69 2.0572e-08
28 69 4.94671e-10
29 69 4.44437e-10
30 69 4.74047e-12
31 69 4.36121e-11
32 69 5.1701e-11
33 69 1.61296e-10
34 69 1.46954e-10
35 69 1.41685e-09
36 69 2.86602e-11
37 69 1.3589e-11
38 69 1.01464e-09
39 69 1.14182e-09
40 69 7.72596e-05
41 69 4.56348e-05
42 69 2.08216e-08
43 69 1.01438e-07
44 69 2.85458e-08
45 69 1.03364e-08
46 69 4.11723e-11
47 69 4.55707e-12
0 70 1.30672e-11
1 70 1.33939e-11
2 70 1.7329e-10
3 70 2.9074e-10
4 70 2.48134e-10
5 70 1.94679e-11
6 70 2.97325e-11
7 70 1.32608e-12
8 70 6.43811e-09
9 70 1.38321e-08
10 70 3.59987e-09
11 70 3.78516e-09
12 70 1.24984e-08
13 70 2.82426e-09
14 70 2.23766e-08
15 70 1.37238e-08
16 70 3.21106e-07
17 70 4.25782e-06
18 70 1.14263e-06
19 70 4.34854e-06
20 70 5.71797e-08
21 70 3.39115e-08
22 70 5.48308e-06
23 70 2.60201e-06
24 70 0.000259106
25 70 0.000150562
26 70 4.77667e-06
27 70 1.11652e-05
28 70 8.92366e-11
29 70 1.62532e-09
30 70 7.98967e-11
31 70 1.26275e-11
32 70 1.24707e-10
33 70 2.28855e-10
34 70 1.52265e-09
35 70 4.34932e-10
36 70 3.9438e-11
37 70 4.23982e-11
38 70 2.92672e-09
39 70 6.28882e-10
40 70 4.63567e-08
41 70 4.35517e-08
42 70 2.12152e-05
43 70 1.57766e-05
44 70 9.23941e-07
45 70 5.31635e-05
46 70 1.6478e-11
47 70 5.9301e-12
0 71 1.33644e-11
1 71 1.3041e-11
2 71 2.90741e-10
3 71 1.73436e-10
4 71 1.94029e-11
5 71 2.48143e-10
6 71 1.33244e-12
7 71 2.96285e-11
8 71 1.38323e-08
9 71 6.43778e-09
10 71 3.78541e-09
11 71 3.59995e-09
12 71 2.82458e-09
13 71 1.24983e-08
14 71 1.37239e-08
15 71 2.2376e-08
16 71 4.25782e-06
17 71 3.21106e-07
18 71 4.34854e-06
19 71 1.14263e-06
20 71 3.39112e-08
21 71 5.71794e-08
22 71 2.60201e-06
23 71 5.48308e-06
24 71 0.000150562
25 71 0.000259106
26 71 1.11652e-05
27 71 4.77667e-06
28 71 1.62534e-09
29 71 8.92422e-11
30 71 1.26274e-11
31 71 7.98995e-11
32 71 2.28851e-10
33 71 1.24704e-10
34 71 4.34945e-10
35 71 1.52268e-09
36 71 4.23931e-11
37 71 3.94381e-11
38 71 6.28887e-10
39 71 2.92675e-09
40 71 4.35519e-08
41 71 4.63565e-08
42 71 1.57766e-05
43 71 2.12152e-05
44 71 5.31635e-05
45 71 9.23941e-07
46 71 5.93165e-12
47 71 1.64772e-11
0 72 3.74773e-13
1 72 5.87454e-12
2 72 2.24669e-11
3 72 4.6261e-11
4 72 3.33657e-11
5 72 3.17287e-11
6 72 2.02413e-12
7 72 2.69013e-12
8 72 1.30145e-08
9 72 5.1783e-09
10 72 8.21551e-09
11 72 1.71302e-09
12 72 6.11695e-09
13 72 4.17768e-09
14 72 3.13368e-10
15 72 2.4098e-10
16 72 1.45162e-06
17 72 3.78634e-06
18 72 2.34862e-06
19 72 2.59238e-06
20 72 1.22364e-08
21 72 1.05105e-10
22 72 7.69955e-08
23 72 3.4306e-07
24 72 1.21623e-05
25 72 3.94873e-06
26 72 7.95109e-05
27 72 0.000334409
28 72 9.55357e-11
29 72 1.9658e-11
30 72 5.43756e-12
31 72 2.9119e-12
32 72 1.07643e-11
33 72 1.1068e-11
34 72 2.78502e-11
35 72 9.68414e-11
36 72 5.57238e-12
37 72 1.44829e-12
38 72 2.3455e-10
39 72 1.4809e-10
40 72 2.93665e-09
41 72 9.24627e-09
42 72 4.12245e-06
43 72 4.83938e-05
44 72 1.36235e-05
45 72 2.29137e-05
46 72 1.29384e-11
47 72 4.38053e-11
0 73 5.86087e-12
1 73 3.69308e-13
2 73 4.63237e-11
3 73 2.24452e-11
4 73 3.17666e-11
5 73 3.33166e-11
6 73 2.68178e-12
7 73 2.02829e-12
8 73 5.17823e-09
9 73 1.3014e-08
10 73 1.71293e-09
11 73 8.21539e-09
12 73 4.1773e-09
13 73 6.11711e-09
14 73 2.40997e-10
15 73 3.13393e-10
16 73 3.78634e-06
17 73 1.45162e-06
18 73 2.59239e-06
19 73 2.34862e-06
20 73 1.05101e-10
21 73 1.22364e-08
22 73 3.4306e-07
23 73 7.69955e-08
24 73 3.94872e-06
25 73 1.21623e-05
26 73 0.000334409
27 73 7.95109e-05
28 73 1.96591e-11
29 73 9.55436e-11
30 73 2.9118e-12
31 73 5.43806e-12
32 73 1.10659e-11
33 73 1.07615e-11
34 73 9.68414e-11
35 73 2.7854e-11
36 73 1.44826e-12
37 73 5.57305e-12
38 73 1.48092e-10
39 73 2.34551e-10
40 73 9.24627e-09
41 73 2.93665e-09
42 73 4.83938e-05
43 73 4.12245e-06
44 73 2.29137e-05
45 73 1.36235e-05
46 73 4.38028e-11
47 73 1.29384e-11
0 74 5.5344e-13
1 74 2.39849e-11
2 74 2.4777e-10
3 74 8.65714e-11
4 74 2.81498e-10
5 74 1.82435e-10
6 74 2.60851e-12
7 74 2.5529e-11
8 74 5.85205e-05
9 74 6.32953e-06
10 74 6.62281e-05
11 74 1.6375e-07
12 74 1.03039e-05
13 74 3.19635e-06
14 74 5.12852e-10
15 74 1.29946e-10
16 74 4.93767e-07
17 74 5.51856e-07
18 74 1.04783e-07
19 74 2.34476e-07
20 74 3.28368e-10
21 74 2.72133e-09
22 74 1.72203e-08
23 74 2.19964e-08
24 74 1.26154e-06
25 74 6.64205e-07
26 74 3.25164e-06
27 74 3.30341e-06
28 74 4.59252e-11
29 74 3.97695e-10
30 74 6.72562e-12
31 74 1.32759e-11
32 74 1.18355e-11
33 74 8.23056e-11
34 74 2.36624e-10
35 74 2.28471e-10
36 74 7.55371e-12
37 74 3.33294e-12
38 74 1.15468e-10
39 74 1.16292e-10
40 74 4.14367e-09
41 74 2.09993e-10
42 74 6.13114e-07
43 74 1.00678e-05
44 74 1.43264e-05
45 74 1.00987e-05
46 74 1.74056e-11
47 74 6.92196e-12
0 75 2.39979e-11
1 75 5.5302e-13
2 75 8.65821e-11
3 75 2.47817e-10
4 75 1.82299e-10
5 75 2.81358e-10
6 75 2.5571e-11
7 75 2.5957e-12
8 75 6.32954e-06
9 75 5.85205e-05
10 75 1.63749e-07
11 75 6.6228e-05
12 75 3.19636e-06
13 75 1.03039e-05
14 75 1.29948e-10
15 75 5.12833e-10
16 75 5.51856e-07
17 75 4.93767e-07
18 75 2.34476e-07
19 75 1.04783e-07
20 75 2.72128e-09
21 75 3.28382e-10
22 75 2.19964e-08
23 75 1.72204e-08
24 75 6.64205e-07
25 75 1.26154e-06
26 75 3.30341e-06
27 75 3.25164e-06
28 75 3.97694e-10
29 75 4.59204e-11
30 75 1.32758e-11
31 75 6.72528e-12
32 75 8.23023e-11
33 75 1.18357e-11
34 75 2.28472e-10
35 75 2.36627e-10
36 75 3.33283e-12
37 75 7.55398e-12
38 75 1.16294e-10
39 75 1.15471e-10
40 75 2.09997e-10
41 75 4.14367e-09
42 75 1.00678e-05
43 75 6.13114e-07
44 75 1.00987e-05
45 75 1.43264e-05
46 75 6.92149e-12
47 75 1.74046e-11
0 76 1.0273e-12
1 76 9.20047e-14
2 76 7.15398e-12
3 76 2.82565e-11
4 76 9.72134e-12
5 76 1.35108e-11
6 76 4.89061e-12
7 76 9.91492e-14
8 76 1.87193e-06
9 76 2.48304e-06
10 76 7.38563e-06
11 76 3.01942e-06
12 76 0.00012948
13 76 5.04246e-07
14 76 1.62055e-10
15 76 7.8125e-11
16 76 1.38045e-08
17 76 3.46326e-07
18 76 1.58378e-07
19 76 7.51877e-07
20 76 2.7417e-09
21 76 7.69584e-10
22 76 1.34579e-07
23 76 5.89505e-08
24 76 2.71751e-06
25 76 3.84741e-06
26 76 1.4948e-06
27 76 4.30601e-07
28 76 7.14354e-13
29 76 1.22173e-11
30 76 3.54925e-12
31 76 2.27228e-12
32 76 4.3931e-12
33 76 8.085e-12
34 76 1.17467e-11
35 76 8.87664e-13
36 76 1.88208e-13
37 76 1.33971e-12
38 76 1.924e-11
39 76 1.82252e-13
40 76 5.90207e-10
41 76 1.15531e-09
42 76 9.06786e-06
43 76 1.53994e-05
44 76 1.33866e-06
45 76 9.21928e-06
46 76 1.41468e-11
47 76 1.74083e-11
0 77 9.28121e-14
1 77 1.02757e-12
2 77 2.82526e-11
3 77 7.16894e-12
4 77 1.34958e-11
5 77 9.71837e-12
6 77 9.8431e-14
7 77 4.88089e-12
8 77 2.48304e-06
9 77 1.87193e-06
10 77 3.0194e-06
11 77 7.38568e-06
12 77 5.04249e-07
13 77 0.00012948
14 77 7.81314e-11
15 77 1.62035e-10
16 77 3.46325e-07
17 77 1.38043e-08
18 77 7.51878e-07
19 77 1.58378e-07
20 77 7.69584e-10
21 77 2.74163e-09
22 77 5.89502e-08
23 77 1.34579e-07
24 77 3.84741e-06
25 77 2.7175e-06
26 77 4.30602e-07
27 77 1.4948e-06
28 77 1.22171e-11
29 77 7.144e-13
30 77 2.27132e-12
31 77 3.54793e-12
32 77 8.0859e-12
33 77 4.39305e-12
34 77 8.87476e-13
35 77 1.17446e-11
36 77 1.34025e-12
37 77 1.88237e-13
38 77 1.823e-13
39 77 1.92404e-11
40 77 1.15532e-09
41 77 5.90209e-10
42 77 1.53994e-05
43 77 9.06786e-06
44 77 9.21928e-06
45 77 1.33866e-06
46 77 1.74086e-11
47 77 1.41447e-11
0 78 4.31002e-12
1 78 1.40597e-12
2 78 1.76789e-11
3 78 2.87713e-11
4 78 4.91694e-11
5 78 8.9673e-12
6 78 9.07814e-12
7 78 5.00164e-12
8 78 2.03657e-07
9 78 7.09027e-07
10 78 3.85656e-07
11 78 3.19897e-07
12 78 1.47361e-08
13 78 5.49449e-10
14 78 0.000122541
15 78 5.27659e-05
16 78 7.67263e-11
17 78 2.12203e-09
18 78 6.00263e-13
19 78 1.49623e-11
20 78 3.46988e-07
21 78 1.43374e-07
22 78 1.29224e-06
23 78 4.79207e-07
24 78 4.1581e-08
25 78 1.93962e-08
26 78 2.96097e-10
27 78 3.52046e-10
28 78 3.27968e-11
29 78 1.56735e-10
30 78 6.7e-12
31 78 1.25833e-12
32 78 4.15122e-11
33 78 2.64327e-11
34 78 2.04933e-10
35 78 3.99389e-11
36 78 8.45726e-13
37 78 5.59611e-12
38 78 9.51249e-11
39 78 7.42633e-12
40 78 2.1583e-05
41 78 1.56001e-05
42 78 2.7048e-09
43 78 1.14315e-09
44 78 1.93059e-10
45 78 1.83604e-09
46 78 9.31384e-13
47 78 4.72091e-12
0 79 1.40595e-12
1 79 4.30221e-12
2 79 2.87863e-11
3 79 1.7672e-11
4 79 8.98518e-12
5 79 4.91353e-11
6 79 5.01766e-12
7 79 9.09518e-12
8 79 7.09027e-07
9 79 2.03657e-07
10 79 3.19898e-07
11 79 3.85654e-07
12 79 5.49421e-10
13 79 1.47359e-08
14 79 5.27659e-05
15 79 0.000122541
16 79 2.12203e-09
17 79 7.67331e-11
18 79 1.49626e-11
19 79 6.00193e-13
20 79 1.43374e-07
21 79 3.46987e-07
22 79 4.79207e-07
23 79 1.29224e-06
24 79 1.93961e-08
25 79 4.15811e-08
26 79 3.52045e-10
27 79 2.961e-10
28 79 1.56734e-10
29 79 3.27959e-11
30 79 1.25789e-12
31 79 6.69873e-12
32 79 2.64328e-11
33 79 4.15137e-11
34 79 3.99365e-11
35 79 2.0493e-10
36 79 5.59585e-12
37 79 8.45599e-13
38 79 7.42687e-12
39 79 9.51304e-11
40 79 1.56001e-05
41 79 2.1583e-05
42 79 1.14314e-09
43 79 2.70478e-09
44 79 1.83603e-09
45 79 1.93054e-10
46 79 4.7206e-12
47 79 9.31168e-13
0 80 4.14538e-12
1 80 1.01551e-11
2 80 4.51836e-12
3 80 2.59848e-10
4 80 3.59902e-11
5 80 2.66561e-10
6 80 7.12509e-12
7 80 3.76708e-11
8 80 2.18917e-05
9 80 2.43734e-05
10 80 1.36087e-05
11 80 2.89545e-05
12 80 2.44155e-07
13 80 7.37077e-07
14 80 2.28182e-07
15 80 2.72784e-06
16 80 1.10485e-08
17 80 2.0029e-08
18 80 3.02553e-10
19 80 3.67947e-10
20 80 2.06624e-05
21 80 1.22995e-05
22 80 1.8162e-08
23 80 1.05883e-08
24 80 4.30262e-09
25 80 5.60796e-10
26 80 9.01797e-10
27 80 1.60699e-09
28 80 1.6973e-10
29 80 1.6048e-10
30 80 4.32432e-12
31 80 1.44506e-11
32 80 2.05858e-11
33 80 3.46505e-11
34 80 1.76081e-10
35 80 1.12488e-10
36 80 7.19907e-12
37 80 1.97184e-11
38 80 6.15001e-12
39 80 1.43592e-10
40 80 5.16926e-07
41 80 8.63317e-08
42 80 2.95115e-09
43 80 1.44224e-10
44 80 4.3078e-09
45 80 3.92065e-09
46 80 1.69896e-11
47 80 1.30723e-11
0 81 1.01617e-11
1 81 4.15571e-12
2 81 2.59838e-10
3 81 4.52146e-12
4 81 2.66406e-10
5 81 3.59941e-11
6 81 3.77012e-11
7 81 7.1484e-12
8 81 2.43734e-05
9 81 2.18917e-05
10 81 2.89545e-05
11 81 1.36087e-05
12 81 7.37067e-07
13 81 2.44152e-07
14 81 2.72784e-06
15 81 2.28182e-07
16 81 2.00289e-08
17 81 1.10486e-08
18 81 3.67947e-10
19 81 3.02575e-10
20 81 1.22995e-05
21 81 2.06624e-05
22 81 1.05883e-08
23 81 1.8162e-08
24 81 5.60795e-10
25 81 4.30262e-09
26 81 1.60698e-09
27 81 9.01805e-10
28 81 1.60478e-10
29 81 1.69732e-10
30 81 1.44489e-11
31 81 4.32386e-12
32 81 3.46526e-11
33 81 2.05865e-11
34 81 1.12489e-10
35 81 1.76079e-10
36 81 1.97175e-11
37 81 7.19899e-12
38 81 1.43591e-10
39 81 6.15044e-12
40 81 8.63317e-08
41 81 5.16925e-07
42 81 1.44222e-10
43 81 2.95112e-09
44 81 3.92068e-09
45 81 4.30779e-09
46 81 1.30722e-11
47 81 1.69912e-11
0 82 2.39702e-12
1 82 2.10335e-11
2 82 4.1434e-11
3 82 1.60517e-10
4 82 4.72814e-11
5 82 1.61492e-10
6 82 1.91276e-11
7 82 3.36923e-11
8 82 1.02362e-07
9 82 2.66176e-07
10 82 2.33425e-07
11 82 2.66412e-07
12 82 1.04882e-07
13 82 3.49298e-08
14 82 1.99653e-09
15 82 1.0143e-09
16 82 3.50538e-05
17 82 0.000124228
18 82 1.47887e-06
19 82 1.77935e-06
20 82 5.4419e-08
21 82 5.35434e-08
22 82 1.18095e-08
23 82 5.96116e-10
24 82 1.09972e-08
25 82 6.06837e-09
26 82 3.81895e-11
27 82 9.68324e-10
28 82 2.06501e-10
29 82 4.99247e-10
30 82 4.35598e-12
31 82 2.90713e-11
32 82 1.84569e-11
33 82 1.19135e-10
34 82 3.68838e-10
35 82 3.07118e-10
36 82 1.97086e-12
37 82 8.08596e-12
38 82 1.1714e-10
39 82 2.25683e-10
40 82 2.65654e-10
41 82 1.20968e-09
42 82 2.01459e-06
43 82 9.38803e-07
44 82 7.7625e-06
45 82 1.23788e-05
46 82 1.94461e-11
47 82 4.49722e-12
0 83 2.10353e-11
1 83 2.40383e-12
2 83 1.6056e-10
3 83 4.14212e-11
4 83 1.61471e-10
5 83 4.73397e-11
6 83 3.36538e-11
7 83 1.91369e-11
8 83 2.66175e-07
9 83 1.02362e-07
10 83 2.66412e-07
11 83 2.33426e-07
12 83 3.49293e-08
13 83 1.04882e-07
14 83 1.01435e-09
15 83 1.99649e-09
16 83 0.000124228
17 83 3.50538e-05
18 83 1.77935e-06
19 83 1.47887e-06
20 83 5.35435e-08
21 83 5.44189e-08
22 83 5.96087e-10
23 83 1.18095e-08
24 83 6.06845e-09
25 83 1.09972e-08
26 83 9.68367e-10
27 83 3.81901e-11
28 83 4.9924e-10
29 83 2.06504e-10
30 83 2.90715e-11
31 83 4.35516e-12
32 83 1.19142e-10
33 83 1.84564e-11
34 83 3.0712e-10
35 83 3.68838e-10
36 83 8.08549e-12
37 83 1.97052e-12
38 83 2.25691e-10
39 83 1.17144e-10
40 83 1.20969e-09
41 83 2.65646e-10
42 83 9.38803e-07
43 83 2.01459e-06
44 83 1.23788e-05
45 83 7.7625e-06
46 83 4.49666e-12
47 83 1.94461e-11
0 84 9.27119e-13
1 84 6.44623e-14
2 84 5.65422e-12
3 84 1.76875e-11
4 84 1.94518e-11
5 84 2.31376e-11
6 84 5.94683e-13
7 84 3.77257e-12
8 84 4.70089e-11
9 84 7.01952e-08
10 84 2.7414e-08
11 84 4.8024e-08
12 84 5.80883e-07
13 84 4.09942e-07
14 84 9.15314e-11
15 84 3.52443e-10
16 84 1.04314e-06
17 84 2.30953e-06
18 84 5.80773e-05
19 84 0.000102039
20 84 4.05932e-10
21 84 1.7069e-10
22 84 3.98297e-10
23 84 8.28629e-10
24 84 3.43565e-09
25 84 4.22879e-10
26 84 6.40138e-10
27 84 1.35505e-09
28 84 3.31557e-12
29 84 1.76443e-12
30 84 1.94683e-12
31 84 2.81599e-13
32 84 9.21158e-12
33 84 1.65714e-12
34 84 5.04528e-12
35 84 1.36461e-12
36 84 1.07086e-12
37 84 1.80262e-13
38 84 7.44555e-12
39 84 5.08967e-13
40 84 7.5997e-10
41 84 3.34926e-10
42 84 1.20766e-05
43 84 8.10383e-06
44 84 1.68353e-07
45 84 2.81494e-06
46 84 1.30252e-11
47 84 6.58674e-12
0 85 6.48805e-14
1 85 9.23855e-13
2 85 1.76884e-11
3 85 5.6575e-12
4 85 2.31554e-11
5 85 1.94358e-11
6 85 3.76482e-12
7 85 5.92007e-13
8 85 7.01951e-08
9 85 4.7006e-11
10 85 4.80243e-08
11 85 2.74145e-08
12 85 4.09941e-07
13 85 5.80884e-07
14 85 3.52466e-10
15 85 9.15408e-11
16 85 2.30953e-06
17 85 1.04314e-06
18 85 0.000102039
19 85 5.80773e-05
20 85 1.70685e-10
21 85 4.05943e-10
22 85 8.28644e-10
23 85 3.98312e-10
24 85 4.22887e-10
25 85 3.43561e-09
26 85 1.35501e-09
27 85 6.40132e-10
28 85 1.76475e-12
29 85 3.31603e-12
30 85 2.81792e-13
31 85 1.9468e-12
32 85 1.6574e-12
33 85 9.21025e-12
34 85 1.36445e-12
35 85 5.04585e-12
36 85 1.80134e-13
37 85 1.07089e-12
38 85 5.09285e-13
39 85 7.44647e-12
40 85 3.34929e-10
41 85 7.59968e-10
42 85 8.10383e-06
43 85 1.20766e-05
44 85 2.81494e-06
45 85 1.68353e-07
46 85 6.58798e-12
47 85 1.30272e-11
0 86 6.01463e-06
1 86 5.02338e-06
2 86 2.44759e-08
3 86 6.45788e-10
4 86 6.00918e-08
5 86 1.23124e-07
6 86 7.04637e-08
7 86 4.64511e-08
8 86 6.40634e-11
9 86 5.79591e-10
10 86 5.79975e-11
11 86 2.35138e-11
12 86 1.4712e-11
13 86 5.26569e-12
14 86 1.29076e-11
15 86 2.49392e-11
16 86 3.13403e-10
17 86 8.15667e-11
18 86 4.03211e-12
19 86 6.17046e-12
20 86 2.51432e-10
21 86 2.34948e-11
22 86 2.65975e-11
23 86 9.46594e-11
24 86 6.2367e-11
25 86 6.21175e-11
26 86 4.85694e-13
27 86 1.43463e-12
28 86 1.10913e-07
29 86 1.53211e-06
30 86 2.41211e-06
31 86 7.99892e-07
32 86 8.79399e-09
33 86 1.9556e-08
34 86 1.6787e-06
35 86 3.19859e-07
36 86 2.6313e-06
37 86 3.2219e-06
38 86 3.89143e-10
39 86 3.38506e-10
40 86 6.42302e-13
41 86 9.20944e-12
42 86 1.23002e-11
43 86 1.19775e-11
44 86 1.38177e-12
45 86 1.19019e-12
46 86 9.1741e-09
47 86 3.38789e-09
0 87 5.02336e-06
1 87 6.01463e-06
2 87 6.45834e-10
3 87 2.44752e-08
4 87 1.23126e-07
5 87 6.00928e-08
6 87 4.64514e-08
7 87 7.0466e-08
8 87 5.79619e-10
9 87 6.40628e-11
10 87 2.35119e-11
11 87 5.79878e-11
12 87 5.27312e-12
13 87 1.47081e-11
14 87 2.49449e-11
15 87 1.2907e-11
16 87 8.15722e-11
17 87 3.13406e-10
18 87 6.17084e-12
19 87 4.03276e-12
20 87 2.34985e-11
21 87 2.51414e-10
22 87 9.46557e-11
23 87 2.65959e-11
24 87 6.21222e-11
25 87 6.23574e-11
26 87 1.43354e-12
27 87 4.86514e-13
28 87 1.53211e-06
29 87 1.10913e-07
30 87 7.99892e-07
31 87 2.41211e-06
32 87 1.9556e-08
33 87 8.794e-09
34 87 3.19859e-07
35 87 1.6787e-06
36 87 3.22189e-06
37 87 2.6313e-06
38 87 3.38499e-10
39 87 3.89139e-10
40 87 9.20861e-12
41 87 6.42363e-13
42 87 1.19776e-11
43 87 1.22997e-11
44 87 1.19012e-12
45 87 1.3818e-12
46 87 3.38792e-09
47 87 9.1741e-09
0 88 9.92638e-07
1 88 4.36237e-06
2 88 3.58944e-09
3 88 9.98378e-09
4 88 1.15397e-08
5 88 1.00152e-07
6 88 1.55598e-07
7 88 1.8629e-08
8 88 2.6139e-12
9 88 2.56526e-13
10 88 6.86308e-13
11 88 1.63461e-12
12 88 2.49904e-13
13 88 1.41218e-12
14 88 4.3923e-13
15 88 1.41435e-12
16 88 7.21523e-12
17 88 5.02367e-12
18 88 6.41612e-13
19 88 2.10289e-14
20 88 2.21583e-12
21 88 4.76476e-12
22 88 7.31783e-12
23 88 1.68849e-13
24 88 1.85621e-12
25 88 4.48867e-12
26 88 1.64203e-12
27 88 3.86591e-12
28 88 2.18781e-06
29 88 1.16182e-06
30 88 1.06638e-06
31 88 6.32056e-07
32 88 2.09357e-10
33 88 1.14326e-09
34 88 6.36798e-07
35 88 5.14396e-06
36 88 1.40382e-06
37 88 6.25277e-07
38 88 5.87631e-09
39 88 7.10712e-09
40 88 2.56454e-12
41 88 1.43489e-11
42 88 5.61128e-12
43 88 1.83817e-11
44 88 4.63e-13
45 88 3.01425e-12
46 88 1.39272e-09
47 88 1.67643e-09
0 89 4.36236e-06
1 89 9.92697e-07
2 89 9.98399e-09
3 89 3.58942e-09
4 89 1.00152e-07
5 89 1.154e-08
6 89 1.8629e-08
7 89 1.556e-07
8 89 2.58819e-13
9 89 2.6135e-12
10 89 1.63573e-12
11 89 6.86221e-13
12 89 1.41406e-12
13 89 2.50232e-13
14 89 1.41232e-12
15 89 4.38963e-13
16 89 5.02614e-12
17 89 7.21744e-12
18 89 2.12053e-14
19 89 6.42996e-13
20 89 4.7674e-12
21 89 2.21454e-12
22 89 1.69695e-13
23 89 7.31732e-12
24 89 4.48837e-12
25 89 1.85846e-12
26 89 3.86864e-12
27 89 1.64208e-12
28 89 1.16182e-06
29 89 2.18781e-06
30 89 6.32057e-07
31 89 1.06638e-06
32 89 1.14327e-09
33 89 2.0936e-10
34 89 5.14396e-06
35 89 6.36797e-07
36 89 6.25277e-07
37 89 1.40382e-06
38 89 7.10712e-09
39 89 5.87631e-09
40 89 1.43487e-11
41 89 2.56434e-12
42 89 1.83794e-11
43 89 5.61248e-12
44 89 3.01433e-12
45 89 4.63135e-13
46 89 1.67644e-09
47 89 1.39271e-09
0 90 1.72249e-05
1 90 4.39978e-05
2 90 2.93161e-09
3 90 2.08591e-09
4 90 4.11157e-09
5 90 4.63587e-09
6 90 1.54006e-09
7 90 6.10954e-09
8 90 1.63735e-11
9 90 1.12728e-10
10 90 3.3672e-11
11 90 1.06041e-12
12 90 2.56114e-12
13 90 5.26778e-12
14 90 4.36217e-12
15 90 6.07372e-12
16 90 4.9402e-11
17 90 5.82761e-11
18 90 2.8819e-12
19 90 5.25862e-13
20 90 1.04024e-10
21 90 2.07866e-11
22 90 2.55119e-11
23 90 7.75842e-12
24 90 3.77362e-12
25 90 2.19465e-11
26 90 1.796e-13
27 90 6.40788e-13
28 90 2.31508e-08
29 90 2.72302e-08
30 90 9.19738e-09
31 90 1.05829e-07
32 90 5.94493e-07
33 90 3.47948e-07
34 90 3.21412e-08
35 90 3.35705e-08
36 90 6.72026e-09
37 90 2.04954e-07
38 90 3.69595e-10
39 90 3.34351e-10
40 90 2.27024e-12
41 90 2.22795e-12
42 90 8.15841e-12
43 90 3.0688e-12
44 90 2.99894e-13
45 90 4.23961e-13
46 90 8.98792e-08
47 90 1.74608e-07
0 91 4.39979e-05
1 91 1.72249e-05
2 91 2.08566e-09
3 91 2.93163e-09
4 91 4.63574e-09
5 91 4.1115e-09
6 91 6.10952e-09
7 91 1.53978e-09
8 91 1.12726e-10
9 91 1.63646e-11
10 91 1.0613e-12
11 91 3.36763e-11
12 91 5.26843e-12
13 91 2.56437e-12
14 91 6.07399e-12
15 91 4.35945e-12
16 91 5.82678e-11
17 91 4.94092e-11
18 91 5.25941e-13
19 91 2.88481e-12
20 91 2.07849e-11
21 91 1.04018e-10
22 91 7.75941e-12
23 91 2.55113e-11
24 91 2.19432e-11
25 91 3.77351e-12
26 91 6.40797e-13
27 91 1.79328e-13
28 91 2.72301e-08
29 91 2.31507e-08
30 91 1.05829e-07
31 91 9.19735e-09
32 91 3.47948e-07
33 91 5.94493e-07
34 91 3.35706e-08
35 91 3.21413e-08
36 91 2.04954e-07
37 91 6.72026e-09
38 91 3.34354e-10
39 91 3.69595e-10
40 91 2.22805e-12
41 91 2.26997e-12
42 91 3.06816e-12
43 91 8.1582e-12
44 91 4.23915e-13
45 91 2.99851e-13
46 91 1.74608e-07
47 91 8.98792e-08
0 92 2.13516e-10
1 92 2.4136e-11
2 92 1.98744e-07
3 92 8.30151e-08
4 92 5.65033e-08
5 92 1.32802e-07
6 92 5.7831e-09
7 92 4.49875e-08
8 92 5.13523e-06
9 92 6.97768e-07
10 92 3.36393e-06
11 92 1.85714e-06
12 92 1.02682e-09
13 92 1.16726e-07
14 92 1.60077e-09
15 92 6.19013e-10
16 92 3.01197e-08
17 92 9.41165e-09
18 92 9.49465e-11
19 92 8.24728e-11
20 92 4.24288e-05
21 92 2.60624e-05
22 92 2.03395e-09
23 92 9.65059e-09
24 92 4.73775e-09
25 92 3.48731e-09
26 92 2.60402e-10
27 92 2.65341e-10
28 92 1.75703e-09
29 92 3.40428e-09
30 92 8.50454e-09
31 92 8.74769e-10
32 92 3.92971e-11
33 92 1.17696e-11
34 92 1.13966e-09
35 92 3.53519e-09
36 92 2.91418e-09
37 92 9.66087e-10
38 92 3.21788e-09
39 92 2.22355e-08
40 92 1.29578e-10
41 92 1.92463e-10
42 92 1.77099e-10
43 92 1.01969e-10
44 92 4.94186e-12
45 92 1.89495e-11
46 92 1.03536e-11
47 92 8.00704e-12
0 93 2.40758e-11
1 93 2.13555e-10
2 93 8.30142e-08
3 93 1.98743e-07
4 93 1.32804e-07
5 93 5.65045e-08
6 93 4.49886e-08
7 93 5.78301e-09
8 93 6.97768e-07
9 93 5.13523e-06
10 93 1.85714e-06
11 93 3.36394e-06
12 93 1.16725e-07
13 93 1.02679e-09
14 93 6.19012e-10
15 93 1.60075e-09
16 93 9.41155e-09
17 93 3.01196e-08
18 93 8.24692e-11
19 93 9.49419e-11
20 93 2.60623e-05
21 93 4.24288e-05
22 93 9.65071e-09
23 93 2.03393e-09
24 93 3.48739e-09
25 93 4.73779e-09
26 93 2.65321e-10
27 93 2.60425e-10
28 93 3.40431e-09
29 93 1.75701e-09
30 93 8.74769e-10
31 93 8.5045e-09
32 93 1.17708e-11
33 93 3.9295e-11
34 93 3.53521e-09
35 93 1.13966e-09
36 93 9.6608e-10
37 93 2.91416e-09
38 93 2.22355e-08
39 93 3.21788e-09
40 93 1.92459e-10
41 93 1.29571e-10
42 93 1.01975e-10
43 93 1.77098e-10
44 93 1.89486e-11
45 93 4.94243e-12
46 93 8.00642e-12
47 93 1.03532e-11
0 94 4.18426e-09
1 94 9.1241e-09
2 94 4.74494e-05
3 94 1.06753e-06
4 94 3.56293e-05
5 94 2.37558e-06
6 94 8.69863e-08
7 94 1.89422e-06
8 94 1.28338e-08
9 94 2.04627e-08
10 94 1.7397e-08
11 94 9.39444e-09
12 94 1.02085e-10
13 94 4.32997e-10
14 94 9.92762e-11
15 94 2.57516e-12
16 94 5.32129e-10
17 94 7.88691e-10
18 94 4.4844e-12
19 94 1.38292e-11
20 94 3.42472e-07
21 94 2.38681e-08
22 94 1.83706e-11
23 94 4.13492e-11
24 94 4.48158e-11
25 94 1.27199e-11
26 94 2.39932e-12
27 94 4.37376e-12
28 94 7.36315e-08
29 94 3.85814e-07
30 94 1.09259e-06
31 94 8.60443e-07
32 94 4.41021e-10
33 94 6.33105e-12
34 94 4.24688e-07
35 94 4.24115e-07
36 94 2.91975e-07
37 94 2.5441e-07
38 94 1.02445e-06
39 94 2.9398e-06
40 94 8.16102e-12
41 94 3.71721e-12
42 94 2.042e-11
43 94 1.95399e-12
44 94 3.02616e-12
45 94 8.43971e-13
46 94 7.63437e-11
47 94 3.25091e-11
0 95 9.12425e-09
1 95 4.18424e-09
2 95 1.06753e-06
3 95 4.74494e-05
4 95 2.37558e-06
5 95 3.56292e-05
6 95 1.89423e-06
7 95 8.69844e-08
8 95 2.04632e-08
9 95 1.28342e-08
10 95 9.39425e-09
11 95 1.7397e-08
12 95 4.33056e-10
13 95 1.02122e-10
14 95 2.57556e-12
15 95 9.92715e-11
16 95 7.88669e-10
17 95 5.32089e-10
18 95 1.3828e-11
19 95 4.48373e-12
20 95 2.3868e-08
21 95 3.42471e-07
22 95 4.13397e-11
23 95 1.8378e-11
24 95 1.27192e-11
25 95 4.48301e-11
26 95 4.37422e-12
27 95 2.40056e-12
28 95 3.85814e-07
29 95 7.36315e-08
30 95 8.60443e-07
31 95 1.09259e-06
32 95 6.33014e-12
33 95 4.41023e-10
34 95 4.24115e-07
35 95 4.24687e-07
36 95 2.5441e-07
37 95 2.91975e-07
38 95 2.9398e-06
39 95 1.02445e-06
40 95 3.71756e-12
41 95 8.16138e-12
42 95 1.95349e-12
43 95 2.04196e-11
44 95 8.43892e-13
45 95 3.02627e-12
46 95 3.25089e-11
47 95 7.63443e-11
