0 -0.238012922425036 3.70998e-06
1 -0.238012922424964 1.89092e-06
2 -0.237891008135778 6.5156e-06
3 -0.237891008135653 8.8573e-07
4 -0.237842850816135 8.06286e-06
5 -0.237842850815943 9.92938e-07
6 -0.237258062910285 1.81237e-06
7 -0.237258062910281 1.39684e-06
8 -0.237132899219224 8.80454e-07
9 -0.237132899219122 2.45071e-05
10 -0.236314411932879 5.91888e-07
11 -0.236314411932874 8.91867e-07
12 -0.236292143001913 7.19618e-07
13 -0.236292143001902 1.91626e-06
14 -0.236153700710434 9.22071e-07
15 -0.236153700710415 1.44387e-06
16 -0.235722651873583 7.3241e-07
17 -0.235722651873574 9.79603e-07
18 -0.23514199912626 3.07026e-07
19 -0.235141999126257 2.16644e-07
20 -0.235046840254031 7.38862e-07
21 -0.235046840254019 6.10607e-07
22 -0.233994746018594 4.555e-07
23 -0.233994746018591 2.69305e-07
24 -0.233959082203385 3.61804e-07
25 -0.233959082203375 5.46184e-07
26 -0.233114331885779 2.29491e-07
27 -0.233114331885772 2.15762e-07
28 -0.232991505277492 5.19374e-07
29 -0.232991505277488 1.852e-07
30 -0.232655079494453 3.39952e-07
31 -0.232655079494444 3.56822e-07
32 -0.230978061974774 4.75949e-07
33 -0.230978061974764 1.86674e-07
34 -0.230648651572291 2.24802e-07
35 -0.230648651572282 4.29056e-07
36 -0.230515684606141 2.216e-07
37 -0.230515684606137 2.94675e-07
38 -0.228413274892214 1.03908e-07
39 -0.228413274892204 1.63659e-07
40 -0.158343345914116 6.47386e-08
41 -0.158343345914113 7.23321e-08
42 -0.156015670486603 5.45599e-08
43 -0.156015670486594 5.57239e-08
44 -0.155880658523947 4.22701e-08
45 -0.155880658523943 7.80535e-08
46 -0.155173731763437 8.38604e-08
47 -0.155173731763432 6.95193e-08
48 -0.1535485941842 8.55196e-08
49 -0.153548594184194 1.67431e-07
50 -0.153005600809798 1.37104e-07
51 -0.153005600809787 2.70077e-07
52 -0.152963188556449 1.15499e-07
53 -0.152963188556446 1.29048e-07
54 -0.152728444114069 1.28981e-07
55 -0.152728444114064 2.02069e-07
56 -0.152598289435904 1.15499e-07
57 -0.152598289435891 2.72074e-07
58 -0.151236748704826 2.52558e-07
59 -0.151236748704823 2.55447e-07
60 -0.150661983037522 4.37753e-07
61 -0.15066198303751 5.2278e-07
62 -0.150400738037717 4.27537e-07
63 -0.150400738037649 7.06011e-07
64 -0.150161389123279 6.83152e-07
65 -0.150161389123261 7.77315e-07
66 -0.15012555866667 4.73215e-07
67 -0.150125558666661 5.85102e-07
68 -0.150082707772834 5.76054e-07
69 -0.150082707772821 6.72441e-07
70 -0.149587293696584 6.87283e-07
71 -0.149587293696517 9.1465e-07
72 -0.149540256757864 5.06396e-07
73 -0.149540256757767 9.21008e-07
74 -0.148666716362201 5.21314e-07
75 -0.148666716362169 6.68142e-07
76 -0.148518347182991 4.9301e-07
77 -0.148518347182962 6.09805e-07
78 -0.14780857664858 1.21741e-06
79 -0.147808576648151 2.01229e-06
