0 40 9.54004e-08
1 40 1.93385e-09
2 40 8.31084e-05
3 40 6.12463e-05
4 40 3.40137e-05
5 40 1.32297e-05
6 40 0.000127113
7 40 3.67291e-05
8 40 4.90754e-07
9 40 5.5025e-06
10 40 1.33736e-06
11 40 5.23171e-07
12 40 4.09561e-08
13 40 4.75235e-09
14 40 1.24481e-06
15 40 1.81346e-06
16 40 2.91851e-08
17 40 1.65599e-08
18 40 0.000608634
19 40 0.000286051
20 40 7.22602e-08
21 40 4.64934e-08
22 40 0.00036072
23 40 0.000180994
24 40 9.01795e-05
25 40 3.30992e-05
26 40 1.547e-06
27 40 2.35269e-06
28 40 1.13948e-06
29 40 4.06216e-06
30 40 6.93318e-05
31 40 0.000331513
32 40 0.000142264
33 40 0.000923328
34 40 0.0124603
35 40 0.00867423
36 40 0.000239576
37 40 0.00096801
38 40 0.0684806
39 40 0.380571
0 41 1.93367e-09
1 41 9.54117e-08
2 41 6.12471e-05
3 41 8.31079e-05
4 41 1.32299e-05
5 41 3.40138e-05
6 41 3.67277e-05
7 41 0.000127115
8 41 5.50252e-06
9 41 4.9071e-07
10 41 5.24364e-07
11 41 1.33597e-06
12 41 4.74393e-09
13 41 4.09571e-08
14 41 1.81372e-06
15 41 1.24459e-06
16 41 1.6561e-08
17 41 2.91788e-08
18 41 0.00028605
19 41 0.000608636
20 41 4.63744e-08
21 41 7.24463e-08
22 41 0.000180991
23 41 0.000360723
24 41 3.30984e-05
25 41 9.01809e-05
26 41 2.35456e-06
27 41 1.54826e-06
28 41 4.06194e-06
29 41 1.13899e-06
30 41 0.000331522
31 41 6.93273e-05
32 41 0.0009234
33 41 0.000142128
34 41 0.00867476
35 41 0.0124599
36 41 0.000967991
37 41 0.00023959
38 41 0.380574
39 41 0.0684788
0 42 6.18291e-08
1 42 2.67983e-08
2 42 1.3156e-06
3 42 1.75301e-07
4 42 1.27979e-07
5 42 9.32504e-08
6 42 2.78944e-07
7 42 1.54926e-07
8 42 2.82479e-06
9 42 6.31843e-06
10 42 1.41332e-07
11 42 8.49724e-08
12 42 9.05873e-07
13 42 2.42001e-07
14 42 7.04605e-06
15 42 1.95027e-06
16 42 2.43156e-06
17 42 5.44204e-06
18 42 1.70217e-05
19 42 6.02473e-06
20 42 1.91006e-08
21 42 1.49107e-07
22 42 0.00011046
23 42 1.92692e-06
24 42 0.000253713
25 42 0.000590623
26 42 5.86718e-07
27 42 2.29858e-06
28 42 1.34468e-06
29 42 1.60272e-05
30 42 3.93369e-06
31 42 1.26552e-05
32 42 4.08689e-07
33 42 1.74965e-05
34 42 5.48198e-06
35 42 3.3571e-06
36 42 0.000176612
37 42 9.42469e-05
38 42 0.00175864
39 42 0.00118128
0 43 2.67515e-08
1 43 6.17972e-08
2 43 1.7531e-07
3 43 1.31562e-06
4 43 9.32506e-08
5 43 1.27981e-07
6 43 1.5493e-07
7 43 2.78936e-07
8 43 6.31807e-06
9 43 2.82458e-06
10 43 8.49076e-08
11 43 1.41316e-07
12 43 2.41766e-07
13 43 9.04712e-07
14 43 1.94979e-06
15 43 7.04797e-06
16 43 5.442e-06
17 43 2.43152e-06
18 43 6.024e-06
19 43 1.70214e-05
20 43 1.49211e-07
21 43 1.90954e-08
22 43 1.92671e-06
23 43 0.000110464
24 43 0.00059063
25 43 0.000253712
26 43 2.29849e-06
27 43 5.86629e-07
28 43 1.60254e-05
29 43 1.34333e-06
30 43 1.26553e-05
31 43 3.93446e-06
32 43 1.75024e-05
33 43 4.10415e-07
34 43 3.35697e-06
35 43 5.48415e-06
36 43 9.42469e-05
37 43 0.00017661
38 43 0.00118129
39 43 0.00175857
0 44 1.04163e-07
1 44 1.41139e-07
2 44 6.87645e-07
3 44 1.50447e-07
4 44 1.60766e-06
5 44 1.31379e-06
6 44 4.23269e-06
7 44 1.0653e-05
8 44 2.43246e-07
9 44 3.55555e-07
10 44 2.4137e-07
11 44 1.57887e-06
12 44 8.56385e-07
13 44 3.18355e-07
14 44 2.3971e-05
15 44 2.68504e-07
16 44 2.16718e-06
17 44 3.46543e-06
18 44 4.39452e-05
19 44 5.25543e-05
20 44 5.26696e-08
21 44 4.39085e-07
22 44 0.000507318
23 44 3.96498e-05
24 44 4.44371e-06
25 44 7.62817e-05
26 44 1.0353e-05
27 44 1.41658e-05
28 44 4.77246e-06
29 44 7.7586e-06
30 44 0.000147377
31 44 9.61842e-05
32 44 5.08003e-06
33 44 1.74121e-05
34 44 0.0004386
35 44 0.000142265
36 44 4.84183e-05
37 44 1.30585e-05
38 44 0.00877055
39 44 0.00168299
0 45 1.41077e-07
1 45 1.04114e-07
2 45 1.50456e-07
3 45 6.87661e-07
4 45 1.31382e-06
5 45 1.60772e-06
6 45 1.06535e-05
7 45 4.23281e-06
8 45 3.5552e-07
9 45 2.43234e-07
10 45 1.57647e-06
11 45 2.41194e-07
12 45 3.18335e-07
13 45 8.56353e-07
14 45 2.68499e-07
15 45 2.39724e-05
16 45 3.46556e-06
17 45 2.1673e-06
18 45 5.25529e-05
19 45 4.39444e-05
20 45 4.38213e-07
21 45 5.2503e-08
22 45 3.96483e-05
23 45 0.000507309
24 45 7.62782e-05
25 45 4.4436e-06
26 45 1.41705e-05
27 45 1.03584e-05
28 45 7.75968e-06
29 45 4.77346e-06
30 45 9.61821e-05
31 45 0.000147372
32 45 1.73945e-05
33 45 5.07184e-06
34 45 0.000142272
35 45 0.000438632
36 45 1.30575e-05
37 45 4.84153e-05
38 45 0.00168295
39 45 0.00877033
0 46 6.6311e-10
1 46 1.07681e-09
2 46 9.0259e-09
3 46 2.25448e-07
4 46 3.50679e-08
5 46 1.63639e-08
6 46 1.16516e-07
7 46 3.20166e-07
8 46 5.74207e-07
9 46 4.05171e-07
10 46 2.94004e-06
11 46 3.74533e-06
12 46 4.82189e-09
13 46 6.60262e-09
14 46 1.1085e-07
15 46 3.57201e-07
16 46 1.86953e-07
17 46 4.89411e-08
18 46 2.44814e-07
19 46 1.46425e-06
20 46 5.76554e-07
21 46 6.02139e-08
22 46 3.65575e-09
23 46 2.17522e-08
24 46 2.93704e-06
25 46 1.53001e-06
26 46 3.03454e-05
27 46 3.59799e-06
28 46 1.31332e-05
29 46 6.06221e-07
30 46 9.14012e-10
31 46 1.77876e-10
32 46 0.00307401
33 46 7.59845e-05
34 46 0.000146057
35 46 0.00011904
36 46 8.60788e-06
37 46 2.08157e-05
38 46 2.2333e-05
39 46 3.35853e-05
0 47 1.07775e-09
1 47 6.63864e-10
2 47 2.25436e-07
3 47 9.02603e-09
4 47 1.63659e-08
5 47 3.50687e-08
6 47 3.20183e-07
7 47 1.16336e-07
8 47 4.05114e-07
9 47 5.7405e-07
10 47 3.74521e-06
11 47 2.94045e-06
12 47 6.61826e-09
13 47 4.83738e-09
14 47 3.57254e-07
15 47 1.10833e-07
16 47 4.89413e-08
17 47 1.86953e-07
18 47 1.46347e-06
19 47 2.4217e-07
20 47 6.02144e-08
21 47 5.76553e-07
22 47 2.18045e-08
23 47 3.68394e-09
24 47 1.53019e-06
25 47 2.93652e-06
26 47 3.59913e-06
27 47 3.03464e-05
28 47 6.06552e-07
29 47 1.31336e-05
30 47 1.7753e-10
31 47 9.14658e-10
32 47 7.59907e-05
33 47 0.00307406
34 47 0.000119031
35 47 0.000146059
36 47 2.08148e-05
37 47 8.60796e-06
38 47 3.3521e-05
39 47 2.23445e-05
0 48 6.59374e-08
1 48 5.45e-07
2 48 1.20639e-06
3 48 3.72456e-06
4 48 5.9527e-09
5 48 1.60245e-08
6 48 9.55071e-08
7 48 5.47911e-07
8 48 2.30532e-06
9 48 5.16641e-07
10 48 2.05742e-08
11 48 8.64209e-08
12 48 8.08448e-10
13 48 3.33959e-09
14 48 8.45381e-09
15 48 9.17989e-09
16 48 7.91238e-07
17 48 5.65859e-07
18 48 7.17861e-08
19 48 3.00821e-07
20 48 4.78902e-07
21 48 3.07725e-07
22 48 2.04714e-05
23 48 7.51224e-05
24 48 2.91107e-05
25 48 5.4001e-05
26 48 1.65328e-06
27 48 4.85021e-07
28 48 2.14117e-06
29 48 1.71884e-07
30 48 1.43329e-05
31 48 1.37846e-06
32 48 2.90856e-09
33 48 2.23264e-09
34 48 2.80401e-06
35 48 2.73087e-06
36 48 0.000101792
37 48 5.64301e-05
38 48 1.82423e-05
39 48 6.64449e-06
0 49 5.44999e-07
1 49 6.59364e-08
2 49 3.72453e-06
3 49 1.2064e-06
4 49 1.60255e-08
5 49 5.95524e-09
6 49 5.47929e-07
7 49 9.54922e-08
8 49 5.1663e-07
9 49 2.30532e-06
10 49 8.65887e-08
11 49 2.04354e-08
12 49 3.33636e-09
13 49 8.06705e-10
14 49 9.19627e-09
15 49 8.43683e-09
16 49 5.65857e-07
17 49 7.91235e-07
18 49 3.0083e-07
19 49 7.17861e-08
20 49 3.07588e-07
21 49 4.79026e-07
22 49 7.51234e-05
23 49 2.04702e-05
24 49 5.40009e-05
25 49 2.91108e-05
26 49 4.85003e-07
27 49 1.6533e-06
28 49 1.71782e-07
29 49 2.14118e-06
30 49 1.37811e-06
31 49 1.43332e-05
32 49 2.22048e-09
33 49 2.9119e-09
34 49 2.73098e-06
35 49 2.80392e-06
36 49 5.64297e-05
37 49 0.000101793
38 49 6.64498e-06
39 49 1.8242e-05
0 50 6.84055e-09
1 50 3.17885e-09
2 50 7.40854e-06
3 50 1.85152e-06
4 50 1.46813e-05
5 50 1.11819e-05
6 50 6.31096e-06
7 50 1.04374e-05
8 50 7.88269e-07
9 50 1.14477e-06
10 50 1.42001e-07
11 50 5.6664e-07
12 50 4.15625e-06
13 50 9.85381e-07
14 50 9.03122e-07
15 50 9.8973e-08
16 50 4.66741e-06
17 50 6.73875e-06
18 50 3.98549e-06
19 50 3.67993e-06
20 50 2.36855e-09
21 50 9.23267e-08
22 50 3.06709e-05
23 50 1.65397e-06
24 50 4.94993e-06
25 50 3.3302e-05
26 50 1.92114e-06
27 50 2.98601e-06
28 50 9.44339e-09
29 50 4.3319e-10
30 50 1.14069e-05
31 50 1.12435e-05
32 50 1.06777e-07
33 50 1.16303e-07
34 50 0.000670348
35 50 0.000197742
36 50 0.000183145
37 50 5.72336e-05
38 50 0.000232851
39 50 8.61469e-05
0 51 3.1641e-09
1 51 6.82521e-09
2 51 1.8514e-06
3 51 7.40824e-06
4 51 1.11818e-05
5 51 1.46811e-05
6 51 1.04367e-05
7 51 6.31079e-06
8 51 1.1446e-06
9 51 7.88133e-07
10 51 5.67255e-07
11 51 1.42019e-07
12 51 9.85632e-07
13 51 4.15684e-06
14 51 9.89814e-08
15 51 9.03013e-07
16 51 6.73859e-06
17 51 4.66726e-06
18 51 3.67889e-06
19 51 3.98493e-06
20 51 9.22208e-08
21 51 2.35958e-09
22 51 1.65383e-06
23 51 3.06696e-05
24 51 3.32997e-05
25 51 4.94995e-06
26 51 2.98799e-06
27 51 1.9234e-06
28 51 4.43207e-10
29 51 9.51698e-09
30 51 1.12441e-05
31 51 1.14083e-05
32 51 1.15992e-07
33 51 1.06614e-07
34 51 0.00019774
35 51 0.000670337
36 51 5.72326e-05
37 51 0.00018314
38 51 8.61431e-05
39 51 0.000232827
0 52 9.82273e-08
1 52 1.18166e-08
2 52 6.31607e-06
3 52 7.35358e-06
4 52 2.00874e-06
5 52 2.40698e-06
6 52 2.41778e-06
7 52 4.90656e-07
8 52 2.01168e-06
9 52 6.81266e-06
10 52 4.05531e-07
11 52 3.46819e-08
12 52 6.96895e-06
13 52 3.14263e-06
14 52 1.91543e-06
15 52 1.2393e-05
16 52 8.46177e-08
17 52 1.63514e-07
18 52 1.58964e-07
19 52 1.31174e-07
20 52 6.60399e-07
21 52 1.96947e-07
22 52 2.6178e-05
23 52 3.66203e-05
24 52 1.1857e-05
25 52 1.04489e-06
26 52 1.08356e-07
27 52 8.93255e-08
28 52 6.93451e-08
29 52 1.92143e-07
30 52 5.68752e-07
31 52 1.7862e-06
32 52 7.02381e-06
33 52 1.66323e-05
34 52 8.3055e-05
35 52 0.000109
36 52 6.25925e-05
37 52 0.00037971
38 52 4.17053e-08
39 52 1.65342e-05
0 53 1.18096e-08
1 53 9.82218e-08
2 53 7.35358e-06
3 53 6.31606e-06
4 53 2.40692e-06
5 53 2.00871e-06
6 53 4.90668e-07
7 53 2.41763e-06
8 53 6.81277e-06
9 53 2.01176e-06
10 53 3.47163e-08
11 53 4.05824e-07
12 53 3.14367e-06
13 53 6.96923e-06
14 53 1.23926e-05
15 53 1.91553e-06
16 53 1.63496e-07
17 53 8.45941e-08
18 53 1.31189e-07
19 53 1.5899e-07
20 53 1.96948e-07
21 53 6.60311e-07
22 53 3.66193e-05
23 53 2.61779e-05
24 53 1.04503e-06
25 53 1.18558e-05
26 53 8.91429e-08
27 53 1.08268e-07
28 53 1.9197e-07
29 53 6.9152e-08
30 53 1.78656e-06
31 53 5.68803e-07
32 53 1.66324e-05
33 53 7.02416e-06
34 53 0.000108999
35 53 8.30552e-05
36 53 0.000379704
37 53 6.25919e-05
38 53 1.65349e-05
39 53 4.17018e-08
0 54 7.95375e-07
1 54 1.71735e-07
2 54 4.75432e-07
3 54 2.19243e-06
4 54 1.03373e-08
5 54 6.72843e-09
6 54 6.23652e-07
7 54 1.76144e-06
8 54 1.47015e-07
9 54 1.4063e-06
10 54 1.60801e-07
11 54 4.2699e-07
12 54 3.20711e-05
13 54 4.61675e-06
14 54 5.41896e-06
15 54 4.63044e-06
16 54 1.98864e-06
17 54 6.58577e-08
18 54 4.06227e-07
19 54 2.39022e-06
20 54 1.9112e-06
21 54 5.25528e-07
22 54 3.2783e-06
23 54 4.26106e-06
24 54 2.29394e-07
25 54 2.13569e-07
26 54 4.41984e-06
27 54 5.5011e-07
28 54 9.8914e-06
29 54 3.99103e-06
30 54 1.40142e-07
31 54 5.13574e-08
32 54 9.75007e-05
33 54 8.11923e-05
34 54 4.58842e-05
35 54 2.31647e-06
36 54 4.73737e-07
37 54 2.25703e-06
38 54 1.45832e-05
39 54 3.7673e-05
0 55 1.71719e-07
1 55 7.95361e-07
2 55 2.19242e-06
3 55 4.75479e-07
4 55 6.72706e-09
5 55 1.03362e-08
6 55 1.76168e-06
7 55 6.23568e-07
8 55 1.40642e-06
9 55 1.47039e-07
10 55 4.27098e-07
11 55 1.60765e-07
12 55 4.61668e-06
13 55 3.20711e-05
14 55 4.63077e-06
15 55 5.41843e-06
16 55 6.58658e-08
17 55 1.98864e-06
18 55 2.39073e-06
19 55 4.06154e-07
20 55 5.25451e-07
21 55 1.91124e-06
22 55 4.26141e-06
23 55 3.27754e-06
24 55 2.14112e-07
25 55 2.29112e-07
26 55 5.49992e-07
27 55 4.41965e-06
28 55 3.99125e-06
29 55 9.89151e-06
30 55 5.13456e-08
31 55 1.40175e-07
32 55 8.11894e-05
33 55 9.75013e-05
34 55 2.31571e-06
35 55 4.5886e-05
36 55 2.25719e-06
37 55 4.73393e-07
38 55 3.76696e-05
39 55 1.45903e-05
0 56 4.4645e-07
1 56 9.35756e-08
2 56 7.5414e-08
3 56 1.48643e-08
4 56 4.44276e-07
5 56 5.71729e-07
6 56 8.31841e-08
7 56 1.28031e-08
8 56 6.7718e-07
9 56 1.89264e-06
10 56 2.07804e-05
11 56 3.83513e-06
12 56 3.74718e-08
13 56 1.16647e-08
14 56 5.63011e-07
15 56 9.54848e-07
16 56 4.15017e-08
17 56 8.3387e-08
18 56 1.66381e-08
19 56 5.22942e-09
20 56 1.1747e-05
21 56 1.92775e-05
22 56 3.37526e-06
23 56 1.38809e-06
24 56 2.68129e-06
25 56 1.17651e-06
26 56 1.33627e-05
27 56 7.33235e-05
28 56 3.64002e-07
29 56 8.14159e-06
30 56 1.40232e-08
31 56 2.01142e-07
32 56 1.56698e-05
33 56 0.000219787
34 56 2.80933e-06
35 56 3.71466e-06
36 56 2.29581e-05
37 56 3.4227e-05
38 56 9.44526e-06
39 56 2.5963e-05
0 57 9.35681e-08
1 57 4.46435e-07
2 57 1.48676e-08
3 57 7.54084e-08
4 57 5.71689e-07
5 57 4.44283e-07
6 57 1.26832e-08
7 57 8.33257e-08
8 57 1.89271e-06
9 57 6.77126e-07
10 57 3.83534e-06
11 57 2.07802e-05
12 57 1.1643e-08
13 57 3.74518e-08
14 57 9.55252e-07
15 57 5.62745e-07
16 57 8.33925e-08
17 57 4.15096e-08
18 57 5.12011e-09
19 57 1.65594e-08
20 57 1.92775e-05
21 57 1.17469e-05
22 57 1.38694e-06
23 57 3.37591e-06
24 57 1.17689e-06
25 57 2.68083e-06
26 57 7.3324e-05
27 57 1.33629e-05
28 57 8.14173e-06
29 57 3.64244e-07
30 57 2.01035e-07
31 57 1.4096e-08
32 57 0.000219788
33 57 1.56711e-05
34 57 3.71641e-06
35 57 2.80795e-06
36 57 3.42258e-05
37 57 2.29589e-05
38 57 2.59541e-05
39 57 9.45037e-06
0 58 3.4482e-08
1 58 4.84754e-09
2 58 1.28811e-08
3 58 6.57757e-08
4 58 3.17646e-08
5 58 2.64435e-10
6 58 1.04821e-06
7 58 1.73569e-06
8 58 2.5189e-07
9 58 3.24544e-06
10 58 1.45717e-07
11 58 1.50451e-07
12 58 6.78033e-07
13 58 1.08039e-07
14 58 2.43499e-08
15 58 3.68769e-08
16 58 1.07009e-11
17 58 4.58916e-13
18 58 7.02233e-05
19 58 0.000257636
20 58 2.208e-10
21 58 3.1875e-11
22 58 1.77892e-07
23 58 3.11514e-07
24 58 1.98532e-07
25 58 9.37051e-08
26 58 1.74372e-06
27 58 2.91377e-07
28 58 4.36224e-07
29 58 2.11017e-07
30 58 1.98654e-08
31 58 1.13955e-08
32 58 1.11684e-06
33 58 9.75839e-07
34 58 1.05094e-07
35 58 2.04111e-08
36 58 2.20129e-09
37 58 2.31444e-08
38 58 3.93534e-05
39 58 0.000217613
0 59 4.84738e-09
1 59 3.44831e-08
2 59 6.5767e-08
3 59 1.28882e-08
4 59 2.64956e-10
5 59 3.17614e-08
6 59 1.73563e-06
7 59 1.04829e-06
8 59 3.24545e-06
9 59 2.51925e-07
10 59 1.50523e-07
11 59 1.4564e-07
12 59 1.0803e-07
13 59 6.78043e-07
14 59 3.6871e-08
15 59 2.43556e-08
16 59 4.63393e-13
17 59 1.0706e-11
18 59 0.000257635
19 59 7.02252e-05
20 59 3.25546e-11
21 59 2.27084e-10
22 59 3.11518e-07
23 59 1.77893e-07
24 59 9.36508e-08
25 59 1.9859e-07
26 59 2.91367e-07
27 59 1.74372e-06
28 59 2.11027e-07
29 59 4.36216e-07
30 59 1.13932e-08
31 59 1.98678e-08
32 59 9.77302e-07
33 59 1.11547e-06
34 59 2.06193e-08
35 59 1.04913e-07
36 59 2.31177e-08
37 59 2.22993e-09
38 59 0.000217617
39 59 3.93501e-05
0 60 5.60325e-08
1 60 1.2732e-07
2 60 9.00193e-07
3 60 6.52889e-08
4 60 8.38037e-07
5 60 3.01264e-06
6 60 2.25388e-07
7 60 1.71609e-07
8 60 6.98738e-08
9 60 3.24053e-08
10 60 2.43294e-08
11 60 2.00739e-08
12 60 7.21912e-07
13 60 9.78429e-07
14 60 2.46438e-05
15 60 5.106e-06
16 60 3.18372e-08
17 60 2.49704e-07
18 60 1.00156e-10
19 60 3.13121e-11
20 60 6.42609e-09
21 60 8.3293e-07
22 60 1.46271e-07
23 60 1.11401e-08
24 60 5.27646e-07
25 60 3.13925e-06
26 60 5.30897e-11
27 60 5.90823e-11
28 60 4.01208e-08
29 60 1.47073e-07
30 60 4.98501e-06
31 60 8.71455e-06
32 60 1.92115e-07
33 60 6.73957e-07
34 60 2.12582e-06
35 60 3.77403e-06
36 60 1.21718e-05
37 60 7.2827e-07
38 60 5.83703e-07
39 60 6.15815e-08
0 61 1.27315e-07
1 61 5.60258e-08
2 61 6.52946e-08
3 61 9.00202e-07
4 61 3.01264e-06
5 61 8.38042e-07
6 61 1.7159e-07
7 61 2.25389e-07
8 61 3.23837e-08
9 61 6.98622e-08
10 61 2.00782e-08
11 61 2.43276e-08
12 61 9.78413e-07
13 61 7.21804e-07
14 61 5.1059e-06
15 61 2.46441e-05
16 61 2.4972e-07
17 61 3.18542e-08
18 61 3.13734e-11
19 61 1.00289e-10
20 61 8.33179e-07
21 61 6.40067e-09
22 61 1.11395e-08
23 61 1.46317e-07
24 61 3.13913e-06
25 61 5.27668e-07
26 61 5.8651e-11
27 61 5.25491e-11
28 61 1.47098e-07
29 61 4.01455e-08
30 61 8.71454e-06
31 61 4.98494e-06
32 61 6.73961e-07
33 61 1.92113e-07
34 61 3.77405e-06
35 61 2.12561e-06
36 61 7.28247e-07
37 61 1.21716e-05
38 61 6.15789e-08
39 61 5.83712e-07
0 62 5.04664e-08
1 62 4.82812e-08
2 62 2.23042e-06
3 62 3.91812e-06
4 62 1.73251e-06
5 62 2.71869e-06
6 62 1.32681e-06
7 62 2.37425e-07
8 62 1.57335e-07
9 62 1.0261e-07
10 62 9.90588e-08
11 62 2.60814e-09
12 62 9.23794e-07
13 62 2.42846e-06
14 62 5.12754e-07
15 62 2.87777e-05
16 62 1.22121e-05
17 62 1.4493e-05
18 62 1.74941e-08
19 62 9.33315e-09
20 62 1.9655e-07
21 62 4.92321e-08
22 62 1.37416e-06
23 62 7.29953e-06
24 62 4.06625e-05
25 62 2.31605e-06
26 62 1.04776e-06
27 62 1.46661e-06
28 62 7.81231e-07
29 62 7.43279e-07
30 62 8.841e-07
31 62 2.67839e-06
32 62 1.54088e-06
33 62 9.53529e-07
34 62 5.66458e-06
35 62 3.47294e-05
36 62 1.2237e-06
37 62 3.41778e-06
38 62 1.83695e-08
39 62 1.72561e-07
0 63 4.83513e-08
1 63 5.05463e-08
2 63 3.9182e-06
3 63 2.23047e-06
4 63 2.71875e-06
5 63 1.73256e-06
6 63 2.37446e-07
7 63 1.32688e-06
8 63 1.0262e-07
9 63 1.57357e-07
10 63 2.61532e-09
11 63 9.92517e-08
12 63 2.42913e-06
13 63 9.24082e-07
14 63 2.87767e-05
15 63 5.12746e-07
16 63 1.44927e-05
17 63 1.22117e-05
18 63 9.33167e-09
19 63 1.74915e-08
20 63 4.92166e-08
21 63 1.96465e-07
22 63 7.30021e-06
23 63 1.37426e-06
24 63 2.31609e-06
25 63 4.06628e-05
26 63 1.46623e-06
27 63 1.04742e-06
28 63 7.43421e-07
29 63 7.81399e-07
30 63 2.67837e-06
31 63 8.84096e-07
32 63 9.5356e-07
33 63 1.54091e-06
34 63 3.47313e-05
35 63 5.66498e-06
36 63 3.41786e-06
37 63 1.22374e-06
38 63 1.72617e-07
39 63 1.8378e-08
0 64 1.74601e-07
1 64 1.22261e-07
2 64 6.16104e-06
3 64 1.20327e-07
4 64 3.75057e-07
5 64 2.54417e-07
6 64 6.07108e-07
7 64 1.14562e-07
8 64 2.37893e-07
9 64 2.50637e-07
10 64 6.29977e-06
11 64 2.64481e-06
12 64 1.38231e-06
13 64 1.13782e-06
14 64 9.61886e-07
15 64 6.31948e-07
16 64 1.70358e-08
17 64 1.31311e-07
18 64 2.76789e-07
19 64 1.2406e-08
20 64 3.52601e-07
21 64 2.34302e-06
22 64 1.3181e-05
23 64 2.07004e-06
24 64 2.78993e-07
25 64 1.55663e-07
26 64 6.64862e-08
27 64 5.29429e-06
28 64 2.65774e-07
29 64 2.00171e-05
30 64 1.63531e-07
31 64 1.31789e-06
32 64 2.40536e-09
33 64 7.96821e-08
34 64 5.89322e-07
35 64 2.13395e-06
36 64 9.17114e-07
37 64 5.31268e-07
38 64 4.89737e-06
39 64 2.19972e-06
0 65 1.22257e-07
1 65 1.74603e-07
2 65 1.20289e-07
3 65 6.16111e-06
4 65 2.54406e-07
5 65 3.75077e-07
6 65 1.14478e-07
7 65 6.07163e-07
8 65 2.50691e-07
9 65 2.37888e-07
10 65 2.64533e-06
11 65 6.29939e-06
12 65 1.13787e-06
13 65 1.38213e-06
14 65 6.31998e-07
15 65 9.61825e-07
16 65 1.31308e-07
17 65 1.70345e-08
18 65 1.24058e-08
19 65 2.7679e-07
20 65 2.34311e-06
21 65 3.52536e-07
22 65 2.07064e-06
23 65 1.31802e-05
24 65 1.55842e-07
25 65 2.78915e-07
26 65 5.29429e-06
27 65 6.64894e-08
28 65 2.00171e-05
29 65 2.65777e-07
30 65 1.31793e-06
31 65 1.63443e-07
32 65 7.96743e-08
33 65 2.41126e-09
34 65 2.13404e-06
35 65 5.89177e-07
36 65 5.31063e-07
37 65 9.1743e-07
38 65 2.1999e-06
39 65 4.89715e-06
0 66 5.08678e-08
1 66 1.12441e-07
2 66 1.81317e-06
3 66 4.40134e-07
4 66 7.57453e-08
5 66 1.85953e-05
6 66 2.07474e-07
7 66 5.20264e-08
8 66 2.35271e-07
9 66 4.59142e-08
10 66 2.921e-07
11 66 8.06678e-08
12 66 9.26879e-08
13 66 1.5548e-08
14 66 3.66644e-08
15 66 2.29496e-08
16 66 7.57978e-09
17 66 1.39777e-08
18 66 9.30433e-07
19 66 1.2e-07
20 66 1.38363e-07
21 66 2.37452e-07
22 66 4.05685e-06
23 66 2.76036e-06
24 66 1.1898e-05
25 66 1.25799e-05
26 66 2.97155e-07
27 66 1.39302e-06
28 66 2.01134e-08
29 66 9.92278e-07
30 66 4.01291e-07
31 66 1.40516e-06
32 66 2.39844e-07
33 66 1.68632e-07
34 66 3.2476e-07
35 66 7.16065e-06
36 66 3.39307e-06
37 66 8.08032e-07
38 66 4.12993e-05
39 66 1.89371e-05
0 67 1.12442e-07
1 67 5.08769e-08
2 67 4.40185e-07
3 67 1.81316e-06
4 67 1.85953e-05
5 67 7.57472e-08
6 67 5.20248e-08
7 67 2.07493e-07
8 67 4.59142e-08
9 67 2.35278e-07
10 67 8.05936e-08
11 67 2.92196e-07
12 67 1.55676e-08
13 67 9.2679e-08
14 67 2.29618e-08
15 67 3.66527e-08
16 67 1.39758e-08
17 67 7.57262e-09
18 67 1.20004e-07
19 67 9.30465e-07
20 67 2.37469e-07
21 67 1.38314e-07
22 67 2.7605e-06
23 67 4.05684e-06
24 67 1.258e-05
25 67 1.18978e-05
26 67 1.39296e-06
27 67 2.97102e-07
28 67 9.92287e-07
29 67 2.01229e-08
30 67 1.40516e-06
31 67 4.01294e-07
32 67 1.68638e-07
33 67 2.39734e-07
34 67 7.16082e-06
35 67 3.24715e-07
36 67 8.0803e-07
37 67 3.3931e-06
38 67 1.89382e-05
39 67 4.12989e-05
0 68 1.68392e-08
1 68 2.77615e-08
2 68 3.58404e-06
3 68 1.62665e-05
4 68 1.31436e-06
5 68 1.12015e-08
6 68 4.10843e-09
7 68 2.99105e-07
8 68 3.90777e-10
9 68 5.12334e-09
10 68 5.36024e-07
11 68 5.91828e-06
12 68 2.6031e-06
13 68 1.50403e-06
14 68 5.98348e-06
15 68 2.17888e-06
16 68 7.93301e-10
17 68 1.35744e-09
18 68 3.19035e-09
19 68 9.35791e-08
20 68 6.65205e-08
21 68 5.16589e-08
22 68 1.31046e-05
23 68 1.96865e-05
24 68 1.87322e-06
25 68 3.30489e-06
26 68 2.391e-07
27 68 5.1797e-08
28 68 3.19669e-06
29 68 4.10233e-07
30 68 1.08494e-06
31 68 1.86281e-08
32 68 1.86901e-06
33 68 7.76477e-07
34 68 1.52173e-05
35 68 1.40924e-06
36 68 2.1382e-07
37 68 3.47976e-07
38 68 6.33219e-06
39 68 2.87357e-06
0 69 2.77617e-08
1 69 1.68375e-08
2 69 1.62665e-05
3 69 3.58387e-06
4 69 1.12018e-08
5 69 1.31437e-06
6 69 2.99183e-07
7 69 4.10212e-09
8 69 5.11383e-09
9 69 3.86772e-10
10 69 5.91748e-06
11 69 5.36211e-07
12 69 1.50406e-06
13 69 2.60327e-06
14 69 2.17895e-06
15 69 5.98319e-06
16 69 1.35701e-09
17 69 7.9335e-10
18 69 9.35762e-08
19 69 3.1898e-09
20 69 5.1627e-08
21 69 6.6525e-08
22 69 1.96863e-05
23 69 1.31058e-05
24 69 3.30464e-06
25 69 1.87329e-06
26 69 5.17178e-08
27 69 2.39035e-07
28 69 4.10316e-07
29 69 3.19675e-06
30 69 1.86348e-08
31 69 1.08501e-06
32 69 7.76366e-07
33 69 1.86899e-06
34 69 1.4092e-06
35 69 1.52177e-05
36 69 3.47975e-07
37 69 2.13737e-07
38 69 2.87358e-06
39 69 6.33224e-06
0 70 6.84031e-07
1 70 2.19875e-06
2 70 7.71463e-08
3 70 4.84411e-07
4 70 7.62943e-08
5 70 1.15455e-07
6 70 6.66849e-09
7 70 2.31836e-08
8 70 5.54425e-07
9 70 1.94582e-07
10 70 5.68343e-06
11 70 4.58669e-06
12 70 6.75535e-07
13 70 3.7045e-06
14 70 4.21492e-10
15 70 1.96315e-08
16 70 3.71013e-08
17 70 2.04671e-08
18 70 3.40622e-07
19 70 8.51925e-07
20 70 5.5101e-06
21 70 1.20357e-06
22 70 1.47544e-07
23 70 4.20593e-06
24 70 1.07753e-06
25 70 6.1369e-07
26 70 3.99575e-05
27 70 1.54408e-05
28 70 9.60275e-06
29 70 1.3812e-06
30 70 1.46393e-06
31 70 6.01635e-07
32 70 1.72031e-05
33 70 5.37659e-07
34 70 1.44466e-07
35 70 2.36399e-07
36 70 1.32596e-07
37 70 1.20104e-07
38 70 2.50943e-06
39 70 2.89329e-06
0 71 2.19869e-06
1 71 6.83957e-07
2 71 4.84348e-07
3 71 7.71321e-08
4 71 1.15396e-07
5 71 7.62666e-08
6 71 2.31823e-08
7 71 6.58396e-09
8 71 1.94506e-07
9 71 5.54324e-07
10 71 4.58666e-06
11 71 5.68355e-06
12 71 3.70481e-06
13 71 6.75619e-07
14 71 1.9628e-08
15 71 4.21335e-10
16 71 2.04892e-08
17 71 3.71239e-08
18 71 8.51815e-07
19 71 3.40367e-07
20 71 1.20358e-06
21 71 5.50992e-06
22 71 4.20532e-06
23 71 1.47601e-07
24 71 6.13801e-07
25 71 1.07702e-06
26 71 1.54417e-05
27 71 3.99583e-05
28 71 1.38117e-06
29 71 9.60269e-06
30 71 6.02041e-07
31 71 1.46402e-06
32 71 5.37793e-07
33 71 1.72036e-05
34 71 2.35763e-07
35 71 1.44499e-07
36 71 1.1989e-07
37 71 1.32598e-07
38 71 2.89218e-06
39 71 2.50945e-06
0 72 7.32842e-09
1 72 7.53626e-09
2 72 2.0698e-08
3 72 5.03765e-08
4 72 1.24455e-07
5 72 3.46056e-07
6 72 2.22652e-07
7 72 4.4658e-07
8 72 4.32881e-07
9 72 5.87984e-08
10 72 3.84397e-06
11 72 5.47008e-06
12 72 3.75637e-07
13 72 4.64624e-06
14 72 5.15777e-07
15 72 8.90499e-07
16 72 6.67867e-08
17 72 7.7501e-08
18 72 2.21839e-08
19 72 6.85466e-08
20 72 6.84478e-07
21 72 4.88738e-07
22 72 6.56245e-09
23 72 1.29229e-07
24 72 9.43187e-07
25 72 8.67833e-07
26 72 1.01043e-05
27 72 7.08178e-06
28 72 1.15384e-05
29 72 1.92173e-06
30 72 3.11729e-07
31 72 9.20116e-08
32 72 2.42274e-07
33 72 6.75308e-08
34 72 1.78454e-08
35 72 4.79255e-08
36 72 1.85146e-06
37 72 1.13766e-06
38 72 2.20644e-08
39 72 3.19372e-08
0 73 7.53581e-09
1 73 7.32851e-09
2 73 5.03961e-08
3 73 2.07095e-08
4 73 3.4607e-07
5 73 1.24454e-07
6 73 4.46529e-07
7 73 2.22857e-07
8 73 5.87727e-08
9 73 4.32826e-07
10 73 5.47011e-06
11 73 3.84374e-06
12 73 4.646e-06
13 73 3.75653e-07
14 73 8.90788e-07
15 73 5.15632e-07
16 73 7.74987e-08
17 73 6.67849e-08
18 73 6.85459e-08
19 73 2.21932e-08
20 73 4.88726e-07
21 73 6.84504e-07
22 73 1.29355e-07
23 73 6.55778e-09
24 73 8.67728e-07
25 73 9.43384e-07
26 73 7.08185e-06
27 73 1.01043e-05
28 73 1.92162e-06
29 73 1.15383e-05
30 73 9.1936e-08
31 73 3.11735e-07
32 73 6.75351e-08
33 73 2.42224e-07
34 73 4.80485e-08
35 73 1.78239e-08
36 73 1.13834e-06
37 73 1.85125e-06
38 73 3.19643e-08
39 73 2.20582e-08
0 74 8.25928e-08
1 74 2.3315e-08
2 74 1.458e-08
3 74 2.60648e-09
4 74 2.77007e-09
5 74 4.19276e-09
6 74 2.9669e-06
7 74 1.93987e-07
8 74 8.85702e-07
9 74 1.81614e-06
10 74 1.02739e-08
11 74 2.51521e-09
12 74 2.02927e-07
13 74 7.74184e-08
14 74 8.23561e-08
15 74 1.1233e-07
16 74 4.35703e-11
17 74 9.32424e-11
18 74 2.49464e-05
19 74 1.91713e-06
20 74 1.13424e-08
21 74 2.55173e-08
22 74 3.73719e-07
23 74 9.8148e-08
24 74 2.42668e-06
25 74 1.23392e-06
26 74 6.01005e-08
27 74 4.71861e-07
28 74 1.46402e-08
29 74 2.16599e-07
30 74 5.18387e-10
31 74 2.93365e-10
32 74 9.30322e-08
33 74 2.04537e-06
34 74 3.01421e-07
35 74 6.44631e-07
36 74 3.57681e-07
37 74 4.68311e-07
38 74 1.27283e-06
39 74 2.78157e-06
0 75 2.33141e-08
1 75 8.25853e-08
2 75 2.60735e-09
3 75 1.45779e-08
4 75 4.19293e-09
5 75 2.77087e-09
6 75 1.93919e-07
7 75 2.96702e-06
8 75 1.81615e-06
9 75 8.85756e-07
10 75 2.51326e-09
11 75 1.02775e-08
12 75 7.73148e-08
13 75 2.02942e-07
14 75 1.12239e-07
15 75 8.2416e-08
16 75 9.28732e-11
17 75 4.3233e-11
18 75 1.91703e-06
19 75 2.49465e-05
20 75 2.55227e-08
21 75 1.13282e-08
22 75 9.811e-08
23 75 3.73748e-07
24 75 1.23389e-06
25 75 2.4267e-06
26 75 4.71845e-07
27 75 6.00917e-08
28 75 2.16624e-07
29 75 1.46859e-08
30 75 2.93311e-10
31 75 5.19675e-10
32 75 2.04553e-06
33 75 9.26543e-08
34 75 6.44617e-07
35 75 3.01431e-07
36 75 4.68326e-07
37 75 3.57669e-07
38 75 2.78178e-06
39 75 1.27267e-06
0 76 1.53795e-07
1 76 6.56585e-08
2 76 8.23267e-10
3 76 2.13969e-09
4 76 4.15126e-08
5 76 7.34085e-10
6 76 3.80116e-06
7 76 2.00326e-05
8 76 1.45942e-07
9 76 8.04812e-07
10 76 6.22979e-08
11 76 2.30246e-07
12 76 4.6694e-07
13 76 1.05882e-07
14 76 2.86439e-07
15 76 1.79359e-07
16 76 3.81586e-08
17 76 1.85421e-09
18 76 2.41476e-06
19 76 2.83853e-05
20 76 5.71432e-09
21 76 2.37179e-09
22 76 1.2284e-06
23 76 1.60713e-06
24 76 6.24414e-08
25 76 8.71161e-08
26 76 3.86311e-08
27 76 1.54421e-09
28 76 1.40071e-06
29 76 3.96713e-07
30 76 1.22096e-07
31 76 2.99787e-08
32 76 5.00263e-07
33 76 2.69713e-07
34 76 5.05442e-06
35 76 1.41434e-07
36 76 1.60619e-08
37 76 5.82646e-08
38 76 6.28647e-06
39 76 1.04637e-05
0 77 6.56455e-08
1 77 1.53783e-07
2 77 2.14031e-09
3 77 8.25312e-10
4 77 7.33455e-10
5 77 4.1508e-08
6 77 2.00325e-05
7 77 3.80117e-06
8 77 8.04733e-07
9 77 1.45918e-07
10 77 2.30034e-07
11 77 6.2358e-08
12 77 1.05877e-07
13 77 4.66936e-07
14 77 1.79341e-07
15 77 2.8648e-07
16 77 1.85531e-09
17 77 3.81597e-08
18 77 2.8385e-05
19 77 2.41471e-06
20 77 2.33961e-09
21 77 5.72019e-09
22 77 1.6072e-06
23 77 1.22819e-06
24 77 8.70655e-08
25 77 6.24609e-08
26 77 1.57427e-09
27 77 3.86907e-08
28 77 3.96818e-07
29 77 1.40076e-06
30 77 2.99772e-08
31 77 1.22082e-07
32 77 2.70164e-07
33 77 5.00312e-07
34 77 1.41303e-07
35 77 5.0549e-06
36 77 5.82722e-08
37 77 1.6012e-08
38 77 1.04639e-05
39 77 6.28561e-06
0 78 3.84245e-10
1 78 2.54346e-09
2 78 1.28477e-08
3 78 3.09789e-08
4 78 4.75621e-08
5 78 2.63993e-06
6 78 7.20062e-09
7 78 4.00193e-09
8 78 1.41099e-08
9 78 9.12847e-10
10 78 1.9299e-08
11 78 1.5703e-08
12 78 1.22591e-08
13 78 2.51169e-07
14 78 8.22757e-09
15 78 1.2073e-08
16 78 8.37538e-09
17 78 6.93303e-08
18 78 2.05704e-08
19 78 6.60006e-09
20 78 1.04924e-07
21 78 1.75473e-07
22 78 1.16102e-07
23 78 1.02225e-07
24 78 5.8089e-07
25 78 4.57195e-07
26 78 4.54678e-10
27 78 3.97543e-10
28 78 2.54578e-08
29 78 3.04366e-08
30 78 1.75012e-08
31 78 6.24416e-09
32 78 3.11873e-08
33 78 1.15191e-08
34 78 1.97137e-08
35 78 2.76353e-07
36 78 9.85036e-09
37 78 1.04507e-08
38 78 4.60365e-07
39 78 2.12866e-07
0 79 2.54245e-09
1 79 3.82977e-10
2 79 3.09772e-08
3 79 1.28448e-08
4 79 2.63993e-06
5 79 4.75598e-08
6 79 4.0017e-09
7 79 7.20051e-09
8 79 9.12664e-10
9 79 1.41089e-08
10 79 1.57059e-08
11 79 1.9296e-08
12 79 2.51195e-07
13 79 1.22599e-08
14 79 1.20716e-08
15 79 8.22828e-09
16 79 6.933e-08
17 79 8.37451e-09
18 79 6.60032e-09
19 79 2.05708e-08
20 79 1.75475e-07
21 79 1.04918e-07
22 79 1.0222e-07
23 79 1.16101e-07
24 79 4.57211e-07
25 79 5.80855e-07
26 79 3.97125e-10
27 79 4.56009e-10
28 79 3.04375e-08
29 79 2.54568e-08
30 79 6.24177e-09
31 79 1.75017e-08
32 79 1.15175e-08
33 79 3.11853e-08
34 79 2.76352e-07
35 79 1.97125e-08
36 79 1.04495e-08
37 79 9.85043e-09
38 79 2.12876e-07
39 79 4.60364e-07
